1.000000000000000 0.000000000000000
0.999972584682756 0.000006548911615
0.999890341737423 0.000026193518495
0.999753280182866 0.000058923230021
0.999561415049429 0.000104723206598
0.999314767377287 0.000163574364928
0.999013364214136 0.000235449182843
0.998657238612229 0.000320311719936
0.998246429624752 0.000418130228354
0.997780982301540 0.000528856177177
0.997260947684137 0.000652441068560
0.996686382800198 0.000788832253020
0.996057350657239 0.000937956241034
0.995373920235722 0.001099760538012
0.994636166481494 0.001274159358545
0.993844170297569 0.001461083758094
0.992998018535252 0.001660444140169
0.992097803984621 0.001872155283081
0.991143625364344 0.002096115619418
0.990135587310861 0.002332223896486
0.989073800366903 0.002580383291016
0.987958380969374 0.002840472589754
0.986789451436580 0.003112379253701
0.985567139954818 0.003395982959104
0.984291580564316 0.003691155686827
0.982962913144534 0.003997761818404
0.981581283398829 0.004315666351319
0.980146842838472 0.004644726800858
0.978659748766034 0.004984797339391
0.977120164258138 0.005335728846537
0.975528258147577 0.005697360946575
0.973884205004793 0.006069534172487
0.972188185118741 0.006452081997186
0.970440384477113 0.006844838888661
0.968640994745946 0.007247628445521
0.966790213248601 0.007660275406988
0.964888242944126 0.008082589961729
0.962935292404997 0.008514395366510
0.960931575794250 0.008955492710499
0.958877312841991 0.009405696215915
0.956772728821300 0.009864806001700
0.954618054523534 0.010332619909155
0.952413526233010 0.010808929755756
0.950159385701097 0.011293536688547
0.947855880119706 0.011786220740481
0.945503262094184 0.012286775212555
0.943101789615607 0.012794976437653
0.940651726032496 0.013310610288429
0.938153340021932 0.013833449749592
0.935606905560095 0.014363270014259
0.933012701892219 0.014899844798698
0.930371013501972 0.015442946415650
0.927682130080253 0.015992331387518
0.924946346493432 0.016547776893226
0.922163962751008 0.017109040904631
0.919335283972712 0.017675884106160
0.916460620355050 0.018248066341170
0.913540287137281 0.018825346684308
0.910574604566852 0.019407476571131
0.907563897864277 0.019994217377192
0.904508497187474 0.020585319560384
0.901408737595557 0.021180533318044
0.898264959012098 0.021779612046229
0.895077506187845 0.022382302255636
0.891846728662920 0.022988360521855
0.888572980728485 0.023597530034877
0.885256621387895 0.024209557561567
0.881898014317321 0.024824193448838
0.878497527825878 0.025441185314464
0.875055534815230 0.026060278164864
0.871572412738697 0.026681223800271
0.868048543559867 0.027303761226743
0.864484313710706 0.027927642760230
0.860880114049181 0.028552621234975
0.857236339816402 0.029178491318520
0.853553390593274 0.029805045728640
0.849831670256683 0.030432081620645
0.846071586935203 0.031059407076567
0.842273552964344 0.031686825492175
0.838437984841330 0.032314150491060
0.834565303179429 0.032941197003515
0.830655932661826 0.033567781585745
0.826710301995053 0.034193728341332
0.822728843861975 0.034818868974093
0.818711994874345 0.035443025997733
0.814660195524919 0.036066043599649
0.810573890139155 0.036687759775624
0.806453526826488 0.037308023033335
0.802299557431188 0.037926676214464
0.798112437482808 0.038543580826747
0.793892626146237 0.039158593089402
0.789640586171339 0.039771579807728
0.785356783842216 0.040382407909181
0.781041688926065 0.040990954539013
0.776695774621672 0.041597099442972
0.772319517507513 0.042200722839615
0.767913397489498 0.042801718535781
0.763477897748339 0.043399983639268
0.759013504686565 0.043995421665429
0.754520707875186 0.044587941829933
0.750000000000000 0.045177461430040
0.745451876807570 0.045763896582148
0.740876837050858 0.046347176146549
0.736275382434527 0.046927230044912
0.731648017559931 0.047503997425820
0.726995249869773 0.048077423758650
0.722317589592464 0.048647458544380
0.717615549686164 0.049214065783015
0.712889645782536 0.049777198607977
0.708140396130201 0.050336814059955
0.703368321537900 0.050892870341640
0.698573945317390 0.051445330801029
0.693757793226052 0.051994164780287
0.688920393409234 0.052539396443775
0.684062276342339 0.053081061579279
0.679183974772650 0.053619206495735
0.674286023660908 0.054153871111232
0.669368960122646 0.054684866177136
0.664433323369292 0.055211810340042
0.659479654649035 0.055734308699437
0.654508497187474 0.056251965220477
0.649520396128043 0.056764344678769
0.644515898472236 0.057270926794287
0.639495553019615 0.057771163540387
0.634459910307633 0.058264506497008
0.629409522551260 0.058750404067320
0.624344943582428 0.059228344077027
0.619266728789291 0.059697840728300
0.614175435055328 0.060158414877027
0.609071620698271 0.060609580029044
0.603955845408880 0.061050831181374
0.598828670189563 0.061481542408789
0.593690657292862 0.061901046872398
0.588542370159792 0.062308678259053
0.583384373358051 0.062703771898140
0.578217232520115 0.063085928447144
0.573041514281206 0.063455368717142
0.567857786217152 0.063812406535106
0.562666616782152 0.064157363244887
0.557468575246433 0.064490571624200
0.552264231633827 0.064812575633280
0.547054156659257 0.065124182564610
0.541838921666158 0.065426227452077
0.536619098563816 0.065719553156668
0.531395259764657 0.066005016809727
0.526167978121472 0.066283556749852
0.520937826864600 0.066556187151918
0.515705379539064 0.066823928243979
0.510471209941678 0.067087804156416
0.505235892058123 0.067348888105313
0.500000000000000 0.067608727305001
0.494764107941877 0.067869151818828
0.489528790058322 0.068131995462051
0.484294620460936 0.068399091073390
0.479062173135400 0.068671680034396
0.473832021878528 0.068946833301564
0.468604740235343 0.069219833595693
0.463380901436184 0.069485973395701
0.458161078333842 0.069740571857360
0.452945843340743 0.069978760307522
0.447735768366173 0.070194663014954
0.442531424753567 0.070382139896627
0.437333383217848 0.070535109552700
0.432142213782848 0.070647557762349
0.426958485718794 0.070716240862294
0.421782767479885 0.070746276853460
0.416615626641949 0.070744341971973
0.411457629840209 0.070717053016066
0.406309342707138 0.070670966054826
0.401171329810437 0.070612769957025
0.396044154591120 0.070549443557435
0.390928379301729 0.070487920245544
0.385824564944672 0.070435041017600
0.380733271210710 0.070397283378979
0.375655056417573 0.070375485037279
0.370590477448740 0.070365211364538
0.365540089692367 0.070361885704327
0.360504446980385 0.070361004502900
0.355484101527764 0.070358113698875
0.350479603871957 0.070348658685204
0.345491502812526 0.070328100427127
0.340520345350965 0.070291993808660
0.335566676630708 0.070236001378680
0.330631039877354 0.070157129093632
0.325713976339092 0.070054930633835
0.320816025227350 0.069929274692768
0.315937723657661 0.069780046693160
0.311079606590766 0.069607151475740
0.306242206773949 0.069410564941891
0.301426054682610 0.069190302439238
0.296631678462100 0.068946394754586
0.291859603869799 0.068678897251664
0.287110354217464 0.068388282053784
0.282384450313836 0.068075627785209
0.277682410407536 0.067742046918755
0.273004750130227 0.067388636859246
0.268351982440069 0.067016600614890
0.263724617565473 0.066627489215855
0.259123162949143 0.066222899512205
0.254548123192430 0.065804394431526
0.250000000000000 0.065373466569334
0.245479292124815 0.064931416527619
0.240986495313435 0.064479468320242
0.236522102251661 0.064018811721271
0.232086602510502 0.063550533092126
0.227680482492487 0.063075254197420
0.223304225378328 0.062593455174061
0.218958311073935 0.062105605931213
0.214643216157784 0.061612194694564
0.210359413828661 0.061113760096947
0.206107373853763 0.060610851168829
0.201887562517192 0.060104001527890
0.197700442568813 0.059593680371684
0.193546473173512 0.059080249275033
0.189426109860845 0.058564047576772
0.185339804475081 0.058045389471584
0.181288005125655 0.057524255817479
0.177271156138025 0.057000408763863
0.173289698004947 0.056473631762566
0.169344067338174 0.055943730344026
0.165434696820571 0.055410567846086
0.161562015158670 0.054874021443984
0.157726447035656 0.054334008286355
0.153928413064797 0.053790555820774
0.150168329743317 0.053243745876944
0.146446609406726 0.052693671006288
0.142763660183598 0.052140048390790
0.139119885950819 0.051582200382911
0.135515686289294 0.051019494646886
0.131951456440133 0.050451134177047
0.128427587261303 0.049876033818930
0.124944465184770 0.049293172780055
0.121502472174122 0.048701672356705
0.118101985682679 0.048100819727946
0.114743378612105 0.047490008683564
0.111427019271515 0.046868703009285
0.108153271337080 0.046236440888267
0.104922493812155 0.045592841252695
0.101735040987902 0.044937560734267
0.098591262404443 0.044270317989528
0.095491502812526 0.043590934207870
0.092436102135723 0.042899638048387
0.089425395433148 0.042196850209479
0.086459712862719 0.041483072620949
0.083539379644950 0.040758964856901
0.080664716027288 0.040025219449199
0.077836037248993 0.039282493392197
0.075053653506568 0.038531416431937
0.072317869919747 0.037772646266340
0.069628986498028 0.037006845708186
0.066987298107781 0.036234702606804
0.064393094439905 0.035456981753715
0.061846659978068 0.034674484526999
0.059348273967504 0.033888107380709
0.056898210384393 0.033098801801296
0.054496737905816 0.032307531528024
0.052144119880294 0.031515300772183
0.049840614298903 0.030723182324109
0.047586473766990 0.029932376871104
0.045381945476466 0.029143532483423
0.043227271178700 0.028356011294314
0.041122687158010 0.027569047614645
0.039068424205750 0.026781818662918
0.037064707595003 0.025993625361159
0.035111757055874 0.025203858561184
0.033209786751399 0.024412013267350
0.031359005254054 0.023617599941982
0.029559615522887 0.022820217543179
0.027811814881260 0.022019479981337
0.026115794995207 0.021215058802801
0.024471741852423 0.020406712026257
0.022879835741862 0.019594011935311
0.021340251233966 0.018776788134054
0.019853157161529 0.017955423134449
0.018418716601171 0.017131728119549
0.017037086855466 0.016308652774943
0.015708419435685 0.015490006728850
0.014432860045182 0.014679837926456
0.013210548563420 0.013882439324493
0.012041619030626 0.013102385115186
0.010926199633097 0.012341744975263
0.009864412689139 0.011600475094283
0.008856374635656 0.010876422361887
0.007902196015379 0.010167704643261
0.007001981464748 0.009473368513294
0.006155829702431 0.008792633833952
0.005363833518506 0.008124956976616
0.004626079764278 0.007469775955160
0.003942649342761 0.006826812507995
0.003313617199802 0.006195782339678
0.002739052315863 0.005576432237608
0.002219017698460 0.004968613690480
0.001753570375248 0.004372178624958
0.001342761387771 0.003787004574924
0.000986635785864 0.003212978684350
0.000685232622713 0.002650051516688
0.000438584950571 0.002098181014714
0.000246719817134 0.001557274921631
0.000109658262577 0.001027280570630
0.000027415317244 0.000508135252330
0.000000000000000 0.000000000000000
0.000027415317244 -0.000497398530735
0.000109658262577 -0.000986290012967
0.000246719817134 -0.001475302957145
0.000438584950571 -0.001966543285605
0.000685232622713 -0.002460478101281
0.000986635785864 -0.002957130814618
0.001342761387771 -0.003456393423870
0.001753570375248 -0.003958165035639
0.002219017698460 -0.004462262209811
0.002739052315863 -0.004968598637009
0.003313617199802 -0.005476925315338
0.003942649342761 -0.005987028743367
0.004626079764278 -0.006498748942142
0.005363833518506 -0.007011747102418
0.006155829702431 -0.007525785189572
0.007001981464748 -0.008040516336209
0.007902196015379 -0.008555562009991
0.008856374635656 -0.009070528850407
0.009864412689139 -0.009584793716177
0.010926199633097 -0.010097784162179
0.012041619030626 -0.010608912851351
0.013210548563420 -0.011116530972327
0.014432860045182 -0.011616806769261
0.015708419435684 -0.012104972088393
0.017037086855466 -0.012575815056537
0.018418716601171 -0.013024794251147
0.019853157161528 -0.013448067339237
0.021340251233966 -0.013842856367151
0.022879835741862 -0.014208178111542
0.024471741852423 -0.014544447342071
0.026115794995207 -0.014853215490074
0.027811814881259 -0.015135493680593
0.029559615522887 -0.015391562791624
0.031359005254054 -0.015621997502067
0.033209786751399 -0.015827678286471
0.035111757055874 -0.016009564821586
0.037064707595003 -0.016168869797765
0.039068424205750 -0.016307019490748
0.041122687158009 -0.016425697185019
0.043227271178699 -0.016526736473819
0.045381945476466 -0.016612492598958
0.047586473766990 -0.016685983105983
0.049840614298903 -0.016749677088801
0.052144119880293 -0.016804443190342
0.054496737905816 -0.016850674783893
0.056898210384393 -0.016887914420871
0.059348273967504 -0.016915702145023
0.061846659978068 -0.016933886221825
0.064393094439905 -0.016942410025728
0.066987298107781 -0.016941265042979
0.069628986498028 -0.016930492957842
0.072317869919747 -0.016910159950333
0.075053653506568 -0.016880355418663
0.077836037248992 -0.016840840782899
0.080664716027288 -0.016791024237377
0.083539379644950 -0.016730307870737
0.086459712862719 -0.016658138974570
0.089425395433148 -0.016573953219022
0.092436102135723 -0.016477077635111
0.095491502812526 -0.016366770396403
0.098591262404443 -0.016242523592721
0.101735040987902 -0.016104375067187
0.104922493812155 -0.015952485718738
0.108153271337080 -0.015787197700195
0.111427019271514 -0.015609014623680
0.114743378612105 -0.015418507936093
0.118101985682679 -0.015216307128374
0.121502472174122 -0.015003106344684
0.124944465184770 -0.014779670208432
0.128427587261303 -0.014546807988122
0.131951456440133 -0.014305404238627
0.135515686289294 -0.014056502784245
0.139119885950819 -0.013801378321043
0.142763660183598 -0.013541408572775
0.146446609406726 -0.013277483023863
0.150168329743317 -0.013009520007626
0.153928413064796 -0.012737331652224
0.157726447035656 -0.012460569313527
0.161562015158669 -0.012178523632560
0.165434696820571 -0.011890399376108
0.169344067338174 -0.011595373872034
0.173289698004947 -0.011292671790413
0.177271156138025 -0.010981496760389
0.181288005125655 -0.010661020858931
0.185339804475081 -0.010330370673587
0.189426109860845 -0.009988637881221
0.193546473173511 -0.009634876069754
0.197700442568812 -0.009268983630435
0.201887562517192 -0.008892852982191
0.206107373853763 -0.008508748011278
0.210359413828660 -0.008119049916084
0.214643216157784 -0.007726244843168
0.218958311073935 -0.007332924387096
0.223304225378328 -0.006941790225830
0.227680482492486 -0.006555647591463
0.232086602510501 -0.006177379214526
0.236522102251661 -0.005809958625115
0.240986495313435 -0.005456460660230
0.245479292124814 -0.005118744410616
0.250000000000000 -0.004794784483442
0.254548123192429 -0.004481737002056
0.259123162949142 -0.004176641207088
0.263724617565473 -0.003876272841323
0.268351982440069 -0.003576873401914
0.273004750130227 -0.003274481850306
0.277682410407536 -0.002965010766039
0.282384450313836 -0.002644785429146
0.287110354217464 -0.002311895591576
0.291859603869799 -0.001964770155034
0.296631678462100 -0.001601799539053
0.301426054682609 -0.001221712379314
0.306242206773948 -0.000825563678853
0.311079606590766 -0.000415367447488
0.315937723657661 0.000006796190754
0.320816025227350 0.000438797937865
0.325713976339092 0.000878721076976
0.330631039877354 0.001324840562187
0.335566676630708 0.001775396365282
0.340520345350965 0.002228588133986
0.345491502812526 0.002682208731157
0.350479603871956 0.003132994926910
0.355484101527764 0.003577442329563
0.360504446980385 0.004011992736441
0.365540089692367 0.004433046107148
0.370590477448739 0.004837229495384
0.375655056417572 0.005221325674886
0.380733271210709 0.005582094825379
0.385824564944672 0.005916262100076
0.390928379301728 0.006221706418597
0.396044154591120 0.006501051879965
0.401171329810437 0.006758165789654
0.406309342707137 0.006996966883350
0.411457629840208 0.007221420868079
0.416615626641949 0.007435337431469
0.421782767479884 0.007642231398085
0.426958485718794 0.007845624261527
0.432142213782848 0.008049074008694
0.437333383217848 0.008256052044939
0.442531424753567 0.008467922915719
0.447735768366173 0.008684221801390
0.452945843340743 0.008904421306299
0.458161078333842 0.009127987075519
0.463380901436184 0.009354384986567
0.468604740235343 0.009583121472355
0.473832021878528 0.009813721505361
0.479062173135400 0.010045705732763
0.484294620460935 0.010278594342519
0.489528790058321 0.010511698419326
0.494764107941877 0.010743360265428
0.500000000000000 0.010971637754972
0.505235892058122 0.011194591769058
0.510471209941678 0.011410283696692
0.515705379539064 0.011617013313570
0.520937826864600 0.011813732678697
0.526167978121472 0.011999510030617
0.531395259764656 0.012173422891329
0.536619098563816 0.012334570446111
0.541838921666157 0.012483164698077
0.547054156659257 0.012621257379887
0.552264231633827 0.012751067214018
0.557468575246433 0.012874801689137
0.562666616782152 0.012994626316657
0.567857786217152 0.013112023156941
0.573041514281206 0.013227826909767
0.578217232520115 0.013342839906913
0.583384373358051 0.013457856059559
0.588542370159791 0.013573506690831
0.593690657292862 0.013689150236988
0.598828670189563 0.013803539590218
0.603955845408879 0.013915438267691
0.609071620698271 0.014023626990925
0.614175435055328 0.014126978228866
0.619266728789290 0.014224609082014
0.624344943582427 0.014315695854348
0.629409522551260 0.014399431192970
0.634459910307633 0.014475021545274
0.639495553019614 0.014541617837572
0.644515898472235 0.014598312646868
0.649520396128043 0.014644218131109
0.654508497187474 0.014678468283339
0.659479654649035 0.014700264033239
0.664433323369291 0.014709022167826
0.669368960122646 0.014704233071971
0.674286023660907 0.014685406169523
0.679183974772650 0.014652109218841
0.684062276342339 0.014604657622059
0.688920393409233 0.014544015483013
0.693757793226051 0.014471155144904
0.698573945317390 0.014387032008998
0.703368321537900 0.014292539373966
0.708140396130200 0.014188460183025
0.712889645782536 0.014075552974897
0.717615549686163 0.013954561298639
0.722317589592464 0.013826222978726
0.726995249869773 0.013691282488198
0.731648017559930 0.013550474228150
0.736275382434527 0.013404515521528
0.740876837050857 0.013254107124024
0.745451876807570 0.013099939171979
0.750000000000000 0.012942685386412
0.754520707875185 0.012782999353005
0.759013504686565 0.012621501069667
0.763477897748338 0.012458737733535
0.767913397489498 0.012295226799300
0.772319517507513 0.012131466821679
0.776695774621672 0.011967757362920
0.781041688926065 0.011804012820162
0.785356783842216 0.011640108656022
0.789640586171339 0.011475928518178
0.793892626146236 0.011311390260563
0.798112437482808 0.011146444260955
0.802299557431187 0.010981046702442
0.806453526826488 0.010815154408198
0.810573890139155 0.010648721883889
0.814660195524918 0.010481703572992
0.818711994874345 0.010314063249885
0.822728843861975 0.010145770477676
0.826710301995052 0.009976802065981
0.830655932661826 0.009807140272671
0.834565303179429 0.009636773187925
0.838437984841330 0.009465691715076
0.842273552964344 0.009293893153379
0.846071586935203 0.009121380867366
0.849831670256683 0.008948163482033
0.853553390593274 0.008774255497701
0.857236339816401 0.008599674184789
0.860880114049181 0.008424438293154
0.864484313710706 0.008248571646958
0.868048543559867 0.008072121226099
0.871572412738697 0.007895198047766
0.875055534815230 0.007717924990515
0.878497527825878 0.007540427846118
0.881898014317321 0.007362834848739
0.885256621387894 0.007185271546053
0.888572980728485 0.007007862194998
0.891846728662920 0.006830727014052
0.895077506187845 0.006653983714872
0.898264959012098 0.006477750942690
0.901408737595557 0.006302139774119
0.904508497187474 0.006127266313532
0.907563897864277 0.005953238132778
0.910574604566852 0.005780164261583
0.913540287137281 0.005608150154072
0.916460620355049 0.005437300586847
0.919335283972712 0.005267717444385
0.922163962751007 0.005099499024643
0.924946346493432 0.004932742869238
0.927682130080253 0.004767546002564
0.930371013501972 0.004603998817503
0.933012701892219 0.004442194369630
0.935606905560095 0.004282221258854
0.938153340021932 0.004124165465144
0.940651726032496 0.003968112863455
0.943101789615607 0.003814144152958
0.945503262094184 0.003662342060729
0.947855880119706 0.003512783868454
0.950159385701097 0.003365545142911
0.952413526233010 0.003220702030049
0.954618054523534 0.003078324257468
0.956772728821300 0.002938485373205
0.958877312841991 0.002801251098454
0.960931575794250 0.002666688028555
0.962935292404997 0.002534860520218
0.964888242944126 0.002405831985129
0.966790213248601 0.002279661527737
0.968640994745946 0.002156408067327
0.970440384477113 0.002036127499998
0.972188185118740 0.001918875638346
0.973884205004793 0.001804704227990
0.975528258147577 0.001693665242295
0.977120164258138 0.001585806188511
0.978659748766034 0.001481175527649
0.980146842838471 0.001379817590206
0.981581283398829 0.001281777522306
0.982962913144534 0.001187096465655
0.984291580564316 0.001095813628235
0.985567139954818 0.001007968345793
0.986789451436580 0.000923598183622
0.987958380969374 0.000842736896633
0.989073800366903 0.000765417688606
0.990135587310861 0.000691673383202
0.991143625364344 0.000621532549084
0.992097803984621 0.000555025346665
0.992998018535252 0.000492176699775
0.993844170297569 0.000433012392756
0.994636166481494 0.000377556581529
0.995373920235722 0.000325830722526
0.996057350657239 0.000277854939453
0.996686382800198 0.000233647636010
0.997260947684137 0.000193227621990
0.997780982301540 0.000156609908148
0.998246429624752 0.000123809410583
0.998657238612229 0.000094837202849
0.999013364214136 0.000069704305478
0.999314767377287 0.000048423067332
0.999561415049429 0.000030999281848
0.999753280182866 0.000017441756518
0.999890341737423 0.000007753006937
0.999972584682756 0.000001938383478
1.000000000000000 0.000000000000000
