1.000000000000000 0.000000000000000
0.999972584682756 0.000005644118553
0.999890341737423 0.000022582861765
0.999753280182866 0.000050853576520
0.999561415049429 0.000090495016520
0.999314767377287 0.000141579784061
0.999013364214136 0.000204195380401
0.998657238612229 0.000278443303377
0.998246429624752 0.000364437925903
0.997780982301540 0.000462320106802
0.997260947684137 0.000572233481992
0.996686382800198 0.000694333894337
0.996057350657239 0.000828798961579
0.995373920235722 0.000975792022614
0.994636166481494 0.001135505401374
0.993844170297569 0.001308116182508
0.992998018535252 0.001493814212708
0.992097803984621 0.001692780143317
0.991143625364344 0.001905182267109
0.990135587310861 0.002131197036004
0.989073800366903 0.002370974326561
0.987958380969374 0.002624649620996
0.986789451436580 0.002892344509251
0.985567139954818 0.003174150857727
0.984291580564316 0.003470130800571
0.982962913144534 0.003780320891847
0.981581283398829 0.004104719795176
0.980146842838472 0.004443271393250
0.978659748766034 0.004795889370503
0.977120164258138 0.005162432000701
0.975528258147577 0.005542693224349
0.973884205004793 0.005936418929942
0.972188185118741 0.006343272554537
0.970440384477113 0.006762864587619
0.968640994745946 0.007194713844897
0.966790213248601 0.007638265028355
0.964888242944126 0.008092877014050
0.962935292404997 0.008557828785140
0.960931575794250 0.009032263924220
0.958877312841991 0.009515228413110
0.956772728821300 0.010005826203306
0.954618054523534 0.010503307632463
0.952413526233010 0.011007473590223
0.950159385701097 0.011518234343296
0.947855880119706 0.012035476033897
0.945503262094184 0.012559032106216
0.943101789615607 0.013088669262673
0.940651726032496 0.013624121868554
0.938153340021932 0.014165106460022
0.935606905560095 0.014711353492892
0.933012701892219 0.015262610553039
0.930371013501972 0.015818665645425
0.927682130080253 0.016379355396330
0.924946346493432 0.016944549754913
0.922163962751008 0.017514131458357
0.919335283972712 0.018087991668459
0.916460620355050 0.018665982070528
0.913540287137281 0.019247948799897
0.910574604566852 0.019833685299070
0.907563897864277 0.020422966087260
0.904508497187474 0.021015577909909
0.901408737595557 0.021611316669801
0.898264959012098 0.022209997780850
0.895077506187845 0.022811437442014
0.891846728662920 0.023415469310855
0.888572980728485 0.024021944285654
0.885256621387895 0.024630722910883
0.881898014317321 0.025241674448031
0.878497527825878 0.025854663992062
0.875055534815230 0.026469550542522
0.871572412738697 0.027086189382966
0.868048543559867 0.027704380379670
0.864484313710706 0.028323910224534
0.860880114049181 0.028944572896908
0.857236339816402 0.029566178391442
0.853553390593274 0.030188539424611
0.849831670256683 0.030811463861031
0.846071586935203 0.031434753014037
0.842273552964344 0.032058210063179
0.838437984841330 0.032681631245548
0.834565303179429 0.033304823263981
0.830655932661826 0.033927583979383
0.826710301995053 0.034549727659021
0.822728843861975 0.035171083130915
0.818711994874345 0.035791498067048
0.814660195524919 0.036410820865499
0.810573890139155 0.037028915712911
0.806453526826488 0.037645664681893
0.802299557431188 0.038260961916083
0.798112437482808 0.038874691567944
0.793892626146237 0.039486736331520
0.789640586171339 0.040096983005644
0.785356783842216 0.040705319485729
0.781041688926065 0.041311649100062
0.776695774621672 0.041915881823185
0.772319517507513 0.042517931551358
0.767913397489498 0.043117709164459
0.763477897748339 0.043715070924117
0.759013504686565 0.044309859092512
0.754520707875186 0.044901916636603
0.750000000000000 0.045491067896290
0.745451876807570 0.046077079518937
0.740876837050858 0.046659692591269
0.736275382434527 0.047238662082878
0.731648017559931 0.047813761985814
0.726995249869773 0.048384834223482
0.722317589592464 0.048951744158637
0.717615549686164 0.049514351922362
0.712889645782536 0.050072532189598
0.708140396130201 0.050626186329627
0.703368321537900 0.051175223086420
0.698573945317390 0.051719557880179
0.693757793226052 0.052259103710614
0.688920393409234 0.052793762187921
0.684062276342339 0.053323426581784
0.679183974772650 0.053847997880970
0.674286023660908 0.054367376532822
0.669368960122646 0.054881456398351
0.664433323369292 0.055390125966637
0.659479654649035 0.055893274706746
0.654508497187474 0.056390795489494
0.649520396128043 0.056882575498820
0.644515898472236 0.057368462294403
0.639495553019615 0.057848297178836
0.634459910307633 0.058321925636790
0.629409522551260 0.058789195336972
0.624344943582428 0.059249948053734
0.619266728789291 0.059704022550203
0.614175435055328 0.060151258086493
0.609071620698271 0.060591494973440
0.603955845408880 0.061024578573349
0.598828670189563 0.061450351748934
0.593690657292862 0.061868654963515
0.588542370159792 0.062279333014422
0.583384373358051 0.062682235873657
0.578217232520115 0.063077243255556
0.573041514281206 0.063464340361784
0.567857786217152 0.063843528130479
0.562666616782152 0.064214817604547
0.557468575246433 0.064578218416706
0.552264231633827 0.064933666828433
0.547054156659257 0.065280972974158
0.541838921666158 0.065619938012076
0.536619098563816 0.065950362307982
0.531395259764657 0.066272053011436
0.526167978121472 0.066584784817053
0.520937826864600 0.066888299085438
0.515705379539064 0.067182341130847
0.510471209941678 0.067466656778963
0.505235892058123 0.067741007633890
0.500000000000000 0.068005281404270
0.494764107941877 0.068259465744976
0.489528790058322 0.068503559350358
0.484294620460936 0.068737563034026
0.479062173135400 0.068961469645510
0.473832021878528 0.069175156539526
0.468604740235343 0.069378434577798
0.463380901436184 0.069571117391789
0.458161078333842 0.069753026782319
0.452945843340743 0.069923980899813
0.447735768366173 0.070083750738049
0.442531424753567 0.070232093252469
0.437333383217848 0.070368770302127
0.432142213782848 0.070493551177901
0.426958485718794 0.070606200756847
0.421782767479885 0.070706436023274
0.416615626641949 0.070793966432073
0.411457629840209 0.070868510179501
0.406309342707138 0.070929794537754
0.401171329810437 0.070977578564831
0.396044154591120 0.071011687441463
0.390928379301729 0.071031965570605
0.385824564944672 0.071038265338425
0.380733271210710 0.071030448372696
0.375655056417573 0.071008386710198
0.370590477448740 0.070971963277999
0.365540089692367 0.070921070551816
0.360504446980385 0.070855610436783
0.355484101527764 0.070775490552524
0.350479603871957 0.070680587602153
0.345491502812526 0.070570764012439
0.340520345350965 0.070445892833848
0.335566676630708 0.070305858863804
0.330631039877354 0.070150596886355
0.325713976339092 0.069980168259765
0.320816025227350 0.069794666556704
0.315937723657661 0.069594195580396
0.311079606590766 0.069378864228920
0.306242206773949 0.069148830713998
0.301426054682610 0.068904286282180
0.296631678462100 0.068645431871172
0.291859603869799 0.068372472594686
0.287110354217464 0.068085669937071
0.282384450313836 0.067785411970755
0.277682410407536 0.067472101496273
0.273004750130227 0.067146144000801
0.268351982440069 0.066807929395753
0.263724617565473 0.066457758643069
0.259123162949143 0.066095910885127
0.254548123192430 0.065722668046673
0.250000000000000 0.065338299285423
0.245479292124815 0.064942969199424
0.240986495313435 0.064536785866582
0.236522102251661 0.064119869881157
0.232086602510502 0.063692363073779
0.227680482492487 0.063254555233160
0.223304225378328 0.062806817700665
0.218958311073935 0.062349525873828
0.214643216157784 0.061883069740646
0.210359413828661 0.061407928547747
0.206107373853763 0.060924629072492
0.201887562517192 0.060433685720374
0.197700442568813 0.059935525296490
0.193546473173512 0.059430265871720
0.189426109860845 0.058917966024781
0.185339804475081 0.058398700363141
0.181288005125655 0.057872504979798
0.177271156138025 0.057339375962128
0.173289698004947 0.056799321249198
0.169344067338174 0.056252365499317
0.165434696820571 0.055698582581488
0.161562015158670 0.055138063075222
0.157726447035656 0.054570916153952
0.153928413064797 0.053997293355839
0.150168329743317 0.053417380182553
0.146446609406726 0.052831375114143
0.142763660183598 0.052239434233818
0.139119885950819 0.051641566870248
0.135515686289294 0.051037795342557
0.131951456440133 0.050428119710231
0.128427587261303 0.049812424137634
0.124944465184770 0.049190593767874
0.121502472174122 0.048562555316076
0.118101985682679 0.047928299859215
0.114743378612105 0.047287852181603
0.111427019271515 0.046641232673413
0.108153271337080 0.045988335202701
0.104922493812155 0.045329063234711
0.101735040987902 0.044663380210869
0.098591262404443 0.043991333837609
0.095491502812526 0.043313011672315
0.092436102135723 0.042628480398969
0.089425395433148 0.041937785633483
0.086459712862719 0.041241000029419
0.083539379644950 0.040538132009627
0.080664716027288 0.039829202319373
0.077836037248993 0.039114308532899
0.075053653506568 0.038393639076623
0.072317869919747 0.037667434374973
0.069628986498028 0.036935890702973
0.066987298107781 0.036199225433114
0.064393094439905 0.035457657011677
0.061846659978068 0.034711395913979
0.059348273967504 0.033960725401500
0.056898210384393 0.033206037682119
0.054496737905816 0.032447765244412
0.052144119880294 0.031686305327443
0.049840614298903 0.030922069746355
0.047586473766990 0.030155251429560
0.045381945476466 0.029386027740172
0.043227271178700 0.028614654081246
0.041122687158010 0.027841525760017
0.039068424205750 0.027067155385662
0.037064707595003 0.026292159477127
0.035111757055874 0.025516945423126
0.033209786751399 0.024741806949738
0.031359005254054 0.023966982788965
0.029559615522887 0.023192720119854
0.027811814881260 0.022419457267128
0.026115794995207 0.021647798039166
0.024471741852423 0.020878632304948
0.022879835741862 0.020112631961517
0.021340251233966 0.019349952979855
0.019853157161529 0.018590323470063
0.018418716601171 0.017833259314745
0.017037086855466 0.017078780155080
0.015708419435685 0.016327235286036
0.014432860045182 0.015579205892121
0.013210548563420 0.014835673304031
0.012041619030626 0.014097644992624
0.010926199633097 0.013364495583078
0.009864412689139 0.012635435976266
0.008856374635656 0.011910163086370
0.007902196015379 0.011189125288937
0.007001981464748 0.010473330249583
0.006155829702431 0.009764375944301
0.005363833518506 0.009065247958111
0.004626079764278 0.008377000939289
0.003942649342761 0.007697495909303
0.003313617199802 0.007023056027977
0.002739052315863 0.006351108364969
0.002219017698460 0.005680433016010
0.001753570375248 0.005010959719215
0.001342761387771 0.004343892426489
0.000986635785864 0.003682923443523
0.000685232622713 0.003033040982768
0.000438584950571 0.002397207012164
0.000246719817134 0.001775577339092
0.000109658262577 0.001168623322380
0.000027415317244 0.000576752319809
0.000000000000000 0.000000000000000
0.000027415317244 -0.000570087935936
0.000109658262577 -0.001148855825224
0.000246719817134 -0.001732923317201
0.000438584950571 -0.002317969420762
0.000685232622713 -0.002898974512212
0.000986635785864 -0.003469627946987
0.001342761387771 -0.004025252234417
0.001753570375248 -0.004564313850164
0.002219017698460 -0.005087477819638
0.002739052315863 -0.005595559637147
0.003313617199802 -0.006089682996991
0.003942649342761 -0.006571495224681
0.004626079764278 -0.007043159283364
0.005363833518506 -0.007507462422086
0.006155829702431 -0.007966867822021
0.007001981464748 -0.008419211434083
0.007902196015379 -0.008861628129102
0.008856374635656 -0.009292221318269
0.009864412689139 -0.009709853451286
0.010926199633097 -0.010114262049717
0.012041619030626 -0.010506167395600
0.013210548563420 -0.010887162398343
0.014432860045182 -0.011258763909935
0.015708419435684 -0.011620055197461
0.017037086855466 -0.011969908310372
0.018418716601171 -0.012307595479287
0.019853157161528 -0.012632640800552
0.021340251233966 -0.012944912019970
0.022879835741862 -0.013244794520727
0.024471741852423 -0.013532640216030
0.026115794995207 -0.013808439700382
0.027811814881259 -0.014071778088741
0.029559615522887 -0.014322031529241
0.031359005254054 -0.014558897510342
0.033209786751399 -0.014782347370219
0.035111757055874 -0.014992644941532
0.037064707595003 -0.015190136368114
0.039068424205750 -0.015375019892568
0.041122687158009 -0.015547262939685
0.043227271178699 -0.015706354377565
0.045381945476466 -0.015851892547319
0.047586473766990 -0.015983669893744
0.049840614298903 -0.016101599239089
0.052144119880293 -0.016205712164238
0.054496737905816 -0.016296027342724
0.056898210384393 -0.016372481288054
0.059348273967504 -0.016435025739558
0.061846659978068 -0.016483585386405
0.064393094439905 -0.016518179480536
0.066987298107781 -0.016538980033273
0.069628986498028 -0.016546248329916
0.072317869919747 -0.016540227466120
0.075053653506568 -0.016521196747526
0.077836037248992 -0.016489255021843
0.080664716027288 -0.016444371499022
0.083539379644950 -0.016386594478820
0.086459712862719 -0.016316086945454
0.089425395433148 -0.016233076889636
0.092436102135723 -0.016137807248593
0.095491502812526 -0.016030564414828
0.098591262404443 -0.015911610131910
0.101735040987902 -0.015781125783593
0.104922493812155 -0.015639332968918
0.108153271337080 -0.015486554651437
0.111427019271514 -0.015323199749547
0.114743378612105 -0.015149691074692
0.118101985682679 -0.014966337919364
0.121502472174122 -0.014773456698366
0.124944465184770 -0.014571327620512
0.128427587261303 -0.014360099257130
0.131951456440133 -0.014139932918542
0.135515686289294 -0.013911039428641
0.139119885950819 -0.013673689184653
0.142763660183598 -0.013428191464582
0.146446609406726 -0.013174832000993
0.150168329743317 -0.012913854245842
0.153928413064796 -0.012645526220353
0.157726447035656 -0.012370144383982
0.161562015158669 -0.012088061262327
0.165434696820571 -0.011799653746103
0.169344067338174 -0.011505290364099
0.173289698004947 -0.011205231383903
0.177271156138025 -0.010899724955713
0.181288005125655 -0.010589034956648
0.185339804475081 -0.010273401969793
0.189426109860845 -0.009953064415169
0.193546473173511 -0.009628269639303
0.197700442568812 -0.009299252780114
0.201887562517192 -0.008966209763299
0.206107373853763 -0.008629332928355
0.210359413828660 -0.008288826509017
0.214643216157784 -0.007944851405474
0.218958311073935 -0.007597542099918
0.223304225378328 -0.007247036500357
0.227680482492486 -0.006893489841693
0.232086602510501 -0.006537085169873
0.236522102251661 -0.006178022177118
0.240986495313435 -0.005816507352244
0.245479292124814 -0.005452758505451
0.250000000000000 -0.005087019106206
0.254548123192429 -0.004719539592704
0.259123162949142 -0.004350583406500
0.263724617565473 -0.003980381357385
0.268351982440069 -0.003609102224633
0.273004750130227 -0.003236900239502
0.277682410407536 -0.002863939740744
0.282384450313836 -0.002490377712241
0.287110354217464 -0.002116358143797
0.291859603869799 -0.001742023894416
0.296631678462100 -0.001367519614924
0.301426054682609 -0.000993029946836
0.306242206773948 -0.000618940420251
0.311079606590766 -0.000245708348180
0.315937723657661 0.000126198370397
0.320816025227350 0.000496307872331
0.325713976339092 0.000864238509757
0.330631039877354 0.001229680355184
0.335566676630708 0.001592324681488
0.340520345350965 0.001951855648497
0.345491502812526 0.002308036394867
0.350479603871956 0.002660831930629
0.355484101527764 0.003010239371704
0.360504446980385 0.003356257972952
0.365540089692367 0.003698873820902
0.370590477448739 0.004037846133161
0.375655056417572 0.004372770528886
0.380733271210709 0.004703235005409
0.385824564944672 0.005028828176998
0.390928379301728 0.005349153722643
0.396044154591120 0.005663893068109
0.401171329810437 0.005972747813825
0.406309342707137 0.006275415330905
0.411457629840208 0.006571600252246
0.416615626641949 0.006861183446580
0.421782767479884 0.007144320808659
0.426958485718794 0.007421196866022
0.432142213782848 0.007692002551964
0.437333383217848 0.007956922728848
0.442531424753567 0.008215982846542
0.447735768366173 0.008469087978774
0.452945843340743 0.008716139817075
0.458161078333842 0.008957042024796
0.463380901436184 0.009191702581376
0.468604740235343 0.009420037280701
0.473832021878528 0.009641967385762
0.479062173135400 0.009857417039694
0.484294620460935 0.010066312643271
0.489528790058321 0.010268596419715
0.494764107941877 0.010464264176219
0.500000000000000 0.010653330510429
0.505235892058122 0.010835811342269
0.510471209941678 0.011011727647008
0.515705379539064 0.011181118992312
0.520937826864600 0.011344076201452
0.526167978121472 0.011500699177701
0.531395259764656 0.011651091124653
0.536619098563816 0.011795355842470
0.541838921666157 0.011933572439570
0.547054156659257 0.012065777796992
0.552264231633827 0.012192007728425
0.557468575246433 0.012312299416109
0.562666616782152 0.012426689179240
0.567857786217152 0.012535124044484
0.573041514281206 0.012637474698442
0.578217232520115 0.012733611402134
0.583384373358051 0.012823409162468
0.588542370159791 0.012906762380688
0.593690657292862 0.012983682390529
0.598828670189563 0.013054235681660
0.603955845408879 0.013118490538118
0.609071620698271 0.013176517620276
0.614175435055328 0.013228386150481
0.619266728789290 0.013274158519159
0.624344943582427 0.013313897738621
0.629409522551260 0.013347668733723
0.634459910307633 0.013375537286220
0.639495553019614 0.013397546050324
0.644515898472235 0.013413714928950
0.649520396128043 0.013424065712249
0.654508497187474 0.013428623009734
0.659479654649035 0.013427412564312
0.664433323369291 0.013420455262141
0.669368960122646 0.013407773065226
0.674286023660907 0.013389391171950
0.679183974772650 0.013365337391608
0.684062276342339 0.013335637675632
0.688920393409233 0.013300316350142
0.693757793226051 0.013259401220836
0.698573945317390 0.013212923362268
0.703368321537900 0.013160915401057
0.708140396130200 0.013103408166555
0.712889645782536 0.013040436425068
0.717615549686163 0.012972038221077
0.722317589592464 0.012898255843905
0.726995249869773 0.012819139630129
0.731648017559930 0.012734743430000
0.736275382434527 0.012645124300318
0.740876837050857 0.012550344140374
0.745451876807570 0.012450472063386
0.750000000000000 0.012345580534416
0.754520707875185 0.012235745687319
0.759013504686565 0.012121052475505
0.763477897748338 0.012001603705713
0.767913397489498 0.011877509783518
0.772319517507513 0.011748881267193
0.776695774621672 0.011615848300926
0.781041688926065 0.011478572463481
0.785356783842216 0.011337219815474
0.789640586171339 0.011191953109964
0.793892626146236 0.011042911533635
0.798112437482808 0.010890213842170
0.802299557431187 0.010733979543220
0.806453526826488 0.010574318333037
0.810573890139155 0.010411298416628
0.814660195524918 0.010244981612232
0.818711994874345 0.010075434651650
0.822728843861975 0.009902765591075
0.826710301995052 0.009727109120409
0.830655932661826 0.009548603005853
0.834565303179429 0.009367426016080
0.838437984841330 0.009183826322534
0.842273552964344 0.008998055029455
0.846071586935203 0.008810348483871
0.849831670256683 0.008620925862088
0.853553390593274 0.008429993730275
0.857236339816401 0.008237749243505
0.860880114049181 0.008044344219222
0.864484313710706 0.007849924775160
0.868048543559867 0.007654631310109
0.871572412738697 0.007458589556842
0.875055534815230 0.007261925542162
0.878497527825878 0.007064797170563
0.881898014317321 0.006867424770348
0.885256621387894 0.006670030977514
0.888572980728485 0.006472855290609
0.891846728662920 0.006276159410261
0.895077506187845 0.006080187035293
0.898264959012098 0.005885164745981
0.901408737595557 0.005691304803461
0.904508497187474 0.005498825327909
0.907563897864277 0.005307960078530
0.910574604566852 0.005118923124664
0.913540287137281 0.004931909801152
0.916460620355049 0.004747095714260
0.919335283972712 0.004564680277393
0.922163962751007 0.004384884164467
0.924946346493432 0.004207940108386
0.927682130080253 0.004034129387413
0.930371013501972 0.003863709133475
0.933012701892219 0.003696898757019
0.935606905560095 0.003533890992732
0.938153340021932 0.003374854072338
0.940651726032496 0.003219933368629
0.943101789615607 0.003069248233150
0.945503262094184 0.002922898995654
0.947855880119706 0.002780977394934
0.950159385701097 0.002643598253831
0.952413526233010 0.002511022419451
0.954618054523534 0.002383536677015
0.956772728821300 0.002261426839645
0.958877312841991 0.002144805604865
0.960931575794250 0.002033473443787
0.962935292404997 0.001927077949265
0.964888242944126 0.001825158641866
0.966790213248601 0.001727332747977
0.968640994745946 0.001633279224638
0.970440384477113 0.001542704865635
0.972188185118740 0.001455351663426
0.973884205004793 0.001370999409669
0.975528258147577 0.001289459821494
0.977120164258138 0.001210572829248
0.978659748766034 0.001134210469720
0.980146842838471 0.001060266742870
0.981581283398829 0.000988661759298
0.982962913144534 0.000919338855294
0.984291580564316 0.000852258216835
0.985567139954818 0.000787400458503
0.986789451436580 0.000724760932305
0.987958380969374 0.000664350846809
0.989073800366903 0.000606193195056
0.990135587310861 0.000550322299171
0.991143625364344 0.000496780476979
0.992097803984621 0.000445619271967
0.992998018535252 0.000396896448202
0.993844170297569 0.000350673456547
0.994636166481494 0.000307016095375
0.995373920235722 0.000265990192231
0.996057350657239 0.000227666163245
0.996686382800198 0.000192109345075
0.997260947684137 0.000159389268868
0.997780982301540 0.000129567796299
0.998246429624752 0.000102706111985
0.998657238612229 0.000078861658138
0.999013364214136 0.000058085362066
0.999314767377287 0.000040423780898
0.999561415049429 0.000025916541092
0.999753280182866 0.000014598787620
0.999890341737423 0.000006494657771
0.999972584682756 0.000001624583784
1.000000000000000 0.000000000000000
