1.000000000000000 0.000000000000000
0.999972584682756 0.000001770797708
0.999890341737423 0.000007083510667
0.999753280182866 0.000015942597916
0.999561415049429 0.000028354323997
0.999314767377287 0.000044326754908
0.999013364214136 0.000063873267467
0.998657238612229 0.000087007872122
0.998246429624752 0.000113747549491
0.997780982301540 0.000144111072680
0.997260947684137 0.000178120177818
0.996686382800198 0.000215799565349
0.996057350657239 0.000257176902582
0.995373920235722 0.000302282827511
0.994636166481494 0.000351148556824
0.993844170297569 0.000403809454469
0.992998018535252 0.000460303849629
0.992097803984621 0.000520669400728
0.991143625364344 0.000584951552579
0.990135587310861 0.000653195076411
0.989073800366903 0.000725445217791
0.987958380969374 0.000801756304274
0.986789451436580 0.000882178215180
0.985567139954818 0.000966767454565
0.984291580564316 0.001055582219638
0.982962913144534 0.001148682367755
0.981581283398829 0.001246131934841
0.980146842838472 0.001347995322460
0.978659748766034 0.001454341100609
0.977120164258138 0.001565240751161
0.975528258147577 0.001680767358266
0.973884205004793 0.001800994238488
0.972188185118741 0.001926001518148
0.970440384477113 0.002055869560674
0.968640994745946 0.002190680220851
0.966790213248601 0.002330519528387
0.964888242944126 0.002475476365774
0.962935292404997 0.002625638290529
0.960931575794250 0.002781101195143
0.958877312841991 0.002941958205526
0.956772728821300 0.003108306586992
0.954618054523534 0.003280246361561
0.952413526233010 0.003457878846369
0.950159385701097 0.003641311006997
0.947855880119706 0.003830646660980
0.945503262094184 0.004025995210214
0.943101789615607 0.004227468744670
0.940651726032496 0.004435180502390
0.938153340021932 0.004649246337134
0.935606905560095 0.004869784714451
0.933012701892219 0.005096913535013
0.930371013501972 0.005330754763229
0.927682130080253 0.005571436108122
0.924946346493432 0.005819079725954
0.922163962751008 0.006073816750489
0.919335283972712 0.006335775875317
0.916460620355050 0.006605089636015
0.913540287137281 0.006881892753267
0.910574604566852 0.007166320962035
0.907563897864277 0.007458513207868
0.904508497187474 0.007758612163378
0.901408737595557 0.008066752133659
0.898264959012098 0.008383075956681
0.895077506187845 0.008707681824606
0.891846728662920 0.009040616077431
0.888572980728485 0.009381919485186
0.885256621387895 0.009731623709697
0.881898014317321 0.010089753207460
0.878497527825878 0.010456331356489
0.875055534815230 0.010831368342428
0.871572412738697 0.011214867213666
0.868048543559867 0.011606828013622
0.864484313710706 0.012007235679860
0.860880114049181 0.012416073665377
0.857236339816402 0.012833311672135
0.853553390593274 0.013258915666617
0.849831670256683 0.013692841626964
0.846071586935203 0.014135035467322
0.842273552964344 0.014585437078867
0.838437984841330 0.015043971584650
0.834565303179429 0.015510564128170
0.830655932661826 0.015985120419724
0.826710301995053 0.016467546177518
0.822728843861975 0.016957730181541
0.818711994874345 0.017455559757593
0.814660195524919 0.017960906788976
0.810573890139155 0.018473635528491
0.806453526826488 0.018993598444737
0.802299557431188 0.019520633768434
0.798112437482808 0.020054581899403
0.793892626146237 0.020595319859934
0.789640586171339 0.021142754078698
0.785356783842216 0.021696786527475
0.781041688926065 0.022257315421561
0.776695774621672 0.022824232838975
0.772319517507513 0.023397431349842
0.767913397489498 0.023976798797302
0.763477897748339 0.024562213217224
0.759013504686565 0.025153547454199
0.754520707875186 0.025750669585178
0.750000000000000 0.026353445315339
0.745451876807570 0.026961732459181
0.740876837050858 0.027575381148538
0.736275382434527 0.028194239267237
0.731648017559931 0.028818145668646
0.726995249869773 0.029446946140804
0.722317589592464 0.030080475079432
0.717615549686164 0.030718567593992
0.712889645782536 0.031361056075377
0.708140396130201 0.032007748844261
0.703368321537900 0.032658433678116
0.698573945317390 0.033312900780494
0.693757793226052 0.033970931831010
0.688920393409234 0.034632249724649
0.684062276342339 0.035296503716949
0.679183974772650 0.035963339538749
0.674286023660908 0.036632388635251
0.669368960122646 0.037303278735612
0.664433323369292 0.037975646869988
0.659479654649035 0.038649113432596
0.654508497187474 0.039323305473658
0.649520396128043 0.039997835108624
0.644515898472236 0.040672310343822
0.639495553019615 0.041346344689018
0.634459910307633 0.042019532870670
0.629409522551260 0.042691480018980
0.624344943582428 0.043361768065405
0.619266728789291 0.044029972882098
0.614175435055328 0.044695660576199
0.609071620698271 0.045358396700811
0.603955845408880 0.046017745763329
0.598828670189563 0.046673340191221
0.593690657292862 0.047324861720989
0.588542370159792 0.047971998294313
0.583384373358051 0.048614434972757
0.578217232520115 0.049251865704810
0.573041514281206 0.049884017060836
0.567857786217152 0.050510630146244
0.562666616782152 0.051131446616704
0.557468575246433 0.051746210932462
0.552264231633827 0.052354662914522
0.547054156659257 0.052956529729803
0.541838921666158 0.053551535075728
0.536619098563816 0.054139409816552
0.531395259764657 0.054719884686013
0.526167978121472 0.055292708935289
0.520937826864600 0.055857663376334
0.515705379539064 0.056414538889761
0.510471209941678 0.056963123660142
0.505235892058123 0.057503209000233
0.500000000000000 0.058034461877517
0.494764107941877 0.058556415199770
0.489528790058322 0.059068600237264
0.484294620460936 0.059570551134551
0.479062173135400 0.060061806779168
0.473832021878528 0.060541842897967
0.468604740235343 0.061010100931574
0.463380901436184 0.061466022490447
0.458161078333842 0.061909059317953
0.452945843340743 0.062338676160839
0.447735768366173 0.062754368950996
0.442531424753567 0.063155657330426
0.437333383217848 0.063542067956806
0.432142213782848 0.063913141193141
0.426958485718794 0.064268418961200
0.421782767479885 0.064607423274453
0.416615626641949 0.064929678327028
0.411457629840209 0.065234720760033
0.406309342707138 0.065522098796453
0.401171329810437 0.065791440437511
0.396044154591120 0.066042570177282
0.390928379301729 0.066275357564686
0.385824564944672 0.066489680221707
0.380733271210710 0.066685427377161
0.375655056417573 0.066862540521765
0.370590477448740 0.067021029210882
0.365540089692367 0.067160916351689
0.360504446980385 0.067282233082135
0.355484101527764 0.067385017933612
0.350479603871957 0.067469296261854
0.345491502812526 0.067535090768186
0.340520345350965 0.067582432500252
0.335566676630708 0.067611362661464
0.330631039877354 0.067621940268457
0.325713976339092 0.067614259867294
0.320816025227350 0.067588429448849
0.315937723657661 0.067544565538699
0.311079606590766 0.067482788033659
0.306242206773949 0.067403150126721
0.301426054682610 0.067305656875738
0.296631678462100 0.067190325013221
0.291859603869799 0.067057181264752
0.287110354217464 0.066906188378481
0.282384450313836 0.066737156936511
0.277682410407536 0.066549892915075
0.273004750130227 0.066344224284023
0.268351982440069 0.066119994634079
0.263724617565473 0.065877061880751
0.259123162949143 0.065615299672559
0.254548123192430 0.065334602239927
0.250000000000000 0.065034927321680
0.245479292124815 0.064716566246461
0.240986495313435 0.064379973747824
0.236522102251661 0.064025607218556
0.232086602510502 0.063653934791566
0.227680482492487 0.063265498267333
0.223304225378328 0.062860878664179
0.218958311073935 0.062440651451384
0.214643216157784 0.062005391177746
0.210359413828661 0.061555664034799
0.206107373853763 0.061092028128409
0.201887562517192 0.060615038192522
0.197700442568813 0.060125212901194
0.193546473173512 0.059622940489179
0.189426109860845 0.059108593992960
0.185339804475081 0.058582550677309
0.181288005125655 0.058045175290623
0.177271156138025 0.057496823450524
0.173289698004947 0.056937854527071
0.169344067338174 0.056368641435041
0.165434696820571 0.055789573196335
0.161562015158670 0.055201046217656
0.157726447035656 0.054603459800720
0.153928413064797 0.053997207661980
0.150168329743317 0.053382674688070
0.146446609406726 0.052760250262956
0.142763660183598 0.052130278220233
0.139119885950819 0.051493029436470
0.135515686289294 0.050848783513343
0.131951456440133 0.050197833232468
0.128427587261303 0.049540505845500
0.124944465184770 0.048877137012170
0.121502472174122 0.048208071765508
0.118101985682679 0.047533644421253
0.114743378612105 0.046854206742427
0.111427019271515 0.046170143280405
0.108153271337080 0.045481899543318
0.104922493812155 0.044789948491823
0.101735040987902 0.044094606278293
0.098591262404443 0.043396015778106
0.095491502812526 0.042694283517500
0.092436102135723 0.041988979053372
0.089425395433148 0.041279380582392
0.086459712862719 0.040564899500081
0.083539379644950 0.039845149201209
0.080664716027288 0.039119850778339
0.077836037248993 0.038388779861024
0.075053653506568 0.037651752489112
0.072317869919747 0.036908886870833
0.069628986498028 0.036160979449117
0.066987298107781 0.035408977418012
0.064393094439905 0.034653830957854
0.061846659978068 0.033896525211031
0.059348273967504 0.033137963866271
0.056898210384393 0.032378998373382
0.054496737905816 0.031620579478940
0.052144119880294 0.030863845102501
0.049840614298903 0.030109590906933
0.047586473766990 0.029357566112122
0.045381945476466 0.028607188242531
0.043227271178700 0.027857038944057
0.041122687158010 0.027105794216845
0.039068424205750 0.026352608383142
0.037064707595003 0.025596917458129
0.035111757055874 0.024838345486012
0.033209786751399 0.024076711767081
0.031359005254054 0.023312105908614
0.029559615522887 0.022544772688056
0.027811814881260 0.021775173138938
0.026115794995207 0.021003967005708
0.024471741852423 0.020232036566532
0.022879835741862 0.019459930359366
0.021340251233966 0.018688095031838
0.019853157161529 0.017916917415774
0.018418716601171 0.017146851211989
0.017037086855466 0.016378503354498
0.015708419435685 0.015612535673897
0.014432860045182 0.014849772082017
0.013210548563420 0.014091112744772
0.012041619030626 0.013337586986510
0.010926199633097 0.012590573979048
0.009864412689139 0.011852575820003
0.008856374635656 0.011127129960243
0.007902196015379 0.010418568146043
0.007001981464748 0.009731226757991
0.006155829702431 0.009063471378635
0.005363833518506 0.008410974702095
0.004626079764278 0.007770552023617
0.003942649342761 0.007139977925276
0.003313617199802 0.006517707112527
0.002739052315863 0.005902455080030
0.002219017698460 0.005293311655599
0.001753570375248 0.004689540726276
0.001342761387771 0.004090565040605
0.000986635785864 0.003495854796531
0.000685232622713 0.002905060923132
0.000438584950571 0.002317883124472
0.000246719817134 0.001733977959730
0.000109658262577 0.001153180219205
0.000027415317244 0.000575180371855
0.000000000000000 0.000000000000000
0.000027415317244 -0.000581587470076
0.000109658262577 -0.001179250698841
0.000246719817134 -0.001791037758522
0.000438584950571 -0.002414601345927
0.000685232622713 -0.003047506122105
0.000986635785864 -0.003686753149968
0.001342761387771 -0.004329050464946
0.001753570375248 -0.004970477710659
0.002219017698460 -0.005606520903248
0.002739052315863 -0.006231851860662
0.003313617199802 -0.006839812326580
0.003942649342761 -0.007422798790153
0.004626079764278 -0.007970991145122
0.005363833518506 -0.008470027282853
0.006155829702431 -0.008918517136797
0.007001981464748 -0.009327007710223
0.007902196015379 -0.009709678351342
0.008856374635656 -0.010076971174820
0.009864412689139 -0.010430269113957
0.010926199633097 -0.010771895413940
0.012041619030626 -0.011105893110285
0.013210548563420 -0.011437353680964
0.014432860045182 -0.011769245285893
0.015708419435684 -0.012100263107531
0.017037086855466 -0.012429157797775
0.018418716601171 -0.012754956700806
0.019853157161528 -0.013076700487984
0.021340251233966 -0.013393539660006
0.022879835741862 -0.013704778149830
0.024471741852423 -0.014009892756794
0.026115794995207 -0.014308476340046
0.027811814881259 -0.014599924772697
0.029559615522887 -0.014883594381950
0.031359005254054 -0.015158909089535
0.033209786751399 -0.015425393950747
0.035111757055874 -0.015682719204594
0.037064707595003 -0.015930676281672
0.039068424205750 -0.016169208148724
0.041122687158009 -0.016398395225242
0.043227271178699 -0.016618474226865
0.045381945476466 -0.016829880232591
0.047586473766990 -0.017033239031864
0.049840614298903 -0.017229270097128
0.052144119880293 -0.017418776079919
0.054496737905816 -0.017602168109260
0.056898210384393 -0.017779470126016
0.059348273967504 -0.017950820984794
0.061846659978068 -0.018116509029630
0.064393094439905 -0.018276896969094
0.066987298107781 -0.018432397505622
0.069628986498028 -0.018583553619397
0.072317869919747 -0.018731113873881
0.075053653506568 -0.018875893849822
0.077836037248992 -0.019018266815071
0.080664716027288 -0.019158406412373
0.083539379644950 -0.019296328310045
0.086459712862719 -0.019431835815286
0.089425395433148 -0.019564733960368
0.092436102135723 -0.019694903356226
0.095491502812526 -0.019822249175870
0.098591262404443 -0.019946679474436
0.101735040987902 -0.020068108271771
0.104922493812155 -0.020186464133907
0.108153271337080 -0.020301729020932
0.111427019271514 -0.020413911113116
0.114743378612105 -0.020523035941589
0.118101985682679 -0.020629138538312
0.121502472174122 -0.020732268607751
0.124944465184770 -0.020832493814428
0.128427587261303 -0.020929895730035
0.131951456440133 -0.021024573527055
0.135515686289294 -0.021116653059834
0.139119885950819 -0.021206288157898
0.142763660183598 -0.021293651076979
0.146446609406726 -0.021378897398294
0.150168329743317 -0.021462162724420
0.153928413064796 -0.021543593089809
0.157726447035656 -0.021623217266313
0.161562015158669 -0.021700884234470
0.165434696820571 -0.021776425721867
0.169344067338174 -0.021849680731563
0.173289698004947 -0.021920515912203
0.177271156138025 -0.021988800501480
0.181288005125655 -0.022054399421991
0.185339804475081 -0.022117152213276
0.189426109860845 -0.022176883961127
0.193546473173511 -0.022233417803751
0.197700442568812 -0.022286620201612
0.201887562517192 -0.022336430770396
0.206107373853763 -0.022382797428023
0.210359413828660 -0.022425680739390
0.214643216157784 -0.022465131268079
0.218958311073935 -0.022501252506860
0.223304225378328 -0.022534157690623
0.227680482492486 -0.022563964791360
0.232086602510501 -0.022590783690800
0.236522102251661 -0.022614728497595
0.240986495313435 -0.022635921494665
0.245479292124814 -0.022654491631223
0.250000000000000 -0.022670572124116
0.254548123192429 -0.022684303347923
0.259123162949142 -0.022695833560240
0.263724617565473 -0.022705311399448
0.268351982440069 -0.022712877623760
0.273004750130227 -0.022718677601729
0.277682410407536 -0.022722863157484
0.282384450313836 -0.022725596910875
0.287110354217464 -0.022727060448857
0.291859603869799 -0.022727444283568
0.296631678462100 -0.022726945523885
0.301426054682609 -0.022725748514405
0.306242206773948 -0.022723938326455
0.311079606590766 -0.022721567127199
0.315937723657661 -0.022718688863691
0.320816025227350 -0.022715358571506
0.325713976339092 -0.022711621793652
0.330631039877354 -0.022707516141484
0.335566676630708 -0.022703079951327
0.340520345350965 -0.022698352742712
0.345491502812526 -0.022693375078565
0.350479603871956 -0.022688188704128
0.355484101527764 -0.022682836420251
0.360504446980385 -0.022677361900230
0.365540089692367 -0.022671810427105
0.370590477448739 -0.022666238533407
0.375655056417572 -0.022660711905187
0.380733271210709 -0.022655297453380
0.385824564944672 -0.022650063138484
0.390928379301728 -0.022645063980490
0.396044154591120 -0.022640295397075
0.401171329810437 -0.022635736310072
0.406309342707137 -0.022631365265939
0.411457629840208 -0.022627159888342
0.416615626641949 -0.022623052259388
0.421782767479884 -0.022618892158173
0.426958485718794 -0.022614519240167
0.432142213782848 -0.022609771703753
0.437333383217848 -0.022604487072039
0.442531424753567 -0.022598516498737
0.447735768366173 -0.022591724101510
0.452945843340743 -0.022583973971201
0.458161078333842 -0.022575129703089
0.463380901436184 -0.022565053042723
0.468604740235343 -0.022553591651213
0.473832021878528 -0.022540585412215
0.479062173135400 -0.022525874035807
0.484294620460935 -0.022509297645388
0.489528790058321 -0.022490705578881
0.494764107941877 -0.022469995395900
0.500000000000000 -0.022447081742271
0.505235892058122 -0.022421879790980
0.510471209941678 -0.022394305962097
0.515705379539064 -0.022364300917006
0.520937826864600 -0.022331880981732
0.526167978121472 -0.022297078809156
0.531395259764656 -0.022259927839537
0.536619098563816 -0.022220462475892
0.541838921666157 -0.022178710193084
0.547054156659257 -0.022134684220493
0.552264231633827 -0.022088397036183
0.557468575246433 -0.022039862107584
0.562666616782152 -0.021989094217089
0.567857786217152 -0.021936118358762
0.573041514281206 -0.021880970696358
0.578217232520115 -0.021823688587511
0.583384373358051 -0.021764310443611
0.588542370159791 -0.021702871412922
0.593690657292862 -0.021639368561509
0.598828670189563 -0.021573778690303
0.603955845408879 -0.021506079684438
0.609071620698271 -0.021436250803618
0.614175435055328 -0.021364252913424
0.619266728789290 -0.021289974003466
0.624344943582427 -0.021213288185356
0.629409522551260 -0.021134073246609
0.634459910307633 -0.021052210339560
0.639495553019614 -0.020967592740096
0.644515898472235 -0.020880128622791
0.649520396128043 -0.020789729594097
0.654508497187474 -0.020696311242424
0.659479654649035 -0.020599792716266
0.664433323369291 -0.020500093520222
0.669368960122646 -0.020397135694158
0.674286023660907 -0.020290846246453
0.679183974772650 -0.020181156439716
0.684062276342339 -0.020068000493051
0.688920393409233 -0.019951316961401
0.693757793226051 -0.019831048468543
0.698573945317390 -0.019707143251322
0.703368321537900 -0.019579562559546
0.708140396130200 -0.019448293967339
0.712889645782536 -0.019313333347117
0.717615549686163 -0.019174679061922
0.722317589592464 -0.019032335138499
0.726995249869773 -0.018886310810947
0.731648017559930 -0.018736621614834
0.736275382434527 -0.018583284499065
0.740876837050857 -0.018426321393631
0.745451876807570 -0.018265757620352
0.750000000000000 -0.018101621373903
0.754520707875185 -0.017933943417027
0.759013504686565 -0.017762761129931
0.763477897748338 -0.017588113292577
0.767913397489498 -0.017410044838892
0.772319517507513 -0.017228602217729
0.776695774621672 -0.017043837073425
0.781041688926065 -0.016855802304921
0.785356783842216 -0.016664555191669
0.789640586171339 -0.016470156503117
0.793892626146236 -0.016272674054247
0.798112437482808 -0.016072180436269
0.802299557431187 -0.015868751024324
0.806453526826488 -0.015662469826489
0.810573890139155 -0.015453441593791
0.814660195524918 -0.015241778533895
0.818711994874345 -0.015027593059882
0.822728843861975 -0.014811001188101
0.826710301995052 -0.014592117889044
0.830655932661826 -0.014371057444835
0.834565303179429 -0.014147937344669
0.838437984841330 -0.013922880915013
0.842273552964344 -0.013696006424001
0.846071586935203 -0.013467438679666
0.849831670256683 -0.013237300888666
0.853553390593274 -0.013005719451023
0.857236339816401 -0.012772819542887
0.860880114049181 -0.012538730858007
0.864484313710706 -0.012303579883104
0.868048543559867 -0.012067498899455
0.871572412738697 -0.011830616308968
0.875055534815230 -0.011593065399386
0.878497527825878 -0.011354978852367
0.881898014317321 -0.011116487721463
0.885256621387894 -0.010877726167242
0.888572980728485 -0.010638827535974
0.891846728662920 -0.010399929760128
0.895077506187845 -0.010161166622770
0.898264959012098 -0.009922670075546
0.901408737595557 -0.009684568685567
0.904508497187474 -0.009446949749591
0.907563897864277 -0.009209830276089
0.910574604566852 -0.008973230555001
0.913540287137281 -0.008737182104718
0.916460620355049 -0.008501730340325
0.919335283972712 -0.008266931650775
0.922163962751007 -0.008032846810933
0.924946346493432 -0.007799545789507
0.927682130080253 -0.007567109721224
0.930371013501972 -0.007335626057147
0.933012701892219 -0.007105190405859
0.935606905560095 -0.006875906845309
0.938153340021932 -0.006647881262010
0.940651726032496 -0.006421233203499
0.943101789615607 -0.006196082297951
0.945503262094184 -0.005972557239804
0.947855880119706 -0.005750789776309
0.950159385701097 -0.005530920499150
0.952413526233010 -0.005313088590231
0.954618054523534 -0.005097441434699
0.956772728821300 -0.004884128466628
0.958877312841991 -0.004673302503313
0.960931575794250 -0.004465119941782
0.962935292404997 -0.004259737146945
0.964888242944126 -0.004057316126320
0.966790213248601 -0.003858016650135
0.968640994745946 -0.003662002272137
0.970440384477113 -0.003469433821346
0.972188185118740 -0.003280478655802
0.973884205004793 -0.003095295789199
0.975528258147577 -0.002914053212665
0.977120164258138 -0.002736909180100
0.978659748766034 -0.002564025492626
0.980146842838471 -0.002395563376617
0.981581283398829 -0.002231675687244
0.982962913144534 -0.002072523096933
0.984291580564316 -0.001918252021532
0.985567139954818 -0.001769015332204
0.986789451436580 -0.001624957000273
0.987958380969374 -0.001486222213721
0.989073800366903 -0.001352945610716
0.990135587310861 -0.001225263245863
0.991143625364344 -0.001103302034140
0.992097803984621 -0.000987189586110
0.992998018535252 -0.000877042035260
0.993844170297569 -0.000772974390098
0.994636166481494 -0.000675094493455
0.995373920235722 -0.000583506884389
0.996057350657239 -0.000498306741508
0.996686382800198 -0.000419580826181
0.997260947684137 -0.000347417355273
0.997780982301540 -0.000281888714746
0.998246429624752 -0.000223067282154
0.998657238612229 -0.000171017467705
0.999013364214136 -0.000125791787667
0.999314767377287 -0.000087443447937
0.999561415049429 -0.000056007997378
0.999753280182866 -0.000031525540959
0.999890341737423 -0.000014017379165
0.999972584682756 -0.000003505185213
1.000000000000000 0.000000000000000
