1.000000000000000 0.000000000000000
0.999972584682756 0.000021908043876
0.999890341737423 0.000087588463542
0.999753280182866 0.000196943094523
0.999561415049429 0.000349758669970
0.999314767377287 0.000545780457739
0.999013364214136 0.000784590095305
0.998657238612229 0.001065686013187
0.998246429624752 0.001388436485726
0.997780982301540 0.001751997427647
0.997260947684137 0.002155397661859
0.996686382800198 0.002597419830420
0.996057350657239 0.003076593451891
0.995373920235722 0.003591208793821
0.994636166481494 0.004139252644821
0.993844170297569 0.004718410540977
0.992998018535252 0.005326004732131
0.992097803984621 0.005959050858174
0.991143625364344 0.006614167552703
0.990135587310861 0.007287616838928
0.989073800366903 0.007975310398786
0.987958380969374 0.008672824614777
0.986789451436580 0.009375337771605
0.985567139954818 0.010077822173929
0.984291580564316 0.010777015468705
0.982962913144534 0.011470734226226
0.981581283398829 0.012157329432978
0.980146842838472 0.012835214190181
0.978659748766034 0.013502939115112
0.977120164258138 0.014159268323012
0.975528258147577 0.014803094389880
0.973884205004793 0.015433390958364
0.972188185118741 0.016049164269277
0.970440384477113 0.016649601417696
0.968640994745946 0.017234087886030
0.966790213248601 0.017802200760762
0.964888242944126 0.018353736740167
0.962935292404997 0.018888745307293
0.960931575794250 0.019407321535314
0.958877312841991 0.019909632870867
0.956772728821300 0.020395962151805
0.954618054523534 0.020866768081653
0.952413526233010 0.021322755159598
0.950159385701097 0.021764912505678
0.947855880119706 0.022194607274467
0.945503262094184 0.022613411615702
0.943101789615607 0.023022423107550
0.940651726032496 0.023422632447867
0.938153340021932 0.023814951959862
0.935606905560095 0.024200361096665
0.933012701892219 0.024580140619433
0.930371013501972 0.024955859740136
0.927682130080253 0.025329167262440
0.924946346493432 0.025701772683541
0.922163962751008 0.026075187120578
0.919335283972712 0.026450050108656
0.916460620355050 0.026826939494926
0.913540287137281 0.027206607806948
0.910574604566852 0.027589949782850
0.907563897864277 0.027977957667423
0.904508497187474 0.028371709652582
0.901408737595557 0.028772291951499
0.898264959012098 0.029180201496079
0.895077506187845 0.029595691371073
0.891846728662920 0.030019015273236
0.888572980728485 0.030450430236702
0.885256621387895 0.030890204792067
0.881898014317321 0.031338614409568
0.878497527825878 0.031795951148093
0.875055534815230 0.032262492704418
0.871572412738697 0.032738246212446
0.868048543559867 0.033223048620096
0.864484313710706 0.033716717188153
0.860880114049181 0.034219067411134
0.857236339816402 0.034729897562167
0.853553390593274 0.035248987265339
0.849831670256683 0.035776105800564
0.846071586935203 0.036311004865462
0.842273552964344 0.036853420283033
0.838437984841330 0.037403078575583
0.834565303179429 0.037959693402954
0.830655932661826 0.038522967447675
0.826710301995053 0.039092582814271
0.822728843861975 0.039668195407973
0.818711994874345 0.040249452301566
0.814660195524919 0.040835986354467
0.810573890139155 0.041427452160250
0.806453526826488 0.042023484783608
0.802299557431188 0.042623712296159
0.798112437482808 0.043227732143754
0.793892626146237 0.043835126366982
0.789640586171339 0.044445457007306
0.785356783842216 0.045058294570186
0.781041688926065 0.045673285855025
0.776695774621672 0.046290082287368
0.772319517507513 0.046908329269196
0.767913397489498 0.047527664155185
0.763477897748339 0.048147730784934
0.759013504686565 0.048768166239934
0.754520707875186 0.049388595921177
0.750000000000000 0.050008663337787
0.745451876807570 0.050628043052657
0.740876837050858 0.051246394030615
0.736275382434527 0.051863382975618
0.731648017559931 0.052478667507219
0.726995249869773 0.053091911924585
0.722317589592464 0.053702774598341
0.717615549686164 0.054310910646756
0.712889645782536 0.054915995113130
0.708140396130201 0.055517739287789
0.703368321537900 0.056115851628027
0.698573945317390 0.056710044000459
0.693757793226052 0.057300026961855
0.688920393409234 0.057885516469194
0.684062276342339 0.058466229159682
0.679183974772650 0.059041879203862
0.674286023660908 0.059612182622308
0.669368960122646 0.060176851712806
0.664433323369292 0.060735604196504
0.659479654649035 0.061288147709332
0.654508497187474 0.061834196614272
0.649520396128043 0.062373472230389
0.644515898472236 0.062905709240112
0.639495553019615 0.063430641221127
0.634459910307633 0.063948008953759
0.629409522551260 0.064457550576064
0.624344943582428 0.064959026018641
0.619266728789291 0.065452206047492
0.614175435055328 0.065936867573094
0.609071620698271 0.066412783185518
0.603955845408880 0.066879733659008
0.598828670189563 0.067337483079742
0.593690657292862 0.067785796875514
0.588542370159792 0.068224444930675
0.583384373358051 0.068653198806127
0.578217232520115 0.069071834673819
0.573041514281206 0.069480127692565
0.567857786217152 0.069877860110988
0.562666616782152 0.070264815764676
0.557468575246433 0.070640783253895
0.552264231633827 0.071005563245991
0.547054156659257 0.071358968068018
0.541838921666158 0.071700818939227
0.536619098563816 0.072030936411989
0.531395259764657 0.072349146797231
0.526167978121472 0.072655251324521
0.520937826864600 0.072949025051383
0.515705379539064 0.073230249345693
0.510471209941678 0.073498710042139
0.505235892058123 0.073754200143319
0.500000000000000 0.073996549816895
0.494764107941877 0.074225613204500
0.489528790058322 0.074441252133632
0.484294620460936 0.074643333045777
0.479062173135400 0.074831739545507
0.473832021878528 0.075006464790061
0.468604740235343 0.075167563226406
0.463380901436184 0.075315095749986
0.458161078333842 0.075449127061322
0.452945843340743 0.075569728147063
0.447735768366173 0.075676966797039
0.442531424753567 0.075770913689743
0.437333383217848 0.075851643900202
0.432142213782848 0.075919238323102
0.426958485718794 0.075973783592187
0.421782767479885 0.076015378199991
0.416615626641949 0.076044126979527
0.411457629840209 0.076060139828952
0.406309342707138 0.076063531151268
0.401171329810437 0.076054420214002
0.396044154591120 0.076032932009289
0.390928379301729 0.075999196233808
0.385824564944672 0.075953346604237
0.380733271210710 0.075895521102408
0.375655056417573 0.075825847327712
0.370590477448740 0.075744432241418
0.365540089692367 0.075651384805334
0.360504446980385 0.075546818387826
0.355484101527764 0.075430849321032
0.350479603871957 0.075303572728446
0.345491502812526 0.075165065912860
0.340520345350965 0.075015412169608
0.335566676630708 0.074854698678469
0.330631039877354 0.074683006179695
0.325713976339092 0.074500359558717
0.320816025227350 0.074306771408731
0.315937723657661 0.074102263101037
0.311079606590766 0.073886861207029
0.306242206773949 0.073660552940624
0.301426054682610 0.073423274831025
0.296631678462100 0.073174969646505
0.291859603869799 0.072915592504762
0.287110354217464 0.072645095421138
0.282384450313836 0.072363391283989
0.277682410407536 0.072070393468705
0.273004750130227 0.071766029361370
0.268351982440069 0.071450231416742
0.263724617565473 0.071122864922666
0.259123162949143 0.070783762623619
0.254548123192430 0.070432774120014
0.250000000000000 0.070069763639437
0.245479292124815 0.069694600141248
0.240986495313435 0.069307150813185
0.236522102251661 0.068907299952868
0.232086602510502 0.068494952734767
0.227680482492487 0.068069983250134
0.223304225378328 0.067632223628010
0.218958311073935 0.067181527680249
0.214643216157784 0.066717770478439
0.210359413828661 0.066240851569155
0.206107373853763 0.065750693595798
0.201887562517192 0.065247235798260
0.197700442568813 0.064730447094493
0.193546473173512 0.064200280927211
0.189426109860845 0.063656694360878
0.185339804475081 0.063099671155410
0.181288005125655 0.062529228450894
0.177271156138025 0.061945424669182
0.173289698004947 0.061348353401632
0.169344067338174 0.060738124994678
0.165434696820571 0.060114933829567
0.161562015158670 0.059479031921316
0.157726447035656 0.058830703194752
0.153928413064797 0.058170244534025
0.150168329743317 0.057497953584546
0.146446609406726 0.056814148883030
0.142763660183598 0.056119180131837
0.139119885950819 0.055413477870841
0.135515686289294 0.054697530957065
0.131951456440133 0.053971846855082
0.128427587261303 0.053236918254315
0.124944465184770 0.052493232944266
0.121502472174122 0.051741304743327
0.118101985682679 0.050981698308274
0.114743378612105 0.050215053883457
0.111427019271515 0.049442017457215
0.108153271337080 0.048663259910430
0.104922493812155 0.047879494976818
0.101735040987902 0.047091429104885
0.098591262404443 0.046299751070003
0.095491502812526 0.045505137282974
0.092436102135723 0.044708285708330
0.089425395433148 0.043909964442465
0.086459712862719 0.043110962275867
0.083539379644950 0.042312047504617
0.080664716027288 0.041513970973126
0.077836037248993 0.040717479893779
0.075053653506568 0.039923294413107
0.072317869919747 0.039132134559321
0.069628986498028 0.038344734370979
0.066987298107781 0.037561868228549
0.064393094439905 0.036784289364633
0.061846659978068 0.036012699568023
0.059348273967504 0.035247800682371
0.056898210384393 0.034490278879727
0.054496737905816 0.033740858076794
0.052144119880294 0.032999936673247
0.049840614298903 0.032267411972666
0.047586473766990 0.031543156825201
0.045381945476466 0.030826976067796
0.043227271178700 0.030118775163411
0.041122687158010 0.029418722143067
0.039068424205750 0.028727002700764
0.037064707595003 0.028043216581762
0.035111757055874 0.027366704479684
0.033209786751399 0.026695680349303
0.031359005254054 0.026028118821298
0.029559615522887 0.025362521320683
0.027811814881260 0.024697846092872
0.026115794995207 0.024033524342681
0.024471741852423 0.023369198685789
0.022879835741862 0.022703823234207
0.021340251233966 0.022036120989746
0.019853157161529 0.021364076881986
0.018418716601171 0.020685968532901
0.017037086855466 0.020000813741560
0.015708419435685 0.019308185019280
0.014432860045182 0.018608129069024
0.013210548563420 0.017900845144442
0.012041619030626 0.017186415202856
0.010926199633097 0.016463307725583
0.009864412689139 0.015729551337216
0.008856374635656 0.014983968938114
0.007902196015379 0.014225927290404
0.007001981464748 0.013455249692899
0.006155829702431 0.012672349933464
0.005363833518506 0.011878235729268
0.004626079764278 0.011074260045242
0.003942649342761 0.010261441880148
0.003313617199802 0.009440427173764
0.002739052315863 0.008611761760085
0.002219017698460 0.007775858007113
0.001753570375248 0.006932842858664
0.001342761387771 0.006082603025027
0.000986635785864 0.005224516382324
0.000685232622713 0.004358021147105
0.000438584950571 0.003485491673485
0.000246719817134 0.002610337992966
0.000109658262577 0.001735833752054
0.000027415317244 0.000864735512636
0.000000000000000 0.000000000000000
0.000027415317244 -0.000860261357152
0.000109658262577 -0.001717196266314
0.000246719817134 -0.002567265049354
0.000438584950571 -0.003406767658858
0.000685232622713 -0.004231877619351
0.000986635785864 -0.005038902947271
0.001342761387771 -0.005825489580448
0.001753570375248 -0.006593280039958
0.002219017698460 -0.007342799937118
0.002739052315863 -0.008072985194478
0.003313617199802 -0.008781808708559
0.003942649342761 -0.009466467511682
0.004626079764278 -0.010123339487612
0.005363833518506 -0.010748283939416
0.006155829702431 -0.011337000765541
0.007001981464748 -0.011888000343531
0.007902196015379 -0.012401783643222
0.008856374635656 -0.012879140890188
0.009864412689139 -0.013321075471889
0.010926199633097 -0.013728950769359
0.012041619030626 -0.014104785307360
0.013210548563420 -0.014451438057316
0.014432860045182 -0.014770436535287
0.015708419435684 -0.015061863613220
0.017037086855466 -0.015325103581374
0.018418716601171 -0.015559380148330
0.019853157161528 -0.015764897661813
0.021340251233966 -0.015942788284693
0.022879835741862 -0.016095383323070
0.024471741852423 -0.016225263152061
0.026115794995207 -0.016333755338547
0.027811814881259 -0.016421139416767
0.029559615522887 -0.016485438762141
0.031359005254054 -0.016524665083371
0.033209786751399 -0.016537336391671
0.035111757055874 -0.016522025620428
0.037064707595003 -0.016477294506722
0.039068424205750 -0.016401505396800
0.041122687158009 -0.016292708080605
0.043227271178699 -0.016148672899091
0.045381945476466 -0.015966789200579
0.047586473766990 -0.015744359173565
0.049840614298903 -0.015478659495103
0.052144119880293 -0.015166791743021
0.054496737905816 -0.014805612409810
0.056898210384393 -0.014392551346948
0.059348273967504 -0.013927176768585
0.061846659978068 -0.013409755154363
0.064393094439905 -0.012841018219084
0.066987298107781 -0.012222159210509
0.069628986498028 -0.011554815666634
0.072317869919747 -0.010841088073524
0.075053653506568 -0.010083514407439
0.077836037248992 -0.009285050766500
0.080664716027288 -0.008449134699142
0.083539379644950 -0.007579577477506
0.086459712862719 -0.006680763743548
0.089425395433148 -0.005758053533623
0.092436102135723 -0.004817649741430
0.095491502812526 -0.003865371032875
0.098591262404443 -0.002905700392542
0.101735040987902 -0.001943073903635
0.104922493812155 -0.000980469154073
0.108153271337080 -0.000020032203055
0.111427019271514 0.000935779701343
0.114743378612105 0.001883694261934
0.118101985682679 0.002820153614041
0.121502472174122 0.003742643105948
0.124944465184770 0.004650462468880
0.128427587261303 0.005543102211380
0.131951456440133 0.006420523986261
0.135515686289294 0.007283219398463
0.139119885950819 0.008131787419646
0.142763660183598 0.008966704352225
0.146446609406726 0.009788334695124
0.150168329743317 0.010597087520170
0.153928413064796 0.011393260689498
0.157726447035656 0.012176970187354
0.161562015158669 0.012948351971243
0.165434696820571 0.013707604784464
0.169344067338174 0.014455005955095
0.173289698004947 0.015190875679819
0.177271156138025 0.015915506962716
0.181288005125655 0.016628638491393
0.185339804475081 0.017329752978622
0.189426109860845 0.018018335365082
0.193546473173511 0.018693858786913
0.197700442568812 0.019355780116935
0.201887562517192 0.020003547272050
0.206107373853763 0.020636649076044
0.210359413828660 0.021254920198882
0.214643216157784 0.021858407119279
0.218958311073935 0.022447185656370
0.223304225378328 0.023021359928549
0.227680482492486 0.023581092301132
0.232086602510501 0.024126574270228
0.236522102251661 0.024658021420565
0.240986495313435 0.025175691342995
0.245479292124814 0.025679913066355
0.250000000000000 0.026171047904883
0.254548123192429 0.026649485505209
0.259123162949142 0.027115629466427
0.263724617565473 0.027569854527822
0.268351982440069 0.028012548673730
0.273004750130227 0.028444126863578
0.277682410407536 0.028864974450443
0.282384450313836 0.029275224490702
0.287110354217464 0.029674941396548
0.291859603869799 0.030064202182191
0.296631678462100 0.030443094257221
0.301426054682609 0.030811691582538
0.306242206773948 0.031170064041595
0.311079606590766 0.031518293658212
0.315937723657661 0.031856470300510
0.320816025227350 0.032184658116699
0.325713976339092 0.032502864524602
0.330631039877354 0.032811094929160
0.335566676630708 0.033109367376940
0.340520345350965 0.033397700766951
0.345491502812526 0.033676096363890
0.350479603871956 0.033944549651612
0.355484101527764 0.034203063890458
0.360504446980385 0.034451647030940
0.365540089692367 0.034690279057457
0.370590477448739 0.034918861887455
0.375655056417572 0.035137294199865
0.380733271210709 0.035345477504705
0.385824564944672 0.035543309688950
0.390928379301728 0.035730534381491
0.396044154591120 0.035906752933304
0.401171329810437 0.036071560231658
0.406309342707137 0.036224553755163
0.411457629840208 0.036365332061699
0.416615626641949 0.036493489956412
0.421782767479884 0.036608624506313
0.426958485718794 0.036710333685247
0.432142213782848 0.036798218170332
0.437333383217848 0.036871893120685
0.442531424753567 0.036931026122526
0.447735768366173 0.036975301217715
0.452945843340743 0.037004406835756
0.458161078333842 0.037018036119076
0.463380901436184 0.037015963297040
0.468604740235343 0.036998177170237
0.473832021878528 0.036964708329643
0.479062173135400 0.036915593953606
0.484294620460935 0.036850878347866
0.489528790058321 0.036770684101237
0.494764107941877 0.036675280155627
0.500000000000000 0.036564957762322
0.505235892058122 0.036440014499197
0.510471209941678 0.036300755199200
0.515705379539064 0.036147549467519
0.520937826864600 0.035980853264309
0.526167978121472 0.035801136033873
0.531395259764656 0.035608869423526
0.536619098563816 0.035404532440400
0.541838921666157 0.035188678011126
0.547054156659257 0.034961927713410
0.552264231633827 0.034724908684331
0.557468575246433 0.034478249513946
0.562666616782152 0.034222571005503
0.567857786217152 0.033958392562458
0.573041514281206 0.033686169132692
0.578217232520115 0.033406352322814
0.583384373358051 0.033119396619811
0.588542370159791 0.032825743641250
0.593690657292862 0.032525755615918
0.598828670189563 0.032219772506983
0.603955845408879 0.031908130499191
0.609071620698271 0.031591167457164
0.614175435055328 0.031269154491997
0.619266728789290 0.030942195737436
0.624344943582427 0.030610373108830
0.629409522551260 0.030273766602425
0.634459910307633 0.029932460698822
0.639495553019614 0.029586513179200
0.644515898472235 0.029235959993057
0.649520396128043 0.028880838775971
0.654508497187474 0.028521188556775
0.659479654649035 0.028157042764568
0.664433323369291 0.027788377841380
0.669368960122646 0.027415161200407
0.674286023660907 0.027037366787871
0.679183974772650 0.026654972087068
0.684062276342339 0.026267996570031
0.688920393409233 0.025876503785507
0.693757793226051 0.025480562665519
0.698573945317390 0.025080245775508
0.703368321537900 0.024675630929378
0.708140396130200 0.024266806190814
0.712889645782536 0.023853869052270
0.717615549686163 0.023436912796933
0.722317589592464 0.023016060452447
0.726995249869773 0.022591524370808
0.731648017559930 0.022163552951198
0.736275382434527 0.021732389188607
0.740876837050857 0.021298273950741
0.745451876807570 0.020861453374588
0.750000000000000 0.020422164240917
0.754520707875185 0.019980649762730
0.759013504686565 0.019537147920598
0.763477897748338 0.019091932999058
0.767913397489498 0.018645278233765
0.772319517507513 0.018197461219321
0.776695774621672 0.017748746576157
0.781041688926065 0.017299402046489
0.785356783842216 0.016849688130581
0.789640586171339 0.016399859775042
0.793892626146236 0.015950188108403
0.798112437482808 0.015500973759063
0.802299557431187 0.015052513845927
0.806453526826488 0.014605097119969
0.810573890139155 0.014159005076885
0.814660195524918 0.013714505842996
0.818711994874345 0.013271867007482
0.822728843861975 0.012831330709572
0.826710301995052 0.012393107660823
0.830655932661826 0.011957402696953
0.834565303179429 0.011524413489470
0.838437984841330 0.011094333583825
0.842273552964344 0.010667355553050
0.846071586935203 0.010243653905718
0.849831670256683 0.009823380674844
0.853553390593274 0.009406656073437
0.857236339816401 0.008993602706478
0.860880114049181 0.008584295108086
0.864484313710706 0.008178780717985
0.868048543559867 0.007777106838043
0.871572412738697 0.007379345851677
0.875055534815230 0.006985584258629
0.878497527825878 0.006595891001675
0.881898014317321 0.006210204223278
0.885256621387894 0.005828415344160
0.888572980728485 0.005450418123677
0.891846728662920 0.005076089483627
0.895077506187845 0.004705310198001
0.898264959012098 0.004337975722374
0.901408737595557 0.003973979405352
0.904508497187474 0.003613252196578
0.907563897864277 0.003255891107568
0.910574604566852 0.002902065209457
0.913540287137281 0.002551913800646
0.916460620355049 0.002205538332562
0.919335283972712 0.001863084526406
0.922163962751007 0.001524966883217
0.924946346493432 0.001191600898931
0.927682130080253 0.000862309470643
0.930371013501972 0.000535633570027
0.933012701892219 0.000209487490646
0.935606905560095 -0.000119145058475
0.938153340021932 -0.000452910980704
0.940651726032496 -0.000793838746524
0.943101789615607 -0.001143675707756
0.945503262094184 -0.001504057453974
0.947855880119706 -0.001876148052310
0.950159385701097 -0.002260011221360
0.952413526233010 -0.002655376528718
0.954618054523534 -0.003061833876297
0.956772728821300 -0.003478812512264
0.958877312841991 -0.003905477473999
0.960931575794250 -0.004341401923050
0.962935292404997 -0.004786719841328
0.964888242944126 -0.005235987558898
0.966790213248601 -0.005678494302213
0.968640994745946 -0.006103198839129
0.970440384477113 -0.006500160182222
0.972188185118740 -0.006861689329184
0.973884205004793 -0.007182299642395
0.975528258147577 -0.007458371662242
0.977120164258138 -0.007685913223585
0.978659748766034 -0.007860250547171
0.980146842838471 -0.007974632457295
0.981581283398829 -0.008023715753935
0.982962913144534 -0.008003943295199
0.984291580564316 -0.007912990839944
0.985567139954818 -0.007749126084215
0.986789451436580 -0.007511387547467
0.987958380969374 -0.007206435208398
0.989073800366903 -0.006845096192540
0.990135587310861 -0.006439207491645
0.991143625364344 -0.005999282185554
0.992097803984621 -0.005534821158858
0.992998018535252 -0.005054621618532
0.993844170297569 -0.004566706073269
0.994636166481494 -0.004078421550304
0.995373920235722 -0.003596493762976
0.996057350657239 -0.003127052397372
0.996686382800198 -0.002675644065976
0.997260947684137 -0.002247308706143
0.997780982301540 -0.001846587581909
0.998246429624752 -0.001477498806035
0.998657238612229 -0.001143626296009
0.999013364214136 -0.000848083966100
0.999314767377287 -0.000593559367145
0.999561415049429 -0.000382295203792
0.999753280182866 -0.000216085143865
0.999890341737423 -0.000096371639875
0.999972584682756 -0.000024144184949
1.000000000000000 0.000000000000000
