1.000000000000000 0.000000000000000
0.999972584682756 0.000008020032574
0.999890341737423 0.000032080601956
0.999753280182866 0.000072152428515
0.999561415049429 0.000128217434478
0.999314767377287 0.000200232960250
0.999013364214136 0.000288136960930
0.998657238612229 0.000391873592227
0.998246429624752 0.000511367743372
0.997780982301540 0.000646520097186
0.997260947684137 0.000797242835226
0.996686382800198 0.000963424137265
0.996057350657239 0.001144938530268
0.995373920235722 0.001341662176485
0.994636166481494 0.001553437722050
0.993844170297569 0.001780124856118
0.992998018535252 0.002021560166551
0.992097803984621 0.002277557514994
0.991143625364344 0.002547948146053
0.990135587310861 0.002832531017770
0.989073800366903 0.003131107902546
0.987958380969374 0.003443463786809
0.986789451436580 0.003769381931626
0.985567139954818 0.004108634264873
0.984291580564316 0.004460981712654
0.982962913144534 0.004826179367460
0.981581283398829 0.005203976737150
0.980146842838472 0.005594122768585
0.978659748766034 0.005996337500913
0.977120164258138 0.006410360170706
0.975528258147577 0.006835906598082
0.973884205004793 0.007272697991095
0.972188185118741 0.007720442408865
0.970440384477113 0.008178844549770
0.968640994745946 0.008647606047782
0.966790213248601 0.009126425780617
0.964888242944126 0.009614995647220
0.962935292404997 0.010113005521136
0.960931575794250 0.010620143567088
0.958877312841991 0.011136096544957
0.956772728821300 0.011660541360086
0.954618054523534 0.012193158767252
0.952413526233010 0.012733629222210
0.950159385701097 0.013281628899913
0.947855880119706 0.013836838706616
0.945503262094184 0.014398931770457
0.943101789615607 0.014967586662756
0.940651726032496 0.015542483404910
0.938153340021932 0.016123295558890
0.935606905560095 0.016709707217505
0.933012701892219 0.017301392767100
0.930371013501972 0.017898045752375
0.927682130080253 0.018499350721178
0.924946346493432 0.019104988017774
0.922163962751008 0.019714657793508
0.919335283972712 0.020328056427577
0.916460620355050 0.020944877266685
0.913540287137281 0.021564830077254
0.910574604566852 0.022187618535750
0.907563897864277 0.022812955725458
0.904508497187474 0.023440567736972
0.901408737595557 0.024070171892227
0.898264959012098 0.024701499571340
0.895077506187845 0.025334286181882
0.891846728662920 0.025968275674264
0.888572980728485 0.026603172639575
0.885256621387895 0.027238639726987
0.881898014317321 0.027874346395820
0.878497527825878 0.028509955854855
0.875055534815230 0.029145132727077
0.871572412738697 0.029779550246262
0.868048543559867 0.030412871198128
0.864484313710706 0.031044773604860
0.860880114049181 0.031674927232994
0.857236339816402 0.032303006013834
0.853553390593274 0.032928683146025
0.849831670256683 0.033551640863159
0.846071586935203 0.034171566420322
0.842273552964344 0.034788151842287
0.838437984841330 0.035401193996722
0.834565303179429 0.036010689276209
0.830655932661826 0.036616670694678
0.826710301995053 0.037219189529432
0.822728843861975 0.037818292761998
0.818711994874345 0.038414057246626
0.814660195524919 0.039006567939321
0.810573890139155 0.039595981978531
0.806453526826488 0.040182500295201
0.802299557431188 0.040766340899267
0.798112437482808 0.041347653050290
0.793892626146237 0.041926440309808
0.789640586171339 0.042502709740534
0.785356783842216 0.043076437675975
0.781041688926065 0.043647347387908
0.776695774621672 0.044214996783475
0.772319517507513 0.044778937324154
0.767913397489498 0.045338716315687
0.763477897748339 0.045893897262081
0.759013504686565 0.046444038672341
0.754520707875186 0.046988702888430
0.750000000000000 0.047527484055563
0.745451876807570 0.048060116084371
0.740876837050858 0.048586338549391
0.736275382434527 0.049105904062338
0.731648017559931 0.049618652513251
0.726995249869773 0.050124641448994
0.722317589592464 0.050623969455215
0.717615549686164 0.051116747261412
0.712889645782536 0.051603089118496
0.708140396130201 0.052083109772445
0.703368321537900 0.052556930332758
0.698573945317390 0.053024684673546
0.693757793226052 0.053486467174055
0.688920393409234 0.053942097975351
0.684062276342339 0.054391282833257
0.679183974772650 0.054833732142445
0.674286023660908 0.055269147385991
0.669368960122646 0.055697139867880
0.664433323369292 0.056117231176066
0.659479654649035 0.056528930875179
0.654508497187474 0.056931748604908
0.649520396128043 0.057325298453926
0.644515898472236 0.057709600941323
0.639495553019615 0.058084771339953
0.634459910307633 0.058450934816568
0.629409522551260 0.058808233489863
0.624344943582428 0.059157093664021
0.619266728789291 0.059498254617111
0.614175435055328 0.059832486090252
0.609071620698271 0.060160575975734
0.603955845408880 0.060483250122659
0.598828670189563 0.060800697155899
0.593690657292862 0.061112868215205
0.588542370159792 0.061419712252437
0.583384373358051 0.061721183246352
0.578217232520115 0.062017017261627
0.573041514281206 0.062306219738651
0.567857786217152 0.062587637623735
0.562666616782152 0.062860112843190
0.557468575246433 0.063122487852328
0.552264231633827 0.063373998119584
0.547054156659257 0.063614644074133
0.541838921666158 0.063844512405365
0.536619098563816 0.064063697132764
0.531395259764657 0.064272317319763
0.526167978121472 0.064471188712110
0.520937826864600 0.064662030419340
0.515705379539064 0.064846625379734
0.510471209941678 0.065026764629672
0.505235892058123 0.065204185311347
0.500000000000000 0.065379392275860
0.494764107941877 0.065551724710879
0.489528790058322 0.065720475466122
0.484294620460936 0.065884940837278
0.479062173135400 0.066044315565785
0.473832021878528 0.066196388141210
0.468604740235343 0.066337937915762
0.463380901436184 0.066465738661716
0.458161078333842 0.066576585797029
0.452945843340743 0.066667537078867
0.447735768366173 0.066737871473243
0.442531424753567 0.066788060033807
0.437333383217848 0.066818588969501
0.432142213782848 0.066829948654812
0.426958485718794 0.066822902522468
0.421782767479885 0.066799826436287
0.416615626641949 0.066763677657169
0.411457629840209 0.066717391500028
0.406309342707138 0.066663877886918
0.401171329810437 0.066605488912633
0.396044154591120 0.066542685763404
0.390928379301729 0.066475514213104
0.385824564944672 0.066404021649358
0.380733271210710 0.066328252311784
0.375655056417573 0.066247754938237
0.370590477448740 0.066161180946072
0.365540089692367 0.066067109939187
0.360504446980385 0.065964149649820
0.355484101527764 0.065850970010874
0.350479603871957 0.065726827096539
0.345491502812526 0.065591451162272
0.340520345350965 0.065444598149542
0.335566676630708 0.065286035093039
0.330631039877354 0.065115625288987
0.325713976339092 0.064933610020487
0.320816025227350 0.064740333682622
0.315937723657661 0.064536142706102
0.311079606590766 0.064321381267025
0.306242206773949 0.064096409359435
0.301426054682610 0.063861597726794
0.296631678462100 0.063617320120197
0.291859603869799 0.063363943763368
0.287110354217464 0.063101906114600
0.282384450313836 0.062831871540376
0.277682410407536 0.062554540741792
0.273004750130227 0.062270604636860
0.268351982440069 0.061980757567339
0.263724617565473 0.061685830736812
0.259123162949143 0.061386706630148
0.254548123192430 0.061084252126289
0.250000000000000 0.060779233072785
0.245479292124815 0.060471249252794
0.240986495313435 0.060159025912970
0.236522102251661 0.059841310290093
0.232086602510502 0.059516899748194
0.227680482492487 0.059184481929055
0.223304225378328 0.058842664186845
0.218958311073935 0.058490115021344
0.214643216157784 0.058125524714590
0.210359413828661 0.057747058825764
0.206107373853763 0.057352545683173
0.201887562517192 0.056939909960382
0.197700442568813 0.056508065646164
0.193546473173512 0.056061933205114
0.189426109860845 0.055608692357892
0.185339804475081 0.055155218063343
0.181288005125655 0.054706572956769
0.177271156138025 0.054263908470379
0.173289698004947 0.053827769885908
0.169344067338174 0.053398347856056
0.165434696820571 0.052971488718033
0.161562015158670 0.052540143288498
0.157726447035656 0.052097588154037
0.153928413064797 0.051639554543717
0.150168329743317 0.051166653552768
0.146446609406726 0.050680113634063
0.142763660183598 0.050181269213677
0.139119885950819 0.049672179218501
0.135515686289294 0.049155060452599
0.131951456440133 0.048632356010937
0.128427587261303 0.048109485883945
0.124944465184770 0.047593301230088
0.121502472174122 0.047089836315601
0.118101985682679 0.046599882986274
0.114743378612105 0.046120859352647
0.111427019271515 0.045649912225307
0.108153271337080 0.045180023050383
0.104922493812155 0.044701869652588
0.101735040987902 0.044207315584583
0.098591262404443 0.043693044440112
0.095491502812526 0.043157997706229
0.092436102135723 0.042602399155337
0.089425395433148 0.042030941714969
0.086459712862719 0.041449130550362
0.083539379644950 0.040861776783836
0.080664716027288 0.040272842394941
0.077836037248993 0.039685504987665
0.075053653506568 0.039098565674672
0.072317869919747 0.038508747746864
0.069628986498028 0.037912976140360
0.066987298107781 0.037308244934732
0.064393094439905 0.036691816472893
0.061846659978068 0.036061004385196
0.059348273967504 0.035413391265862
0.056898210384393 0.034749502346857
0.054496737905816 0.034073132570383
0.052144119880294 0.033388292579005
0.049840614298903 0.032699430901019
0.047586473766990 0.032010686883757
0.045381945476466 0.031325525474406
0.043227271178700 0.030647079920464
0.041122687158010 0.029978783939410
0.039068424205750 0.029323547203228
0.037064707595003 0.028679142260350
0.035111757055874 0.028040610079840
0.033209786751399 0.027402887906083
0.031359005254054 0.026761084060239
0.029559615522887 0.026111226192511
0.027811814881260 0.025450104640566
0.026115794995207 0.024775058090833
0.024471741852423 0.024083894645851
0.022879835741862 0.023374921726862
0.021340251233966 0.022646921866404
0.019853157161529 0.021899190043530
0.018418716601171 0.021131837448388
0.017037086855466 0.020346941384806
0.015708419435685 0.019547106786028
0.014432860045182 0.018734945284311
0.013210548563420 0.017913045835154
0.012041619030626 0.017084096102105
0.010926199633097 0.016251224135787
0.009864412689139 0.015417227592172
0.008856374635656 0.014583529903537
0.007902196015379 0.013749442569716
0.007001981464748 0.012913138339105
0.006155829702431 0.012073808810264
0.005363833518506 0.011230654529463
0.004626079764278 0.010383390197989
0.003942649342761 0.009534002974805
0.003313617199802 0.008686434711925
0.002739052315863 0.007846759283052
0.002219017698460 0.007021452281370
0.001753570375248 0.006211609178325
0.001342761387771 0.005415447531421
0.000986635785864 0.004631095567016
0.000685232622713 0.003857033155416
0.000438584950571 0.003091448350958
0.000246719817134 0.002331674961392
0.000109658262577 0.001570624439164
0.000027415317244 0.000794157508622
0.000000000000000 0.000000000000000
0.000027415317244 -0.000809235611972
0.000109658262577 -0.001630758824088
0.000246719817134 -0.002461815150568
0.000438584950571 -0.003299122608845
0.000685232622713 -0.004139251342442
0.000986635785864 -0.004978450868476
0.001342761387771 -0.005812511416871
0.001753570375248 -0.006636778508171
0.002219017698460 -0.007446187158710
0.002739052315863 -0.008234804017945
0.003313617199802 -0.008997676612294
0.003942649342761 -0.009732479539213
0.004626079764278 -0.010437252125722
0.005363833518506 -0.011111827386162
0.006155829702431 -0.011759518623406
0.007001981464748 -0.012391668673654
0.007902196015379 -0.013020995239046
0.008856374635656 -0.013653371024800
0.009864412689139 -0.014288749549972
0.010926199633097 -0.014921868402940
0.012041619030626 -0.015550872083349
0.013210548563420 -0.016175704578309
0.014432860045182 -0.016796561171735
0.015708419435684 -0.017414124076801
0.017037086855466 -0.018029785068897
0.018418716601171 -0.018645872582779
0.019853157161528 -0.019265399429561
0.021340251233966 -0.019890531244857
0.022879835741862 -0.020522620728126
0.024471741852423 -0.021160801417249
0.026115794995207 -0.021804071691064
0.027811814881259 -0.022451970877836
0.029559615522887 -0.023104155225757
0.031359005254054 -0.023760286099381
0.033209786751399 -0.024420170212265
0.035111757055874 -0.025083778465398
0.037064707595003 -0.025751316669326
0.039068424205750 -0.026423223474368
0.041122687158009 -0.027099556055630
0.043227271178699 -0.027780050797788
0.045381945476466 -0.028463784039528
0.047586473766990 -0.029149308000778
0.049840614298903 -0.029835280646437
0.052144119880293 -0.030520408513799
0.054496737905816 -0.031203264308977
0.056898210384393 -0.031882213969103
0.059348273967504 -0.032555832321898
0.061846659978068 -0.033223146152599
0.064393094439905 -0.033883512808401
0.066987298107781 -0.034537353897819
0.069628986498028 -0.035185486641515
0.072317869919747 -0.035828883838427
0.075053653506568 -0.036468701010617
0.077836037248992 -0.037105905699205
0.080664716027288 -0.037741005067412
0.083539379644950 -0.038374149777570
0.086459712862719 -0.039002897533024
0.089425395433148 -0.039623512478002
0.092436102135723 -0.040231726181211
0.095491502812526 -0.040822481495261
0.098591262404443 -0.041390670081927
0.101735040987902 -0.041935413217790
0.104922493812155 -0.042459225433946
0.108153271337080 -0.042965610984577
0.111427019271514 -0.043462493792963
0.114743378612105 -0.043959979756510
0.118101985682679 -0.044467274740656
0.121502472174122 -0.044987520084102
0.124944465184770 -0.045522404072250
0.128427587261303 -0.046071909659213
0.131951456440133 -0.046629775649123
0.135515686289294 -0.047187953962612
0.139119885950819 -0.047739092263028
0.142763660183598 -0.048280249177059
0.146446609406726 -0.048809538430114
0.150168329743317 -0.049325156871211
0.153928413064796 -0.049826299891816
0.157726447035656 -0.050312569175084
0.161562015158669 -0.050783794637066
0.165434696820571 -0.051243466879004
0.169344067338174 -0.051698415687747
0.173289698004947 -0.052155966572136
0.177271156138025 -0.052621401192665
0.181288005125655 -0.053094113800794
0.185339804475081 -0.053572493873602
0.189426109860845 -0.054054612446497
0.193546473173511 -0.054535308061058
0.197700442568812 -0.055006973853193
0.201887562517192 -0.055461633897793
0.206107373853763 -0.055892764224588
0.210359413828660 -0.056300916918884
0.214643216157784 -0.056688563899060
0.218958311073935 -0.057058302146408
0.223304225378328 -0.057412477191672
0.227680482492486 -0.057752741899841
0.232086602510501 -0.058080729758356
0.236522102251661 -0.058398149688504
0.240986495313435 -0.058706640811581
0.245479292124814 -0.059007657875871
0.250000000000000 -0.059302699415604
0.254548123192429 -0.059593316766551
0.259123162949142 -0.059880235360112
0.263724617565473 -0.060162601075162
0.268351982440069 -0.060439369508813
0.273004750130227 -0.060709471271978
0.277682410407536 -0.060971873581436
0.282384450313836 -0.061225712449139
0.287110354217464 -0.061470139974827
0.291859603869799 -0.061704290414583
0.296631678462100 -0.061927339946657
0.301426054682609 -0.062138819155999
0.306242206773948 -0.062338397774471
0.311079606590766 -0.062525748471632
0.315937723657661 -0.062700548267166
0.320816025227350 -0.062862589290484
0.325713976339092 -0.063011794434390
0.330631039877354 -0.063148100716324
0.335566676630708 -0.063271453520116
0.340520345350965 -0.063381796557530
0.345491502812526 -0.063479049693712
0.350479603871956 -0.063563128780513
0.355484101527764 -0.063633956462796
0.360504446980385 -0.063691462361494
0.365540089692367 -0.063735603446364
0.370590477448739 -0.063766375141350
0.375655056417572 -0.063783782214024
0.380733271210709 -0.063787836802482
0.385824564944672 -0.063778554086859
0.390928379301728 -0.063755909752663
0.396044154591120 -0.063719857070862
0.401171329810437 -0.063670354663768
0.406309342707137 -0.063607367169559
0.411457629840208 -0.063530843746665
0.416615626641949 -0.063440629065638
0.421782767479884 -0.063336539547978
0.426958485718794 -0.063218395115984
0.432142213782848 -0.063086020264858
0.437333383217848 -0.062939278633035
0.442531424753567 -0.062778137821671
0.447735768366173 -0.062602588508073
0.452945843340743 -0.062412626537437
0.458161078333842 -0.062208256035907
0.463380901436184 -0.061989557546371
0.468604740235343 -0.061756756705180
0.473832021878528 -0.061510097245596
0.479062173135400 -0.061249832523444
0.484294620460935 -0.060976219205859
0.489528790058321 -0.060689489691881
0.494764107941877 -0.060389835356152
0.500000000000000 -0.060077452774486
0.505235892058122 -0.059752542241304
0.510471209941678 -0.059415309806363
0.515705379539064 -0.059065981857280
0.520937826864600 -0.058704795673119
0.526167978121472 -0.058331998729203
0.531395259764656 -0.057947839068088
0.536619098563816 -0.057552560499393
0.541838921666157 -0.057146269740333
0.547054156659257 -0.056728982482645
0.552264231633827 -0.056300722181095
0.557468575246433 -0.055861514081118
0.562666616782152 -0.055411345972804
0.567857786217152 -0.054949924740851
0.573041514281206 -0.054476844985106
0.578217232520115 -0.053991713225756
0.583384373358051 -0.053494139222155
0.588542370159791 -0.052983877182325
0.593690657292862 -0.052461125648881
0.598828670189563 -0.051926180269076
0.603955845408879 -0.051379342191107
0.609071620698271 -0.050820917760985
0.614175435055328 -0.050251494065671
0.619266728789290 -0.049672065219046
0.624344943582427 -0.049083656654242
0.629409522551260 -0.048487282889882
0.634459910307633 -0.047883926206547
0.639495553019614 -0.047274373666150
0.644515898472235 -0.046659292230938
0.649520396128043 -0.046039338575809
0.654508497187474 -0.045415167315418
0.659479654649035 -0.044787341079418
0.664433323369291 -0.044156218218186
0.669368960122646 -0.043522127636950
0.674286023660907 -0.042885398527856
0.679183974772650 -0.042246351935804
0.684062276342339 -0.041605335488409
0.688920393409233 -0.040962689026387
0.693757793226051 -0.040318756570280
0.698573945317390 -0.039673872339794
0.703368321537900 -0.039028178531022
0.708140396130200 -0.038381613571517
0.712889645782536 -0.037734114349352
0.717615549686163 -0.037085622782168
0.722317589592464 -0.036436072954790
0.726995249869773 -0.035785386580509
0.731648017559930 -0.035133492273045
0.736275382434527 -0.034480321615090
0.740876837050857 -0.033825891325188
0.745451876807570 -0.033170388863294
0.750000000000000 -0.032514024539818
0.754520707875185 -0.031857008595061
0.759013504686565 -0.031199648937835
0.763477897748338 -0.030542422142066
0.767913397489498 -0.029885827316484
0.772319517507513 -0.029230339792499
0.776695774621672 -0.028576392037079
0.781041688926065 -0.027924352359407
0.785356783842216 -0.027274588084097
0.789640586171339 -0.026627457156334
0.793892626146236 -0.025983391242653
0.798112437482808 -0.025342842106706
0.802299557431187 -0.024706249930930
0.806453526826488 -0.024074075410440
0.810573890139155 -0.023446834131643
0.814660195524918 -0.022825035449604
0.818711994874345 -0.022209152878041
0.822728843861975 -0.021599633404567
0.826710301995052 -0.020996887522542
0.830655932661826 -0.020401305306774
0.834565303179429 -0.019813266023920
0.838437984841330 -0.019233137947594
0.842273552964344 -0.018661271157259
0.846071586935203 -0.018097950605552
0.849831670256683 -0.017543386701850
0.853553390593274 -0.016997768327751
0.857236339816401 -0.016461262034876
0.860880114049181 -0.015933999792340
0.864484313710706 -0.015416099252505
0.868048543559867 -0.014907666887443
0.871572412738697 -0.014408802622399
0.875055534815230 -0.013919597815270
0.878497527825878 -0.013440119040793
0.881898014317321 -0.012970432565854
0.885256621387894 -0.012510585570989
0.888572980728485 -0.012060614854220
0.891846728662920 -0.011620556855645
0.895077506187845 -0.011190420287614
0.898264959012098 -0.010770181582234
0.901408737595557 -0.010359811517717
0.904508497187474 -0.009959261940064
0.907563897864277 -0.009568477845412
0.910574604566852 -0.009187391585490
0.913540287137281 -0.008815937026728
0.916460620355049 -0.008454042633121
0.919335283972712 -0.008101629290128
0.922163962751007 -0.007758611854161
0.924946346493432 -0.007424898424974
0.927682130080253 -0.007100398189072
0.930371013501972 -0.006785013096544
0.933012701892219 -0.006478635753934
0.935606905560095 -0.006181162772324
0.938153340021932 -0.005892483836630
0.940651726032496 -0.005612483695844
0.943101789615607 -0.005341045462204
0.945503262094184 -0.005078051663761
0.947855880119706 -0.004823378125853
0.950159385701097 -0.004576901805987
0.952413526233010 -0.004338494021089
0.954618054523534 -0.004108028953268
0.956772728821300 -0.003885377492995
0.958877312841991 -0.003670405307599
0.960931575794250 -0.003462985761099
0.962935292404997 -0.003262984684051
0.964888242944126 -0.003070269586593
0.966790213248601 -0.002884708078100
0.968640994745946 -0.002706168631696
0.970440384477113 -0.002534518578165
0.972188185118740 -0.002369627230594
0.973884205004793 -0.002211364599577
0.975528258147577 -0.002059602164584
0.977120164258138 -0.001914212790181
0.978659748766034 -0.001775070236803
0.980146842838471 -0.001642050426673
0.981581283398829 -0.001515033719725
0.982962913144534 -0.001393898387494
0.984291580564316 -0.001278531249443
0.985567139954818 -0.001168813808944
0.986789451436580 -0.001064639397835
0.987958380969374 -0.000965898872995
0.989073800366903 -0.000872487914817
0.990135587310861 -0.000784307318978
0.991143625364344 -0.000701258515350
0.992097803984621 -0.000623249315719
0.992998018535252 -0.000550190433241
0.993844170297569 -0.000481999067692
0.994636166481494 -0.000418593379393
0.995373920235722 -0.000359898285201
0.996057350657239 -0.000305841714601
0.996686382800198 -0.000256359580176
0.997260947684137 -0.000211388289635
0.997780982301540 -0.000170872272968
0.998246429624752 -0.000134761173066
0.998657238612229 -0.000103008232014
0.999013364214136 -0.000075571712674
0.999314767377287 -0.000052417859039
0.999561415049429 -0.000033514083820
0.999753280182866 -0.000018837058639
0.999890341737423 -0.000008367314914
0.999972584682756 -0.000002091083482
1.000000000000000 0.000000000000000
