1.000000000000000 0.000000000000000
0.999972584682756 -0.000001803670071
0.999890341737423 -0.000007201254996
0.999753280182866 -0.000016156102399
0.999561415049429 -0.000028606119272
0.999314767377287 -0.000044465229873
0.999013364214136 -0.000063621454557
0.998657238612229 -0.000085940916467
0.998246429624752 -0.000111266137886
0.997780982301540 -0.000139418992406
0.997260947684137 -0.000170198199435
0.996686382800198 -0.000203383551401
0.996057350657239 -0.000238732760109
0.995373920235722 -0.000275988824320
0.994636166481494 -0.000314875127330
0.993844170297569 -0.000355102629918
0.992998018535252 -0.000396363791330
0.992097803984621 -0.000438341576278
0.991143625364344 -0.000480708076926
0.990135587310861 -0.000523124682989
0.989073800366903 -0.000565245572944
0.987958380969374 -0.000606719481542
0.986789451436580 -0.000647192731579
0.985567139954818 -0.000686307418342
0.984291580564316 -0.000723702678203
0.982962913144534 -0.000759011573717
0.981581283398829 -0.000791869587731
0.980146842838472 -0.000821915989369
0.978659748766034 -0.000848795369005
0.977120164258138 -0.000872160382726
0.975528258147577 -0.000891674158925
0.973884205004793 -0.000907011814997
0.972188185118741 -0.000917862529466
0.970440384477113 -0.000923932578274
0.968640994745946 -0.000924949943444
0.966790213248601 -0.000920635396529
0.964888242944126 -0.000910692331478
0.962935292404997 -0.000894832032120
0.960931575794250 -0.000872779918061
0.958877312841991 -0.000844279662775
0.956772728821300 -0.000809095628779
0.954618054523534 -0.000767013077957
0.952413526233010 -0.000717837931501
0.950159385701097 -0.000661400403483
0.947855880119706 -0.000597566707353
0.945503262094184 -0.000526229933477
0.943101789615607 -0.000447257635127
0.940651726032496 -0.000360513372932
0.938153340021932 -0.000265842527271
0.935606905560095 -0.000163095813810
0.933012701892219 -0.000052155791581
0.930371013501972 0.000067072331745
0.927682130080253 0.000194664335324
0.924946346493432 0.000330673262777
0.922163962751008 0.000475115785127
0.919335283972712 0.000627978919832
0.916460620355050 0.000789247919575
0.913540287137281 0.000958925399840
0.910574604566852 0.001137031402863
0.907563897864277 0.001323677111078
0.904508497187474 0.001518976458378
0.901408737595557 0.001723019542005
0.898264959012098 0.001935873287343
0.895077506187845 0.002157593033955
0.891846728662920 0.002388227156315
0.888572980728485 0.002627809519197
0.885256621387895 0.002876356662951
0.881898014317321 0.003133870181612
0.878497527825878 0.003400347704805
0.875055534815230 0.003675828154341
0.871572412738697 0.003960348258050
0.868048543559867 0.004253936821578
0.864484313710706 0.004556612784657
0.860880114049181 0.004868389480836
0.857236339816402 0.005189262626484
0.853553390593274 0.005519214389456
0.849831670256683 0.005858215819356
0.846071586935203 0.006206235973483
0.842273552964344 0.006563234864213
0.838437984841330 0.006929168101837
0.834565303179429 0.007304010156555
0.830655932661826 0.007687766568261
0.826710301995053 0.008080437740820
0.822728843861975 0.008482016299325
0.818711994874345 0.008892475637436
0.814660195524919 0.009311786428012
0.810573890139155 0.009739911772341
0.806453526826488 0.010176801728105
0.802299557431188 0.010622400397822
0.798112437482808 0.011076648684799
0.793892626146237 0.011539486129544
0.789640586171339 0.012010869805635
0.785356783842216 0.012490742840176
0.781041688926065 0.012979046028880
0.776695774621672 0.013475712743968
0.772319517507513 0.013980668015104
0.767913397489498 0.014493832350082
0.763477897748339 0.015015118167104
0.759013504686565 0.015544430177027
0.754520707875186 0.016081673078643
0.750000000000000 0.016626739285068
0.745451876807570 0.017179528177606
0.740876837050858 0.017739954409708
0.736275382434527 0.018307926037885
0.731648017559931 0.018883348262064
0.726995249869773 0.019466118540099
0.722317589592464 0.020056130944091
0.717615549686164 0.020653276890220
0.712889645782536 0.021257440224285
0.708140396130201 0.021868489787319
0.703368321537900 0.022486278097634
0.698573945317390 0.023110646991671
0.693757793226052 0.023741439846896
0.688920393409234 0.024378478679456
0.684062276342339 0.025021565782373
0.679183974772650 0.025670493508776
0.674286023660908 0.026325050894695
0.669368960122646 0.026985020363827
0.664433323369292 0.027650184950006
0.659479654649035 0.028320321814322
0.654508497187474 0.028995205594806
0.649520396128043 0.029674609270014
0.644515898472236 0.030358303883093
0.639495553019615 0.031046079591204
0.634459910307633 0.031737713276073
0.629409522551260 0.032432978094338
0.624344943582428 0.033131656150766
0.619266728789291 0.033833523400700
0.614175435055328 0.034538357417296
0.609071620698271 0.035245940386414
0.603955845408880 0.035956042512421
0.598828670189563 0.036668365536141
0.593690657292862 0.037382534773675
0.588542370159792 0.038098161782437
0.583384373358051 0.038814851957946
0.578217232520115 0.039532212081470
0.573041514281206 0.040249862842843
0.567857786217152 0.040967429223486
0.562666616782152 0.041684528335170
0.557468575246433 0.042400781732877
0.552264231633827 0.043115757414254
0.547054156659257 0.043828804052102
0.541838921666158 0.044539209897717
0.536619098563816 0.045246265270397
0.531395259764657 0.045949256344652
0.526167978121472 0.046647435024691
0.520937826864600 0.047339971473812
0.515705379539064 0.048026025005646
0.510471209941678 0.048704758463608
0.505235892058123 0.049375336827029
0.500000000000000 0.050037018912244
0.494764107941877 0.050689201254668
0.489528790058322 0.051331282849671
0.484294620460936 0.051962682668880
0.479062173135400 0.052582815168305
0.473832021878528 0.053191135157052
0.468604740235343 0.053787119423325
0.463380901436184 0.054370255913137
0.458161078333842 0.054940041498796
0.452945843340743 0.055495984237449
0.447735768366173 0.056037643187678
0.442531424753567 0.056564608609464
0.437333383217848 0.057076485179247
0.432142213782848 0.057572881000199
0.426958485718794 0.058053424671417
0.421782767479885 0.058517764122451
0.416615626641949 0.058965563844092
0.411457629840209 0.059396503805160
0.406309342707138 0.059810270676497
0.401171329810437 0.060206567410886
0.396044154591120 0.060585117494539
0.390928379301729 0.060945659723232
0.385824564944672 0.061287942836073
0.380733271210710 0.061611727744309
0.375655056417573 0.061916788881938
0.370590477448740 0.062202912505153
0.365540089692367 0.062469898501912
0.360504446980385 0.062717557508610
0.355484101527764 0.062945716912653
0.350479603871957 0.063154244271248
0.345491502812526 0.063343039136530
0.340520345350965 0.063512014265708
0.335566676630708 0.063661093781413
0.330631039877354 0.063790215195140
0.325713976339092 0.063899328335751
0.320816025227350 0.063988396198152
0.315937723657661 0.064057393961658
0.311079606590766 0.064106311050011
0.306242206773949 0.064135173551387
0.301426054682610 0.064144041606540
0.296631678462100 0.064132987148823
0.291859603869799 0.064102093700821
0.287110354217464 0.064051448300904
0.282384450313836 0.063981129925161
0.277682410407536 0.063891227043115
0.273004750130227 0.063781838988233
0.268351982440069 0.063653107133278
0.263724617565473 0.063505346089914
0.259123162949143 0.063338938364999
0.254548123192430 0.063154268442001
0.250000000000000 0.062951733774148
0.245479292124815 0.062731814351303
0.240986495313435 0.062495030483212
0.236522102251661 0.062241906140109
0.232086602510502 0.061972955897020
0.227680482492487 0.061688601179239
0.223304225378328 0.061389208712744
0.218958311073935 0.061075152120285
0.214643216157784 0.060746795141882
0.210359413828661 0.060404409501486
0.206107373853763 0.060048225873313
0.201887562517192 0.059678486728607
0.197700442568813 0.059295452153716
0.193546473173512 0.058899411235373
0.189426109860845 0.058490662311645
0.185339804475081 0.058069520307127
0.181288005125655 0.057636205952242
0.177271156138025 0.057190811353832
0.173289698004947 0.056733439022584
0.169344067338174 0.056264207818293
0.165434696820571 0.055783265618399
0.161562015158670 0.055290781043657
0.157726447035656 0.054786944344228
0.153928413064797 0.054271942052360
0.150168329743317 0.053745956181551
0.146446609406726 0.053209185904565
0.142763660183598 0.052661827961111
0.139119885950819 0.052104019467249
0.135515686289294 0.051535909945833
0.131951456440133 0.050957686996499
0.128427587261303 0.050369589079409
0.124944465184770 0.049771885281224
0.121502472174122 0.049164852666772
0.118101985682679 0.048548699127949
0.114743378612105 0.047923644150006
0.111427019271515 0.047289875052128
0.108153271337080 0.046647449992498
0.104922493812155 0.045996416510947
0.101735040987902 0.045336871091525
0.098591262404443 0.044668986469881
0.095491502812526 0.043992973144054
0.092436102135723 0.043309078142590
0.089425395433148 0.042617581514252
0.086459712862719 0.041918759764808
0.083539379644950 0.041212722740352
0.080664716027288 0.040499519852424
0.077836037248993 0.039779261233151
0.075053653506568 0.039052122473378
0.072317869919747 0.038318315319842
0.069628986498028 0.037578156061925
0.066987298107781 0.036832006168980
0.064393094439905 0.036080228661783
0.061846659978068 0.035323171142556
0.059348273967504 0.034561082822943
0.056898210384393 0.033793863788239
0.054496737905816 0.033021443569130
0.052144119880294 0.032243909170253
0.049840614298903 0.031461447049913
0.047586473766990 0.030674308815477
0.045381945476466 0.029882819923259
0.043227271178700 0.029087420466012
0.041122687158010 0.028288654363081
0.039068424205750 0.027486728554643
0.037064707595003 0.026681726743671
0.035111757055874 0.025873836418935
0.033209786751399 0.025063378806031
0.031359005254054 0.024250896831890
0.029559615522887 0.023437057563807
0.027811814881260 0.022622669389817
0.026115794995207 0.021808707347703
0.024471741852423 0.020996415117253
0.022879835741862 0.020186185774563
0.021340251233966 0.019377289621402
0.019853157161529 0.018568979196205
0.018418716601171 0.017760625133493
0.017037086855466 0.016951901296917
0.015708419435685 0.016142696342022
0.014432860045182 0.015333090378074
0.013210548563420 0.014523394145215
0.012041619030626 0.013714118390426
0.010926199633097 0.012905975868552
0.009864412689139 0.012100109801309
0.008856374635656 0.011298369933779
0.007902196015379 0.010503553581369
0.007001981464748 0.009719218049746
0.006155829702431 0.008949608265920
0.005363833518506 0.008199348434464
0.004626079764278 0.007473339501290
0.003942649342761 0.006777308025105
0.003313617199802 0.006114799063180
0.002739052315863 0.005484332644641
0.002219017698460 0.004878260342454
0.001753570375248 0.004291319832940
0.001342761387771 0.003720188221292
0.000986635785864 0.003162194703803
0.000685232622713 0.002615371334432
0.000438584950571 0.002078254874995
0.000246719817134 0.001549544007390
0.000109658262577 0.001028252439998
0.000027415317244 0.000513442480043
0.000000000000000 0.000000000000000
0.000027415317244 -0.000528627537767
0.000109658262577 -0.001073912776551
0.000246719817134 -0.001633839863824
0.000438584950571 -0.002206800062676
0.000685232622713 -0.002790495869811
0.000986635785864 -0.003382348367735
0.001342761387771 -0.003979178724130
0.001753570375248 -0.004577006428882
0.002219017698460 -0.005170872114673
0.002739052315863 -0.005754579969229
0.003313617199802 -0.006322921805260
0.003942649342761 -0.006872591459434
0.004626079764278 -0.007402132679606
0.005363833518506 -0.007911529974466
0.006155829702431 -0.008402133842309
0.007001981464748 -0.008876702374585
0.007902196015379 -0.009339223000953
0.008856374635656 -0.009795466545670
0.009864412689139 -0.010254114293150
0.010926199633097 -0.010723894208966
0.012041619030626 -0.011211327612227
0.013210548563420 -0.011716000249474
0.014432860045182 -0.012234855062290
0.015708419435684 -0.012765958278912
0.017037086855466 -0.013306856045279
0.018418716601171 -0.013854584206049
0.019853157161528 -0.014406024334876
0.021340251233966 -0.014957684593163
0.022879835741862 -0.015505681434088
0.024471741852423 -0.016046485532998
0.026115794995207 -0.016577405524870
0.027811814881259 -0.017098076730409
0.029559615522887 -0.017608637929791
0.031359005254054 -0.018109230434898
0.033209786751399 -0.018600322206188
0.035111757055874 -0.019082703723513
0.037064707595003 -0.019557425506132
0.039068424205750 -0.020025837797450
0.041122687158009 -0.020489825389996
0.043227271178699 -0.020951323189514
0.045381945476466 -0.021410551781721
0.047586473766990 -0.021867135468303
0.049840614298903 -0.022320456183376
0.052144119880293 -0.022769845156208
0.054496737905816 -0.023214739349408
0.056898210384393 -0.023654632728655
0.059348273967504 -0.024089037739822
0.061846659978068 -0.024517491016009
0.064393094439905 -0.024939587133722
0.066987298107781 -0.025354984325066
0.069628986498028 -0.025763431516540
0.072317869919747 -0.026164797794978
0.075053653506568 -0.026559003771419
0.077836037248992 -0.026946029289395
0.080664716027288 -0.027325907660129
0.083539379644950 -0.027698745507721
0.086459712862719 -0.028064723172961
0.089425395433148 -0.028424066382077
0.092436102135723 -0.028777065470320
0.095491502812526 -0.029124011260051
0.098591262404443 -0.029464869045125
0.101735040987902 -0.029799500059961
0.104922493812155 -0.030127794232698
0.108153271337080 -0.030449683040461
0.111427019271514 -0.030765126650137
0.114743378612105 -0.031074135690001
0.118101985682679 -0.031376759699017
0.121502472174122 -0.031673080718093
0.124944465184770 -0.031963122684969
0.128427587261303 -0.032246899765853
0.131951456440133 -0.032524429603338
0.135515686289294 -0.032795642160314
0.139119885950819 -0.033060438789034
0.142763660183598 -0.033318739639157
0.146446609406726 -0.033570508383932
0.150168329743317 -0.033815739109100
0.153928413064796 -0.034054444321434
0.157726447035656 -0.034286638869509
0.161562015158669 -0.034512344080955
0.165434696820571 -0.034731601323607
0.169344067338174 -0.034944436641844
0.173289698004947 -0.035150853566864
0.177271156138025 -0.035350872195689
0.181288005125655 -0.035544530556451
0.185339804475081 -0.035731904310796
0.189426109860845 -0.035913085561826
0.193546473173511 -0.036088185294051
0.197700442568812 -0.036257287664573
0.201887562517192 -0.036420464294055
0.206107373853763 -0.036577798877346
0.210359413828660 -0.036729368321733
0.214643216157784 -0.036875173959273
0.218958311073935 -0.037015207470851
0.223304225378328 -0.037149466864394
0.227680482492486 -0.037277971584648
0.232086602510501 -0.037400771107630
0.236522102251661 -0.037517927288235
0.240986495313435 -0.037629510566520
0.245479292124814 -0.037735561956738
0.250000000000000 -0.037836078072549
0.254548123192429 -0.037931059636084
0.259123162949142 -0.038020513043255
0.263724617565473 -0.038104438354326
0.268351982440069 -0.038182826354647
0.273004750130227 -0.038255673229225
0.277682410407536 -0.038322978950137
0.282384450313836 -0.038384757168736
0.287110354217464 -0.038441036753961
0.291859603869799 -0.038491854382847
0.296631678462100 -0.038537251605877
0.301426054682609 -0.038577282366003
0.306242206773948 -0.038612024409950
0.311079606590766 -0.038641565441416
0.315937723657661 -0.038665999607269
0.320816025227350 -0.038685426505615
0.325713976339092 -0.038699945692584
0.330631039877354 -0.038709659572593
0.335566676630708 -0.038714675997179
0.340520345350965 -0.038715107975864
0.345491502812526 -0.038711024414437
0.350479603871956 -0.038702410526145
0.355484101527764 -0.038689244979409
0.360504446980385 -0.038671508782783
0.365540089692367 -0.038649185012345
0.370590477448739 -0.038622259180534
0.375655056417572 -0.038590719113846
0.380733271210709 -0.038554554674473
0.385824564944672 -0.038513758517349
0.390928379301728 -0.038468337295910
0.396044154591120 -0.038418337994958
0.401171329810437 -0.038363817344228
0.406309342707137 -0.038304835006451
0.411457629840208 -0.038241453728741
0.416615626641949 -0.038173746217321
0.421782767479884 -0.038101799150368
0.426958485718794 -0.038025701482686
0.432142213782848 -0.037945546058990
0.437333383217848 -0.037861424711396
0.442531424753567 -0.037773388821989
0.447735768366173 -0.037681460906700
0.452945843340743 -0.037585664506913
0.458161078333842 -0.037486024549468
0.463380901436184 -0.037382566470394
0.468604740235343 -0.037275301215537
0.473832021878528 -0.037164236286423
0.479062173135400 -0.037049379016268
0.484294620460935 -0.036930739263884
0.489528790058321 -0.036808332693756
0.494764107941877 -0.036682190456396
0.500000000000000 -0.036552351649668
0.505235892058122 -0.036418854290677
0.510471209941678 -0.036281740561564
0.515705379539064 -0.036141056158120
0.520937826864600 -0.035996856423744
0.526167978121472 -0.035849201174071
0.531395259764656 -0.035698150402660
0.536619098563816 -0.035543765263900
0.541838921666157 -0.035386096983554
0.547054156659257 -0.035225175532545
0.552264231633827 -0.035061030622680
0.557468575246433 -0.034893693827859
0.562666616782152 -0.034723197290318
0.567857786217152 -0.034549563786676
0.573041514281206 -0.034372808406590
0.578217232520115 -0.034192946077576
0.583384373358051 -0.034009993373733
0.588542370159791 -0.033823970088323
0.593690657292862 -0.033634902182597
0.598828670189563 -0.033442821289510
0.603955845408879 -0.033247760253931
0.609071620698271 -0.033049753107686
0.614175435055328 -0.032848836988168
0.619266728789290 -0.032645053714728
0.624344943582427 -0.032438446565997
0.629409522551260 -0.032229061371438
0.634459910307633 -0.032016945042319
0.639495553019614 -0.031802141824675
0.644515898472235 -0.031584695525818
0.649520396128043 -0.031364649635726
0.654508497187474 -0.031142050385457
0.659479654649035 -0.030916943393155
0.664433323369291 -0.030689366991961
0.669368960122646 -0.030459359232423
0.674286023660907 -0.030226959836428
0.679183974772650 -0.029992208358396
0.684062276342339 -0.029755149258009
0.688920393409233 -0.029515828180314
0.693757793226051 -0.029274289747737
0.698573945317390 -0.029030584117937
0.703368321537900 -0.028784751875065
0.708140396130200 -0.028536814495710
0.712889645782536 -0.028286791760256
0.717615549686163 -0.028034706359487
0.722317589592464 -0.027780583747226
0.726995249869773 -0.027524449638540
0.731648017559930 -0.027266333512677
0.736275382434527 -0.027006267099997
0.740876837050857 -0.026744285984427
0.745451876807570 -0.026480438010015
0.750000000000000 -0.026214776359341
0.754520707875185 -0.025947356213211
0.759013504686565 -0.025678235860943
0.763477897748338 -0.025407481874787
0.767913397489498 -0.025135162632217
0.772319517507513 -0.024861350157059
0.776695774621672 -0.024586117877667
0.781041688926065 -0.024309541388447
0.785356783842216 -0.024031698458408
0.789640586171339 -0.023752667473448
0.793892626146236 -0.023472478139725
0.798112437482808 -0.023191097620744
0.802299557431187 -0.022908498152083
0.806453526826488 -0.022624655884378
0.810573890139155 -0.022339553323108
0.814660195524918 -0.022053178161582
0.818711994874345 -0.021765524680983
0.822728843861975 -0.021476593300464
0.826710301995052 -0.021186395617801
0.830655932661826 -0.020894948435430
0.834565303179429 -0.020602285322366
0.838437984841330 -0.020308476665702
0.842273552964344 -0.020013599781525
0.846071586935203 -0.019717737197750
0.849831670256683 -0.019420970257412
0.853553390593274 -0.019123382489347
0.857236339816401 -0.018825064751880
0.860880114049181 -0.018526123544672
0.864484313710706 -0.018226675011565
0.868048543559867 -0.017926819535625
0.871572412738697 -0.017626555174118
0.875055534815230 -0.017325858981838
0.878497527825878 -0.017024709628403
0.881898014317321 -0.016723070818285
0.885256621387894 -0.016420915406898
0.888572980728485 -0.016118236217635
0.891846728662920 -0.015815047339138
0.895077506187845 -0.015511372960945
0.898264959012098 -0.015207251188090
0.901408737595557 -0.014902726103868
0.904508497187474 -0.014597829099886
0.907563897864277 -0.014292529189076
0.910574604566852 -0.013986799873517
0.913540287137281 -0.013680644596209
0.916460620355049 -0.013374095703560
0.919335283972712 -0.013067187551158
0.922163962751007 -0.012759964061859
0.924946346493432 -0.012452498870941
0.927682130080253 -0.012144951169848
0.930371013501972 -0.011837443383610
0.933012701892219 -0.011529639499955
0.935606905560095 -0.011221042948030
0.938153340021932 -0.010911134234857
0.940651726032496 -0.010599416188385
0.943101789615607 -0.010285515874972
0.945503262094184 -0.009969162770417
0.947855880119706 -0.009650171117227
0.950159385701097 -0.009328426217501
0.952413526233010 -0.009003884862139
0.954618054523534 -0.008676584575778
0.956772728821300 -0.008346784172651
0.958877312841991 -0.008014875954847
0.960931575794250 -0.007681299471724
0.962935292404997 -0.007346535983326
0.964888242944126 -0.007011066789035
0.966790213248601 -0.006675406265435
0.968640994745946 -0.006340088028928
0.970440384477113 -0.006005644213920
0.972188185118740 -0.005672640102741
0.973884205004793 -0.005341740983768
0.975528258147577 -0.005014097488594
0.977120164258138 -0.004691204608435
0.978659748766034 -0.004374364657503
0.980146842838471 -0.004064722034320
0.981581283398829 -0.003763282760061
0.982962913144534 -0.003470905776458
0.984291580564316 -0.003188333823109
0.985567139954818 -0.002916185028374
0.986789451436580 -0.002654956589461
0.987958380969374 -0.002405107941873
0.989073800366903 -0.002167177879400
0.990135587310861 -0.001941744597689
0.991143625364344 -0.001729214733760
0.992097803984621 -0.001529831064620
0.992998018535252 -0.001343698893301
0.993844170297569 -0.001170815906719
0.994636166481494 -0.001011069683393
0.995373920235722 -0.000864277074246
0.996057350657239 -0.000730197692778
0.996686382800198 -0.000608539972375
0.997260947684137 -0.000498982127656
0.997780982301540 -0.000401188328833
0.998246429624752 -0.000314813222549
0.998657238612229 -0.000239522884257
0.999013364214136 -0.000174995151242
0.999314767377287 -0.000120938338722
0.999561415049429 -0.000077090182286
0.999753280182866 -0.000043224353125
0.999890341737423 -0.000019167696551
0.999972584682756 -0.000004785328960
1.000000000000000 0.000000000000000
