1.000000000000000 0.000000000000000
0.999972584682756 0.000004349390721
0.999890341737423 0.000017421464115
0.999753280182866 0.000039279105617
0.999561415049429 0.000070026239413
0.999314767377287 0.000109806494317
0.999013364214136 0.000158798402438
0.998657238612229 0.000217224706311
0.998246429624752 0.000285334899208
0.997780982301540 0.000363404509073
0.997260947684137 0.000451737048585
0.996686382800198 0.000550662785431
0.996057350657239 0.000660515216673
0.995373920235722 0.000781643835023
0.994636166481494 0.000914401996112
0.993844170297569 0.001059140347643
0.992998018535252 0.001216193038301
0.992097803984621 0.001385879822808
0.991143625364344 0.001568488089814
0.990135587310861 0.001764277137079
0.989073800366903 0.001973449717218
0.987958380969374 0.002196163641996
0.986789451436580 0.002432495619730
0.985567139954818 0.002682479324207
0.984291580564316 0.002946165029199
0.982962913144534 0.003223624923735
0.981581283398829 0.003514869250571
0.980146842838472 0.003819851313357
0.978659748766034 0.004138452929953
0.977120164258138 0.004470478516088
0.975528258147577 0.004815648801465
0.973884205004793 0.005173607352547
0.972188185118741 0.005543864391748
0.970440384477113 0.005925865372359
0.968640994745946 0.006319087385491
0.966790213248601 0.006723158488948
0.964888242944126 0.007137842275241
0.962935292404997 0.007562820561251
0.960931575794250 0.007997727537953
0.958877312841991 0.008442165122414
0.956772728821300 0.008895704775644
0.954618054523534 0.009357869735989
0.952413526233010 0.009828108030424
0.950159385701097 0.010305831315011
0.947855880119706 0.010790552549518
0.945503262094184 0.011281859034209
0.943101789615607 0.011779563262279
0.940651726032496 0.012283510197455
0.938153340021932 0.012793507625612
0.935606905560095 0.013309383110957
0.933012701892219 0.013830970488556
0.930371013501972 0.014358121022710
0.927682130080253 0.014890685667827
0.924946346493432 0.015428528064476
0.922163962751008 0.015971543192701
0.919335283972712 0.016519645064633
0.916460620355050 0.017072796823842
0.913540287137281 0.017630982933828
0.910574604566852 0.018194203686985
0.907563897864277 0.018762484287169
0.904508497187474 0.019335861741302
0.901408737595557 0.019914401940385
0.898264959012098 0.020498200141536
0.895077506187845 0.021087344830810
0.891846728662920 0.021681937001813
0.888572980728485 0.022282066754097
0.885256621387895 0.022887737358920
0.881898014317321 0.023498933969699
0.878497527825878 0.024115665768418
0.875055534815230 0.024737945079199
0.871572412738697 0.025365810211426
0.868048543559867 0.025999317546851
0.864484313710706 0.026638550957623
0.860880114049181 0.027283595190349
0.857236339816402 0.027934438991518
0.853553390593274 0.028591029873705
0.849831670256683 0.029253310029955
0.846071586935203 0.029921129431752
0.842273552964344 0.030594304801500
0.838437984841330 0.031272650206779
0.834565303179429 0.031955987866057
0.830655932661826 0.032644139888436
0.826710301995053 0.033336926516375
0.822728843861975 0.034034184034249
0.818711994874345 0.034735754148156
0.814660195524919 0.035441478051734
0.810573890139155 0.036151226315980
0.806453526826488 0.036864899479324
0.802299557431188 0.037582411495411
0.798112437482808 0.038303681782486
0.793892626146237 0.039028620065982
0.789640586171339 0.039757154036025
0.785356783842216 0.040489198276079
0.781041688926065 0.041224661570834
0.776695774621672 0.041963411811573
0.772319517507513 0.042705309470926
0.767913397489498 0.043450219746213
0.763477897748339 0.044197973273443
0.759013504686565 0.044948369745741
0.754520707875186 0.045701211794893
0.750000000000000 0.046456294639258
0.745451876807570 0.047213421650678
0.740876837050858 0.047972392891251
0.736275382434527 0.048733013042520
0.731648017559931 0.049495085149329
0.726995249869773 0.050258436424134
0.722317589592464 0.051022904706669
0.717615549686164 0.051788336933075
0.712889645782536 0.052554569574680
0.708140396130201 0.053321459125586
0.703368321537900 0.054088875376728
0.698573945317390 0.054856680642760
0.693757793226052 0.055624742610557
0.688920393409234 0.056392879224462
0.684062276342339 0.057160834071062
0.679183974772650 0.057928353791720
0.674286023660908 0.058695183356400
0.669368960122646 0.059461042301648
0.664433323369292 0.060225605520977
0.659479654649035 0.060988533064451
0.654508497187474 0.061749482476712
0.649520396128043 0.062508107421470
0.644515898472236 0.063264080018737
0.639495553019615 0.064017076045551
0.634459910307633 0.064766773130311
0.629409522551260 0.065512847999914
0.624344943582428 0.066254987097597
0.619266728789291 0.066992923552932
0.614175435055328 0.067726396662838
0.609071620698271 0.068455143979855
0.603955845408880 0.069178907022879
0.598828670189563 0.069897350152296
0.593690657292862 0.070610051798463
0.588542370159792 0.071316574843644
0.583384373358051 0.072016495910225
0.578217232520115 0.072709360639892
0.573041514281206 0.073394532645952
0.567857786217152 0.074071253047113
0.562666616782152 0.074738762729167
0.557468575246433 0.075396306652964
0.552264231633827 0.076043144269747
0.547054156659257 0.076678661154687
0.541838921666158 0.077302282062912
0.536619098563816 0.077913436824123
0.531395259764657 0.078511560670988
0.526167978121472 0.079096120543056
0.520937826864600 0.079666702089174
0.515705379539064 0.080222913642119
0.510471209941678 0.080764374067164
0.505235892058123 0.081290706063802
0.500000000000000 0.081801535359698
0.494764107941877 0.082296486481863
0.489528790058322 0.082775184082559
0.484294620460936 0.083237265457004
0.479062173135400 0.083682373569125
0.473832021878528 0.084110161906318
0.468604740235343 0.084520302372509
0.463380901436184 0.084912471971487
0.458161078333842 0.085286361567533
0.452945843340743 0.085641667484283
0.447735768366173 0.085978110524950
0.442531424753567 0.086295441855097
0.437333383217848 0.086593421652754
0.432142213782848 0.086871822634231
0.426958485718794 0.087130426888927
0.421782767479885 0.087369031192934
0.416615626641949 0.087587449959797
0.411457629840209 0.087785507232193
0.406309342707138 0.087963038725273
0.401171329810437 0.088119892101449
0.396044154591120 0.088255955576327
0.390928379301729 0.088371151687452
0.385824564944672 0.088465414754486
0.380733271210710 0.088538688738218
0.375655056417573 0.088590929343584
0.370590477448740 0.088622113157771
0.365540089692367 0.088632231898719
0.360504446980385 0.088621287689280
0.355484101527764 0.088589292916572
0.350479603871957 0.088536269087924
0.345491502812526 0.088462241405056
0.340520345350965 0.088367245704952
0.335566676630708 0.088251326999074
0.330631039877354 0.088114541950995
0.325713976339092 0.087956949693828
0.320816025227350 0.087778608839053
0.315937723657661 0.087579589641369
0.311079606590766 0.087359973646011
0.306242206773949 0.087119883737900
0.301426054682610 0.086859671466728
0.296631678462100 0.086579778261351
0.291859603869799 0.086280650657642
0.287110354217464 0.085962739725362
0.282384450313836 0.085626517653092
0.277682410407536 0.085272493510067
0.273004750130227 0.084901178121352
0.268351982440069 0.084513081402649
0.263724617565473 0.084108660133093
0.259123162949143 0.083688187536697
0.254548123192430 0.083251904239141
0.250000000000000 0.082800061104970
0.245479292124815 0.082332912880954
0.240986495313435 0.081850716914003
0.236522102251661 0.081353730866092
0.232086602510502 0.080842223154260
0.227680482492487 0.080316462864166
0.223304225378328 0.079776640532514
0.218958311073935 0.079222915799332
0.214643216157784 0.078655465862703
0.210359413828661 0.078074469203278
0.206107373853763 0.077480072451362
0.201887562517192 0.076872408399881
0.197700442568813 0.076251627253581
0.193546473173512 0.075617901282871
0.189426109860845 0.074971424102428
0.185339804475081 0.074312408899001
0.181288005125655 0.073641079744208
0.177271156138025 0.072957660732303
0.173289698004947 0.072262368317576
0.169344067338174 0.071555417485435
0.165434696820571 0.070837056497680
0.161562015158670 0.070107576926425
0.157726447035656 0.069367297240333
0.153928413064797 0.068616553949072
0.150168329743317 0.067855605683920
0.146446609406726 0.067084587339755
0.142763660183598 0.066303640743540
0.139119885950819 0.065512922521905
0.135515686289294 0.064712514535315
0.131951456440133 0.063902512685755
0.128427587261303 0.063083049548357
0.124944465184770 0.062254326490546
0.121502472174122 0.061416585189054
0.118101985682679 0.060570094204293
0.114743378612105 0.059715004963383
0.111427019271515 0.058851457972710
0.108153271337080 0.057979615811767
0.104922493812155 0.057099644207597
0.101735040987902 0.056211717660470
0.098591262404443 0.055316058298460
0.095491502812526 0.054412985068451
0.092436102135723 0.053502845327913
0.089425395433148 0.052585967329093
0.086459712862719 0.051662559714358
0.083539379644950 0.050732844549987
0.080664716027288 0.049796999250729
0.077836037248993 0.048855159060795
0.075053653506568 0.047907519598906
0.072317869919747 0.046954362190363
0.069628986498028 0.045996016976040
0.066987298107781 0.045032921667020
0.064393094439905 0.044065559008874
0.061846659978068 0.043094331329669
0.059348273967504 0.042119238089389
0.056898210384393 0.041140261270503
0.054496737905816 0.040157441971103
0.052144119880294 0.039170877444875
0.049840614298903 0.038180767564344
0.047586473766990 0.037187394401200
0.045381945476466 0.036191172988841
0.043227271178700 0.035192636532993
0.041122687158010 0.034192232390423
0.039068424205750 0.033190234232608
0.037064707595003 0.032186979987036
0.035111757055874 0.031182819686823
0.033209786751399 0.030178275343136
0.031359005254054 0.029174045838295
0.029559615522887 0.028170956437518
0.027811814881260 0.027169916179147
0.026115794995207 0.026172085238098
0.024471741852423 0.025178661695493
0.022879835741862 0.024189228281292
0.021340251233966 0.023202724715729
0.019853157161529 0.022218146826653
0.018418716601171 0.021234764781528
0.017037086855466 0.020252132199833
0.015708419435685 0.019270051183722
0.014432860045182 0.018288565096973
0.013210548563420 0.017307863659785
0.012041619030626 0.016328622485585
0.010926199633097 0.015352291862117
0.009864412689139 0.014381777583707
0.008856374635656 0.013420671941339
0.007902196015379 0.012472989208237
0.007001981464748 0.011543221417228
0.006155829702431 0.010636282225519
0.005363833518506 0.009757069679827
0.004626079764278 0.008910784971542
0.003942649342761 0.008103564977873
0.003313617199802 0.007335001511726
0.002739052315863 0.006599045548106
0.002219017698460 0.005887525440211
0.001753570375248 0.005195294535699
0.001342761387771 0.004518597229950
0.000986635785864 0.003854461689643
0.000685232622713 0.003200607680312
0.000438584950571 0.002555049776192
0.000246719817134 0.001916088232705
0.000109658262577 0.001281864680470
0.000027415317244 0.000648147635477
0.000000000000000 0.000000000000000
0.000027415317244 -0.000665322369546
0.000109658262577 -0.001343923268402
0.000246719817134 -0.002031857166112
0.000438584950571 -0.002724457217985
0.000685232622713 -0.003416679733320
0.000986635785864 -0.004102854768954
0.001342761387771 -0.004776581158500
0.001753570375248 -0.005430521384275
0.002219017698460 -0.006058140432669
0.002739052315863 -0.006657890302085
0.003313617199802 -0.007231349137972
0.003942649342761 -0.007780282686468
0.004626079764278 -0.008306810489239
0.005363833518506 -0.008813668580626
0.006155829702431 -0.009304252303224
0.007001981464748 -0.009782542752393
0.007902196015379 -0.010253660245584
0.008856374635656 -0.010725048210469
0.009864412689139 -0.011204687293182
0.010926199633097 -0.011698138111906
0.012041619030626 -0.012206247769013
0.013210548563420 -0.012725577012098
0.014432860045182 -0.013253727003350
0.015708419435684 -0.013788427317851
0.017037086855466 -0.014326853916741
0.018418716601171 -0.014866154901747
0.019853157161528 -0.015403409343576
0.021340251233966 -0.015935456206479
0.022879835741862 -0.016459384541427
0.024471741852423 -0.016973056999416
0.026115794995207 -0.017475506698815
0.027811814881259 -0.017966768052116
0.029559615522887 -0.018446888912621
0.031359005254054 -0.018916112791791
0.033209786751399 -0.019374971530581
0.035111757055874 -0.019824283308152
0.037064707595003 -0.020265129176604
0.039068424205750 -0.020698897375331
0.041122687158009 -0.021127299514616
0.043227271178699 -0.021551367725183
0.045381945476466 -0.021970603831205
0.047586473766990 -0.022384403590506
0.049840614298903 -0.022792211700773
0.052144119880293 -0.023193532146846
0.054496737905816 -0.023587915021017
0.056898210384393 -0.023974986295446
0.059348273967504 -0.024354440839668
0.061846659978068 -0.024726036733802
0.064393094439905 -0.025089567343104
0.066987298107781 -0.025444871524395
0.069628986498028 -0.025791760811482
0.072317869919747 -0.026130046394756
0.075053653506568 -0.026459612048155
0.077836037248992 -0.026780395727144
0.080664716027288 -0.027092407800776
0.083539379644950 -0.027395726202247
0.086459712862719 -0.027690490103391
0.089425395433148 -0.027976865603637
0.092436102135723 -0.028255041648586
0.095491502812526 -0.028525169921478
0.098591262404443 -0.028787123981642
0.101735040987902 -0.029040745187610
0.104922493812155 -0.029285926192304
0.108153271337080 -0.029522612326374
0.111427019271514 -0.029750788362504
0.114743378612105 -0.029970483728329
0.118101985682679 -0.030181772730527
0.121502472174122 -0.030384745933154
0.124944465184770 -0.030579438945467
0.128427587261303 -0.030765884699817
0.131951456440133 -0.030944121677888
0.135515686289294 -0.031114128418870
0.139119885950819 -0.031275882378250
0.142763660183598 -0.031429391282747
0.146446609406726 -0.031574723113529
0.150168329743317 -0.031711979369230
0.153928413064796 -0.031841280032529
0.157726447035656 -0.031962704505556
0.161562015158669 -0.032076330659701
0.165434696820571 -0.032182249244488
0.169344067338174 -0.032280457091522
0.173289698004947 -0.032370877445366
0.177271156138025 -0.032453441463382
0.181288005125655 -0.032528102245764
0.185339804475081 -0.032594848175553
0.189426109860845 -0.032653682926165
0.193546473173511 -0.032704622389649
0.197700442568812 -0.032747686979810
0.201887562517192 -0.032782903825198
0.206107373853763 -0.032810313865373
0.210359413828660 -0.032829966269217
0.214643216157784 -0.032841911973725
0.218958311073935 -0.032846212319405
0.223304225378328 -0.032842941377260
0.227680482492486 -0.032832197349944
0.232086602510501 -0.032814106911220
0.236522102251661 -0.032788811334345
0.240986495313435 -0.032756460143896
0.245479292124814 -0.032717115047210
0.250000000000000 -0.032670753292140
0.254548123192429 -0.032617355087029
0.259123162949142 -0.032556905149524
0.263724617565473 -0.032489377161397
0.268351982440069 -0.032414734838303
0.273004750130227 -0.032332946360706
0.277682410407536 -0.032243983530101
0.282384450313836 -0.032147798440978
0.287110354217464 -0.032044318910411
0.291859603869799 -0.031933473815774
0.296631678462100 -0.031815193937798
0.301426054682609 -0.031689371780935
0.306242206773948 -0.031555807768267
0.311079606590766 -0.031414288175365
0.315937723657661 -0.031264598934136
0.320816025227350 -0.031106529993704
0.325713976339092 -0.030939894665930
0.330631039877354 -0.030764518519106
0.335566676630708 -0.030580224673654
0.340520345350965 -0.030386843238204
0.345491502812526 -0.030184361518677
0.350479603871956 -0.029972966486136
0.355484101527764 -0.029752866872996
0.360504446980385 -0.029524279209732
0.365540089692367 -0.029287428796122
0.370590477448739 -0.029042532848429
0.375655056417572 -0.028789814973772
0.380733271210709 -0.028529504461694
0.385824564944672 -0.028261838965692
0.390928379301728 -0.027987096640151
0.396044154591120 -0.027705635149176
0.401171329810437 -0.027417825890453
0.406309342707137 -0.027124049743606
0.411457629840208 -0.026824696778634
0.416615626641949 -0.026520188050404
0.421782767479884 -0.026210972256480
0.426958485718794 -0.025897509287880
0.432142213782848 -0.025580262702546
0.437333383217848 -0.025259686521409
0.442531424753567 -0.024936114159106
0.447735768366173 -0.024609821865634
0.452945843340743 -0.024281085919286
0.458161078333842 -0.023950190041585
0.463380901436184 -0.023617404919943
0.468604740235343 -0.023282967086186
0.473832021878528 -0.022947098894291
0.479062173135400 -0.022610025736550
0.484294620460935 -0.022271973758364
0.489528790058321 -0.021933158156225
0.494764107941877 -0.021593772543127
0.500000000000000 -0.021253999504041
0.505235892058122 -0.020914028552497
0.510471209941678 -0.020574044912992
0.515705379539064 -0.020234220335285
0.520937826864600 -0.019894704368878
0.526167978121472 -0.019555644946624
0.531395259764656 -0.019217186632416
0.536619098563816 -0.018879475567497
0.541838921666157 -0.018542643842979
0.547054156659257 -0.018206809529643
0.552264231633827 -0.017872091122203
0.557468575246433 -0.017538604477115
0.562666616782152 -0.017206462482519
0.567857786217152 -0.016875738527245
0.573041514281206 -0.016546482729924
0.578217232520115 -0.016218744429459
0.583384373358051 -0.015892572448536
0.588542370159791 -0.015568021488560
0.593690657292862 -0.015245164224119
0.598828670189563 -0.014924081688789
0.603955845408879 -0.014604849409187
0.609071620698271 -0.014287547517003
0.614175435055328 -0.013972277720032
0.619266728789290 -0.013659194035922
0.624344943582427 -0.013348449891848
0.629409522551260 -0.013040198421053
0.634459910307633 -0.012734589303105
0.639495553019614 -0.012431765566968
0.644515898472235 -0.012131868255138
0.649520396128043 -0.011835033631634
0.654508497187474 -0.011541393223820
0.659479654649035 -0.011251052505791
0.664433323369291 -0.010964042889266
0.669368960122646 -0.010680384806656
0.674286023660907 -0.010400098491318
0.679183974772650 -0.010123200457346
0.684062276342339 -0.009849694529712
0.688920393409233 -0.009579576395450
0.693757793226051 -0.009312842083907
0.698573945317390 -0.009049487468271
0.703368321537900 -0.008789524420150
0.708140396130200 -0.008532985248565
0.712889645782536 -0.008279901952808
0.717615549686163 -0.008030304068279
0.722317589592464 -0.007784232963501
0.726995249869773 -0.007541755254871
0.731648017559930 -0.007302937147503
0.736275382434527 -0.007067841081180
0.740876837050857 -0.006836524235731
0.745451876807570 -0.006609038649486
0.750000000000000 -0.006385429897655
0.754520707875185 -0.006165740914999
0.759013504686565 -0.005950005033791
0.763477897748338 -0.005738233703292
0.767913397489498 -0.005530436812192
0.772319517507513 -0.005326620531034
0.776695774621672 -0.005126786329397
0.781041688926065 -0.004930929259030
0.785356783842216 -0.004739043056538
0.789640586171339 -0.004551120309559
0.793892626146236 -0.004367149307742
0.798112437482808 -0.004187119126015
0.802299557431187 -0.004011015173079
0.806453526826488 -0.003838827010417
0.810573890139155 -0.003670555054241
0.814660195524918 -0.003506199544060
0.818711994874345 -0.003345757283491
0.822728843861975 -0.003189224832936
0.826710301995052 -0.003036594413948
0.830655932661826 -0.002887857842749
0.834565303179429 -0.002743001805582
0.838437984841330 -0.002602008897037
0.842273552964344 -0.002464861387473
0.846071586935203 -0.002331538108376
0.849831670256683 -0.002202019757052
0.853553390593274 -0.002076284962435
0.857236339816401 -0.001954309171069
0.860880114049181 -0.001836068467445
0.864484313710706 -0.001721536340996
0.868048543559867 -0.001610680831421
0.871572412738697 -0.001503468274837
0.875055534815230 -0.001399861568343
0.878497527825878 -0.001299822093546
0.881898014317321 -0.001203314049002
0.885256621387894 -0.001110293828084
0.888572980728485 -0.001020676891196
0.891846728662920 -0.000934350601048
0.895077506187845 -0.000851206451035
0.898264959012098 -0.000771129468290
0.901408737595557 -0.000694009475232
0.904508497187474 -0.000619740511242
0.907563897864277 -0.000548222233920
0.910574604566852 -0.000479355876025
0.913540287137281 -0.000413040908512
0.916460620355049 -0.000349179917464
0.919335283972712 -0.000287700644408
0.922163962751007 -0.000228545766625
0.924946346493432 -0.000171671275282
0.927682130080253 -0.000117051435160
0.930371013501972 -0.000064656690917
0.933012701892219 -0.000014448775369
0.935606905560095 0.000033611552743
0.938153340021932 0.000079560163861
0.940651726032496 0.000123436542271
0.943101789615607 0.000165301080911
0.945503262094184 0.000205202687715
0.947855880119706 0.000243119987375
0.950159385701097 0.000278985975080
0.952413526233010 0.000312618621631
0.954618054523534 0.000343842789564
0.956772728821300 0.000372539942614
0.958877312841991 0.000398621656380
0.960931575794250 0.000422022038829
0.962935292404997 0.000442700760488
0.964888242944126 0.000460643378202
0.966790213248601 0.000475864658811
0.968640994745946 0.000488394589014
0.970440384477113 0.000498254833536
0.972188185118740 0.000505407733833
0.973884205004793 0.000509761699340
0.975528258147577 0.000511280894559
0.977120164258138 0.000509976773258
0.978659748766034 0.000505896848437
0.980146842838471 0.000499124783973
0.981581283398829 0.000489777494146
0.982962913144534 0.000478000673365
0.984291580564316 0.000463962522088
0.985567139954818 0.000447858670112
0.986789451436580 0.000429894216003
0.987958380969374 0.000410181972960
0.989073800366903 0.000388827019464
0.990135587310861 0.000365973189413
0.991143625364344 0.000341813410146
0.992097803984621 0.000316578426737
0.992998018535252 0.000290528644872
0.993844170297569 0.000263948124600
0.994636166481494 0.000237138337434
0.995373920235722 0.000210410546268
0.996057350657239 0.000184081713740
0.996686382800198 0.000158468122729
0.997260947684137 0.000133878809456
0.997780982301540 0.000110614164254
0.998246429624752 0.000088957371145
0.998657238612229 0.000069175502646
0.999013364214136 0.000051509994839
0.999314767377287 0.000036179499707
0.999561415049429 0.000023369392368
0.999753280182866 0.000013240428465
0.999890341737423 0.000005914709589
0.999972584682756 0.000001483175467
1.000000000000000 0.000000000000000
