1.000000000000000 0.000000000000000
0.999972584682756 0.000004861739470
0.999890341737423 0.000019465178955
0.999753280182866 0.000043874283576
0.999561415049429 0.000078198042551
0.999314767377287 0.000122586069893
0.999013364214136 0.000177217078506
0.998657238612229 0.000242322610420
0.998246429624752 0.000318151700107
0.997780982301540 0.000405000486839
0.997260947684137 0.000503178707033
0.996686382800198 0.000613021923072
0.996057350657239 0.000734890461555
0.995373920235722 0.000869150474490
0.994636166481494 0.001016171347596
0.993844170297569 0.001176330172486
0.992998018535252 0.001349994478027
0.992097803984621 0.001537511075778
0.991143625364344 0.001739213224841
0.990135587310861 0.001955397361134
0.989073800366903 0.002186318624628
0.987958380969374 0.002432185763156
0.986789451436580 0.002693138175520
0.985567139954818 0.002969270334548
0.984291580564316 0.003260640135562
0.982962913144534 0.003567316176608
0.981581283398829 0.003889300115318
0.980146842838472 0.004226525268842
0.978659748766034 0.004578830655458
0.977120164258138 0.004945977896649
0.975528258147577 0.005327620793859
0.973884205004793 0.005723310349732
0.972188185118741 0.006132468597620
0.970440384477113 0.006554404712651
0.968640994745946 0.006988399940925
0.966790213248601 0.007433972736003
0.964888242944126 0.007890817980938
0.962935292404997 0.008358552537088
0.960931575794250 0.008836744735861
0.958877312841991 0.009324926132298
0.956772728821300 0.009822588836645
0.954618054523534 0.010329175490165
0.952413526233010 0.010844053323692
0.950159385701097 0.011366556804788
0.947855880119706 0.011896057599745
0.945503262094184 0.012432014890775
0.943101789615607 0.012974139979584
0.940651726032496 0.013522192841217
0.938153340021932 0.014075886282522
0.935606905560095 0.014634950230153
0.933012701892219 0.015199130312872
0.930371013501972 0.015768168439626
0.927682130080253 0.016341805716284
0.924946346493432 0.016919795982919
0.922163962751008 0.017501958258003
0.919335283972712 0.018088158011961
0.916460620355050 0.018678389151076
0.913540287137281 0.019272740182107
0.910574604566852 0.019871311679139
0.907563897864277 0.020474221726771
0.904508497187474 0.021081626380671
0.901408737595557 0.021693732323349
0.898264959012098 0.022310794438223
0.895077506187845 0.022933055885013
0.891846728662920 0.023560784199565
0.888572980728485 0.024194185347996
0.885256621387895 0.024833203884497
0.881898014317321 0.025477738891197
0.878497527825878 0.026127708448214
0.875055534815230 0.026783046647031
0.871572412738697 0.027443706346498
0.868048543559867 0.028109636825278
0.864484313710706 0.028780806968125
0.860880114049181 0.029457187833113
0.857236339816402 0.030138702235778
0.853553390593274 0.030825282514100
0.849831670256683 0.031516841599888
0.846071586935203 0.032213257755192
0.842273552964344 0.032914391975788
0.838437984841330 0.033620110316218
0.834565303179429 0.034330283976042
0.830655932661826 0.035044789005971
0.826710301995053 0.035763499848567
0.822728843861975 0.036486300398105
0.818711994874345 0.037213070730428
0.814660195524919 0.037943689555593
0.810573890139155 0.038678047436696
0.806453526826488 0.039416043411428
0.802299557431188 0.040157566721427
0.798112437482808 0.040902525837917
0.793892626146237 0.041650823804594
0.789640586171339 0.042402378034929
0.785356783842216 0.043157095945454
0.781041688926065 0.043914883398134
0.776695774621672 0.044675614973604
0.772319517507513 0.045439163278106
0.767913397489498 0.046205403763949
0.763477897748339 0.046974181586733
0.759013504686565 0.047745316469626
0.754520707875186 0.048518635936335
0.750000000000000 0.049293958188039
0.745451876807570 0.050071108206839
0.740876837050858 0.050849918025921
0.736275382434527 0.051630219569305
0.731648017559931 0.052411841313685
0.726995249869773 0.053194569316888
0.722317589592464 0.053978190740604
0.717615549686164 0.054762472972811
0.712889645782536 0.055547187981223
0.708140396130201 0.056332110683177
0.703368321537900 0.057117004590422
0.698573945317390 0.057901635012948
0.693757793226052 0.058685763308099
0.688920393409234 0.059469154748070
0.684062276342339 0.060251576159997
0.679183974772650 0.061032788090211
0.674286023660908 0.061812559243498
0.669368960122646 0.062590651277022
0.664433323369292 0.063366855534803
0.659479654649035 0.064140949664682
0.654508497187474 0.064912728702390
0.649520396128043 0.065681971098588
0.644515898472236 0.066448419386130
0.639495553019615 0.067211784913083
0.634459910307633 0.067971775057148
0.629409522551260 0.068728091512475
0.624344943582428 0.069480433401680
0.619266728789291 0.070228429022142
0.614175435055328 0.070971702466134
0.609071620698271 0.071709874565124
0.603955845408880 0.072442567693431
0.598828670189563 0.073169371716951
0.593690657292862 0.073889832217201
0.588542370159792 0.074603502160914
0.583384373358051 0.075309922890116
0.578217232520115 0.076008636876263
0.573041514281206 0.076699064364751
0.567857786217152 0.077380546048244
0.562666616782152 0.078052430334985
0.557468575246433 0.078714056858145
0.552264231633827 0.079364782832886
0.547054156659257 0.080004030273518
0.541838921666158 0.080631247562168
0.536619098563816 0.081245886354185
0.531395259764657 0.081847409693143
0.526167978121472 0.082435288350780
0.520937826864600 0.083009063096157
0.515705379539064 0.083568295808653
0.510471209941678 0.084112551859303
0.505235892058123 0.084641404103211
0.500000000000000 0.085154431452051
0.494764107941877 0.085651232727861
0.489528790058322 0.086131405269298
0.484294620460936 0.086594563680806
0.479062173135400 0.087040324331560
0.473832021878528 0.087468317943856
0.468604740235343 0.087878182781275
0.463380901436184 0.088269573069009
0.458161078333842 0.088642150122654
0.452945843340743 0.088995582455290
0.447735768366173 0.089329579061888
0.442531424753567 0.089643916912189
0.437333383217848 0.089938385658013
0.432142213782848 0.090212786615039
0.426958485718794 0.090466930795701
0.421782767479885 0.090700664635211
0.416615626641949 0.090913881946967
0.411457629840209 0.091106488827890
0.406309342707138 0.091278402048169
0.401171329810437 0.091429545875255
0.396044154591120 0.091559820752340
0.390928379301729 0.091669099627842
0.385824564944672 0.091757265424561
0.380733271210710 0.091824211608360
0.375655056417573 0.091869841671738
0.370590477448740 0.091894054024622
0.365540089692367 0.091896747570132
0.360504446980385 0.091877832907334
0.355484101527764 0.091837232762035
0.350479603871957 0.091774899559957
0.345491502812526 0.091690888379998
0.340520345350965 0.091585293844578
0.335566676630708 0.091458221361539
0.330631039877354 0.091309784679273
0.325713976339092 0.091140109358361
0.320816025227350 0.090949332924135
0.315937723657661 0.090737601790719
0.311079606590766 0.090505072563705
0.306242206773949 0.090251923270377
0.301426054682610 0.089978460108677
0.296631678462100 0.089685066145604
0.291859603869799 0.089372134507888
0.287110354217464 0.089040059088375
0.282384450313836 0.088689254234637
0.277682410407536 0.088320166507850
0.273004750130227 0.087933248764768
0.268351982440069 0.087528956393131
0.263724617565473 0.087107726379913
0.259123162949143 0.086669882790059
0.254548123192430 0.086215714369014
0.250000000000000 0.085745517366614
0.245479292124815 0.085259595828780
0.240986495313435 0.084758264134471
0.236522102251661 0.084241844044059
0.232086602510502 0.083710666472713
0.227680482492487 0.083165061809150
0.223304225378328 0.082605267874591
0.218958311073935 0.082031458408048
0.214643216157784 0.081443811260116
0.210359413828661 0.080842521389808
0.206107373853763 0.080227721007788
0.201887562517192 0.079599514219579
0.197700442568813 0.078958021150998
0.193546473173512 0.078303380468616
0.189426109860845 0.077635756293387
0.185339804475081 0.076955334121420
0.181288005125655 0.076262318057668
0.177271156138025 0.075556908717110
0.173289698004947 0.074839267976034
0.169344067338174 0.074109563376403
0.165434696820571 0.073367986059595
0.161562015158670 0.072614764713704
0.157726447035656 0.071850165496344
0.153928413064797 0.071074469614201
0.150168329743317 0.070287946485816
0.146446609406726 0.069490794835937
0.142763660183598 0.068683210365142
0.139119885950819 0.067865409994100
0.135515686289294 0.067037573805202
0.131951456440133 0.066199865172081
0.128427587261303 0.065352485176811
0.124944465184770 0.064495696599921
0.121502472174122 0.063629820838271
0.118101985682679 0.062755198564422
0.114743378612105 0.061872051068108
0.111427019271515 0.060980498072336
0.108153271337080 0.060080699199042
0.104922493812155 0.059172773288208
0.101735040987902 0.058256832068357
0.098591262404443 0.057333035787329
0.095491502812526 0.056401620500090
0.092436102135723 0.055462898729109
0.089425395433148 0.054517197020990
0.086459712862719 0.053564736705380
0.083539379644950 0.052605757129817
0.080664716027288 0.051640457164086
0.077836037248993 0.050668966525811
0.075053653506568 0.049691455252624
0.072317869919747 0.048708157058120
0.069628986498028 0.047719397987635
0.066987298107781 0.046725566023126
0.064393094439905 0.045727158342315
0.061846659978068 0.044724681127604
0.059348273967504 0.043718329021201
0.056898210384393 0.042708205447016
0.054496737905816 0.041694451277975
0.052144119880294 0.040677188246908
0.049840614298903 0.039656662984743
0.047586473766990 0.038633179205648
0.045381945476466 0.037607183955056
0.043227271178700 0.036579265199148
0.041122687158010 0.035550025017032
0.039068424205750 0.034519695722565
0.037064707595003 0.033488414256269
0.035111757055874 0.032456171573530
0.033209786751399 0.031423034712330
0.031359005254054 0.030389343030133
0.029559615522887 0.029355643978659
0.027811814881260 0.028322550539308
0.026115794995207 0.027290951913464
0.024471741852423 0.026262029299300
0.022879835741862 0.025236462291770
0.021340251233966 0.024214077178772
0.019853157161529 0.023194532417642
0.018418716601171 0.022177429980106
0.017037086855466 0.021162679459369
0.015708419435685 0.020150450450948
0.014432860045182 0.019141084537865
0.013210548563420 0.018135163248784
0.012041619030626 0.017133480364340
0.010926199633097 0.016137029074599
0.009864412689139 0.015146584209912
0.008856374635656 0.014162969590994
0.007902196015379 0.013187948139034
0.007001981464748 0.012224023323760
0.006155829702431 0.011274567693833
0.005363833518506 0.010343714823895
0.004626079764278 0.009436298962261
0.003942649342761 0.008558031433604
0.003313617199802 0.007714657928321
0.002739052315863 0.006908763878850
0.002219017698460 0.006133978186984
0.001753570375248 0.005384848367958
0.001342761387771 0.004657546024611
0.000986635785864 0.003949227217264
0.000685232622713 0.003257682248081
0.000438584950571 0.002581169594119
0.000246719817134 0.001918363871961
0.000109658262577 0.001268121978779
0.000027415317244 0.000629526466598
0.000000000000000 0.000000000000000
0.000027415317244 -0.000639134484562
0.000109658262577 -0.001293705650693
0.000246719817134 -0.001961913119734
0.000438584950571 -0.002642296447708
0.000685232622713 -0.003332968728492
0.000986635785864 -0.004031767978691
0.001342761387771 -0.004736179042745
0.001753570375248 -0.005443237688204
0.002219017698460 -0.006149337501900
0.002739052315863 -0.006849974817919
0.003313617199802 -0.007540666971205
0.003942649342761 -0.008218192906627
0.004626079764278 -0.008880998763043
0.005363833518506 -0.009528748167378
0.006155829702431 -0.010162145199021
0.007001981464748 -0.010782904451444
0.007902196015379 -0.011393736751166
0.008856374635656 -0.011998422178215
0.009864412689139 -0.012602129741630
0.010926199633097 -0.013211421157030
0.012041619030626 -0.013833638568491
0.013210548563420 -0.014470345116306
0.014432860045182 -0.015119070363445
0.015708419435684 -0.015777573181245
0.017037086855466 -0.016443618483772
0.018418716601171 -0.017114794845959
0.019853157161528 -0.017788681585532
0.021340251233966 -0.018462826840955
0.022879835741862 -0.019134688068239
0.024471741852423 -0.019801792295442
0.026115794995207 -0.020461860686887
0.027811814881259 -0.021113690403451
0.029559615522887 -0.021756961059608
0.031359005254054 -0.022391495675699
0.033209786751399 -0.023017290880300
0.035111757055874 -0.023634600828838
0.037064707595003 -0.024243932481112
0.039068424205750 -0.024846027210987
0.041122687158009 -0.025441888414412
0.043227271178699 -0.026032834705352
0.045381945476466 -0.026619943254920
0.047586473766990 -0.027202821126059
0.049840614298903 -0.027780844260186
0.052144119880293 -0.028353414955076
0.054496737905816 -0.028919979865694
0.056898210384393 -0.029480053270563
0.059348273967504 -0.030033212955291
0.061846659978068 -0.030579111765047
0.064393094439905 -0.031117488594961
0.066987298107781 -0.031648079434707
0.069628986498028 -0.032170634272599
0.072317869919747 -0.032684930652172
0.075053653506568 -0.033190717125857
0.077836037248992 -0.033687796142166
0.080664716027288 -0.034176026487440
0.083539379644950 -0.034655331995097
0.086459712862719 -0.035125719572320
0.089425395433148 -0.035587297222900
0.092436102135723 -0.036040220162509
0.095491502812526 -0.036484501335447
0.098591262404443 -0.036920093173390
0.101735040987902 -0.037346934083680
0.104922493812155 -0.037764824898872
0.108153271337080 -0.038173563331096
0.111427019271514 -0.038573013444753
0.114743378612105 -0.038963107292447
0.118101985682679 -0.039343816055266
0.121502472174122 -0.039715132979530
0.124944465184770 -0.040077069130548
0.128427587261303 -0.040429663068794
0.131951456440133 -0.040772853584673
0.135515686289294 -0.041106501038151
0.139119885950819 -0.041430483784687
0.142763660183598 -0.041744719022724
0.146446609406726 -0.042049149257961
0.150168329743317 -0.042343745725720
0.153928413064796 -0.042628500510175
0.157726447035656 -0.042903433290527
0.161562015158669 -0.043168583108602
0.165434696820571 -0.043423959920385
0.169344067338174 -0.043669425840291
0.173289698004947 -0.043904835983826
0.177271156138025 -0.044130055809317
0.181288005125655 -0.044344966644664
0.185339804475081 -0.044549464293539
0.189426109860845 -0.044743457089888
0.193546473173511 -0.044926871788477
0.197700442568812 -0.045099645832644
0.201887562517192 -0.045261735629871
0.206107373853763 -0.045413109409380
0.210359413828660 -0.045553739906844
0.214643216157784 -0.045683604721992
0.218958311073935 -0.045802696732627
0.223304225378328 -0.045911027778451
0.227680482492486 -0.046008657804052
0.232086602510501 -0.046095676431768
0.236522102251661 -0.046172190588621
0.240986495313435 -0.046238277108374
0.245479292124814 -0.046293820084212
0.250000000000000 -0.046338650212043
0.254548123192429 -0.046372603024460
0.259123162949142 -0.046395504325787
0.263724617565473 -0.046407111749960
0.268351982440069 -0.046407163765781
0.273004750130227 -0.046395400156568
0.277682410407536 -0.046371558440891
0.282384450313836 -0.046335348427017
0.287110354217464 -0.046286467744231
0.291859603869799 -0.046224614465550
0.296631678462100 -0.046149481961474
0.301426054682609 -0.046060660924137
0.306242206773948 -0.045957649993992
0.311079606590766 -0.045839939689749
0.315937723657661 -0.045707017342690
0.320816025227350 -0.045558398991352
0.325713976339092 -0.045393677222542
0.330631039877354 -0.045212454049651
0.335566676630708 -0.045014331974893
0.340520345350965 -0.044798952682260
0.345491502812526 -0.044566355157087
0.350479603871956 -0.044316810092558
0.355484101527764 -0.044050608385546
0.360504446980385 -0.043768053878181
0.365540089692367 -0.043469454860951
0.370590477448739 -0.043155102558861
0.375655056417572 -0.042825295286199
0.380733271210709 -0.042480346560032
0.385824564944672 -0.042120591637388
0.390928379301728 -0.041746616265262
0.396044154591120 -0.041359258561664
0.401171329810437 -0.040959388913322
0.406309342707137 -0.040547892690182
0.411457629840208 -0.040125676383712
0.416615626641949 -0.039693677345842
0.421782767479884 -0.039252855092225
0.426958485718794 -0.038804181693122
0.432142213782848 -0.038348646619865
0.437333383217848 -0.037887141458526
0.442531424753567 -0.037420161929114
0.447735768366173 -0.036948109159100
0.452945843340743 -0.036471391590389
0.458161078333842 -0.035990421524804
0.463380901436184 -0.035505606425605
0.468604740235343 -0.035017347862945
0.473832021878528 -0.034526042009995
0.479062173135400 -0.034032093238759
0.484294620460935 -0.033535903568161
0.489528790058321 -0.033037823860640
0.494764107941877 -0.032538132218575
0.500000000000000 -0.032037098868924
0.505235892058122 -0.031534995894950
0.510471209941678 -0.031032097978648
0.515705379539064 -0.030528668924437
0.520937826864600 -0.030024967865513
0.526167978121472 -0.029521250406482
0.531395259764656 -0.029017774272177
0.536619098563816 -0.028514790851911
0.541838921666157 -0.028012511077051
0.547054156659257 -0.027511120123506
0.552264231633827 -0.027010803188686
0.557468575246433 -0.026511741749040
0.562666616782152 -0.026014112920226
0.567857786217152 -0.025518071773041
0.573041514281206 -0.025023759623697
0.578217232520115 -0.024531319124233
0.583384373358051 -0.024040892851222
0.588542370159791 -0.023552628915532
0.593690657292862 -0.023066690619351
0.598828670189563 -0.022583246106201
0.603955845408879 -0.022102460402824
0.609071620698271 -0.021624498031037
0.614175435055328 -0.021149529419564
0.619266728789290 -0.020677738062745
0.624344943582427 -0.020209300020035
0.629409522551260 -0.019744391829576
0.634459910307633 -0.019283183698942
0.639495553019614 -0.018825826465012
0.644515898472235 -0.018372464781679
0.649520396128043 -0.017923234751403
0.654508497187474 -0.017478276998642
0.659479654649035 -0.017037695461643
0.664433323369291 -0.016601568958008
0.669368960122646 -0.016169965314047
0.674286023660907 -0.015742946503055
0.679183974772650 -0.015320581302955
0.684062276342339 -0.014902930605378
0.688920393409233 -0.014490058887258
0.693757793226051 -0.014082024871841
0.698573945317390 -0.013678889032992
0.703368321537900 -0.013280721772263
0.708140396130200 -0.012887602486383
0.712889645782536 -0.012499607705865
0.717615549686163 -0.012116809466467
0.722317589592464 -0.011739282470575
0.726995249869773 -0.011367095262287
0.731648017559930 -0.011000318755107
0.736275382434527 -0.010639016534567
0.740876837050857 -0.010283246408000
0.745451876807570 -0.009933063368608
0.750000000000000 -0.009588513176991
0.754520707875185 -0.009249642117722
0.759013504686565 -0.008916488846878
0.763477897748338 -0.008589081896749
0.767913397489498 -0.008267451267426
0.772319517507513 -0.007951618956360
0.776695774621672 -0.007641601431388
0.781041688926065 -0.007337412007878
0.785356783842216 -0.007039057037903
0.789640586171339 -0.006746545825896
0.793892626146236 -0.006459893152843
0.798112437482808 -0.006179115850163
0.802299557431187 -0.005904226624744
0.806453526826488 -0.005635253919284
0.810573890139155 -0.005372249292839
0.814660195524918 -0.005115264255871
0.818711994874345 -0.004864337785067
0.822728843861975 -0.004619499575278
0.826710301995052 -0.004380770956519
0.830655932661826 -0.004148167056395
0.834565303179429 -0.003921696643299
0.838437984841330 -0.003701363419425
0.842273552964344 -0.003487166227222
0.846071586935203 -0.003279084878971
0.849831670256683 -0.003077079833136
0.853553390593274 -0.002881106982588
0.857236339816401 -0.002691115668486
0.860880114049181 -0.002507055729578
0.864484313710706 -0.002328871359521
0.868048543559867 -0.002156502539720
0.871572412738697 -0.001989882785264
0.875055534815230 -0.001828946508594
0.878497527825878 -0.001673621921624
0.881898014317321 -0.001523842383336
0.885256621387894 -0.001379535258804
0.888572980728485 -0.001240636543925
0.891846728662920 -0.001107082300300
0.895077506187845 -0.000978803090292
0.898264959012098 -0.000855724158966
0.901408737595557 -0.000737765578146
0.904508497187474 -0.000624846065310
0.907563897864277 -0.000516881438737
0.910574604566852 -0.000413780893431
0.913540287137281 -0.000315448008911
0.916460620355049 -0.000221789139909
0.919335283972712 -0.000132770096404
0.922163962751007 -0.000048379180718
0.924946346493432 0.000031402025872
0.927682130080253 0.000106600503715
0.930371013501972 0.000177253962936
0.933012701892219 0.000243413801508
0.935606905560095 0.000305140606603
0.938153340021932 0.000362502813366
0.940651726032496 0.000415579840153
0.943101789615607 0.000464468002103
0.945503262094184 0.000509258922892
0.947855880119706 0.000549999744315
0.950159385701097 0.000586733912516
0.952413526233010 0.000619502338383
0.954618054523534 0.000648360529448
0.956772728821300 0.000673384599237
0.958877312841991 0.000694666685778
0.960931575794250 0.000712312511676
0.962935292404997 0.000726435280171
0.964888242944126 0.000737159921880
0.966790213248601 0.000744647966820
0.968640994745946 0.000749033307081
0.970440384477113 0.000750341868726
0.972188185118740 0.000748524203582
0.973884205004793 0.000743493272594
0.975528258147577 0.000735238736204
0.977120164258138 0.000723804035161
0.978659748766034 0.000709270383436
0.980146842838471 0.000691760855333
0.981581283398829 0.000671434534147
0.982962913144534 0.000648482385019
0.984291580564316 0.000623123838366
0.985567139954818 0.000595602253680
0.986789451436580 0.000566167077287
0.987958380969374 0.000535034629669
0.989073800366903 0.000502433731097
0.990135587310861 0.000468627176991
0.991143625364344 0.000433899809980
0.992097803984621 0.000398556507280
0.992998018535252 0.000362915011486
0.993844170297569 0.000327303399889
0.994636166481494 0.000292053702876
0.995373920235722 0.000257497436887
0.996057350657239 0.000223963568300
0.996686382800198 0.000191772395699
0.997260947684137 0.000161230044967
0.997780982301540 0.000132630979056
0.998246429624752 0.000106250143745
0.998657238612229 0.000082340983058
0.999013364214136 0.000061134179326
0.999314767377287 0.000042831921582
0.999561415049429 0.000027611736915
0.999753280182866 0.000015619489237
0.999890341737423 0.000006969674447
0.999972584682756 0.000001746548418
1.000000000000000 0.000000000000000
