1.000000000000000 0.000000000000000
0.999972584682756 0.000001125747758
0.999890341737423 0.000004530738842
0.999753280182866 0.000010300811775
0.999561415049429 0.000018575653005
0.999314767377287 0.000029548196780
0.999013364214136 0.000043462579565
0.998657238612229 0.000060607935483
0.998246429624752 0.000081316301582
0.997780982301540 0.000105955501038
0.997260947684137 0.000134925854774
0.996686382800198 0.000168649376239
0.996057350657239 0.000207563775323
0.995373920235722 0.000252113891224
0.994636166481494 0.000302742352884
0.993844170297569 0.000359879485650
0.992998018535252 0.000423931054256
0.992097803984621 0.000495267818631
0.991143625364344 0.000574213388743
0.990135587310861 0.000661029248168
0.989073800366903 0.000755899636993
0.987958380969374 0.000858926650046
0.986789451436580 0.000970092668197
0.985567139954818 0.001089279906655
0.984291580564316 0.001216324054900
0.982962913144534 0.001351217596514
0.981581283398829 0.001493948588929
0.980146842838472 0.001644419707963
0.978659748766034 0.001802464316741
0.977120164258138 0.001967835503015
0.975528258147577 0.002140194917543
0.973884205004793 0.002319105804879
0.972188185118741 0.002504028247135
0.970440384477113 0.002694308612056
0.968640994745946 0.002889160177560
0.966790213248601 0.003087973557561
0.964888242944126 0.003290582504882
0.962935292404997 0.003496885763498
0.960931575794250 0.003706788689447
0.958877312841991 0.003920209134821
0.956772728821300 0.004137064361271
0.954618054523534 0.004357283270916
0.952413526233010 0.004580806293968
0.950159385701097 0.004807578512580
0.947855880119706 0.005037558984199
0.945503262094184 0.005270714151767
0.943101789615607 0.005507095371974
0.940651726032496 0.005746807559373
0.938153340021932 0.005989989493314
0.935606905560095 0.006236813457363
0.933012701892219 0.006487474782697
0.930371013501972 0.006742203206443
0.927682130080253 0.007001256519309
0.924946346493432 0.007264920928804
0.922163962751008 0.007533531097131
0.919335283972712 0.007807468895024
0.916460620355050 0.008087067385404
0.913540287137281 0.008372480458569
0.910574604566852 0.008663850543646
0.907563897864277 0.008961294598840
0.904508497187474 0.009264931111217
0.901408737595557 0.009574883755394
0.898264959012098 0.009891290611034
0.895077506187845 0.010214298757612
0.891846728662920 0.010544073366398
0.888572980728485 0.010880785450766
0.885256621387895 0.011224582354873
0.881898014317321 0.011575566370489
0.878497527825878 0.011933838824971
0.875055534815230 0.012299444941210
0.871572412738697 0.012672406361340
0.868048543559867 0.013052748781199
0.864484313710706 0.013440502292343
0.860880114049181 0.013835694916747
0.857236339816402 0.014238353566813
0.853553390593274 0.014648501062150
0.849831670256683 0.015066153308745
0.846071586935203 0.015491325628318
0.842273552964344 0.015924013924477
0.838437984841330 0.016364213539850
0.834565303179429 0.016811913349901
0.830655932661826 0.017267096589796
0.826710301995053 0.017729740064781
0.822728843861975 0.018199818098323
0.818711994874345 0.018677296270290
0.814660195524919 0.019162135033808
0.810573890139155 0.019654289008555
0.806453526826488 0.020153722435597
0.802299557431188 0.020660404869837
0.798112437482808 0.021174295988255
0.793892626146237 0.021695365385579
0.789640586171339 0.022223582382361
0.785356783842216 0.022758922121168
0.781041688926065 0.023301350366035
0.776695774621672 0.023850836622127
0.772319517507513 0.024407347128555
0.767913397489498 0.024970845536078
0.763477897748339 0.025541283810051
0.759013504686565 0.026118588149656
0.754520707875186 0.026702667821704
0.750000000000000 0.027293425349203
0.745451876807570 0.027890756736275
0.740876837050858 0.028494533560672
0.736275382434527 0.029104618020744
0.731648017559931 0.029720862289841
0.726995249869773 0.030343124339011
0.722317589592464 0.030971247442262
0.717615549686164 0.031605085606692
0.712889645782536 0.032244478411165
0.708140396130201 0.032889263198826
0.703368321537900 0.033539306401374
0.698573945317390 0.034194468089931
0.693757793226052 0.034854609804113
0.688920393409234 0.035519588015866
0.684062276342339 0.036189266001796
0.679183974772650 0.036863503357567
0.674286023660908 0.037542161845161
0.669368960122646 0.038225092350797
0.664433323369292 0.038912121279308
0.659479654649035 0.039603034362995
0.654508497187474 0.040297605528994
0.649520396128043 0.040995604774375
0.644515898472236 0.041696796712595
0.639495553019615 0.042400897918434
0.634459910307633 0.043107619919535
0.629409522551260 0.043816659907278
0.624344943582428 0.044527719055156
0.619266728789291 0.045240506243923
0.614175435055328 0.045954762282628
0.609071620698271 0.046670222470081
0.603955845408880 0.047386619733903
0.598828670189563 0.048103694775053
0.593690657292862 0.048821230377389
0.588542370159792 0.049539036428488
0.583384373358051 0.050256930003201
0.578217232520115 0.050974716870195
0.573041514281206 0.051692200827566
0.567857786217152 0.052409141904612
0.562666616782152 0.053125290509210
0.557468575246433 0.053840393072172
0.552264231633827 0.054554199338949
0.547054156659257 0.055266414239440
0.541838921666158 0.055976647108398
0.536619098563816 0.056684487447399
0.531395259764657 0.057389528382516
0.526167978121472 0.058091362616041
0.520937826864600 0.058789596807496
0.515705379539064 0.059483864005213
0.510471209941678 0.060173799549298
0.505235892058123 0.060859039598310
0.500000000000000 0.061539223050922
0.494764107941877 0.062214038442514
0.489528790058322 0.062883223674969
0.484294620460936 0.063546527122316
0.479062173135400 0.064203699059644
0.473832021878528 0.064854490108832
0.468604740235343 0.065498616737169
0.463380901436184 0.066135780695287
0.458161078333842 0.066765675180422
0.452945843340743 0.067388007616376
0.447735768366173 0.068002474001419
0.442531424753567 0.068608658071696
0.437333383217848 0.069206068084441
0.432142213782848 0.069794216102254
0.426958485718794 0.070372629203761
0.421782767479885 0.070940838507061
0.416615626641949 0.071498409790807
0.411457629840209 0.072044926814932
0.406309342707138 0.072579981986197
0.401171329810437 0.073103180677618
0.396044154591120 0.073614142400999
0.390928379301729 0.074112548430248
0.385824564944672 0.074598096263051
0.380733271210710 0.075070499811860
0.375655056417573 0.075529477770415
0.370590477448740 0.075974738941767
0.365540089692367 0.076405927115930
0.360504446980385 0.076822690426094
0.355484101527764 0.077224688621543
0.350479603871957 0.077611594473370
0.345491502812526 0.077982985945427
0.340520345350965 0.078338318323395
0.335566676630708 0.078677060000687
0.330631039877354 0.078998696415891
0.325713976339092 0.079302733941625
0.320816025227350 0.079588684415540
0.315937723657661 0.079856070759598
0.311079606590766 0.080104439831687
0.306242206773949 0.080333360885892
0.301426054682610 0.080542366555534
0.296631678462100 0.080730870479532
0.291859603869799 0.080898295213411
0.287110354217464 0.081044095309527
0.282384450313836 0.081167757874599
0.277682410407536 0.081268842756916
0.273004750130227 0.081346962789579
0.268351982440069 0.081401759844982
0.263724617565473 0.081432905336856
0.259123162949143 0.081440142251504
0.254548123192430 0.081423304593419
0.250000000000000 0.081382256527419
0.245479292124815 0.081316887186049
0.240986495313435 0.081227108614610
0.236522102251661 0.081112849900896
0.232086602510502 0.080974065212877
0.227680482492487 0.080810732457507
0.223304225378328 0.080622859189741
0.218958311073935 0.080410492820777
0.214643216157784 0.080173711988238
0.210359413828661 0.079912617345659
0.206107373853763 0.079627331256682
0.201887562517192 0.079318007569862
0.197700442568813 0.078984818355082
0.193546473173512 0.078627962161670
0.189426109860845 0.078247636311394
0.185339804475081 0.077843991671058
0.181288005125655 0.077417198930878
0.177271156138025 0.076967445994206
0.173289698004947 0.076494939806244
0.169344067338174 0.075999899795425
0.165434696820571 0.075482565392427
0.161562015158670 0.074943205555205
0.157726447035656 0.074382138369364
0.153928413064797 0.073799720956700
0.150168329743317 0.073196336871485
0.146446609406726 0.072572392332213
0.142763660183598 0.071928342298602
0.139119885950819 0.071264660134775
0.135515686289294 0.070581843443930
0.131951456440133 0.069880437992172
0.128427587261303 0.069161003396108
0.124944465184770 0.068424113984691
0.121502472174122 0.067670174959250
0.118101985682679 0.066899467938409
0.114743378612105 0.066112296027289
0.111427019271515 0.065308966257591
0.108153271337080 0.064489770852014
0.104922493812155 0.063655043209735
0.101735040987902 0.062805173248723
0.098591262404443 0.061940610628745
0.095491502812526 0.061061832661320
0.092436102135723 0.060169232952164
0.089425395433148 0.059263102890457
0.086459712862719 0.058343786684355
0.083539379644950 0.057411645643925
0.080664716027288 0.056467058825982
0.077836037248993 0.055510495897105
0.075053653506568 0.054542504447310
0.072317869919747 0.053563700067635
0.069628986498028 0.052574590010850
0.066987298107781 0.051575487495369
0.064393094439905 0.050566763847587
0.061846659978068 0.049548694220722
0.059348273967504 0.048521565078610
0.056898210384393 0.047485794670128
0.054496737905816 0.046441863701228
0.052144119880294 0.045390359523051
0.049840614298903 0.044331935294780
0.047586473766990 0.043267261581607
0.045381945476466 0.042196573790716
0.043227271178700 0.041119941028949
0.041122687158010 0.040037543627328
0.039068424205750 0.038949700237532
0.037064707595003 0.037856831215846
0.035111757055874 0.036759475828884
0.033209786751399 0.035658334236262
0.031359005254054 0.034554315399468
0.029559615522887 0.033448038397161
0.027811814881260 0.032339680472615
0.026115794995207 0.031229472503322
0.024471741852423 0.030117663726235
0.022879835741862 0.029004749252982
0.021340251233966 0.027891418620393
0.019853157161529 0.026778551465125
0.018418716601171 0.025667255831943
0.017037086855466 0.024558755197288
0.015708419435685 0.023453901937874
0.014432860045182 0.022352438559423
0.013210548563420 0.021254271612229
0.012041619030626 0.020159678672347
0.010926199633097 0.019069407418940
0.009864412689139 0.017984477383439
0.008856374635656 0.016906352281846
0.007902196015379 0.015837264098202
0.007001981464748 0.014779204913044
0.006155829702431 0.013732974903251
0.005363833518506 0.012697773791081
0.004626079764278 0.011672946343273
0.003942649342761 0.010658706408934
0.003313617199802 0.009655834402618
0.002739052315863 0.008665999060060
0.002219017698460 0.007691790439803
0.001753570375248 0.006737652212716
0.001342761387771 0.005808708105381
0.000986635785864 0.004906197204235
0.000685232622713 0.004029404222361
0.000438584950571 0.003180612204312
0.000246719817134 0.002359471733283
0.000109658262577 0.001560322616029
0.000027415317244 0.000774401815864
0.000000000000000 0.000000000000000
0.000027415317244 -0.000757983362206
0.000109658262577 -0.001491407196034
0.000246719817134 -0.002085626857052
0.000438584950571 -0.002602384281879
0.000685232622713 -0.003039530810419
0.000986635785864 -0.003425633833841
0.001342761387771 -0.003786431975836
0.001753570375248 -0.004142261340428
0.002219017698460 -0.004496545553195
0.002739052315863 -0.004851820468512
0.003313617199802 -0.005211974590901
0.003942649342761 -0.005575920958780
0.004626079764278 -0.005940154933598
0.005363833518506 -0.006300777129467
0.006155829702431 -0.006657934208507
0.007001981464748 -0.007015005359098
0.007902196015379 -0.007376653449664
0.008856374635656 -0.007744142679084
0.009864412689139 -0.008115795052375
0.010926199633097 -0.008490000364962
0.012041619030626 -0.008865252103540
0.013210548563420 -0.009240270098134
0.014432860045182 -0.009613974153966
0.015708419435684 -0.009985393762540
0.017037086855466 -0.010353597067001
0.018418716601171 -0.010717648352610
0.019853157161528 -0.011076744413890
0.021340251233966 -0.011430330190963
0.022879835741862 -0.011778067853065
0.024471741852423 -0.012119854256780
0.026115794995207 -0.012455832826413
0.027811814881259 -0.012786452090078
0.029559615522887 -0.013112507071494
0.031359005254054 -0.013434983378405
0.033209786751399 -0.013754906095217
0.035111757055874 -0.014072398090603
0.037064707595003 -0.014386930237821
0.039068424205750 -0.014698160760705
0.041122687158009 -0.015005862241584
0.043227271178699 -0.015309850969566
0.045381945476466 -0.015610014437792
0.047586473766990 -0.015906322459696
0.049840614298903 -0.016198851407577
0.052144119880293 -0.016487818528640
0.054496737905816 -0.016773454862342
0.056898210384393 -0.017055777438792
0.059348273967504 -0.017334763732549
0.061846659978068 -0.017610299062744
0.064393094439905 -0.017882279546538
0.066987298107781 -0.018150680879407
0.069628986498028 -0.018415541807123
0.072317869919747 -0.018676943864186
0.075053653506568 -0.018935013568294
0.077836037248992 -0.019189939329539
0.080664716027288 -0.019441979640810
0.083539379644950 -0.019691390429108
0.086459712862719 -0.019938291503590
0.089425395433148 -0.020182807943007
0.092436102135723 -0.020425090811836
0.095491502812526 -0.020665326796530
0.098591262404443 -0.020903743040298
0.101735040987902 -0.021140597456700
0.104922493812155 -0.021376192012637
0.108153271337080 -0.021610900199804
0.111427019271514 -0.021845167965396
0.114743378612105 -0.022079428160392
0.118101985682679 -0.022313801495114
0.121502472174122 -0.022548309868203
0.124944465184770 -0.022782958241054
0.128427587261303 -0.023017697045449
0.131951456440133 -0.023252468678589
0.135515686289294 -0.023487227031588
0.139119885950819 -0.023721951827575
0.142763660183598 -0.023956624192078
0.146446609406726 -0.024191235394329
0.150168329743317 -0.024425770092069
0.153928413064796 -0.024660220569784
0.157726447035656 -0.024894582642050
0.161562015158669 -0.025128844561384
0.165434696820571 -0.025362999544955
0.169344067338174 -0.025597046037758
0.173289698004947 -0.025830995549080
0.177271156138025 -0.026064861421498
0.181288005125655 -0.026298665693201
0.185339804475081 -0.026532427210711
0.189426109860845 -0.026766159744599
0.193546473173511 -0.026999885167533
0.197700442568812 -0.027233592007875
0.201887562517192 -0.027467174323149
0.206107373853763 -0.027700504450565
0.210359413828660 -0.027933456095562
0.214643216157784 -0.028165903700321
0.218958311073935 -0.028397726290947
0.223304225378328 -0.028628801736427
0.227680482492486 -0.028859006369087
0.232086602510501 -0.029088211768847
0.236522102251661 -0.029316290414887
0.240986495313435 -0.029543110693096
0.245479292124814 -0.029768541445490
0.250000000000000 -0.029992453360461
0.254548123192429 -0.030214716050387
0.259123162949142 -0.030435199147489
0.263724617565473 -0.030653769529738
0.268351982440069 -0.030870289324617
0.273004750130227 -0.031084618859591
0.277682410407536 -0.031296617629913
0.282384450313836 -0.031506148570086
0.287110354217464 -0.031713100636026
0.291859603869799 -0.031917367615848
0.296631678462100 -0.032118847796519
0.301426054682609 -0.032317437336067
0.306242206773948 -0.032513037868260
0.311079606590766 -0.032705554115577
0.315937723657661 -0.032894891741307
0.320816025227350 -0.033080957498261
0.325713976339092 -0.033263664794565
0.330631039877354 -0.033442934475213
0.335566676630708 -0.033618691326906
0.340520345350965 -0.033790859606153
0.345491502812526 -0.033959371194597
0.350479603871956 -0.034124176634661
0.355484101527764 -0.034285236548032
0.360504446980385 -0.034442512431474
0.365540089692367 -0.034595966652130
0.370590477448739 -0.034745560494579
0.375655056417572 -0.034891248321411
0.380733271210709 -0.035032987604605
0.385824564944672 -0.035170736685770
0.390928379301728 -0.035304452431437
0.396044154591120 -0.035434068262929
0.401171329810437 -0.035559507220974
0.406309342707137 -0.035680693122515
0.411457629840208 -0.035797552297291
0.416615626641949 -0.035910012358204
0.421782767479884 -0.036018007811055
0.426958485718794 -0.036121474115552
0.432142213782848 -0.036220349002595
0.437333383217848 -0.036314572027129
0.442531424753567 -0.036404099317613
0.447735768366173 -0.036488909722753
0.452945843340743 -0.036568987296776
0.458161078333842 -0.036644317261906
0.463380901436184 -0.036714888048159
0.468604740235343 -0.036780689604508
0.473832021878528 -0.036841715587029
0.479062173135400 -0.036897961270419
0.484294620460935 -0.036949424611392
0.489528790058321 -0.036996101564387
0.494764107941877 -0.037037957550026
0.500000000000000 -0.037074940691401
0.505235892058122 -0.037107001150305
0.510471209941678 -0.037134091231708
0.515705379539064 -0.037156165097824
0.520937826864600 -0.037173178149490
0.526167978121472 -0.037185087434693
0.531395259764656 -0.037191852487520
0.536619098563816 -0.037193435163712
0.541838921666157 -0.037189798642079
0.547054156659257 -0.037180904677875
0.552264231633827 -0.037166716755234
0.557468575246433 -0.037147201038613
0.562666616782152 -0.037122326066314
0.567857786217152 -0.037092063932584
0.573041514281206 -0.037056390065953
0.578217232520115 -0.037015282805434
0.583384373358051 -0.036968723409964
0.588542370159791 -0.036916695307626
0.593690657292862 -0.036859177501855
0.598828670189563 -0.036796144391445
0.603955845408879 -0.036727572610578
0.609071620698271 -0.036653442641669
0.614175435055328 -0.036573737732556
0.619266728789290 -0.036488449493604
0.624344943582427 -0.036397573641517
0.629409522551260 -0.036301109000767
0.634459910307633 -0.036199057915597
0.639495553019614 -0.036091411449794
0.644515898472235 -0.035978130870744
0.649520396128043 -0.035859177447304
0.654508497187474 -0.035734516814928
0.659479654649035 -0.035604116885114
0.664433323369291 -0.035467938757128
0.669368960122646 -0.035325940345804
0.674286023660907 -0.035178084544843
0.679183974772650 -0.035024338795248
0.684062276342339 -0.034864671445435
0.688920393409233 -0.034699045013898
0.693757793226051 -0.034527428559631
0.698573945317390 -0.034349794421706
0.703368321537900 -0.034166119645492
0.708140396130200 -0.033976363566962
0.712889645782536 -0.033780489429210
0.717615549686163 -0.033578462547086
0.722317589592464 -0.033370260594729
0.726995249869773 -0.033155863048671
0.731648017559930 -0.032935258886098
0.736275382434527 -0.032708443870674
0.740876837050857 -0.032475410076677
0.745451876807570 -0.032236022220399
0.750000000000000 -0.031990069344444
0.754520707875185 -0.031737350611634
0.759013504686565 -0.031477687209086
0.763477897748338 -0.031210977441891
0.767913397489498 -0.030937170047253
0.772319517507513 -0.030656221807653
0.776695774621672 -0.030368055090146
0.781041688926065 -0.030072298096913
0.785356783842216 -0.029768500006630
0.789640586171339 -0.029456236184112
0.793892626146236 -0.029135021189835
0.798112437482808 -0.028804178011658
0.802299557431187 -0.028463045261755
0.806453526826488 -0.028111007938796
0.810573890139155 -0.027747494130519
0.814660195524918 -0.027371979356552
0.818711994874345 -0.026983986232079
0.822728843861975 -0.026583285120373
0.826710301995052 -0.026170140122444
0.830655932661826 -0.025744886880288
0.834565303179429 -0.025307895473174
0.838437984841330 -0.024859666747366
0.842273552964344 -0.024400749968316
0.846071586935203 -0.023931677906062
0.849831670256683 -0.023452897229056
0.853553390593274 -0.022964804970508
0.857236339816401 -0.022467845998916
0.860880114049181 -0.021962914952401
0.864484313710706 -0.021451165698919
0.868048543559867 -0.020933739329565
0.871572412738697 -0.020411851679543
0.875055534815230 -0.019886743712001
0.878497527825878 -0.019359596590426
0.881898014317321 -0.018831505541580
0.885256621387894 -0.018303511752472
0.888572980728485 -0.017776588084582
0.891846728662920 -0.017251621497984
0.895077506187845 -0.016729449995543
0.898264959012098 -0.016210752741011
0.901408737595557 -0.015696084502858
0.904508497187474 -0.015185970967956
0.907563897864277 -0.014680927101875
0.910574604566852 -0.014181446937870
0.913540287137281 -0.013687982494381
0.916460620355049 -0.013200965723629
0.919335283972712 -0.012720785496595
0.922163962751007 -0.012247782153876
0.924946346493432 -0.011782221538002
0.927682130080253 -0.011324140056970
0.930371013501972 -0.010873526168900
0.933012701892219 -0.010430387555049
0.935606905560095 -0.009994743398649
0.938153340021932 -0.009566617374357
0.940651726032496 -0.009146034168787
0.943101789615607 -0.008733022518405
0.945503262094184 -0.008327603733131
0.947855880119706 -0.007929837675563
0.950159385701097 -0.007539814881489
0.952413526233010 -0.007157767257689
0.954618054523534 -0.006783994110406
0.956772728821300 -0.006418748548375
0.958877312841991 -0.006062245368138
0.960931575794250 -0.005714681211440
0.962935292404997 -0.005376223423046
0.964888242944126 -0.005047025241099
0.966790213248601 -0.004727192240054
0.968640994745946 -0.004416820869081
0.970440384477113 -0.004116060393872
0.972188185118740 -0.003825235499271
0.973884205004793 -0.003544931910035
0.975528258147577 -0.003275627083494
0.977120164258138 -0.003017660392290
0.978659748766034 -0.002771283771863
0.980146842838471 -0.002536663877926
0.981581283398829 -0.002313867892724
0.982962913144534 -0.002102899582038
0.984291580564316 -0.001903690791101
0.985567139954818 -0.001716108909672
0.986789451436580 -0.001539991632361
0.987958380969374 -0.001375292499697
0.989073800366903 -0.001221962380857
0.990135587310861 -0.001079842549440
0.991143625364344 -0.000948703447965
0.992097803984621 -0.000828236442991
0.992998018535252 -0.000718076427133
0.993844170297569 -0.000617812887197
0.994636166481494 -0.000527002053568
0.995373920235722 -0.000445175925797
0.996057350657239 -0.000371857481216
0.996686382800198 -0.000306560857145
0.997260947684137 -0.000248810489582
0.997780982301540 -0.000198145630132
0.998246429624752 -0.000154123231896
0.998657238612229 -0.000116330944567
0.999013364214136 -0.000084392091202
0.999314767377287 -0.000057967121428
0.999561415049429 -0.000036762034147
0.999753280182866 -0.000020529873377
0.999890341737423 -0.000009077202819
0.999972584682756 -0.000002262157278
1.000000000000000 0.000000000000000
