1.000000000000000 0.000000000000000
0.999972584682756 0.000005092723315
0.999890341737423 0.000020408459107
0.999753280182866 0.000046066085373
0.999561415049429 0.000082247089388
0.999314767377287 0.000129216335156
0.999013364214136 0.000187300993824
0.998657238612229 0.000256884931276
0.998246429624752 0.000338416185063
0.997780982301540 0.000432381507051
0.997260947684137 0.000539315295855
0.996686382800198 0.000659763490145
0.996057350657239 0.000794305450789
0.995373920235722 0.000943503225958
0.994636166481494 0.001107921863581
0.993844170297569 0.001288086698227
0.992998018535252 0.001484478171979
0.992097803984621 0.001697509800838
0.991143625364344 0.001927513226030
0.990135587310861 0.002174696132956
0.989073800366903 0.002439150801057
0.987958380969374 0.002720796238750
0.986789451436580 0.003019382533761
0.985567139954818 0.003334435420083
0.984291580564316 0.003665354783924
0.982962913144534 0.004011795816960
0.981581283398829 0.004373410110788
0.980146842838472 0.004749744862144
0.978659748766034 0.005140217333068
0.977120164258138 0.005544110753233
0.975528258147577 0.005960535298766
0.973884205004793 0.006388467285906
0.972188185118741 0.006826688486090
0.970440384477113 0.007273807809567
0.968640994745946 0.007728228016833
0.966790213248601 0.008188736690096
0.964888242944126 0.008654792525463
0.962935292404997 0.009125952426057
0.960931575794250 0.009601786478768
0.958877312841991 0.010081887189113
0.956772728821300 0.010565856777633
0.954618054523534 0.011053320946450
0.952413526233010 0.011543933848449
0.950159385701097 0.012037351924546
0.947855880119706 0.012533288493386
0.945503262094184 0.013031524244747
0.943101789615607 0.013532046059688
0.940651726032496 0.014034986233991
0.938153340021932 0.014540537118138
0.935606905560095 0.015048957945303
0.933012701892219 0.015560571912536
0.930371013501972 0.016075792992141
0.927682130080253 0.016595124231566
0.924946346493432 0.017119185946308
0.922163962751008 0.017648599979510
0.919335283972712 0.018183979732300
0.916460620355050 0.018725815183444
0.913540287137281 0.019274171537074
0.910574604566852 0.019829102356542
0.907563897864277 0.020390727877690
0.904508497187474 0.020959212326595
0.901408737595557 0.021534742848117
0.898264959012098 0.022117504541124
0.895077506187845 0.022707716714946
0.891846728662920 0.023305642066220
0.888572980728485 0.023911563766121
0.885256621387895 0.024525635419753
0.881898014317321 0.025147805582570
0.878497527825878 0.025778015220787
0.875055534815230 0.026416185775194
0.871572412738697 0.027062242521274
0.868048543559867 0.027716095317358
0.864484313710706 0.028377656921398
0.860880114049181 0.029046834323081
0.857236339816402 0.029723538482743
0.853553390593274 0.030407702589243
0.849831670256683 0.031099257441768
0.846071586935203 0.031798156385182
0.842273552964344 0.032504421196559
0.838437984841330 0.033218093788183
0.834565303179429 0.033939220598082
0.830655932661826 0.034667845592388
0.826710301995053 0.035404012410325
0.822728843861975 0.036147777059053
0.818711994874345 0.036899190991831
0.814660195524919 0.037658314639678
0.810573890139155 0.038425216136415
0.806453526826488 0.039199878389146
0.802299557431188 0.039982177038349
0.798112437482808 0.040771959779472
0.793892626146237 0.041569072860941
0.789640586171339 0.042373353424016
0.785356783842216 0.043184640343657
0.781041688926065 0.044002760960912
0.776695774621672 0.044827539898278
0.772319517507513 0.045658811665540
0.767913397489498 0.046496411549291
0.763477897748339 0.047340159202599
0.759013504686565 0.048189938658639
0.754520707875186 0.049045663245654
0.750000000000000 0.049907255293328
0.745451876807570 0.050774637724414
0.740876837050858 0.051647741301494
0.736275382434527 0.052526499395226
0.731648017559931 0.053410852919399
0.726995249869773 0.054300724974179
0.722317589592464 0.055195984632798
0.717615549686164 0.056096439997647
0.712889645782536 0.057001898198267
0.708140396130201 0.057912157949354
0.703368321537900 0.058826965203063
0.698573945317390 0.059746014989972
0.693757793226052 0.060668990711314
0.688920393409234 0.061595563345056
0.684062276342339 0.062525419262246
0.679183974772650 0.063458273955015
0.674286023660908 0.064393832695736
0.669368960122646 0.065331804033672
0.664433323369292 0.066271903888987
0.659479654649035 0.067213914210221
0.654508497187474 0.068157661869820
0.649520396128043 0.069102966397408
0.644515898472236 0.070049643333192
0.639495553019615 0.070997509959399
0.634459910307633 0.071946368635017
0.629409522551260 0.072896023920197
0.624344943582428 0.073846276524951
0.619266728789291 0.074796918453753
0.614175435055328 0.075747611838719
0.609071620698271 0.076697950656867
0.603955845408880 0.077647521910768
0.598828670189563 0.078595910191631
0.593690657292862 0.079542696932137
0.588542370159792 0.080487454165740
0.583384373358051 0.081429758028583
0.578217232520115 0.082369180167689
0.573041514281206 0.083305285034778
0.567857786217152 0.084237676867959
0.562666616782152 0.085166009463897
0.557468575246433 0.086089951417492
0.552264231633827 0.087009174584694
0.547054156659257 0.087923345092101
0.541838921666158 0.088832140998353
0.536619098563816 0.089735251676005
0.531395259764657 0.090632362366922
0.526167978121472 0.091523162935009
0.520937826864600 0.092407351185527
0.515705379539064 0.093284536701820
0.510471209941678 0.094154241764799
0.505235892058123 0.095015982894021
0.500000000000000 0.095869277334102
0.494764107941877 0.096713656385152
0.489528790058322 0.097548641361896
0.484294620460936 0.098373756621565
0.479062173135400 0.099188531217114
0.473832021878528 0.099992499764244
0.468604740235343 0.100785204002235
0.463380901436184 0.101566161227130
0.458161078333842 0.102334868134994
0.452945843340743 0.103090816762820
0.447735768366173 0.103833524762644
0.442531424753567 0.104562505091908
0.437333383217848 0.105277274919039
0.432142213782848 0.105977345559358
0.426958485718794 0.106662243729330
0.421782767479885 0.107331501234479
0.416615626641949 0.107984664799354
0.411457629840209 0.108621250969904
0.406309342707138 0.109240755361014
0.401171329810437 0.109842680644360
0.396044154591120 0.110426551374512
0.390928379301729 0.110991895409348
0.385824564944672 0.111538199963509
0.380733271210710 0.112064915786642
0.375655056417573 0.112571505669686
0.370590477448740 0.113057455903021
0.365540089692367 0.113522263341973
0.360504446980385 0.113965343061434
0.355484101527764 0.114386072152712
0.350479603871957 0.114783844506163
0.345491502812526 0.115158083698056
0.340520345350965 0.115508202960189
0.335566676630708 0.115833408248667
0.330631039877354 0.116132831575449
0.325713976339092 0.116405637704840
0.320816025227350 0.116651025407521
0.315937723657661 0.116868119533192
0.311079606590766 0.117055636894690
0.306242206773949 0.117212236499278
0.301426054682610 0.117336628910645
0.296631678462100 0.117427583926460
0.291859603869799 0.117484165094991
0.287110354217464 0.117505885823181
0.282384450313836 0.117492332289864
0.277682410407536 0.117443122240120
0.273004750130227 0.117357921292961
0.268351982440069 0.117236580935421
0.263724617565473 0.117079074071067
0.259123162949143 0.116885396056080
0.254548123192430 0.116655565635501
0.250000000000000 0.116389720326851
0.245479292124815 0.116088231043715
0.240986495313435 0.115751515698854
0.236522102251661 0.115380000063391
0.232086602510502 0.114974140465106
0.227680482492487 0.114534538693244
0.223304225378328 0.114061856690485
0.218958311073935 0.113556764847683
0.214643216157784 0.113019935774964
0.210359413828661 0.112451986778028
0.206107373853763 0.111853482708889
0.201887562517192 0.111224998308156
0.197700442568813 0.110567118851780
0.193546473173512 0.109880449517320
0.189426109860845 0.109165615139269
0.185339804475081 0.108423248724386
0.181288005125655 0.107653993806302
0.177271156138025 0.106858428176944
0.173289698004947 0.106037055795258
0.169344067338174 0.105190386850968
0.165434696820571 0.104318945732572
0.161562015158670 0.103423223827547
0.157726447035656 0.102503666803411
0.153928413064797 0.101560748825291
0.150168329743317 0.100594965758035
0.146446609406726 0.099606814950020
0.142763660183598 0.098596814726970
0.139119885950819 0.097565506039597
0.135515686289294 0.096513407593034
0.131951456440133 0.095440969455791
0.128427587261303 0.094348658932575
0.124944465184770 0.093236981471098
0.121502472174122 0.092106493571791
0.118101985682679 0.090957814895146
0.114743378612105 0.089791560014786
0.111427019271515 0.088608232430061
0.108153271337080 0.087408156163727
0.104922493812155 0.086191706552047
0.101735040987902 0.084959255260419
0.098591262404443 0.083711174029081
0.095491502812526 0.082447864834844
0.092436102135723 0.081169779646211
0.089425395433148 0.079877416875736
0.086459712862719 0.078571318584274
0.083539379644950 0.077252033615390
0.080664716027288 0.075920029973673
0.077836037248993 0.074575795219053
0.075053653506568 0.073219875816961
0.072317869919747 0.071852858721024
0.069628986498028 0.070475378906296
0.066987298107781 0.069088141960152
0.064393094439905 0.067691919868996
0.061846659978068 0.066287430278388
0.059348273967504 0.064874947009228
0.056898210384393 0.063454649175983
0.054496737905816 0.062026776219419
0.052144119880294 0.060591620012207
0.049840614298903 0.059149549379935
0.047586473766990 0.057701108538015
0.045381945476466 0.056246884954355
0.043227271178700 0.054787472141340
0.041122687158010 0.053323377337619
0.039068424205750 0.051855111777966
0.037064707595003 0.050383043872079
0.035111757055874 0.048907626752815
0.033209786751399 0.047429464589314
0.031359005254054 0.045949285186812
0.029559615522887 0.044468055715534
0.027811814881260 0.042986778218882
0.026115794995207 0.041506217133488
0.024471741852423 0.040027000220007
0.022879835741862 0.038549282634898
0.021340251233966 0.037073246341572
0.019853157161529 0.035599316076281
0.018418716601171 0.034128195809395
0.017037086855466 0.032660691954411
0.015708419435685 0.031197901811459
0.014432860045182 0.029741233977615
0.013210548563420 0.028291458188784
0.012041619030626 0.026848801838624
0.010926199633097 0.025413382521912
0.009864412689139 0.023985596911613
0.008856374635656 0.022566267205866
0.007902196015379 0.021156525967222
0.007001981464748 0.019758019977608
0.006155829702431 0.018372918133296
0.005363833518506 0.017003592501284
0.004626079764278 0.015650744871127
0.003942649342761 0.014313617748224
0.003313617199802 0.012991994363983
0.002739052315863 0.011686218475827
0.002219017698460 0.010397228220004
0.001753570375248 0.009127092037160
0.001342761387771 0.007879057306401
0.000986635785864 0.006659416440408
0.000685232622713 0.005473192744560
0.000438584950571 0.004318990106602
0.000246719817134 0.003194249702920
0.000109658262577 0.002097259820848
0.000027415317244 0.001029241344361
0.000000000000000 0.000000000000000
0.000027415317244 -0.000988422703911
0.000109658262577 -0.001938767279855
0.000246719817134 -0.002861790203663
0.000438584950571 -0.003764011758880
0.000685232622713 -0.004608445534857
0.000986635785864 -0.005395019042149
0.001342761387771 -0.006091503734691
0.001753570375248 -0.006677194493275
0.002219017698460 -0.007165578359631
0.002739052315863 -0.007603468290778
0.003313617199802 -0.008023916380193
0.003942649342761 -0.008428281511359
0.004626079764278 -0.008816357346692
0.005363833518506 -0.009193748425806
0.006155829702431 -0.009564711680723
0.007001981464748 -0.009930847694987
0.007902196015379 -0.010292850914352
0.008856374635656 -0.010650893940108
0.009864412689139 -0.011004856939186
0.010926199633097 -0.011354602992909
0.012041619030626 -0.011699688616700
0.013210548563420 -0.012039755593931
0.014432860045182 -0.012374586202519
0.015708419435684 -0.012704394474875
0.017037086855466 -0.013029581587175
0.018418716601171 -0.013349393891237
0.019853157161528 -0.013662854601458
0.021340251233966 -0.013969303155279
0.022879835741862 -0.014268268519945
0.024471741852423 -0.014559473000487
0.026115794995207 -0.014842876098170
0.027811814881259 -0.015118706880345
0.029559615522887 -0.015387452877935
0.031359005254054 -0.015649897844837
0.033209786751399 -0.015907165621772
0.035111757055874 -0.016160334892527
0.037064707595003 -0.016409341101781
0.039068424205750 -0.016653903202891
0.041122687158009 -0.016893787970779
0.043227271178699 -0.017128838369178
0.045381945476466 -0.017358986218198
0.047586473766990 -0.017584249448803
0.049840614298903 -0.017804720752686
0.052144119880293 -0.018020598574332
0.054496737905816 -0.018232242863632
0.056898210384393 -0.018440077815771
0.059348273967504 -0.018644357111482
0.061846659978068 -0.018845309981690
0.064393094439905 -0.019043030396685
0.066987298107781 -0.019237564596094
0.069628986498028 -0.019429044386870
0.072317869919747 -0.019617692901732
0.075053653506568 -0.019803784046314
0.077836037248992 -0.019987630184499
0.080664716027288 -0.020169604826612
0.083539379644950 -0.020350187391123
0.086459712862719 -0.020529932850558
0.089425395433148 -0.020709232510143
0.092436102135723 -0.020888187100231
0.095491502812526 -0.021066888256236
0.098591262404443 -0.021245392198024
0.101735040987902 -0.021423749388079
0.104922493812155 -0.021602028154663
0.108153271337080 -0.021780326987159
0.111427019271514 -0.021958759476889
0.114743378612105 -0.022137469561142
0.118101985682679 -0.022316631914093
0.121502472174122 -0.022496429119356
0.124944465184770 -0.022676919796009
0.128427587261303 -0.022858086292636
0.131951456440133 -0.023039909213944
0.135515686289294 -0.023222335048623
0.139119885950819 -0.023405294352519
0.142763660183598 -0.023588720731916
0.146446609406726 -0.023772555489250
0.150168329743317 -0.023956744597740
0.153928413064796 -0.024141235986147
0.157726447035656 -0.024325976669173
0.161562015158669 -0.024510909029969
0.165434696820571 -0.024695979930832
0.169344067338174 -0.024881131750754
0.173289698004947 -0.025066308684122
0.177271156138025 -0.025251451235105
0.181288005125655 -0.025436504826741
0.185339804475081 -0.025621415490142
0.189426109860845 -0.025806132492924
0.193546473173511 -0.025990603366854
0.197700442568812 -0.026174773414163
0.201887562517192 -0.026358580454361
0.206107373853763 -0.026541966007377
0.210359413828660 -0.026724862281518
0.214643216157784 -0.026907161599317
0.218958311073935 -0.027088745258416
0.223304225378328 -0.027269491157744
0.227680482492486 -0.027449278604423
0.232086602510501 -0.027627984830912
0.236522102251661 -0.027805485740054
0.240986495313435 -0.027981656522201
0.245479292124814 -0.028156373861791
0.250000000000000 -0.028329521680480
0.254548123192429 -0.028500981253215
0.259123162949142 -0.028670633184396
0.263724617565473 -0.028838367534417
0.268351982440069 -0.029004084756337
0.273004750130227 -0.029167686812997
0.277682410407536 -0.029329074381975
0.282384450313836 -0.029488145867198
0.287110354217464 -0.029644795393507
0.291859603869799 -0.029798913358322
0.296631678462100 -0.029950393150657
0.301426054682609 -0.030099138507113
0.306242206773948 -0.030245099605395
0.311079606590766 -0.030388236207217
0.315937723657661 -0.030528511104131
0.320816025227350 -0.030665889268385
0.325713976339092 -0.030800346446321
0.330631039877354 -0.030931863868952
0.335566676630708 -0.031060426580832
0.340520345350965 -0.031186021242562
0.345491502812526 -0.031308626519239
0.350479603871956 -0.031428204863349
0.355484101527764 -0.031544717779780
0.360504446980385 -0.031658128368330
0.365540089692367 -0.031768400159367
0.370590477448739 -0.031875481703668
0.375655056417572 -0.031979314924450
0.380733271210709 -0.032079841278442
0.385824564944672 -0.032177004221995
0.390928379301728 -0.032270750497092
0.396044154591120 -0.032361034584747
0.401171329810437 -0.032447812803692
0.406309342707137 -0.032531044016296
0.411457629840208 -0.032610687866417
0.416615626641949 -0.032686710268900
0.421782767479884 -0.032759086547957
0.426958485718794 -0.032827793278552
0.432142213782848 -0.032892809068251
0.437333383217848 -0.032954113776282
0.442531424753567 -0.033011684840191
0.447735768366173 -0.033065497458408
0.452945843340743 -0.033115528810699
0.458161078333842 -0.033161757572673
0.463380901436184 -0.033204160053782
0.468604740235343 -0.033242683962086
0.473832021878528 -0.033277264776029
0.479062173135400 -0.033307839111897
0.484294620460935 -0.033334345400262
0.489528790058321 -0.033356724262156
0.494764107941877 -0.033374921347964
0.500000000000000 -0.033388885081633
0.505235892058122 -0.033398565619107
0.510471209941678 -0.033403915043072
0.515705379539064 -0.033404892702222
0.520937826864600 -0.033401475526294
0.526167978121472 -0.033393645265512
0.531395259764656 -0.033381385611819
0.536619098563816 -0.033364682273026
0.541838921666157 -0.033343524527459
0.547054156659257 -0.033317906369072
0.552264231633827 -0.033287824102791
0.557468575246433 -0.033253276257995
0.562666616782152 -0.033214261938405
0.567857786217152 -0.033170752276710
0.573041514281206 -0.033122687234730
0.578217232520115 -0.033070007762331
0.583384373358051 -0.033012657855981
0.588542370159791 -0.032950584279930
0.593690657292862 -0.032883736610154
0.598828670189563 -0.032812067621102
0.603955845408879 -0.032735533047564
0.609071620698271 -0.032654091429380
0.614175435055328 -0.032567698681341
0.619266728789290 -0.032476287270955
0.624344943582427 -0.032379788144349
0.629409522551260 -0.032278136181270
0.634459910307633 -0.032171269782406
0.639495553019614 -0.032059130973937
0.644515898472235 -0.031941666400032
0.649520396128043 -0.031818827007814
0.654508497187474 -0.031690566505807
0.659479654649035 -0.031556840411188
0.664433323369291 -0.031417575978725
0.669368960122646 -0.031272695510290
0.674286023660907 -0.031122124948998
0.679183974772650 -0.030965798763638
0.684062276342339 -0.030803642495383
0.688920393409233 -0.030635573635538
0.693757793226051 -0.030461515686889
0.698573945317390 -0.030281397818040
0.703368321537900 -0.030095150244313
0.708140396130200 -0.029902681450027
0.712889645782536 -0.029703904289528
0.717615549686163 -0.029498742525528
0.722317589592464 -0.029287091578830
0.726995249869773 -0.029068691516677
0.731648017559930 -0.028843238033377
0.736275382434527 -0.028610446413230
0.740876837050857 -0.028370057481457
0.745451876807570 -0.028121920741537
0.750000000000000 -0.027865932156295
0.754520707875185 -0.027602003901691
0.759013504686565 -0.027329969395767
0.763477897748338 -0.027049173820586
0.767913397489498 -0.026758814712728
0.772319517507513 -0.026458131452367
0.776695774621672 -0.026146352667760
0.781041688926065 -0.025822577142232
0.785356783842216 -0.025485915130769
0.789640586171339 -0.025135532500847
0.793892626146236 -0.024770701697599
0.798112437482808 -0.024390822129225
0.802299557431187 -0.023995343700350
0.806453526826488 -0.023583857511770
0.810573890139155 -0.023156644323436
0.814660195524918 -0.022714275928915
0.818711994874345 -0.022257331484132
0.822728843861975 -0.021786339548718
0.826710301995052 -0.021301773136069
0.830655932661826 -0.020804109025457
0.834565303179429 -0.020293867159958
0.838437984841330 -0.019771708587785
0.842273552964344 -0.019238302246528
0.846071586935203 -0.018694499174455
0.849831670256683 -0.018142033502417
0.853553390593274 -0.017582849041018
0.857236339816401 -0.017018794298767
0.860880114049181 -0.016451554009906
0.864484313710706 -0.015882696796623
0.868048543559867 -0.015313735601976
0.871572412738697 -0.014746141255253
0.875055534815230 -0.014181323589248
0.878497527825878 -0.013620555862282
0.881898014317321 -0.013064873491972
0.885256621387894 -0.012515231954858
0.888572980728485 -0.011972482414847
0.891846728662920 -0.011437377485559
0.895077506187845 -0.010910615156547
0.898264959012098 -0.010392850183966
0.901408737595557 -0.009884694295139
0.904508497187474 -0.009386696923554
0.907563897864277 -0.008899345909381
0.910574604566852 -0.008423079474643
0.913540287137281 -0.007958358479287
0.916460620355049 -0.007505610040328
0.919335283972712 -0.007065235239869
0.922163962751007 -0.006637609555556
0.924946346493432 -0.006223051798510
0.927682130080253 -0.005821808251463
0.930371013501972 -0.005434081153834
0.933012701892219 -0.005060032343903
0.935606905560095 -0.004699770712778
0.938153340021932 -0.004353341602900
0.940651726032496 -0.004020759705847
0.943101789615607 -0.003702089018997
0.945503262094184 -0.003397403834219
0.947855880119706 -0.003106780222147
0.950159385701097 -0.002830261351860
0.952413526233010 -0.002567813449201
0.954618054523534 -0.002319353726681
0.956772728821300 -0.002084747702389
0.958877312841991 -0.001863819447442
0.960931575794250 -0.001656354240459
0.962935292404997 -0.001462082872322
0.964888242944126 -0.001280697906384
0.966790213248601 -0.001111925037932
0.968640994745946 -0.000955528976293
0.970440384477113 -0.000811339092982
0.972188185118740 -0.000679138290067
0.973884205004793 -0.000558630679337
0.975528258147577 -0.000449474261849
0.977120164258138 -0.000351283043597
0.978659748766034 -0.000263627057945
0.980146842838471 -0.000186039430662
0.981581283398829 -0.000118023914096
0.982962913144534 -0.000059060037649
0.984291580564316 -0.000008590951611
0.985567139954818 0.000033899827851
0.986789451436580 0.000068844922874
0.987958380969374 0.000096688338265
0.989073800366903 0.000117916081833
0.990135587310861 0.000133057065673
0.991143625364344 0.000142667473551
0.992097803984621 0.000147326672924
0.992998018535252 0.000147627625852
0.993844170297569 0.000144170355419
0.994636166481494 0.000137555067583
0.995373920235722 0.000128375392782
0.996057350657239 0.000117211831909
0.996686382800198 0.000104626743245
0.997260947684137 0.000091158005543
0.997780982301540 0.000077314615298
0.998246429624752 0.000063571220783
0.998657238612229 0.000050364384189
0.999013364214136 0.000038089079414
0.999314767377287 0.000027093238901
0.999561415049429 0.000017678169712
0.999753280182866 0.000010092882197
0.999890341737423 0.000004532946598
0.999972584682756 0.000001140313809
1.000000000000000 0.000000000000000
