1.000000000000000 0.000000000000000
0.999972584682756 0.000002603030961
0.999890341737423 0.000010443522724
0.999753280182866 0.000023606561536
0.999561415049429 0.000042241688704
0.999314767377287 0.000066548457583
0.999013364214136 0.000096780184805
0.998657238612229 0.000133236229525
0.998246429624752 0.000176264424378
0.997780982301540 0.000226242037232
0.997260947684137 0.000283582095057
0.996686382800198 0.000348715991176
0.996057350657239 0.000422090669115
0.995373920235722 0.000504154935140
0.994636166481494 0.000595353223566
0.993844170297569 0.000696107597617
0.992998018535252 0.000806814503494
0.992097803984621 0.000927817629460
0.991143625364344 0.001059410611537
0.990135587310861 0.001201810008506
0.989073800366903 0.001355134730641
0.987958380969374 0.001519411290278
0.986789451436580 0.001694521553310
0.985567139954818 0.001880233113732
0.984291580564316 0.002076268652024
0.982962913144534 0.002282558365394
0.981581283398829 0.002499015187414
0.980146842838472 0.002725463669976
0.978659748766034 0.002961655579232
0.977120164258138 0.003207258547710
0.975528258147577 0.003461839266365
0.973884205004793 0.003724868632528
0.972188185118741 0.003995705395930
0.970440384477113 0.004273587510054
0.968640994745946 0.004557634993118
0.966790213248601 0.004847232475639
0.964888242944126 0.005142148248244
0.962935292404997 0.005442172523634
0.960931575794250 0.005747092980593
0.958877312841991 0.006056710036431
0.956772728821300 0.006370813619237
0.954618054523534 0.006689211059228
0.952413526233010 0.007011696437420
0.950159385701097 0.007338078404748
0.947855880119706 0.007668170336710
0.945503262094184 0.008001820446642
0.943101789615607 0.008339036843619
0.940651726032496 0.008679927108003
0.938153340021932 0.009024619300127
0.935606905560095 0.009373288958994
0.933012701892219 0.009726148358034
0.930371013501972 0.010083457449967
0.927682130080253 0.010445510960157
0.924946346493432 0.010812659144081
0.922163962751008 0.011185294707778
0.919335283972712 0.011563845979357
0.916460620355050 0.011948573478759
0.913540287137281 0.012339480219068
0.910574604566852 0.012736565656925
0.907563897864277 0.013139830671213
0.904508497187474 0.013549277748794
0.901408737595557 0.013964919477713
0.898264959012098 0.014386759616199
0.895077506187845 0.014814815832630
0.891846728662920 0.015249103219446
0.888572980728485 0.015689647868851
0.885256621387895 0.016136463832781
0.881898014317321 0.016589578924145
0.878497527825878 0.017049011981973
0.875055534815230 0.017514788759335
0.871572412738697 0.017986940788678
0.868048543559867 0.018465498786677
0.864484313710706 0.018950497846565
0.860880114049181 0.019441979387170
0.857236339816402 0.019939980420463
0.853553390593274 0.020444548176789
0.849831670256683 0.020955725286708
0.846071586935203 0.021473470813281
0.842273552964344 0.021997655882650
0.838437984841330 0.022528133079985
0.834565303179429 0.023064756828119
0.830655932661826 0.023607374854166
0.826710301995053 0.024155830824892
0.822728843861975 0.024709950661145
0.818711994874345 0.025269534261056
0.814660195524919 0.025834368101016
0.810573890139155 0.026404255909370
0.806453526826488 0.026979151342128
0.802299557431188 0.027559052041007
0.798112437482808 0.028143971790678
0.793892626146237 0.028733935985903
0.789640586171339 0.029329009711449
0.785356783842216 0.029929256995382
0.781041688926065 0.030534752400031
0.776695774621672 0.031145570736349
0.772319517507513 0.031761805686964
0.767913397489498 0.032383538046767
0.763477897748339 0.033010776008916
0.759013504686565 0.033643267095145
0.754520707875186 0.034280722117037
0.750000000000000 0.034922834361725
0.745451876807570 0.035569273361118
0.740876837050858 0.036219653735757
0.736275382434527 0.036873591533312
0.731648017559931 0.037530677416885
0.726995249869773 0.038190548964694
0.722317589592464 0.038852901112346
0.717615549686164 0.039517430875747
0.712889645782536 0.040183832379559
0.708140396130201 0.040851860683374
0.703368321537900 0.041521409884657
0.698573945317390 0.042192398247171
0.693757793226052 0.042864732295615
0.688920393409234 0.043538327991494
0.684062276342339 0.044213062729154
0.679183974772650 0.044888813554125
0.674286023660908 0.045565462535732
0.669368960122646 0.046242874942201
0.664433323369292 0.046920847076693
0.659479654649035 0.047599123686926
0.654508497187474 0.048277451400343
0.649520396128043 0.048955567161248
0.644515898472236 0.049633213431629
0.639495553019615 0.050310121469525
0.634459910307633 0.050986033026893
0.629409522551260 0.051660676110027
0.624344943582428 0.052333782562091
0.619266728789291 0.053005055374117
0.614175435055328 0.053674184270452
0.609071620698271 0.054340857351179
0.603955845408880 0.055004761535234
0.598828670189563 0.055665578847962
0.593690657292862 0.056322997934681
0.588542370159792 0.056976705317016
0.583384373358051 0.057626391934942
0.578217232520115 0.058271740940940
0.573041514281206 0.058912412789763
0.567857786217152 0.059548019266837
0.562666616782152 0.060178169158817
0.557468575246433 0.060802473067665
0.552264231633827 0.061420535377455
0.547054156659257 0.062031968311674
0.541838921666158 0.062636375692884
0.536619098563816 0.063233368309899
0.531395259764657 0.063822552704904
0.526167978121472 0.064403538036005
0.520937826864600 0.064975845757715
0.515705379539064 0.065538937522853
0.510471209941678 0.066092278612945
0.505235892058123 0.066635337905711
0.500000000000000 0.067167585794569
0.494764107941877 0.067688428630565
0.489528790058322 0.068197250408227
0.484294620460936 0.068693439259015
0.479062173135400 0.069176392821058
0.473832021878528 0.069645535852453
0.468604740235343 0.070100430328276
0.463380901436184 0.070540693968056
0.458161078333842 0.070965959404557
0.452945843340743 0.071375861954805
0.447735768366173 0.071770050922715
0.442531424753567 0.072148200511847
0.437333383217848 0.072510004320103
0.432142213782848 0.072855158642234
0.426958485718794 0.073183373722151
0.421782767479885 0.073494410315650
0.416615626641949 0.073788176747200
0.411457629840209 0.074064621286483
0.406309342707138 0.074323702052611
0.401171329810437 0.074565380557731
0.396044154591120 0.074789643934362
0.390928379301729 0.074996518524603
0.385824564944672 0.075186042439466
0.380733271210710 0.075358260678172
0.375655056417573 0.075513225904426
0.370590477448740 0.075650993194458
0.365540089692367 0.075771617430203
0.360504446980385 0.075875160421469
0.355484101527764 0.075961692653816
0.350479603871957 0.076031290633246
0.345491502812526 0.076084031614284
0.340520345350965 0.076119996278724
0.335566676630708 0.076139273043807
0.330631039877354 0.076141957672443
0.325713976339092 0.076128181900698
0.320816025227350 0.076098197234545
0.315937723657661 0.076052287910526
0.311079606590766 0.075990741317250
0.306242206773949 0.075913848748914
0.301426054682610 0.075821923672341
0.296631678462100 0.075715303341738
0.291859603869799 0.075594327894062
0.287110354217464 0.075459338849701
0.282384450313836 0.075310660792184
0.277682410407536 0.075148538048448
0.273004750130227 0.074973198108441
0.268351982440069 0.074784872364168
0.263724617565473 0.074583797689368
0.259123162949143 0.074370219949074
0.254548123192430 0.074144393183703
0.250000000000000 0.073906573757405
0.245479292124815 0.073657021567881
0.240986495313435 0.073395928526939
0.236522102251661 0.073123401152508
0.232086602510502 0.072839548686962
0.227680482492487 0.072544490416193
0.223304225378328 0.072238306403800
0.218958311073935 0.071921001519120
0.214643216157784 0.071592588684188
0.210359413828661 0.071253095241375
0.206107373853763 0.070902575853311
0.201887562517192 0.070541116223895
0.197700442568813 0.070168816437511
0.193546473173512 0.069785792002395
0.189426109860845 0.069392144721210
0.185339804475081 0.068987963789144
0.181288005125655 0.068573356889044
0.177271156138025 0.068148444586630
0.173289698004947 0.067713397552135
0.169344067338174 0.067268412525366
0.165434696820571 0.066813700856355
0.161562015158670 0.066349429727495
0.157726447035656 0.065875639133206
0.153928413064797 0.065392366325744
0.150168329743317 0.064899662518675
0.146446609406726 0.064397515920615
0.142763660183598 0.063885879222434
0.139119885950819 0.063364738083884
0.135515686289294 0.062834128051630
0.131951456440133 0.062294171303157
0.128427587261303 0.061745009477269
0.124944465184770 0.061186757706945
0.121502472174122 0.060619343033009
0.118101985682679 0.060042663188311
0.114743378612105 0.059456666006279
0.111427019271515 0.058861246095197
0.108153271337080 0.058256329669142
0.104922493812155 0.057641904745727
0.101735040987902 0.057018107737477
0.098591262404443 0.056385166773362
0.095491502812526 0.055743255213838
0.092436102135723 0.055092007108158
0.089425395433148 0.054430917950256
0.086459712862719 0.053759512536114
0.083539379644950 0.053077133520258
0.080664716027288 0.052383187098166
0.077836037248993 0.051677231257561
0.075053653506568 0.050959040505742
0.072317869919747 0.050228484629761
0.069628986498028 0.049485402102046
0.066987298107781 0.048729618032954
0.064393094439905 0.047960965095775
0.061846659978068 0.047178925354743
0.059348273967504 0.046383031015464
0.056898210384393 0.045572993383794
0.054496737905816 0.044748676438236
0.052144119880294 0.043910101828340
0.049840614298903 0.043057450757726
0.047586473766990 0.042190989148877
0.045381945476466 0.041310915691173
0.043227271178700 0.040417425932703
0.041122687158010 0.039510701533980
0.039068424205750 0.038590923166132
0.037064707595003 0.037658397985218
0.035111757055874 0.036713575876877
0.033209786751399 0.035757122476640
0.031359005254054 0.034789879213682
0.029559615522887 0.033812773530885
0.027811814881260 0.032826352546999
0.026115794995207 0.031831043479018
0.024471741852423 0.030826551156860
0.022879835741862 0.029812679602020
0.021340251233966 0.028789540389305
0.019853157161529 0.027757513870786
0.018418716601171 0.026717111704557
0.017037086855466 0.025669101776674
0.015708419435685 0.024614576514975
0.014432860045182 0.023554397733137
0.013210548563420 0.022489162152723
0.012041619030626 0.021419446786082
0.010926199633097 0.020345988378543
0.009864412689139 0.019269960676020
0.008856374635656 0.018192813313838
0.007902196015379 0.017116377782541
0.007001981464748 0.016043107910609
0.006155829702431 0.014975571804541
0.005363833518506 0.013915647211799
0.004626079764278 0.012862651601224
0.003942649342761 0.011815715147134
0.003313617199802 0.010774440821338
0.002739052315863 0.009738704623704
0.002219017698460 0.008708666475262
0.001753570375248 0.007685034612820
0.001342761387771 0.006669332869880
0.000986635785864 0.005663894615274
0.000685232622713 0.004670950286591
0.000438584950571 0.003692116873410
0.000246719817134 0.002729840870072
0.000109658262577 0.001786970284135
0.000027415317244 0.000871259973037
0.000000000000000 0.000000000000000
0.000027415317244 -0.000829250431664
0.000109658262577 -0.001634241447198
0.000246719817134 -0.002418093147656
0.000438584950571 -0.003152876282534
0.000685232622713 -0.003765174147348
0.000986635785864 -0.004299321709860
0.001342761387771 -0.004798104000243
0.001753570375248 -0.005286077160382
0.002219017698460 -0.005773194898297
0.002739052315863 -0.006263560301608
0.003313617199802 -0.006757810087458
0.003942649342761 -0.007256288002572
0.004626079764278 -0.007759317793597
0.005363833518506 -0.008266877265325
0.006155829702431 -0.008778545820545
0.007001981464748 -0.009294347435531
0.007902196015379 -0.009815264932249
0.008856374635656 -0.010340885815747
0.009864412689139 -0.010869886126813
0.010926199633097 -0.011400624404691
0.012041619030626 -0.011931866057443
0.013210548563420 -0.012462887580385
0.014432860045182 -0.012993457728963
0.015708419435684 -0.013523577693132
0.017037086855466 -0.014053289053411
0.018418716601171 -0.014581818268333
0.019853157161528 -0.015107977553683
0.021340251233966 -0.015630915282951
0.022879835741862 -0.016150030140910
0.024471741852423 -0.016664882836476
0.026115794995207 -0.017175270227037
0.027811814881259 -0.017681232108817
0.029559615522887 -0.018183158643986
0.031359005254054 -0.018681688133261
0.033209786751399 -0.019177268421488
0.035111757055874 -0.019670165127710
0.037064707595003 -0.020159886887100
0.039068424205750 -0.020645963703348
0.041122687158009 -0.021128176920367
0.043227271178699 -0.021606413416337
0.045381945476466 -0.022080638945188
0.047586473766990 -0.022550964287222
0.049840614298903 -0.023017665873192
0.052144119880293 -0.023481108520177
0.054496737905816 -0.023941683276719
0.056898210384393 -0.024399647869555
0.059348273967504 -0.024854727169165
0.061846659978068 -0.025306596725036
0.064393094439905 -0.025755063398854
0.066987298107781 -0.026199995514004
0.069628986498028 -0.026641282648528
0.072317869919747 -0.027078860997835
0.075053653506568 -0.027512750714975
0.077836037248992 -0.027943052595863
0.080664716027288 -0.028369865557311
0.083539379644950 -0.028793124324033
0.086459712862719 -0.029212745987159
0.089425395433148 -0.029628622208723
0.092436102135723 -0.030040613531437
0.095491502812526 -0.030448624632201
0.098591262404443 -0.030852600588280
0.101735040987902 -0.031252525364951
0.104922493812155 -0.031648428271736
0.108153271337080 -0.032040388297455
0.111427019271514 -0.032428497174687
0.114743378612105 -0.032812714322590
0.118101985682679 -0.033192944470849
0.121502472174122 -0.033569104592719
0.124944465184770 -0.033941081940619
0.128427587261303 -0.034308777673476
0.131951456440133 -0.034672110113481
0.135515686289294 -0.035031036012445
0.139119885950819 -0.035385539676918
0.142763660183598 -0.035735609506433
0.146446609406726 -0.036081207074385
0.150168329743317 -0.036422306144582
0.153928413064796 -0.036758876447689
0.157726447035656 -0.037090841684691
0.161562015158669 -0.037418115531471
0.165434696820571 -0.037740618571337
0.169344067338174 -0.038058308874922
0.173289698004947 -0.038371161975986
0.177271156138025 -0.038679171634426
0.181288005125655 -0.038982325431013
0.185339804475081 -0.039280586318513
0.189426109860845 -0.039573923889958
0.193546473173511 -0.039862313720449
0.197700442568812 -0.040145682379614
0.201887562517192 -0.040423936070918
0.206107373853763 -0.040696992841788
0.210359413828660 -0.040964776149337
0.214643216157784 -0.041227236287165
0.218958311073935 -0.041484326558815
0.223304225378328 -0.041736012621805
0.227680482492486 -0.041982258101836
0.232086602510501 -0.042223021078832
0.236522102251661 -0.042458271523138
0.240986495313435 -0.042687981870631
0.245479292124814 -0.042912133657087
0.250000000000000 -0.043130715536182
0.254548123192429 -0.043343722683587
0.259123162949142 -0.043551157087900
0.263724617565473 -0.043753018900789
0.268351982440069 -0.043949305663289
0.273004750130227 -0.044140022233415
0.277682410407536 -0.044325178046537
0.282384450313836 -0.044504732453258
0.287110354217464 -0.044678591049379
0.291859603869799 -0.044846658778981
0.296631678462100 -0.045008843019563
0.301426054682609 -0.045165058703474
0.306242206773948 -0.045315228825077
0.311079606590766 -0.045459282325982
0.315937723657661 -0.045597149893916
0.320816025227350 -0.045728768210415
0.325713976339092 -0.045854084989767
0.330631039877354 -0.045973055687007
0.335566676630708 -0.046085639021709
0.340520345350965 -0.046191797235563
0.345491502812526 -0.046291502059516
0.350479603871956 -0.046384735996956
0.355484101527764 -0.046471484587529
0.360504446980385 -0.046551738690756
0.365540089692367 -0.046625487031990
0.370590477448739 -0.046692691125852
0.375655056417572 -0.046753302562675
0.380733271210709 -0.046807276886513
0.385824564944672 -0.046854572012688
0.390928379301728 -0.046895145153418
0.396044154591120 -0.046928947664957
0.401171329810437 -0.046955933235079
0.406309342707137 -0.046976057830692
0.411457629840208 -0.046989280049946
0.416615626641949 -0.046995544247837
0.421782767479884 -0.046994780318897
0.426958485718794 -0.046986919959965
0.432142213782848 -0.046971897514326
0.437333383217848 -0.046949649642217
0.442531424753567 -0.046920109894683
0.447735768366173 -0.046883211789724
0.452945843340743 -0.046838891435886
0.458161078333842 -0.046787087708844
0.463380901436184 -0.046727731947233
0.468604740235343 -0.046660698967377
0.473832021878528 -0.046585845855794
0.479062173135400 -0.046503032846220
0.484294620460935 -0.046412123106917
0.489528790058321 -0.046312957373090
0.494764107941877 -0.046205295674893
0.500000000000000 -0.046088881221582
0.505235892058122 -0.045963462250148
0.510471209941678 -0.045828789885409
0.515705379539064 -0.045684661323481
0.520937826864600 -0.045530973955263
0.526167978121472 -0.045367642517624
0.531395259764656 -0.045194585161467
0.536619098563816 -0.045011725892691
0.541838921666157 -0.044819047255591
0.547054156659257 -0.044616612590811
0.552264231633827 -0.044404494849034
0.557468575246433 -0.044182772656207
0.562666616782152 -0.043951526636564
0.567857786217152 -0.043710812124228
0.573041514281206 -0.043460662516186
0.578217232520115 -0.043201115328769
0.583384373358051 -0.042932213892348
0.588542370159791 -0.042653998403112
0.593690657292862 -0.042366488902178
0.598828670189563 -0.042069692759988
0.603955845408879 -0.041763625179418
0.609071620698271 -0.041448303735274
0.614175435055328 -0.041123766914160
0.619266728789290 -0.040790097974409
0.624344943582427 -0.040447393687387
0.629409522551260 -0.040095754648105
0.634459910307633 -0.039735285406797
0.639495553019614 -0.039366145328421
0.644515898472235 -0.038988549262883
0.649520396128043 -0.038602718448544
0.654508497187474 -0.038208869392979
0.659479654649035 -0.037807225929745
0.664433323369291 -0.037397985651605
0.669368960122646 -0.036981341829752
0.674286023660907 -0.036557493409546
0.679183974772650 -0.036126638788844
0.684062276342339 -0.035688953171060
0.688920393409233 -0.035244591654802
0.693757793226051 -0.034793715184006
0.698573945317390 -0.034336481039118
0.703368321537900 -0.033873050010029
0.708140396130200 -0.033403579010513
0.712889645782536 -0.032928224137228
0.717615549686163 -0.032447146983718
0.722317589592464 -0.031960547845649
0.726995249869773 -0.031468771363831
0.731648017559930 -0.030972194750318
0.736275382434527 -0.030471192451645
0.740876837050857 -0.029966135521508
0.745451876807570 -0.029457394352904
0.750000000000000 -0.028945342926167
0.754520707875185 -0.028430341386244
0.759013504686565 -0.027912761743828
0.763477897748338 -0.027393008256441
0.767913397489498 -0.026871487559533
0.772319517507513 -0.026348600416523
0.776695774621672 -0.025824770796730
0.781041688926065 -0.025300492369199
0.785356783842216 -0.024776254831268
0.789640586171339 -0.024252532943060
0.793892626146236 -0.023729782874345
0.798112437482808 -0.023208432274030
0.802299557431187 -0.022688899437241
0.806453526826488 -0.022171584237209
0.810573890139155 -0.021656861072707
0.814660195524918 -0.021145086595407
0.818711994874345 -0.020636602946986
0.822728843861975 -0.020131723646106
0.826710301995052 -0.019630744690663
0.830655932661826 -0.019133949729575
0.834565303179429 -0.018641610349317
0.838437984841330 -0.018154000554385
0.842273552964344 -0.017671378327088
0.846071586935203 -0.017193980440476
0.849831670256683 -0.016722004001357
0.853553390593274 -0.016255629776047
0.857236339816401 -0.015795011708780
0.860880114049181 -0.015340258527358
0.864484313710706 -0.014891459427158
0.868048543559867 -0.014448698178139
0.871572412738697 -0.014012071523849
0.875055534815230 -0.013581661341621
0.878497527825878 -0.013157548298988
0.881898014317321 -0.012739798248173
0.885256621387894 -0.012328469809357
0.888572980728485 -0.011923648943744
0.891846728662920 -0.011525424675740
0.895077506187845 -0.011133884436661
0.898264959012098 -0.010749117854099
0.901408737595557 -0.010371207163390
0.904508497187474 -0.010000224320647
0.907563897864277 -0.009636227686342
0.910574604566852 -0.009279267884756
0.913540287137281 -0.008929402803633
0.916460620355049 -0.008586684694947
0.919335283972712 -0.008251106509344
0.922163962751007 -0.007922617536089
0.924946346493432 -0.007601129986364
0.927682130080253 -0.007286503236199
0.930371013501972 -0.006978596307593
0.933012701892219 -0.006677300341536
0.935606905560095 -0.006382512775656
0.938153340021932 -0.006094137146814
0.940651726032496 -0.005812086471508
0.943101789615607 -0.005536266724692
0.945503262094184 -0.005266601140768
0.947855880119706 -0.005003062170383
0.950159385701097 -0.004745653779206
0.952413526233010 -0.004494444687769
0.954618054523534 -0.004249508149194
0.956772728821300 -0.004010897437451
0.958877312841991 -0.003778648285775
0.960931575794250 -0.003552793360366
0.962935292404997 -0.003333359280243
0.964888242944126 -0.003120368318101
0.966790213248601 -0.002913802135147
0.968640994745946 -0.002713667620773
0.970440384477113 -0.002520080548496
0.972188185118740 -0.002333316863741
0.973884205004793 -0.002153793799131
0.975528258147577 -0.001981809554751
0.977120164258138 -0.001817576659101
0.978659748766034 -0.001661249022309
0.980146842838471 -0.001512906589559
0.981581283398829 -0.001372580039145
0.982962913144534 -0.001240240207256
0.984291580564316 -0.001115810422658
0.985567139954818 -0.000999174895188
0.986789451436580 -0.000890210544434
0.987958380969374 -0.000788916054598
0.989073800366903 -0.000695257911390
0.990135587310861 -0.000609127898125
0.991143625364344 -0.000530341713358
0.992097803984621 -0.000458664725544
0.992998018535252 -0.000393810413745
0.993844170297569 -0.000335456188830
0.994636166481494 -0.000283250614946
0.995373920235722 -0.000236823755583
0.996057350657239 -0.000195793941933
0.996686382800198 -0.000159777030395
0.997260947684137 -0.000128391680737
0.997780982301540 -0.000101267678157
0.998246429624752 -0.000078052880417
0.998657238612229 -0.000058415555285
0.999013364214136 -0.000042050244073
0.999314767377287 -0.000028686808768
0.999561415049429 -0.000018088004480
0.999753280182866 -0.000010054858296
0.999890341737423 -0.000004430608521
0.999972584682756 -0.000001101879623
1.000000000000000 0.000000000000000
