1.000000000000000 0.000000000000000
0.999972584682756 0.000008377749804
0.999890341737423 0.000033538270165
0.999753280182866 0.000075573693327
0.999561415049429 0.000134618003235
0.999314767377287 0.000210866216485
0.999013364214136 0.000304571199716
0.998657238612229 0.000416017558312
0.998246429624752 0.000545538180896
0.997780982301540 0.000693491471855
0.997260947684137 0.000860265095150
0.996686382800198 0.001046262160346
0.996057350657239 0.001251897635911
0.995373920235722 0.001477559264073
0.994636166481494 0.001723647871192
0.993844170297569 0.001990501392144
0.992998018535252 0.002278433601020
0.992097803984621 0.002587672594716
0.991143625364344 0.002918381087978
0.990135587310861 0.003270614541336
0.989073800366903 0.003644308304787
0.987958380969374 0.004039266967091
0.986789451436580 0.004455092240865
0.985567139954818 0.004891378135293
0.984291580564316 0.005347726796814
0.982962913144534 0.005823761700217
0.981581283398829 0.006318966242535
0.980146842838472 0.006832688546383
0.978659748766034 0.007364152184915
0.977120164258138 0.007912401645875
0.975528258147577 0.008476356429411
0.973884205004793 0.009054736744212
0.972188185118741 0.009645996034920
0.970440384477113 0.010248801302337
0.968640994745946 0.010862260156278
0.966790213248601 0.011485897508528
0.964888242944126 0.012119338016377
0.962935292404997 0.012762157799889
0.960931575794250 0.013413958686780
0.958877312841991 0.014074399275642
0.956772728821300 0.014743139768462
0.954618054523534 0.015419883237241
0.952413526233010 0.016104357842792
0.950159385701097 0.016796363751949
0.947855880119706 0.017495814473809
0.945503262094184 0.018202690495534
0.943101789615607 0.018917045788647
0.940651726032496 0.019639008822093
0.938153340021932 0.020368757921654
0.935606905560095 0.021106530953485
0.933012701892219 0.021852647313512
0.930371013501972 0.022607492583125
0.927682130080253 0.023371579410391
0.924946346493432 0.024145310731029
0.922163962751008 0.024928683320765
0.919335283972712 0.025721668685775
0.916460620355050 0.026524190291546
0.913540287137281 0.027336179124021
0.910574604566852 0.028157582487343
0.907563897864277 0.028988377442035
0.904508497187474 0.029828555004560
0.901408737595557 0.030678136787451
0.898264959012098 0.031537164803023
0.895077506187845 0.032405570810701
0.891846728662920 0.033283269653966
0.888572980728485 0.034170144383821
0.885256621387895 0.035066042371509
0.881898014317321 0.035970799526909
0.878497527825878 0.036884264246795
0.875055534815230 0.037806305224536
0.871572412738697 0.038736789635844
0.868048543559867 0.039675570377787
0.864484313710706 0.040622516782363
0.860880114049181 0.041577482076856
0.857236339816402 0.042540252113180
0.853553390593274 0.043510591618370
0.849831670256683 0.044488272921208
0.846071586935203 0.045473057762523
0.842273552964344 0.046464706199108
0.838437984841330 0.047462980822731
0.834565303179429 0.048467622577332
0.830655932661826 0.049478393346426
0.826710301995053 0.050495035758383
0.822728843861975 0.051517309864464
0.818711994874345 0.052544970724605
0.814660195524919 0.053577781786326
0.810573890139155 0.054615488865870
0.806453526826488 0.055657866060453
0.802299557431188 0.056704655348389
0.798112437482808 0.057755615965193
0.793892626146237 0.058810504848182
0.789640586171339 0.059869064541782
0.785356783842216 0.060931045439460
0.781041688926065 0.061996155454889
0.776695774621672 0.063064057611946
0.772319517507513 0.064134398960705
0.767913397489498 0.065206827626298
0.763477897748339 0.066280982120928
0.759013504686565 0.067356508204301
0.754520707875186 0.068433044345388
0.750000000000000 0.069510224922398
0.745451876807570 0.070587663545651
0.740876837050858 0.071664979339061
0.736275382434527 0.072741775822500
0.731648017559931 0.073817660677233
0.726995249869773 0.074892215003260
0.722317589592464 0.075965024620184
0.717615549686164 0.077035664375029
0.712889645782536 0.078103703506017
0.708140396130201 0.079168730067359
0.703368321537900 0.080230323599680
0.698573945317390 0.081288066457113
0.693757793226052 0.082341548501251
0.688920393409234 0.083390367725935
0.684062276342339 0.084434166991407
0.679183974772650 0.085472587516704
0.674286023660908 0.086505263792984
0.669368960122646 0.087531835067889
0.664433323369292 0.088551928288508
0.659479654649035 0.089565161287577
0.654508497187474 0.090571160622435
0.649520396128043 0.091569546407934
0.644515898472236 0.092559868684404
0.639495553019615 0.093541607391480
0.634459910307633 0.094514254989840
0.629409522551260 0.095477290377145
0.624344943582428 0.096430200978176
0.619266728789291 0.097372481241782
0.614175435055328 0.098303621196201
0.609071620698271 0.099223119596231
0.603955845408880 0.100130474279185
0.598828670189563 0.101025190294901
0.593690657292862 0.101906790587163
0.588542370159792 0.102774793230999
0.583384373358051 0.103628732519227
0.578217232520115 0.104468134499184
0.573041514281206 0.105292513261422
0.567857786217152 0.106101365384186
0.562666616782152 0.106894179006086
0.557468575246433 0.107670458155341
0.552264231633827 0.108429698676141
0.547054156659257 0.109171285522918
0.541838921666158 0.109894492352646
0.536619098563816 0.110598608391193
0.531395259764657 0.111282926958409
0.526167978121472 0.111946751366112
0.520937826864600 0.112589461402930
0.515705379539064 0.113210479795731
0.510471209941678 0.113809242650738
0.505235892058123 0.114385198515170
0.500000000000000 0.114937800122543
0.494764107941877 0.115466544774445
0.489528790058322 0.115970946097283
0.484294620460936 0.116450534274034
0.479062173135400 0.116904846920237
0.473832021878528 0.117333448551447
0.468604740235343 0.117736071155557
0.463380901436184 0.118112550648613
0.458161078333842 0.118462740698000
0.452945843340743 0.118786501146110
0.447735768366173 0.119083712439374
0.442531424753567 0.119354360784353
0.437333383217848 0.119598506786125
0.432142213782848 0.119816218466612
0.426958485718794 0.120007575380372
0.421782767479885 0.120172661422813
0.416615626641949 0.120311531456890
0.411457629840209 0.120424227191730
0.406309342707138 0.120510797191877
0.401171329810437 0.120571301413848
0.396044154591120 0.120605808645377
0.390928379301729 0.120614402630294
0.385824564944672 0.120597179444068
0.380733271210710 0.120554244720371
0.375655056417573 0.120485713206967
0.370590477448740 0.120391711216745
0.365540089692367 0.120272391287331
0.360504446980385 0.120127920716897
0.355484101527764 0.119958478413234
0.350479603871957 0.119764249891216
0.345491502812526 0.119545429084211
0.340520345350965 0.119302218310806
0.335566676630708 0.119034825018651
0.330631039877354 0.118743467922915
0.325713976339092 0.118428373701288
0.320816025227350 0.118089778883652
0.315937723657661 0.117727931513215
0.311079606590766 0.117343091422889
0.306242206773949 0.116935525141357
0.301426054682610 0.116505508115633
0.296631678462100 0.116053304736782
0.291859603869799 0.115579172545468
0.287110354217464 0.115083381307434
0.282384450313836 0.114566207784861
0.277682410407536 0.114027926947550
0.273004750130227 0.113468781717901
0.268351982440069 0.112889015252075
0.263724617565473 0.112288881212296
0.259123162949143 0.111668643319526
0.254548123192430 0.111028565839211
0.250000000000000 0.110368922670791
0.245479292124815 0.109689996300637
0.240986495313435 0.108992075009029
0.236522102251661 0.108275445357438
0.232086602510502 0.107540369279598
0.227680482492487 0.106787121033847
0.223304225378328 0.106015982555631
0.218958311073935 0.105227251937731
0.214643216157784 0.104421223003136
0.210359413828661 0.103598213018118
0.206107373853763 0.102758541804418
0.201887562517192 0.101902513659017
0.197700442568813 0.101030369115664
0.193546473173512 0.100142345455270
0.189426109860845 0.099238687226901
0.185339804475081 0.098319676429406
0.181288005125655 0.097385633813280
0.177271156138025 0.096436898219357
0.173289698004947 0.095473814848448
0.169344067338174 0.094496653196624
0.165434696820571 0.093505590527185
0.161562015158670 0.092500812692428
0.157726447035656 0.091482532869855
0.153928413064797 0.090450986661443
0.150168329743317 0.089406421717357
0.146446609406726 0.088349110765753
0.142763660183598 0.087279336090133
0.139119885950819 0.086197372088895
0.135515686289294 0.085103506406235
0.131951456440133 0.083998044438339
0.128427587261303 0.082881203202642
0.124944465184770 0.081753210969322
0.121502472174122 0.080614318111638
0.118101985682679 0.079464856128480
0.114743378612105 0.078305210899865
0.111427019271515 0.077135785978027
0.108153271337080 0.075956921239732
0.104922493812155 0.074768880353856
0.101735040987902 0.073571971184256
0.098591262404443 0.072366443492857
0.095491502812526 0.071152517527939
0.092436102135723 0.069930441434332
0.089425395433148 0.068700571007897
0.086459712862719 0.067463328320009
0.083539379644950 0.066219161934364
0.080664716027288 0.064968443668655
0.077836037248993 0.063711532961059
0.075053653506568 0.062448747058538
0.072317869919747 0.061180314633565
0.069628986498028 0.059906474354322
0.066987298107781 0.058627540279133
0.064393094439905 0.057343929811941
0.061846659978068 0.056056124758921
0.059348273967504 0.054764695779258
0.056898210384393 0.053470258427971
0.054496737905816 0.052173148110957
0.052144119880294 0.050873490412897
0.049840614298903 0.049571513132933
0.047586473766990 0.048267458341194
0.045381945476466 0.046961684739201
0.043227271178700 0.045654660105477
0.041122687158010 0.044346920673913
0.039068424205750 0.043039215729154
0.037064707595003 0.041732324109528
0.035111757055874 0.040426571439647
0.033209786751399 0.039122099610290
0.031359005254054 0.037819090087875
0.029559615522887 0.036517803988298
0.027811814881260 0.035218662739821
0.026115794995207 0.033922306231003
0.024471741852423 0.032629512321065
0.022879835741862 0.031341221720733
0.021340251233966 0.030058428637672
0.019853157161529 0.028781877096732
0.018418716601171 0.027511491488847
0.017037086855466 0.026247444469825
0.015708419435685 0.024990219573973
0.014432860045182 0.023740619056292
0.013210548563420 0.022499711243260
0.012041619030626 0.021268799713462
0.010926199633097 0.020049827526792
0.009864412689139 0.018844765896513
0.008856374635656 0.017654164499621
0.007902196015379 0.016477328458987
0.007001981464748 0.015313189988182
0.006155829702431 0.014161512657760
0.005363833518506 0.013022570757094
0.004626079764278 0.011897279387575
0.003942649342761 0.010787212092314
0.003313617199802 0.009694846694871
0.002739052315863 0.008624101224425
0.002219017698460 0.007576981318680
0.001753570375248 0.006552047567285
0.001342761387771 0.005547533927482
0.000986635785864 0.004567420669050
0.000685232622713 0.003622717911969
0.000438584950571 0.002729397103407
0.000246719817134 0.001889717808573
0.000109658262577 0.001102395909656
0.000027415317244 0.000396214292408
0.000000000000000 0.000000000000000
0.000027415317244 -0.001607256061149
0.000109658262577 -0.002137981450985
0.000246719817134 -0.002673177287916
0.000438584950571 -0.003200894067301
0.000685232622713 -0.003735437432194
0.000986635785864 -0.004299266524943
0.001342761387771 -0.004893087864581
0.001753570375248 -0.005501929810778
0.002219017698460 -0.006125157834139
0.002739052315863 -0.006762322295772
0.003313617199802 -0.007413917556014
0.003942649342761 -0.008080957469250
0.004626079764278 -0.008760620550839
0.005363833518506 -0.009450313132320
0.006155829702431 -0.010148070152314
0.007001981464748 -0.010851264033014
0.007902196015379 -0.011557578012482
0.008856374635656 -0.012265130782267
0.009864412689139 -0.012972662815701
0.010926199633097 -0.013679405002544
0.012041619030626 -0.014385081947447
0.013210548563420 -0.015089706541653
0.014432860045182 -0.015792466128892
0.015708419435684 -0.016491587275356
0.017037086855466 -0.017185642220256
0.018418716601171 -0.017873479347638
0.019853157161528 -0.018554234197697
0.021340251233966 -0.019227262540528
0.022879835741862 -0.019892222777642
0.024471741852423 -0.020549168645095
0.026115794995207 -0.021198412540341
0.027811814881259 -0.021840026909108
0.029559615522887 -0.022473847468399
0.031359005254054 -0.023098918000206
0.033209786751399 -0.023714363599015
0.035111757055874 -0.024319601963438
0.037064707595003 -0.024914204703444
0.039068424205750 -0.025497834786337
0.041122687158009 -0.026070390544550
0.043227271178699 -0.026632006859522
0.045381945476466 -0.027182816987389
0.047586473766990 -0.027722799866177
0.049840614298903 -0.028251760927577
0.052144119880293 -0.028769079965107
0.054496737905816 -0.029274179362832
0.056898210384393 -0.029766695435315
0.059348273967504 -0.030246348844466
0.061846659978068 -0.030712943420529
0.064393094439905 -0.031166369410357
0.066987298107781 -0.031606609685599
0.069628986498028 -0.032033744323809
0.072317869919747 -0.032447728038470
0.075053653506568 -0.032848235204510
0.077836037248992 -0.033234969404191
0.080664716027288 -0.033607701402459
0.083539379644950 -0.033966278282783
0.086459712862719 -0.034310614546844
0.089425395433148 -0.034640712882263
0.092436102135723 -0.034956640105907
0.095491502812526 -0.035258463685977
0.098591262404443 -0.035546295207168
0.101735040987902 -0.035820191284072
0.104922493812155 -0.036079970177315
0.108153271337080 -0.036325453054704
0.111427019271514 -0.036556519202844
0.114743378612105 -0.036773116735678
0.118101985682679 -0.036975243279123
0.121502472174122 -0.037162956548858
0.124944465184770 -0.037336377535959
0.128427587261303 -0.037495663643627
0.131951456440133 -0.037640834737200
0.135515686289294 -0.037771805560958
0.139119885950819 -0.037888519884316
0.142763660183598 -0.037990906200962
0.146446609406726 -0.038078884797269
0.150168329743317 -0.038152403029226
0.153928413064796 -0.038211454514939
0.157726447035656 -0.038256085989798
0.161562015158669 -0.038286378643630
0.165434696820571 -0.038302409470225
0.169344067338174 -0.038304182544975
0.173289698004947 -0.038291708814387
0.177271156138025 -0.038265021065023
0.181288005125655 -0.038224146911391
0.185339804475081 -0.038169120331257
0.189426109860845 -0.038099998140192
0.193546473173511 -0.038016866624717
0.197700442568812 -0.037919848107459
0.201887562517192 -0.037809091697654
0.206107373853763 -0.037684763714605
0.210359413828660 -0.037546928204816
0.214643216157784 -0.037395554355525
0.218958311073935 -0.037230624089016
0.223304225378328 -0.037052129344336
0.227680482492486 -0.036860056798442
0.232086602510501 -0.036654398045616
0.236522102251661 -0.036435156650726
0.240986495313435 -0.036202360358139
0.245479292124814 -0.035956112886339
0.250000000000000 -0.035696552888830
0.254548123192429 -0.035423835471327
0.259123162949142 -0.035138152132322
0.263724617565473 -0.034839807011530
0.268351982440069 -0.034529159928213
0.273004750130227 -0.034206592334467
0.277682410407536 -0.033872502728007
0.282384450313836 -0.033527302363212
0.287110354217464 -0.033171415080810
0.291859603869799 -0.032805281712303
0.296631678462100 -0.032429363923748
0.301426054682609 -0.032044014127562
0.306242206773948 -0.031649495790080
0.311079606590766 -0.031246072443857
0.315937723657661 -0.030834025200613
0.320816025227350 -0.030413643195803
0.325713976339092 -0.029985234647375
0.330631039877354 -0.029549117703485
0.335566676630708 -0.029105621234286
0.340520345350965 -0.028655083513910
0.345491502812526 -0.028197801889354
0.350479603871956 -0.027734063482846
0.355484101527764 -0.027264161510974
0.360504446980385 -0.026788396977899
0.365540089692367 -0.026307073059863
0.370590477448739 -0.025820484589772
0.375655056417572 -0.025328936187270
0.380733271210709 -0.024832735315072
0.385824564944672 -0.024332196178928
0.390928379301728 -0.023827611503564
0.396044154591120 -0.023319259591181
0.401171329810437 -0.022807419659490
0.406309342707137 -0.022292376194272
0.411457629840208 -0.021774411981264
0.416615626641949 -0.021253765296482
0.421782767479884 -0.020730651124508
0.426958485718794 -0.020205287899803
0.432142213782848 -0.019677902627287
0.437333383217848 -0.019148718280448
0.442531424753567 -0.018617979654635
0.447735768366173 -0.018085933619710
0.452945843340743 -0.017552828068822
0.458161078333842 -0.017018911767318
0.463380901436184 -0.016484439275358
0.468604740235343 -0.015949669271757
0.473832021878528 -0.015414857917165
0.479062173135400 -0.014880269593136
0.484294620460935 -0.014346160435925
0.489528790058321 -0.013812792726424
0.494764107941877 -0.013280422959840
0.500000000000000 -0.012749306798930
0.505235892058122 -0.012219700543105
0.510471209941678 -0.011691858870647
0.515705379539064 -0.011165996715352
0.520937826864600 -0.010642300014128
0.526167978121472 -0.010120949338053
0.531395259764656 -0.009602127995301
0.536619098563816 -0.009086013128881
0.541838921666157 -0.008572782099748
0.547054156659257 -0.008062606416156
0.552264231633827 -0.007555656976059
0.557468575246433 -0.007052102587140
0.562666616782152 -0.006552116519431
0.567857786217152 -0.006055910301838
0.573041514281206 -0.005563706045270
0.578217232520115 -0.005075720324301
0.583384373358051 -0.004592170110804
0.588542370159791 -0.004113268228567
0.593690657292862 -0.003639239947862
0.598828670189563 -0.003170309536848
0.603955845408879 -0.002706693811223
0.609071620698271 -0.002248605878543
0.614175435055328 -0.001796238291550
0.619266728789290 -0.001349760246985
0.624344943582427 -0.000909336095803
0.629409522551260 -0.000475127929647
0.634459910307633 -0.000047285251538
0.639495553019614 0.000374066530516
0.644515898472235 0.000788811175722
0.649520396128043 0.001196842682847
0.654508497187474 0.001598055320575
0.659479654649035 0.001992345068977
0.664433323369291 0.002379608913394
0.669368960122646 0.002759742793400
0.674286023660907 0.003132654107122
0.679183974772650 0.003498239981663
0.684062276342339 0.003856345474631
0.688920393409233 0.004206807567802
0.693757793226051 0.004549467785742
0.698573945317390 0.004884172681481
0.703368321537900 0.005210781648004
0.708140396130200 0.005529156851417
0.712889645782536 0.005839168419331
0.717615549686163 0.006140698003363
0.722317589592464 0.006433641399968
0.726995249869773 0.006717916978853
0.731648017559930 0.006993448172459
0.736275382434527 0.007260170720661
0.740876837050857 0.007518033167899
0.745451876807570 0.007767010741829
0.750000000000000 0.008007086459373
0.754520707875185 0.008238250424574
0.759013504686565 0.008460503413385
0.763477897748338 0.008673861154221
0.767913397489498 0.008878344197046
0.772319517507513 0.009073979528142
0.776695774621672 0.009260758434131
0.781041688926065 0.009438639693624
0.785356783842216 0.009607592133577
0.789640586171339 0.009767584331583
0.793892626146236 0.009918538049142
0.798112437482808 0.010060364373757
0.802299557431187 0.010192985939118
0.806453526826488 0.010316346483227
0.810573890139155 0.010430413658006
0.814660195524918 0.010535169956549
0.818711994874345 0.010630608701334
0.822728843861975 0.010716734822976
0.826710301995052 0.010793563348247
0.830655932661826 0.010861122808614
0.834565303179429 0.010919457598307
0.838437984841330 0.010968630205221
0.842273552964344 0.011008713488579
0.846071586935203 0.011039789603065
0.849831670256683 0.011061947779986
0.853553390593274 0.011075287570745
0.857236339816401 0.011079924606768
0.860880114049181 0.011075996250244
0.864484313710706 0.011063650418275
0.868048543559867 0.011043019595852
0.871572412738697 0.011014196782108
0.875055534815230 0.010977280984075
0.878497527825878 0.010932340390136
0.881898014317321 0.010879396437723
0.885256621387894 0.010818487189466
0.888572980728485 0.010749683859865
0.891846728662920 0.010673085588318
0.895077506187845 0.010588807395611
0.898264959012098 0.010496975462419
0.901408737595557 0.010397732589781
0.904508497187474 0.010291243259670
0.907563897864277 0.010177692318233
0.910574604566852 0.010057237704107
0.913540287137281 0.009929838508428
0.916460620355049 0.009795431427138
0.919335283972712 0.009653983919373
0.922163962751007 0.009505497337345
0.924946346493432 0.009350013800599
0.927682130080253 0.009187615348997
0.930371013501972 0.009018417214965
0.933012701892219 0.008842569412647
0.935606905560095 0.008660253464124
0.938153340021932 0.008471685866611
0.940651726032496 0.008277109762953
0.943101789615607 0.008076789347326
0.945503262094184 0.007871011333408
0.947855880119706 0.007660085754419
0.950159385701097 0.007444339854281
0.952413526233010 0.007224128738027
0.954618054523534 0.006999831705481
0.956772728821300 0.006771846730538
0.958877312841991 0.006540590808784
0.960931575794250 0.006306493593168
0.962935292404997 0.006070009400200
0.964888242944126 0.005831597335977
0.966790213248601 0.005591737981437
0.968640994745946 0.005350913842069
0.970440384477113 0.005109616690851
0.972188185118740 0.004868342835014
0.973884205004793 0.004627599496367
0.975528258147577 0.004387895649221
0.977120164258138 0.004149740600457
0.978659748766034 0.003913655531897
0.980146842838471 0.003680156696538
0.981581283398829 0.003449758685042
0.982962913144534 0.003222974773669
0.984291580564316 0.003000314140214
0.985567139954818 0.002782280521278
0.986789451436580 0.002569362378687
0.987958380969374 0.002362033266615
0.989073800366903 0.002160754008210
0.990135587310861 0.001965979655279
0.991143625364344 0.001778159468160
0.992097803984621 0.001597730727150
0.992998018535252 0.001425117216652
0.993844170297569 0.001260728213155
0.994636166481494 0.001104955575332
0.995373920235722 0.000958180638622
0.996057350657239 0.000820760169470
0.996686382800198 0.000693026686248
0.997260947684137 0.000575300950560
0.997780982301540 0.000467873847962
0.998246429624752 0.000371012460765
0.998657238612229 0.000284965767418
0.999013364214136 0.000209941303063
0.999314767377287 0.000146133656578
0.999561415049429 0.000093705158265
0.999753280182866 0.000052786807192
0.999890341737423 0.000023484388670
0.999972584682756 0.000005874530458
1.000000000000000 0.000000000000000
