1.000000000000000 0.000000000000000
0.999972584682756 0.000006899670965
0.999890341737423 0.000027628236964
0.999753280182866 0.000062278029262
0.999561415049429 0.000110992599967
0.999314767377287 0.000173985249497
0.999013364214136 0.000251496812750
0.998657238612229 0.000343815288489
0.998246429624752 0.000451266834066
0.997780982301540 0.000574186236068
0.997260947684137 0.000712908513714
0.996686382800198 0.000867763845645
0.996057350657239 0.001039061615285
0.995373920235722 0.001227043293627
0.994636166481494 0.001431896478956
0.993844170297569 0.001653714242743
0.992998018535252 0.001892456859270
0.992097803984621 0.002147962187644
0.991143625364344 0.002419880669622
0.990135587310861 0.002707659624069
0.989073800366903 0.003010522805165
0.987958380969374 0.003327435721874
0.986789451436580 0.003657003536820
0.985567139954818 0.003997730772663
0.984291580564316 0.004348360317707
0.982962913144534 0.004708290144533
0.981581283398829 0.005076907974180
0.980146842838472 0.005453553034206
0.978659748766034 0.005837576538636
0.977120164258138 0.006228308627619
0.975528258147577 0.006625076682500
0.973884205004793 0.007027207494463
0.972188185118741 0.007433986538994
0.970440384477113 0.007844740402725
0.968640994745946 0.008258959780279
0.966790213248601 0.008676411555151
0.964888242944126 0.009097109421830
0.962935292404997 0.009521127352040
0.960931575794250 0.009948631948415
0.958877312841991 0.010379919575712
0.956772728821300 0.010815387809080
0.954618054523534 0.011255544749200
0.952413526233010 0.011701114472412
0.950159385701097 0.012152955792219
0.947855880119706 0.012611685045378
0.945503262094184 0.013077769670204
0.943101789615607 0.013551254116824
0.940651726032496 0.014032064232174
0.938153340021932 0.014520237248019
0.935606905560095 0.015015864872657
0.933012701892219 0.015519028902815
0.930371013501972 0.016029835793888
0.927682130080253 0.016548436970063
0.924946346493432 0.017075019012906
0.922163962751008 0.017609734305052
0.919335283972712 0.018152717992127
0.916460620355050 0.018704050518143
0.913540287137281 0.019263716783929
0.910574604566852 0.019831722281346
0.907563897864277 0.020408087106358
0.904508497187474 0.020992858274239
0.901408737595557 0.021586074307439
0.898264959012098 0.022187787514481
0.895077506187845 0.022798055581038
0.891846728662920 0.023416947822620
0.888572980728485 0.024044527751581
0.885256621387895 0.024680806910305
0.881898014317321 0.025325747801955
0.878497527825878 0.025979306180879
0.875055534815230 0.026641444816619
0.871572412738697 0.027312128180747
0.868048543559867 0.027991314317130
0.864484313710706 0.028678968256678
0.860880114049181 0.029375052268604
0.857236339816402 0.030079526428727
0.853553390593274 0.030792352452859
0.849831670256683 0.031513500070112
0.846071586935203 0.032242926577196
0.842273552964344 0.032980598316394
0.838437984841330 0.033726482749706
0.834565303179429 0.034480545079970
0.830655932661826 0.035242752036536
0.826710301995053 0.036013071458170
0.822728843861975 0.036791471517635
0.818711994874345 0.037577915039709
0.814660195524919 0.038372364984180
0.810573890139155 0.039174784082294
0.806453526826488 0.039985071592910
0.802299557431188 0.040803089950075
0.798112437482808 0.041628704283849
0.793892626146237 0.042461765768602
0.789640586171339 0.043302130266742
0.785356783842216 0.044149639313364
0.781041688926065 0.045004137956482
0.776695774621672 0.045865465976320
0.772319517507513 0.046733464667726
0.767913397489498 0.047607961041580
0.763477897748339 0.048488791530029
0.759013504686565 0.049375794565794
0.754520707875186 0.050268810188173
0.750000000000000 0.051167675752842
0.745451876807570 0.052072230896926
0.740876837050858 0.052982306883196
0.736275382434527 0.053897744572229
0.731648017559931 0.054818371752086
0.726995249869773 0.055744015610473
0.722317589592464 0.056674453638587
0.717615549686164 0.057609459710840
0.712889645782536 0.058548800489945
0.708140396130201 0.059492234432254
0.703368321537900 0.060439492651310
0.698573945317390 0.061390283853476
0.693757793226052 0.062344326916536
0.688920393409234 0.063301330093017
0.684062276342339 0.064261000834010
0.679183974772650 0.065223047209515
0.674286023660908 0.066187177641663
0.669368960122646 0.067153101041056
0.664433323369292 0.068120514116640
0.659479654649035 0.069089129661642
0.654508497187474 0.070058655314140
0.649520396128043 0.071028796553957
0.644515898472236 0.071999259986005
0.639495553019615 0.072969737318631
0.634459910307633 0.073939928073218
0.629409522551260 0.074909519765907
0.624344943582428 0.075878212145442
0.619266728789291 0.076845643961279
0.614175435055328 0.077811394805457
0.609071620698271 0.078775016270165
0.603955845408880 0.079736064820863
0.598828670189563 0.080694098633431
0.593690657292862 0.081648668187821
0.588542370159792 0.082599330098403
0.583384373358051 0.083545630335547
0.578217232520115 0.084487124671373
0.573041514281206 0.085423366072501
0.567857786217152 0.086353908376362
0.562666616782152 0.087278312200935
0.557468575246433 0.088196138448322
0.552264231633827 0.089106945710166
0.547054156659257 0.090010299335935
0.541838921666158 0.090905763565905
0.536619098563816 0.091792903798527
0.531395259764657 0.092671287717977
0.526167978121472 0.093540485736707
0.520937826864600 0.094400047423263
0.515705379539064 0.095249414308711
0.510471209941678 0.096088017850826
0.505235892058123 0.096915294003630
0.500000000000000 0.097730683828952
0.494764107941877 0.098533626918122
0.489528790058322 0.099323533261555
0.484294620460936 0.100099819695508
0.479062173135400 0.100861910442323
0.473832021878528 0.101609239549531
0.468604740235343 0.102341158872193
0.463380901436184 0.103056840518657
0.458161078333842 0.103755435300190
0.452945843340743 0.104436111284907
0.447735768366173 0.105098050236555
0.442531424753567 0.105740408081346
0.437333383217848 0.106362278637131
0.432142213782848 0.106962762868551
0.426958485718794 0.107540978752457
0.421782767479885 0.108096064525147
0.416615626641949 0.108626944182399
0.411457629840209 0.109132139263118
0.406309342707138 0.109610160766678
0.401171329810437 0.110059553027036
0.396044154591120 0.110478899552495
0.390928379301729 0.110867054283165
0.385824564944672 0.111223242853467
0.380733271210710 0.111546746909442
0.375655056417573 0.111836871402319
0.370590477448740 0.112092959164102
0.365540089692367 0.112314604488999
0.360504446980385 0.112501675580474
0.355484101527764 0.112654068951127
0.350479603871957 0.112771697380280
0.345491502812526 0.112854507457925
0.340520345350965 0.112902688283693
0.335566676630708 0.112916600058376
0.330631039877354 0.112896613085593
0.325713976339092 0.112843104424196
0.320816025227350 0.112756498313194
0.315937723657661 0.112637447632164
0.311079606590766 0.112486684446080
0.306242206773949 0.112304941822685
0.301426054682610 0.112092950885189
0.296631678462100 0.111851403906194
0.291859603869799 0.111580912705445
0.287110354217464 0.111282082425228
0.282384450313836 0.110955520639231
0.277682410407536 0.110601837758840
0.273004750130227 0.110221675347615
0.268351982440069 0.109815686762692
0.263724617565473 0.109384529520880
0.259123162949143 0.108928863292475
0.254548123192430 0.108449268407043
0.250000000000000 0.107946176749888
0.245479292124815 0.107420009891797
0.240986495313435 0.106871201469391
0.236522102251661 0.106300184447957
0.232086602510502 0.105707390628402
0.227680482492487 0.105093254197760
0.223304225378328 0.104458213383183
0.218958311073935 0.103802712415138
0.214643216157784 0.103127067715708
0.210359413828661 0.102431553595399
0.206107373853763 0.101716450091250
0.201887562517192 0.100982053637474
0.197700442568813 0.100228633642770
0.193546473173512 0.099456436535706
0.189426109860845 0.098665739751378
0.185339804475081 0.097856824469294
0.181288005125655 0.097029973689754
0.177271156138025 0.096185478357593
0.173289698004947 0.095323641841501
0.169344067338174 0.094444777929965
0.165434696820571 0.093549158106212
0.161562015158670 0.092637063784592
0.157726447035656 0.091708795443160
0.153928413064797 0.090764682364243
0.150168329743317 0.089805095970072
0.146446609406726 0.088830423999431
0.142763660183598 0.087841051286238
0.139119885950819 0.086837254485284
0.135515686289294 0.085819247941950
0.131951456440133 0.084787305521414
0.128427587261303 0.083741729445465
0.124944465184770 0.082682858906624
0.121502472174122 0.081611075283831
0.118101985682679 0.080526746689473
0.114743378612105 0.079430220888982
0.111427019271515 0.078321854009133
0.108153271337080 0.077201980539366
0.104922493812155 0.076070784861860
0.101735040987902 0.074928408849622
0.098591262404443 0.073775085806579
0.095491502812526 0.072611116944363
0.092436102135723 0.071436879788853
0.089425395433148 0.070252768331001
0.086459712862719 0.069059133367898
0.083539379644950 0.067856363712068
0.080664716027288 0.066644793632507
0.077836037248993 0.065424629722121
0.075053653506568 0.064196076759925
0.072317869919747 0.062959448903573
0.069628986498028 0.061715129834005
0.066987298107781 0.060463560277324
0.064393094439905 0.059205267073096
0.061846659978068 0.057940851321141
0.059348273967504 0.056670775570639
0.056898210384393 0.055395262344289
0.054496737905816 0.054114590329428
0.052144119880294 0.052829064090527
0.049840614298903 0.051539080789787
0.047586473766990 0.050245121979599
0.045381945476466 0.048947771481989
0.043227271178700 0.047647698272707
0.041122687158010 0.046345656095928
0.039068424205750 0.045042321943168
0.037064707595003 0.043737793580670
0.035111757055874 0.042432177160595
0.033209786751399 0.041125695355430
0.031359005254054 0.039818756345013
0.029559615522887 0.038511858659558
0.027811814881260 0.037205636664754
0.026115794995207 0.035901027539318
0.024471741852423 0.034599021378690
0.022879835741862 0.033300115297117
0.021340251233966 0.032004647628207
0.019853157161529 0.030712564144109
0.018418716601171 0.029424044913331
0.017037086855466 0.028139597557345
0.015708419435685 0.026859988564649
0.014432860045182 0.025586225632429
0.013210548563420 0.024319717135690
0.012041619030626 0.023062056240132
0.010926199633097 0.021814373876738
0.009864412689139 0.020576707012605
0.008856374635656 0.019348303656182
0.007902196015379 0.018129053048289
0.007001981464748 0.016919317722322
0.006155829702431 0.015719881984739
0.005363833518506 0.014532071999821
0.004626079764278 0.013357780676380
0.003942649342761 0.012199859268574
0.003313617199802 0.011061275108670
0.002739052315863 0.009942037795338
0.002219017698460 0.008841610276884
0.001753570375248 0.007760390805474
0.001342761387771 0.006700388610365
0.000986635785864 0.005664375597949
0.000685232622713 0.004653003597738
0.000438584950571 0.003666618817780
0.000246719817134 0.002707103554566
0.000109658262577 0.001774671957731
0.000027415317244 0.000870293121561
0.000000000000000 0.000000000000000
0.000027415317244 -0.000755610785130
0.000109658262577 -0.001428248743153
0.000246719817134 -0.002048936350445
0.000438584950571 -0.002606499696530
0.000685232622713 -0.003143045017281
0.000986635785864 -0.003688371492559
0.001342761387771 -0.004253482284924
0.001753570375248 -0.004838747509878
0.002219017698460 -0.005439759725373
0.002739052315863 -0.006052939764753
0.003313617199802 -0.006677490090557
0.003942649342761 -0.007315617984989
0.004626079764278 -0.007969562100388
0.005363833518506 -0.008637400824651
0.006155829702431 -0.009317172921248
0.007001981464748 -0.010007319085804
0.007902196015379 -0.010706368093292
0.008856374635656 -0.011412908566411
0.009864412689139 -0.012126020048448
0.010926199633097 -0.012845523995546
0.012041619030626 -0.013571480121058
0.013210548563420 -0.014303222112018
0.014432860045182 -0.015039047486015
0.015708419435684 -0.015777591290882
0.017037086855466 -0.016517842802701
0.018418716601171 -0.017258975041578
0.019853157161528 -0.018000498860786
0.021340251233966 -0.018742200790249
0.022879835741862 -0.019484145262605
0.024471741852423 -0.020226767260547
0.026115794995207 -0.020970935355906
0.027811814881259 -0.021716802516813
0.029559615522887 -0.022463756673723
0.031359005254054 -0.023211073836477
0.033209786751399 -0.023957988804148
0.035111757055874 -0.024703961934847
0.037064707595003 -0.025448586855914
0.039068424205750 -0.026191553969152
0.041122687158009 -0.026932709226743
0.043227271178699 -0.027672137368336
0.045381945476466 -0.028409928218140
0.047586473766990 -0.029146022122110
0.049840614298903 -0.029880248389368
0.052144119880293 -0.030612118410796
0.054496737905816 -0.031341165824836
0.056898210384393 -0.032067080096885
0.059348273967504 -0.032789642276486
0.061846659978068 -0.033508675698450
0.064393094439905 -0.034224080608353
0.066987298107781 -0.034935856549364
0.069628986498028 -0.035644126390473
0.072317869919747 -0.036348883228940
0.075053653506568 -0.037049903503392
0.077836037248992 -0.037746996759342
0.080664716027288 -0.038439962670915
0.083539379644950 -0.039128655345442
0.086459712862719 -0.039812967238016
0.089425395433148 -0.040492861079001
0.092436102135723 -0.041168364816186
0.095491502812526 -0.041839562041406
0.098591262404443 -0.042506611640202
0.101735040987902 -0.043169539160250
0.104922493812155 -0.043828119971087
0.108153271337080 -0.044482136936982
0.111427019271514 -0.045131369271529
0.114743378612105 -0.045775606028684
0.118101985682679 -0.046414662236898
0.121502472174122 -0.047048396344647
0.124944465184770 -0.047676695021781
0.128427587261303 -0.048299471452353
0.131951456440133 -0.048916619389666
0.135515686289294 -0.049528034152741
0.139119885950819 -0.050133632623540
0.142763660183598 -0.050733279596231
0.146446609406726 -0.051326853973286
0.150168329743317 -0.051914242589894
0.153928413064796 -0.052495392761974
0.157726447035656 -0.053070295737682
0.161562015158669 -0.053638962507310
0.165434696820571 -0.054201360833444
0.169344067338174 -0.054757373036712
0.173289698004947 -0.055306899535265
0.177271156138025 -0.055849811924231
0.181288005125655 -0.056385828616713
0.185339804475081 -0.056914643715088
0.189426109860845 -0.057435944717517
0.193546473173511 -0.057949453852271
0.197700442568812 -0.058454912225135
0.201887562517192 -0.058952063996874
0.206107373853763 -0.059440669286079
0.210359413828660 -0.059920527646587
0.214643216157784 -0.060391445278812
0.218958311073935 -0.060853251610544
0.223304225378328 -0.061305784093299
0.227680482492486 -0.061748919897520
0.232086602510501 -0.062182555760984
0.236522102251661 -0.062606593609845
0.240986495313435 -0.063020930631757
0.245479292124814 -0.063425434196726
0.250000000000000 -0.063819976443337
0.254548123192429 -0.064204431607680
0.259123162949142 -0.064578634443947
0.263724617565473 -0.064942287045324
0.268351982440069 -0.065295072381619
0.273004750130227 -0.065636681090729
0.277682410407536 -0.065966802865035
0.282384450313836 -0.066285157379600
0.287110354217464 -0.066591465806222
0.291859603869799 -0.066885456565586
0.296631678462100 -0.067166860601970
0.301426054682609 -0.067435401556610
0.306242206773948 -0.067690806716160
0.311079606590766 -0.067932803760284
0.315937723657661 -0.068161125350485
0.320816025227350 -0.068375522379111
0.325713976339092 -0.068575771740637
0.330631039877354 -0.068761656950098
0.335566676630708 -0.068932966464568
0.340520345350965 -0.069089460001737
0.345491502812526 -0.069230689109874
0.350479603871956 -0.069356120739091
0.355484101527764 -0.069465221452501
0.360504446980385 -0.069557455818078
0.365540089692367 -0.069632288208401
0.370590477448739 -0.069689181624117
0.375655056417572 -0.069727598772105
0.380733271210709 -0.069747002979729
0.385824564944672 -0.069746844048378
0.390928379301728 -0.069726317707212
0.396044154591120 -0.069684398700435
0.401171329810437 -0.069620049910905
0.406309342707137 -0.069532229527067
0.411457629840208 -0.069419878585677
0.416615626641949 -0.069281836724417
0.421782767479884 -0.069116895167866
0.426958485718794 -0.068923839591302
0.432142213782848 -0.068701451431118
0.437333383217848 -0.068448667691076
0.442531424753567 -0.068165079433367
0.447735768366173 -0.067850451382158
0.452945843340743 -0.067504559869297
0.458161078333842 -0.067127186207044
0.463380901436184 -0.066718142494427
0.468604740235343 -0.066277314704249
0.473832021878528 -0.065804609919477
0.479062173135400 -0.065299938610916
0.484294620460935 -0.064763229165863
0.489528790058321 -0.064194838029464
0.494764107941877 -0.063595897939816
0.500000000000000 -0.062967641109174
0.505235892058122 -0.062311323186896
0.510471209941678 -0.061628208898427
0.515705379539064 -0.060919576910432
0.520937826864600 -0.060186717384984
0.526167978121472 -0.059430935844716
0.531395259764656 -0.058653548316232
0.536619098563816 -0.057855887314449
0.541838921666157 -0.057039393817622
0.547054156659257 -0.056205587381297
0.552264231633827 -0.055355998057650
0.557468575246433 -0.054492160389028
0.562666616782152 -0.053615609641275
0.567857786217152 -0.052727838073085
0.573041514281206 -0.051830318585839
0.578217232520115 -0.050924523201188
0.583384373358051 -0.050011918924041
0.588542370159791 -0.049093858892748
0.593690657292862 -0.048171333044852
0.598828670189563 -0.047245251332716
0.603955845408879 -0.046316520172761
0.609071620698271 -0.045386041901799
0.614175435055328 -0.044454724101389
0.619266728789290 -0.043523500766867
0.624344943582427 -0.042593286631189
0.629409522551260 -0.041664999616282
0.634459910307633 -0.040739482809634
0.639495553019614 -0.039817282698415
0.644515898472235 -0.038898806959645
0.649520396128043 -0.037984455640919
0.654508497187474 -0.037074619335594
0.659479654649035 -0.036169677740727
0.664433323369291 -0.035269971628368
0.669368960122646 -0.034375836739941
0.674286023660907 -0.033487601629150
0.679183974772650 -0.032605614091874
0.684062276342339 -0.031730302348477
0.688920393409233 -0.030862119917819
0.693757793226051 -0.030001501861360
0.698573945317390 -0.029148884836635
0.703368321537900 -0.028304728726538
0.708140396130200 -0.027469513638678
0.712889645782536 -0.026643711299883
0.717615549686163 -0.025827765192113
0.722317589592464 -0.025022092917544
0.726995249869773 -0.024227062193385
0.731648017559930 -0.023443037013064
0.736275382434527 -0.022670353138455
0.740876837050857 -0.021909239398538
0.745451876807570 -0.021159796867086
0.750000000000000 -0.020422108783866
0.754520707875185 -0.019696252842565
0.759013504686565 -0.018982302205967
0.763477897748338 -0.018280316412122
0.767913397489498 -0.017590356540174
0.772319517507513 -0.016912468103734
0.776695774621672 -0.016246730908942
0.781041688926065 -0.015593225839017
0.785356783842216 -0.014952027111386
0.789640586171339 -0.014323227895793
0.793892626146236 -0.013707012944472
0.798112437482808 -0.013103579781747
0.802299557431187 -0.012513102581497
0.806453526826488 -0.011935728371670
0.810573890139155 -0.011371585001525
0.814660195524918 -0.010820769887810
0.818711994874345 -0.010283375729004
0.822728843861975 -0.009759476671203
0.826710301995052 -0.009249135807281
0.830655932661826 -0.008752389672113
0.834565303179429 -0.008269227330247
0.838437984841330 -0.007799601143571
0.842273552964344 -0.007343455843603
0.846071586935203 -0.006900725299848
0.849831670256683 -0.006471341231579
0.853553390593274 -0.006055215437342
0.857236339816401 -0.005652252364072
0.860880114049181 -0.005262339231636
0.864484313710706 -0.004885349950278
0.868048543559867 -0.004521180411577
0.871572412738697 -0.004169725954470
0.875055534815230 -0.003830883625016
0.878497527825878 -0.003504579577295
0.881898014317321 -0.003190763053118
0.885256621387894 -0.002889359996768
0.888572980728485 -0.002600271199350
0.891846728662920 -0.002323380436443
0.895077506187845 -0.002058561641002
0.898264959012098 -0.001805673973548
0.901408737595557 -0.001564565731455
0.904508497187474 -0.001335071828966
0.907563897864277 -0.001117013531146
0.910574604566852 -0.000910207150567
0.913540287137281 -0.000714470989496
0.916460620355049 -0.000529612479708
0.919335283972712 -0.000355424837435
0.922163962751007 -0.000191696094929
0.924946346493432 -0.000038196700906
0.927682130080253 0.000105310532061
0.930371013501972 0.000239068837320
0.933012701892219 0.000363330197423
0.935606905560095 0.000478359370108
0.938153340021932 0.000584444891004
0.940651726032496 0.000681840016120
0.943101789615607 0.000770711398828
0.945503262094184 0.000851214656925
0.947855880119706 0.000923493120281
0.950159385701097 0.000987711504796
0.952413526233010 0.001044066824956
0.954618054523534 0.001092779214924
0.956772728821300 0.001134086360664
0.958877312841991 0.001168241131922
0.960931575794250 0.001195511638757
0.962935292404997 0.001216198117528
0.964888242944126 0.001230607054264
0.966790213248601 0.001238982888391
0.968640994745946 0.001241507658705
0.970440384477113 0.001238273276467
0.972188185118740 0.001229425939602
0.973884205004793 0.001215171206548
0.975528258147577 0.001195748875344
0.977120164258138 0.001171434877671
0.978659748766034 0.001142538567338
0.980146842838471 0.001109400756662
0.981581283398829 0.001072383440098
0.982962913144534 0.001031868912357
0.984291580564316 0.000988278284281
0.985567139954818 0.000941966561327
0.986789451436580 0.000893194601358
0.987958380969374 0.000842220712343
0.989073800366903 0.000789354939880
0.990135587310861 0.000734963112614
0.991143625364344 0.000679451109826
0.992097803984621 0.000623255300290
0.992998018535252 0.000566835632636
0.993844170297569 0.000510670438809
0.994636166481494 0.000455244014936
0.995373920235722 0.000401049215302
0.996057350657239 0.000348568071790
0.996686382800198 0.000298276926743
0.997260947684137 0.000250635443902
0.997780982301540 0.000206080748873
0.998246429624752 0.000165023672029
0.998657238612229 0.000127844763303
0.999013364214136 0.000094890036950
0.999314767377287 0.000066466093236
0.999561415049429 0.000042839867905
0.999753280182866 0.000024229562118
0.999890341737423 0.000010810298569
0.999972584682756 0.000002708781049
1.000000000000000 0.000000000000000
