1.000000000000000 0.000000000000000
0.999972584682756 0.000001338354335
0.999890341737423 0.000005379518401
0.999753280182866 0.000012197884211
0.999561415049429 0.000021917817454
0.999314767377287 0.000034709201177
0.999013364214136 0.000050789786973
0.998657238612229 0.000070416504793
0.998246429624752 0.000093885558672
0.997780982301540 0.000121527168892
0.997260947684137 0.000153699442971
0.996686382800198 0.000190783701872
0.996057350657239 0.000233180692551
0.995373920235722 0.000281296330614
0.994636166481494 0.000335541253873
0.993844170297569 0.000396321767932
0.992998018535252 0.000464026897551
0.992097803984621 0.000539019973641
0.991143625364344 0.000621633132026
0.990135587310861 0.000712149281760
0.989073800366903 0.000810798426286
0.987958380969374 0.000917735403743
0.986789451436580 0.001033044593107
0.985567139954818 0.001156700750566
0.984291580564316 0.001288621813807
0.982962913144534 0.001428889541750
0.981581283398829 0.001577631127572
0.980146842838472 0.001734963134130
0.978659748766034 0.001900950611582
0.977120164258138 0.002075621263325
0.975528258147577 0.002258948489458
0.973884205004793 0.002450857556998
0.972188185118741 0.002651220191761
0.970440384477113 0.002859835398882
0.968640994745946 0.003076411622842
0.966790213248601 0.003300678619627
0.964888242944126 0.003532480377207
0.962935292404997 0.003771800514030
0.960931575794250 0.004018683245263
0.958877312841991 0.004273128419238
0.956772728821300 0.004535121202832
0.954618054523534 0.004804647171947
0.952413526233010 0.005081681552813
0.950159385701097 0.005366188875768
0.947855880119706 0.005658106203687
0.945503262094184 0.005957355930386
0.943101789615607 0.006263920524036
0.940651726032496 0.006577824005481
0.938153340021932 0.006899206180556
0.935606905560095 0.007228271464362
0.933012701892219 0.007565210379289
0.930371013501972 0.007910229688965
0.927682130080253 0.008263553056820
0.924946346493432 0.008625426103583
0.922163962751008 0.008996112802516
0.919335283972712 0.009375917336365
0.916460620355050 0.009765117098162
0.913540287137281 0.010163973399305
0.910574604566852 0.010572696532706
0.907563897864277 0.010991345373595
0.904508497187474 0.011419943611224
0.901408737595557 0.011858528743183
0.898264959012098 0.012307143056298
0.895077506187845 0.012765825590120
0.891846728662920 0.013234591139671
0.888572980728485 0.013713455220954
0.885256621387895 0.014202427253929
0.881898014317321 0.014701501974755
0.878497527825878 0.015210678670295
0.875055534815230 0.015729965806115
0.871572412738697 0.016259369498776
0.868048543559867 0.016798888199948
0.864484313710706 0.017348521245003
0.860880114049181 0.017908251063674
0.857236339816402 0.018478065357583
0.853553390593274 0.019057931652277
0.849831670256683 0.019647819613578
0.846071586935203 0.020247691662770
0.842273552964344 0.020857494235253
0.838437984841330 0.021477172608785
0.834565303179429 0.022106658782551
0.830655932661826 0.022745874094520
0.826710301995053 0.023394726357787
0.822728843861975 0.024053122280047
0.818711994874345 0.024720955874137
0.814660195524919 0.025398116586582
0.810573890139155 0.026084485996886
0.806453526826488 0.026779927998933
0.802299557431188 0.027484304488276
0.798112437482808 0.028197468395863
0.793892626146237 0.028919241544878
0.789640586171339 0.029649426687974
0.785356783842216 0.030387813725439
0.781041688926065 0.031134179564633
0.776695774621672 0.031888293219445
0.772319517507513 0.032649913931007
0.767913397489498 0.033418782208084
0.763477897748339 0.034194643645979
0.759013504686565 0.034977235733127
0.754520707875186 0.035766287818296
0.750000000000000 0.036561521802819
0.745451876807570 0.037362671904535
0.740876837050858 0.038169483004202
0.736275382434527 0.038981687427301
0.731648017559931 0.039799021002389
0.726995249869773 0.040621215688544
0.722317589592464 0.041448000885774
0.717615549686164 0.042279106758564
0.712889645782536 0.043114247994886
0.708140396130201 0.043953065846082
0.703368321537900 0.044795140101069
0.698573945317390 0.045640036686402
0.693757793226052 0.046487306427373
0.688920393409234 0.047336486867838
0.684062276342339 0.048187073357895
0.679183974772650 0.049038560676169
0.674286023660908 0.049890429237347
0.669368960122646 0.050742139894246
0.664433323369292 0.051593101641701
0.659479654649035 0.052442712875433
0.654508497187474 0.053290355102826
0.649520396128043 0.054135402291639
0.644515898472236 0.054977125736537
0.639495553019615 0.055814721660357
0.634459910307633 0.056647379959563
0.629409522551260 0.057474283301933
0.624344943582428 0.058294624170504
0.619266728789291 0.059107652579163
0.614175435055328 0.059912622320548
0.609071620698271 0.060708787070664
0.603955845408880 0.061495401791445
0.598828670189563 0.062271810720099
0.593690657292862 0.063037471315278
0.588542370159792 0.063791840995035
0.583384373358051 0.064534375615390
0.578217232520115 0.065264538921967
0.573041514281206 0.065981806853917
0.567857786217152 0.066685663854854
0.562666616782152 0.067375594769561
0.557468575246433 0.068051092361864
0.552264231633827 0.068711676325411
0.547054156659257 0.069356980815430
0.541838921666158 0.069986676247082
0.536619098563816 0.070600435942888
0.531395259764657 0.071197944306773
0.526167978121472 0.071778886730947
0.520937826864600 0.072342964998744
0.515705379539064 0.072889885373211
0.510471209941678 0.073419363571854
0.505235892058123 0.073931120274636
0.500000000000000 0.074424911791630
0.494764107941877 0.074900561468723
0.489528790058322 0.075357898635897
0.484294620460936 0.075796762315122
0.479062173135400 0.076216999524418
0.473832021878528 0.076618457817328
0.468604740235343 0.077000981610570
0.463380901436184 0.077364426067179
0.458161078333842 0.077708648653087
0.452945843340743 0.078033517907104
0.447735768366173 0.078338893164656
0.442531424753567 0.078624617497539
0.437333383217848 0.078890543268227
0.432142213782848 0.079136534090663
0.426958485718794 0.079362463971680
0.421782767479885 0.079568281537785
0.416615626641949 0.079753988780743
0.411457629840209 0.079919597064742
0.406309342707138 0.080065126713805
0.401171329810437 0.080190612942163
0.396044154591120 0.080296168725587
0.390928379301729 0.080381945956654
0.385824564944672 0.080448102766187
0.380733271210710 0.080494804422223
0.375655056417573 0.080522230539452
0.370590477448740 0.080530599287080
0.365540089692367 0.080520142762505
0.360504446980385 0.080491098544363
0.355484101527764 0.080443710044998
0.350479603871957 0.080378261300814
0.345491502812526 0.080295106051233
0.340520345350965 0.080194607225179
0.335566676630708 0.080077130896994
0.330631039877354 0.079943038698107
0.325713976339092 0.079792603879798
0.320816025227350 0.079626045125376
0.315937723657661 0.079443583427972
0.311079606590766 0.079245446470038
0.306242206773949 0.079031843054084
0.301426054682610 0.078802919093855
0.296631678462100 0.078558813917666
0.291859603869799 0.078299678456008
0.287110354217464 0.078025665692784
0.282384450313836 0.077736922209575
0.277682410407536 0.077433587449050
0.273004750130227 0.077115811461112
0.268351982440069 0.076783753423540
0.263724617565473 0.076437540604859
0.259123162949143 0.076077266786566
0.254548123192430 0.075703029808543
0.250000000000000 0.075314938925438
0.245479292124815 0.074913120024820
0.240986495313435 0.074497723470851
0.236522102251661 0.074068907894798
0.232086602510502 0.073626845821291
0.227680482492487 0.073171711282914
0.223304225378328 0.072703672033687
0.218958311073935 0.072222901714146
0.214643216157784 0.071729589296383
0.210359413828661 0.071223943492680
0.206107373853763 0.070706205288321
0.201887562517192 0.070176632906274
0.197700442568813 0.069635485893095
0.193546473173512 0.069082936404601
0.189426109860845 0.068519021923457
0.185339804475081 0.067943800798891
0.181288005125655 0.067357336670651
0.177271156138025 0.066759675868411
0.173289698004947 0.066150858160238
0.169344067338174 0.065530946657550
0.165434696820571 0.064900032766145
0.161562015158670 0.064258233435207
0.157726447035656 0.063605702585585
0.153928413064797 0.062942594424875
0.150168329743317 0.062269059435063
0.146446609406726 0.061585235781337
0.142763660183598 0.060891298600661
0.139119885950819 0.060187450465122
0.135515686289294 0.059473921867997
0.131951456440133 0.058750968302753
0.128427587261303 0.058018852205554
0.124944465184770 0.057277828718699
0.121502472174122 0.056528173153334
0.118101985682679 0.055770112858202
0.114743378612105 0.055003729709779
0.111427019271515 0.054229120038688
0.108153271337080 0.053446437050593
0.104922493812155 0.052655863755330
0.101735040987902 0.051857629909967
0.098591262404443 0.051052007274970
0.095491502812526 0.050239330235634
0.092436102135723 0.049419931913035
0.089425395433148 0.048593938309966
0.086459712862719 0.047761341097480
0.083539379644950 0.046922186649832
0.080664716027288 0.046076532967876
0.077836037248993 0.045224492062246
0.075053653506568 0.044366246254158
0.072317869919747 0.043502055045022
0.069628986498028 0.042632221686391
0.066987298107781 0.041757092733367
0.064393094439905 0.040877055736516
0.061846659978068 0.039992405231577
0.059348273967504 0.039103381528148
0.056898210384393 0.038210300014847
0.054496737905816 0.037313566593131
0.052144119880294 0.036413632569134
0.049840614298903 0.035510980992197
0.047586473766990 0.034606172481664
0.045381945476466 0.033699951497488
0.043227271178700 0.032793039061956
0.041122687158010 0.031885369903419
0.039068424205750 0.030976585939191
0.037064707595003 0.030066297273505
0.035111757055874 0.029154210816787
0.033209786751399 0.028240289581035
0.031359005254054 0.027324712484031
0.029559615522887 0.026407846624515
0.027811814881260 0.025490195739346
0.026115794995207 0.024572512862730
0.024471741852423 0.023655622035871
0.022879835741862 0.022740383584751
0.021340251233966 0.021827719322752
0.019853157161529 0.020918573213619
0.018418716601171 0.020014022677598
0.017037086855466 0.019115273452250
0.015708419435685 0.018223653623833
0.014432860045182 0.017340520463520
0.013210548563420 0.016467376536088
0.012041619030626 0.015606243896397
0.010926199633097 0.014757504386813
0.009864412689139 0.013918165620869
0.008856374635656 0.013085081407065
0.007902196015379 0.012256016131059
0.007001981464748 0.011430109061858
0.006155829702431 0.010607637282554
0.005363833518506 0.009790083013356
0.004626079764278 0.008980024610866
0.003942649342761 0.008181110259329
0.003313617199802 0.007398910559339
0.002739052315863 0.006637939926217
0.002219017698460 0.005898952371996
0.001753570375248 0.005179582796797
0.001342761387771 0.004478068541253
0.000986635785864 0.003793326558973
0.000685232622713 0.003124496789851
0.000438584950571 0.002470911032100
0.000246719817134 0.001832002970643
0.000109658262577 0.001207457300824
0.000027415317244 0.000596952553459
0.000000000000000 0.000000000000000
0.000027415317244 -0.000596893151286
0.000109658262577 -0.001207418127831
0.000246719817134 -0.001832008234202
0.000438584950571 -0.002470919470739
0.000685232622713 -0.003124511122533
0.000986635785864 -0.003793339748139
0.001342761387771 -0.004478067892163
0.001753570375248 -0.005179597227027
0.002219017698460 -0.005898944403622
0.002739052315863 -0.006637948181408
0.003313617199802 -0.007398913343773
0.003942649342761 -0.008181123820281
0.004626079764278 -0.008980036704103
0.005363833518506 -0.009790080593869
0.006155829702431 -0.010607651950023
0.007001981464748 -0.011430101882703
0.007902196015379 -0.012256020727828
0.008856374635656 -0.013085087605706
0.009864412689139 -0.013918168766839
0.010926199633097 -0.014757504792502
0.012041619030626 -0.015606244163125
0.013210548563420 -0.016467379368880
0.014432860045182 -0.017340529327015
0.015708419435684 -0.018223647548584
0.017037086855466 -0.019115274095800
0.018418716601171 -0.020014023604058
0.019853157161528 -0.020918568637725
0.021340251233966 -0.021827715402203
0.022879835741862 -0.022740393806798
0.024471741852423 -0.023655627163793
0.026115794995207 -0.024572511278946
0.027811814881259 -0.025490202321714
0.029559615522887 -0.026407846635605
0.031359005254054 -0.027324719517373
0.033209786751399 -0.028240287406602
0.035111757055874 -0.029154206241259
0.037064707595003 -0.030066295776158
0.039068424205750 -0.030976585764611
0.041122687158009 -0.031885374272209
0.043227271178699 -0.032793043733449
0.045381945476466 -0.033699954848013
0.047586473766990 -0.034606168884664
0.049840614298903 -0.035510978862494
0.052144119880293 -0.036413633494638
0.054496737905816 -0.037313565704046
0.056898210384393 -0.038210301482916
0.059348273967504 -0.039103381704012
0.061846659978068 -0.039992409619742
0.064393094439905 -0.040877060356572
0.066987298107781 -0.041757097010705
0.069628986498028 -0.042632225604248
0.072317869919747 -0.043502059994104
0.075053653506568 -0.044366250536653
0.077836037248992 -0.045224492929698
0.080664716027288 -0.046076536013020
0.083539379644950 -0.046922187279030
0.086459712862719 -0.047761339874357
0.089425395433148 -0.048593939193586
0.092436102135723 -0.049419935643154
0.095491502812526 -0.050239328516647
0.098591262404443 -0.051052007660828
0.101735040987902 -0.051857630726011
0.104922493812155 -0.052655866270008
0.108153271337080 -0.053446437820013
0.111427019271514 -0.054229120974359
0.114743378612105 -0.055003730342200
0.118101985682679 -0.055770115303238
0.121502472174122 -0.056528176295984
0.124944465184770 -0.057277828604710
0.128427587261303 -0.058018853747629
0.131951456440133 -0.058750968702286
0.135515686289294 -0.059473921238576
0.139119885950819 -0.060187451100631
0.142763660183598 -0.060891301316219
0.146446609406726 -0.061585236646276
0.150168329743317 -0.062269060609211
0.153928413064796 -0.062942595285100
0.157726447035656 -0.063605702509558
0.161562015158669 -0.064258234616281
0.165434696820571 -0.064900033541604
0.169344067338174 -0.065530948730786
0.173289698004947 -0.066150858572276
0.177271156138025 -0.066759677226719
0.181288005125655 -0.067357337572152
0.185339804475081 -0.067943800467608
0.189426109860845 -0.068519024474072
0.193546473173511 -0.069082937447451
0.197700442568812 -0.069635487743200
0.201887562517192 -0.070176633948069
0.206107373853763 -0.070706206554572
0.210359413828660 -0.071223944584070
0.214643216157784 -0.071729591569341
0.218958311073935 -0.072222903953848
0.223304225378328 -0.072703672819321
0.227680482492486 -0.073171713180452
0.232086602510501 -0.073626847455191
0.236522102251661 -0.074068910211704
0.240986495313435 -0.074497725383497
0.245479292124814 -0.074913121014688
0.250000000000000 -0.075314938976552
0.254548123192429 -0.075703029902523
0.259123162949142 -0.076077268647548
0.263724617565473 -0.076437542092315
0.268351982440069 -0.076783754292554
0.273004750130227 -0.077115812707055
0.277682410407536 -0.077433588810923
0.282384450313836 -0.077736923308042
0.287110354217464 -0.078025667234164
0.291859603869799 -0.078299678929879
0.296631678462100 -0.078558815022163
0.301426054682609 -0.078802919587716
0.306242206773948 -0.079031843921157
0.311079606590766 -0.079245447964160
0.315937723657661 -0.079443584728880
0.320816025227350 -0.079626046147561
0.325713976339092 -0.079792605228945
0.330631039877354 -0.079943039284980
0.335566676630708 -0.080077131791001
0.340520345350965 -0.080194608396611
0.345491502812526 -0.080295106858250
0.350479603871956 -0.080378262256011
0.355484101527764 -0.080443710895772
0.360504446980385 -0.080491099436758
0.365540089692367 -0.080520143744999
0.370590477448739 -0.080530600222805
0.375655056417572 -0.080522231450016
0.380733271210709 -0.080494805225932
0.385824564944672 -0.080448103642941
0.390928379301728 -0.080381946955146
0.396044154591120 -0.080296169721135
0.401171329810437 -0.080190613747399
0.406309342707137 -0.080065127222720
0.411457629840208 -0.079919598024068
0.416615626641949 -0.079753989443564
0.421782767479884 -0.079568282428489
0.426958485718794 -0.079362464755986
0.432142213782848 -0.079136534558577
0.437333383217848 -0.078890544489440
0.442531424753567 -0.078624618330743
0.447735768366173 -0.078338894088258
0.452945843340743 -0.078033519677882
0.458161078333842 -0.077708648880917
0.463380901436184 -0.077364426270424
0.468604740235343 -0.077000983518916
0.473832021878528 -0.076618458388113
0.479062173135400 -0.076217000182398
0.484294620460935 -0.075796763129418
0.489528790058321 -0.075357898851486
0.494764107941877 -0.074900561634596
0.500000000000000 -0.074424913375129
0.505235892058122 -0.073931120768725
0.510471209941678 -0.073419363187488
0.515705379539064 -0.072889886475821
0.520937826864600 -0.072342965400884
0.526167978121472 -0.071778886763625
0.531395259764656 -0.071197944573645
0.536619098563816 -0.070600437108870
0.541838921666157 -0.069986675787704
0.547054156659257 -0.069356979947620
0.552264231633827 -0.068711677104681
0.557468575246433 -0.068051094268582
0.562666616782152 -0.067375596815981
0.567857786217152 -0.066685666511895
0.573041514281206 -0.065981808575493
0.578217232520115 -0.065264539732182
0.583384373358051 -0.064534373760762
0.588542370159791 -0.063791840911451
0.593690657292862 -0.063037471713819
0.598828670189563 -0.062271811344294
0.603955845408879 -0.061495400216087
0.609071620698271 -0.060708787381634
0.614175435055328 -0.059912621935520
0.619266728789290 -0.059107652749924
0.624344943582427 -0.058294623183319
0.629409522551260 -0.057474285047100
0.634459910307633 -0.056647380940735
0.639495553019614 -0.055814722013938
0.644515898472235 -0.054977127160040
0.649520396128043 -0.054135403195078
0.654508497187474 -0.053290357069843
0.659479654649035 -0.052442715303083
0.664433323369291 -0.051593103429849
0.669368960122646 -0.050742139429182
0.674286023660907 -0.049890429395412
0.679183974772650 -0.049038561943330
0.684062276342339 -0.048187073040257
0.688920393409233 -0.047336485363309
0.693757793226051 -0.046487306509070
0.698573945317390 -0.045640037093108
0.703368321537900 -0.044795141678416
0.708140396130200 -0.043953065363135
0.712889645782536 -0.043114247665755
0.717615549686163 -0.042279108363738
0.722317589592464 -0.041448003192232
0.726995249869773 -0.040621215371721
0.731648017559930 -0.039799022763669
0.736275382434527 -0.038981689881186
0.740876837050857 -0.038169483180636
0.745451876807570 -0.037362672923337
0.750000000000000 -0.036561521971532
0.754520707875185 -0.035766288476936
0.759013504686565 -0.034977235025355
0.763477897748338 -0.034194646045246
0.767913397489498 -0.033418782678209
0.772319517507513 -0.032649912640201
0.776695774621672 -0.031888296346115
0.781041688926065 -0.031134180472877
0.785356783842216 -0.030387812107550
0.789640586171339 -0.029649428554841
0.793892626146236 -0.028919243383576
0.798112437482808 -0.028197467979355
0.802299557431187 -0.027484302760382
0.806453526826488 -0.026779925081217
0.810573890139155 -0.026084484720441
0.814660195524918 -0.025398118447912
0.818711994874345 -0.024720955351637
0.822728843861975 -0.024053123594883
0.826710301995052 -0.023394727677823
0.830655932661826 -0.022745874721261
0.834565303179429 -0.022106661015221
0.838437984841330 -0.021477175691690
0.842273552964344 -0.020857494202201
0.846071586935203 -0.020247691361100
0.849831670256683 -0.019647820050355
0.853553390593274 -0.019057930729888
0.857236339816401 -0.018478065164319
0.860880114049181 -0.017908251635957
0.864484313710706 -0.017348522569369
0.868048543559867 -0.016798888686109
0.871572412738697 -0.016259368267999
0.875055534815230 -0.015729964698882
0.878497527825878 -0.015210678295240
0.881898014317321 -0.014701501888287
0.885256621387894 -0.014202426290106
0.888572980728485 -0.013713456871470
0.891846728662920 -0.013234591215528
0.895077506187845 -0.012765824181171
0.898264959012098 -0.012307144600776
0.901408737595557 -0.011858527934622
0.904508497187474 -0.011419942025686
0.907563897864277 -0.010991344963291
0.910574604566852 -0.010572696112755
0.913540287137281 -0.010163972281319
0.916460620355049 -0.009765115189830
0.919335283972712 -0.009375915796548
0.922163962751007 -0.008996115000731
0.924946346493432 -0.008625425459341
0.927682130080253 -0.008263553961028
0.930371013501972 -0.007910229998731
0.933012701892219 -0.007565209541679
0.935606905560095 -0.007228272039788
0.938153340021932 -0.006899208473674
0.940651726032496 -0.006577823492016
0.943101789615607 -0.006263920658639
0.945503262094184 -0.005957355706133
0.947855880119706 -0.005658104669223
0.950159385701097 -0.005366187375569
0.952413526233010 -0.005081680495804
0.954618054523534 -0.004804646625949
0.956772728821300 -0.004535120714554
0.958877312841991 -0.004273126840701
0.960931575794250 -0.004018682707199
0.962935292404997 -0.003771800516623
0.964888242944126 -0.003532481578362
0.966790213248601 -0.003300678258035
0.968640994745946 -0.003076412531207
0.970440384477113 -0.002859836781067
0.972188185118740 -0.002651219496399
0.973884205004793 -0.002450859234492
0.975528258147577 -0.002258948957061
0.977120164258138 -0.002075619409456
0.978659748766034 -0.001900951751729
0.980146842838471 -0.001734962886211
0.981581283398829 -0.001577630101819
0.982962913144534 -0.001428888660942
0.984291580564316 -0.001288622532326
0.985567139954818 -0.001156700370230
0.986789451436580 -0.001033044222815
0.987958380969374 -0.000917734400653
0.989073800366903 -0.000810797528689
0.990135587310861 -0.000712149619951
0.991143625364344 -0.000621634154821
0.992097803984621 -0.000539021265004
0.992998018535252 -0.000464026783619
0.993844170297569 -0.000396322073399
0.994636166481494 -0.000335541445795
0.995373920235722 -0.000281296487128
0.996057350657239 -0.000233179476447
0.996686382800198 -0.000190784442502
0.997260947684137 -0.000153698843252
0.997780982301540 -0.000121527278713
0.998246429624752 -0.000093885806636
0.998657238612229 -0.000070416826976
0.999013364214136 -0.000050789820700
0.999314767377287 -0.000034709587745
0.999561415049429 -0.000021916962598
0.999753280182866 -0.000012197797788
0.999890341737423 -0.000005379545475
0.999972584682756 -0.000001338584600
1.000000000000000 0.000000000000000
