1.000000000000000 0.000000000000000
0.999972584682756 0.000006380036480
0.999890341737423 0.000025557670520
0.999753280182866 0.000057616164097
0.999561415049429 0.000102707513496
0.999314767377287 0.000161029023314
0.999013364214136 0.000232844351819
0.998657238612229 0.000318449336407
0.998246429624752 0.000418182404822
0.997780982301540 0.000532421717066
0.997260947684137 0.000661555177818
0.996686382800198 0.000805996665821
0.996057350657239 0.000966149011349
0.995373920235722 0.001142413973518
0.994636166481494 0.001335161258827
0.993844170297569 0.001544723099360
0.992998018535252 0.001771374159140
0.992097803984621 0.002015310197088
0.991143625364344 0.002276635276621
0.990135587310861 0.002555326602707
0.989073800366903 0.002851245114010
0.987958380969374 0.003164076911024
0.986789451436580 0.003493313243969
0.985567139954818 0.003838509681685
0.984291580564316 0.004199250088224
0.982962913144534 0.004575076044940
0.981581283398829 0.004965399164199
0.980146842838472 0.005369482428092
0.978659748766034 0.005786447275711
0.977120164258138 0.006215259341610
0.975528258147577 0.006654729353887
0.973884205004793 0.007103467724505
0.972188185118741 0.007559860216129
0.970440384477113 0.008022780797391
0.968640994745946 0.008491605766111
0.966790213248601 0.008965881207687
0.964888242944126 0.009445192046137
0.962935292404997 0.009929121677351
0.960931575794250 0.010417288187214
0.958877312841991 0.010909353775381
0.956772728821300 0.011404993726567
0.954618054523534 0.011903937559565
0.952413526233010 0.012405960065835
0.950159385701097 0.012910916776554
0.947855880119706 0.013418775782616
0.945503262094184 0.013929580043208
0.943101789615607 0.014443423200085
0.940651726032496 0.014960474267231
0.938153340021932 0.015480962781330
0.935606905560095 0.016005218250972
0.933012701892219 0.016533652016379
0.930371013501972 0.017066708607959
0.927682130080253 0.017604845159219
0.924946346493432 0.018148314680705
0.922163962751008 0.018697027021709
0.919335283972712 0.019250898702123
0.916460620355050 0.019809900705879
0.913540287137281 0.020374035732699
0.910574604566852 0.020943309653997
0.907563897864277 0.021517743541703
0.904508497187474 0.022097383639745
0.901408737595557 0.022682309596111
0.898264959012098 0.023272579212583
0.895077506187845 0.023868119262693
0.891846728662920 0.024468832133112
0.888572980728485 0.025074612116939
0.885256621387895 0.025685354877303
0.881898014317321 0.026300955526275
0.878497527825878 0.026921330473332
0.875055534815230 0.027546397943594
0.871572412738697 0.028176071242613
0.868048543559867 0.028810268948367
0.864484313710706 0.029448896325277
0.860880114049181 0.030091852071843
0.857236339816402 0.030738993436876
0.853553390593274 0.031390175235911
0.849831670256683 0.032045257081749
0.846071586935203 0.032704102543257
0.842273552964344 0.033366583962150
0.838437984841330 0.034032562242312
0.834565303179429 0.034701910688752
0.830655932661826 0.035374492051141
0.826710301995053 0.036050170796423
0.822728843861975 0.036728772620091
0.818711994874345 0.037410123025730
0.814660195524919 0.038094038634972
0.810573890139155 0.038780345905412
0.806453526826488 0.039468870289014
0.802299557431188 0.040159437318383
0.798112437482808 0.040851865219931
0.793892626146237 0.041545957444060
0.789640586171339 0.042241515892024
0.785356783842216 0.042938337664199
0.781041688926065 0.043636152213809
0.776695774621672 0.044334663365068
0.772319517507513 0.045033561894447
0.767913397489498 0.045732543118474
0.763477897748339 0.046431310345026
0.759013504686565 0.047129553942312
0.754520707875186 0.047826966676855
0.750000000000000 0.048523237591347
0.745451876807570 0.049218027189729
0.740876837050858 0.049910999563756
0.736275382434527 0.050601815500493
0.731648017559931 0.051290136969186
0.726995249869773 0.051975634923999
0.722317589592464 0.052657976567830
0.717615549686164 0.053336832091706
0.712889645782536 0.054011834977199
0.708140396130201 0.054682557559081
0.703368321537900 0.055348553023869
0.698573945317390 0.056009375758591
0.693757793226052 0.056664532484434
0.688920393409234 0.057313338890088
0.684062276342339 0.057955068831871
0.679183974772650 0.058588980396870
0.674286023660908 0.059214338014953
0.669368960122646 0.059830442604777
0.664433323369292 0.060436628278581
0.659479654649035 0.061032224958815
0.654508497187474 0.061616559287572
0.649520396128043 0.062189051895070
0.644515898472236 0.062749313619337
0.639495553019615 0.063296981253187
0.634459910307633 0.063831696142339
0.629409522551260 0.064353096737522
0.624344943582428 0.064860831432683
0.619266728789291 0.065354545914198
0.614175435055328 0.065833892947579
0.609071620698271 0.066298525605909
0.603955845408880 0.066748151003643
0.598828670189563 0.067182639265115
0.593690657292862 0.067601902016525
0.588542370159792 0.068005856358095
0.583384373358051 0.068394425509847
0.578217232520115 0.068767533790745
0.573041514281206 0.069125095714680
0.567857786217152 0.069467032012085
0.562666616782152 0.069793272720740
0.557468575246433 0.070103748397489
0.552264231633827 0.070398358800487
0.547054156659257 0.070676971727440
0.541838921666158 0.070939461128455
0.536619098563816 0.071185705832600
0.531395259764657 0.071415598271132
0.526167978121472 0.071629111820840
0.520937826864600 0.071826269448639
0.515705379539064 0.072007100594331
0.510471209941678 0.072171643284452
0.505235892058123 0.072319978527045
0.500000000000000 0.072452459399777
0.494764107941877 0.072569560028122
0.489528790058322 0.072671760343145
0.484294620460936 0.072759546680522
0.479062173135400 0.072833379189746
0.473832021878528 0.072893572134813
0.468604740235343 0.072940396768827
0.463380901436184 0.072974128981625
0.458161078333842 0.072995048960041
0.452945843340743 0.073003385919834
0.447735768366173 0.072999178613178
0.442531424753567 0.072982428101726
0.437333383217848 0.072953140822182
0.432142213782848 0.072911328846214
0.426958485718794 0.072857030532312
0.421782767479885 0.072790338739051
0.416615626641949 0.072711358193412
0.411457629840209 0.072620197671545
0.406309342707138 0.072516971724111
0.401171329810437 0.072401814037844
0.396044154591120 0.072274882999152
0.390928379301729 0.072136344417014
0.385824564944672 0.071986365781693
0.380733271210710 0.071825116393172
0.375655056417573 0.071652729612820
0.370590477448740 0.071469310694629
0.365540089692367 0.071274971311102
0.360504446980385 0.071069826161329
0.355484101527764 0.070853984651998
0.350479603871957 0.070627515562513
0.345491502812526 0.070390479897388
0.340520345350965 0.070142943073634
0.335566676630708 0.069884975877061
0.330631039877354 0.069616656679559
0.325713976339092 0.069338070951814
0.320816025227350 0.069049310917933
0.315937723657661 0.068750471837641
0.311079606590766 0.068441655570224
0.306242206773949 0.068122961765702
0.301426054682610 0.067794490150852
0.296631678462100 0.067456350103794
0.291859603869799 0.067108652540082
0.287110354217464 0.066751507867501
0.282384450313836 0.066385021393246
0.277682410407536 0.066009305737170
0.273004750130227 0.065624477092317
0.268351982440069 0.065230641798199
0.263724617565473 0.064827871850802
0.259123162949143 0.064416242143985
0.254548123192430 0.063995836207952
0.250000000000000 0.063566745527554
0.245479292124815 0.063129079508509
0.240986495313435 0.062682957705192
0.236522102251661 0.062228506614838
0.232086602510502 0.061765845164321
0.227680482492487 0.061295052611620
0.223304225378328 0.060816213117915
0.218958311073935 0.060329414412943
0.214643216157784 0.059834759718836
0.210359413828661 0.059332374331191
0.206107373853763 0.058822396259088
0.201887562517192 0.058304967391729
0.197700442568813 0.057780212526995
0.193546473173512 0.057248226726363
0.189426109860845 0.056709106778955
0.185339804475081 0.056162965301437
0.181288005125655 0.055609878711848
0.177271156138025 0.055049910966976
0.173289698004947 0.054483145679482
0.169344067338174 0.053909683483882
0.165434696820571 0.053329661233034
0.161562015158670 0.052743226565348
0.157726447035656 0.052150531219313
0.153928413064797 0.051551715159608
0.150168329743317 0.050946921206911
0.146446609406726 0.050336306515300
0.142763660183598 0.049720029018285
0.139119885950819 0.049098253991888
0.135515686289294 0.048471169876078
0.131951456440133 0.047838992675031
0.128427587261303 0.047201982315811
0.124944465184770 0.046560409412543
0.121502472174122 0.045914421557107
0.118101985682679 0.045264028934008
0.114743378612105 0.044609263743273
0.111427019271515 0.043950142612219
0.108153271337080 0.043286659990165
0.104922493812155 0.042618859453961
0.101735040987902 0.041946834261857
0.098591262404443 0.041270729381420
0.095491502812526 0.040590711265198
0.092436102135723 0.039906921691491
0.089425395433148 0.039219523366299
0.086459712862719 0.038528665175895
0.083539379644950 0.037834446304668
0.080664716027288 0.037137000344506
0.077836037248993 0.036436523666029
0.075053653506568 0.035733226220479
0.072317869919747 0.035027412708294
0.069628986498028 0.034319472784093
0.066987298107781 0.033609731268413
0.064393094439905 0.032898293981797
0.061846659978068 0.032185217347762
0.059348273967504 0.031470299388534
0.056898210384393 0.030753272897433
0.054496737905816 0.030034028587278
0.052144119880294 0.029312606792151
0.049840614298903 0.028589120441495
0.047586473766990 0.027863768483403
0.045381945476466 0.027136827920396
0.043227271178700 0.026408656723401
0.041122687158010 0.025679426260935
0.039068424205750 0.024948954073819
0.037064707595003 0.024217163259824
0.035111757055874 0.023484133450422
0.033209786751399 0.022750093978308
0.031359005254054 0.022015389430374
0.029559615522887 0.021280510311919
0.027811814881260 0.020546050956407
0.026115794995207 0.019812791974278
0.024471741852423 0.019081325610152
0.022879835741862 0.018351223518603
0.021340251233966 0.017622031338606
0.019853157161529 0.016893542810236
0.018418716601171 0.016165866611634
0.017037086855466 0.015439395358429
0.015708419435685 0.014714792012408
0.014432860045182 0.013993010776248
0.013210548563420 0.013275288613184
0.012041619030626 0.012562809293592
0.010926199633097 0.011855735872736
0.009864412689139 0.011152741736593
0.008856374635656 0.010453194812971
0.007902196015379 0.009757177162298
0.007001981464748 0.009065335872738
0.006155829702431 0.008379106622416
0.005363833518506 0.007700287361648
0.004626079764278 0.007030330313768
0.003942649342761 0.006369563447047
0.003313617199802 0.005719417010078
0.002739052315863 0.005082273160753
0.002219017698460 0.004462031380847
0.001753570375248 0.003863164954278
0.001342761387771 0.003285515736463
0.000986635785864 0.002728408258077
0.000685232622713 0.002195117393746
0.000438584950571 0.001690727374354
0.000246719817134 0.001214121106030
0.000109658262577 0.000763363094622
0.000027415317244 0.000356216097518
0.000000000000000 0.000000000000000
0.000027415317244 -0.000316338746915
0.000109658262577 -0.000619286053484
0.000246719817134 -0.000936634755940
0.000438584950571 -0.001279658246227
0.000685232622713 -0.001644900720596
0.000986635785864 -0.002025161691681
0.001342761387771 -0.002419801634157
0.001753570375248 -0.002830418075457
0.002219017698460 -0.003254092544034
0.002739052315863 -0.003687286460729
0.003313617199802 -0.004129157657952
0.003942649342761 -0.004579615585211
0.004626079764278 -0.005037184028049
0.005363833518506 -0.005498581239993
0.006155829702431 -0.005961528748752
0.007001981464748 -0.006424613074769
0.007902196015379 -0.006887111752001
0.008856374635656 -0.007349116604131
0.009864412689139 -0.007810857739215
0.010926199633097 -0.008272762160550
0.012041619030626 -0.008735173653669
0.013210548563420 -0.009196923154923
0.014432860045182 -0.009656577347900
0.015708419435684 -0.010113177914420
0.017037086855466 -0.010565999083596
0.018418716601171 -0.011014598590171
0.019853157161528 -0.011458895009522
0.021340251233966 -0.011899093345095
0.022879835741862 -0.012335840444934
0.024471741852423 -0.012770258273890
0.026115794995207 -0.013202673101862
0.027811814881259 -0.013632585507310
0.029559615522887 -0.014059320814406
0.031359005254054 -0.014482249319559
0.033209786751399 -0.014900908214982
0.035111757055874 -0.015314952152754
0.037064707595003 -0.015724134898272
0.039068424205750 -0.016128376319911
0.041122687158009 -0.016527739273455
0.043227271178699 -0.016922320149215
0.045381945476466 -0.017312202296153
0.047586473766990 -0.017697166297549
0.049840614298903 -0.018076968297827
0.052144119880293 -0.018451497739714
0.054496737905816 -0.018820740764338
0.056898210384393 -0.019184740534003
0.059348273967504 -0.019543648150182
0.061846659978068 -0.019897765161982
0.064393094439905 -0.020247488080005
0.066987298107781 -0.020593070686938
0.069628986498028 -0.020934717886862
0.072317869919747 -0.021272374195982
0.075053653506568 -0.021605791562274
0.077836037248992 -0.021934794450386
0.080664716027288 -0.022259300308106
0.083539379644950 -0.022579264883560
0.086459712862719 -0.022894675730123
0.089425395433148 -0.023205560925282
0.092436102135723 -0.023511953129872
0.095491502812526 -0.023813909234648
0.098591262404443 -0.024111451624315
0.101735040987902 -0.024404452963084
0.104922493812155 -0.024692775411701
0.108153271337080 -0.024976316037652
0.111427019271514 -0.025255001433189
0.114743378612105 -0.025528788361037
0.118101985682679 -0.025797666612099
0.121502472174122 -0.026061657454622
0.124944465184770 -0.026320776363588
0.128427587261303 -0.026574963446346
0.131951456440133 -0.026824162879841
0.135515686289294 -0.027068296985132
0.139119885950819 -0.027307216467571
0.142763660183598 -0.027540775997878
0.146446609406726 -0.027768848460105
0.150168329743317 -0.027991338851435
0.153928413064796 -0.028208167720279
0.157726447035656 -0.028419257327846
0.161562015158669 -0.028624521053005
0.165434696820571 -0.028823879712188
0.169344067338174 -0.029017254545790
0.173289698004947 -0.029204529927450
0.177271156138025 -0.029385585167016
0.181288005125655 -0.029560308733644
0.185339804475081 -0.029728606920561
0.189426109860845 -0.029890407891699
0.193546473173511 -0.030045647564320
0.197700442568812 -0.030194253791344
0.201887562517192 -0.030336122646887
0.206107373853763 -0.030471148591286
0.210359413828660 -0.030599229872131
0.214643216157784 -0.030720223621999
0.218958311073935 -0.030833951751337
0.223304225378328 -0.030940236481439
0.227680482492486 -0.031038906142493
0.232086602510501 -0.031129813467638
0.236522102251661 -0.031212823851984
0.240986495313435 -0.031287806254737
0.245479292124814 -0.031354606733937
0.250000000000000 -0.031412964525424
0.254548123192429 -0.031462592016784
0.259123162949142 -0.031503199922094
0.263724617565473 -0.031534487078453
0.268351982440069 -0.031556112620066
0.273004750130227 -0.031567724617369
0.277682410407536 -0.031568968530442
0.282384450313836 -0.031559504702482
0.287110354217464 -0.031539073165191
0.291859603869799 -0.031507438516337
0.296631678462100 -0.031464366931291
0.301426054682609 -0.031409636297658
0.306242206773948 -0.031343116785512
0.311079606590766 -0.031264731309582
0.315937723657661 -0.031174408943406
0.320816025227350 -0.031072085653503
0.325713976339092 -0.030957693290739
0.330631039877354 -0.030831161081280
0.335566676630708 -0.030692422505631
0.340520345350965 -0.030541416657028
0.345491502812526 -0.030378095726004
0.350479603871956 -0.030202449254263
0.355484101527764 -0.030014482914588
0.360504446980385 -0.029814207756377
0.365540089692367 -0.029601642883172
0.370590477448739 -0.029376812084681
0.375655056417572 -0.029139749286793
0.380733271210709 -0.028890493422426
0.385824564944672 -0.028629088874282
0.390928379301728 -0.028355607144084
0.396044154591120 -0.028070242881053
0.401171329810437 -0.027773245466585
0.406309342707137 -0.027464874643729
0.411457629840208 -0.027145400037515
0.416615626641949 -0.026815092422038
0.421782767479884 -0.026474225922918
0.426958485718794 -0.026123079402985
0.432142213782848 -0.025761938572388
0.437333383217848 -0.025391101097731
0.442531424753567 -0.025010979840860
0.447735768366173 -0.024622128891758
0.452945843340743 -0.024225122299748
0.458161078333842 -0.023820539976896
0.463380901436184 -0.023408971941949
0.468604740235343 -0.022991027197932
0.473832021878528 -0.022567332870484
0.479062173135400 -0.022138521026053
0.484294620460935 -0.021705227771809
0.489528790058321 -0.021268071159380
0.494764107941877 -0.020827517393679
0.500000000000000 -0.020383964008520
0.505235892058122 -0.019937814781110
0.510471209941678 -0.019489473137195
0.515705379539064 -0.019039341777347
0.520937826864600 -0.018587819867160
0.526167978121472 -0.018135305151592
0.531395259764656 -0.017682193565255
0.536619098563816 -0.017228882350924
0.541838921666157 -0.016775727685300
0.547054156659257 -0.016322994287726
0.552264231633827 -0.015870937848194
0.557468575246433 -0.015419809104891
0.562666616782152 -0.014969858928814
0.567857786217152 -0.014521317287735
0.573041514281206 -0.014074386105133
0.578217232520115 -0.013629264178173
0.583384373358051 -0.013186146283929
0.588542370159791 -0.012745232858037
0.593690657292862 -0.012306740523511
0.598828670189563 -0.011870894497336
0.603955845408879 -0.011437923466841
0.609071620698271 -0.011008047848955
0.614175435055328 -0.010581490097184
0.619266728789290 -0.010158483304860
0.624344943582427 -0.009739259167400
0.629409522551260 -0.009324048121951
0.634459910307633 -0.008913073086385
0.639495553019614 -0.008506536705691
0.644515898472235 -0.008104628453551
0.649520396128043 -0.007707527565189
0.654508497187474 -0.007315410783117
0.659479654649035 -0.006928442050911
0.664433323369291 -0.006546742593153
0.669368960122646 -0.006170420156175
0.674286023660907 -0.005799576786430
0.679183974772650 -0.005434310589840
0.684062276342339 -0.005074721294463
0.688920393409233 -0.004720902692143
0.693757793226051 -0.004372947147456
0.698573945317390 -0.004030940023932
0.703368321537900 -0.003694975363494
0.708140396130200 -0.003365166967798
0.712889645782536 -0.003041622242683
0.717615549686163 -0.002724443240291
0.722317589592464 -0.002413729514604
0.726995249869773 -0.002109575108830
0.731648017559930 -0.001812066826882
0.736275382434527 -0.001521287957497
0.740876837050857 -0.001237314857070
0.745451876807570 -0.000960219775191
0.750000000000000 -0.000690072848058
0.754520707875185 -0.000426933733506
0.759013504686565 -0.000170861717113
0.763477897748338 0.000078075446392
0.767913397489498 0.000319816001021
0.772319517507513 0.000554304732379
0.776695774621672 0.000781496685085
0.781041688926065 0.001001351378923
0.785356783842216 0.001213841145308
0.789640586171339 0.001418942496122
0.793892626146236 0.001616640693177
0.798112437482808 0.001806928767762
0.802299557431187 0.001989806402158
0.806453526826488 0.002165281652372
0.810573890139155 0.002333372628751
0.814660195524918 0.002494103718812
0.818711994874345 0.002647506329016
0.822728843861975 0.002793620085119
0.826710301995052 0.002932488580720
0.830655932661826 0.003064162729259
0.834565303179429 0.003188699661123
0.838437984841330 0.003306161340036
0.842273552964344 0.003416615031772
0.846071586935203 0.003520123199198
0.849831670256683 0.003616722051040
0.853553390593274 0.003706450050454
0.857236339816401 0.003789356193727
0.860880114049181 0.003865496232374
0.864484313710706 0.003934935073183
0.868048543559867 0.003997747402635
0.871572412738697 0.004054019227930
0.875055534815230 0.004103845295659
0.878497527825878 0.004147318400238
0.881898014317321 0.004184522220893
0.885256621387894 0.004215545319305
0.888572980728485 0.004240444120379
0.891846728662920 0.004259249320095
0.895077506187845 0.004272006002426
0.898264959012098 0.004278780156128
0.901408737595557 0.004279653132675
0.904508497187474 0.004274717150473
0.907563897864277 0.004264074571290
0.910574604566852 0.004247838741727
0.913540287137281 0.004226133157303
0.916460620355049 0.004199092005197
0.919335283972712 0.004166870431618
0.922163962751007 0.004129641930933
0.924946346493432 0.004087588830459
0.927682130080253 0.004040901247054
0.930371013501972 0.003989776633907
0.933012701892219 0.003934418668683
0.935606905560095 0.003875034650276
0.938153340021932 0.003811832422320
0.940651726032496 0.003745026276481
0.943101789615607 0.003674852347046
0.945503262094184 0.003601540944789
0.947855880119706 0.003525236123607
0.950159385701097 0.003446044557884
0.952413526233010 0.003364031801516
0.954618054523534 0.003279267282345
0.956772728821300 0.003191861823844
0.958877312841991 0.003101951653144
0.960931575794250 0.003009687661062
0.962935292404997 0.002915241961953
0.964888242944126 0.002818802839333
0.966790213248601 0.002720580824679
0.968640994745946 0.002620799667466
0.970440384477113 0.002519662286109
0.972188185118740 0.002417342048031
0.973884205004793 0.002313969588359
0.975528258147577 0.002209714572994
0.977120164258138 0.002104779587251
0.978659748766034 0.001999387217234
0.980146842838471 0.001893787162602
0.981581283398829 0.001788243636143
0.982962913144534 0.001683043959487
0.984291580564316 0.001578481138839
0.985567139954818 0.001474865815150
0.986789451436580 0.001372515859805
0.987958380969374 0.001271640320911
0.989073800366903 0.001172421211320
0.990135587310861 0.001075073868025
0.991143625364344 0.000979856896032
0.992097803984621 0.000887064532554
0.992998018535252 0.000797013697236
0.993844170297569 0.000710042891984
0.994636166481494 0.000626504120818
0.995373920235722 0.000546757398127
0.996057350657239 0.000471160656542
0.996686382800198 0.000400071743596
0.997260947684137 0.000333835414545
0.997780982301540 0.000272787868969
0.998246429624752 0.000217243216684
0.998657238612229 0.000167494205342
0.999013364214136 0.000123808355711
0.999314767377287 0.000086424989668
0.999561415049429 0.000055545478909
0.999753280182866 0.000031347588520
0.999890341737423 0.000013964529045
0.999972584682756 0.000003495921929
1.000000000000000 0.000000000000000
