1.000000000000000 0.000000000000000
0.999972584682756 0.000011421253897
0.999890341737423 0.000045754763504
0.999753280182866 0.000103187270644
0.999561415049429 0.000184034879582
0.999314767377287 0.000288732141938
0.999013364214136 0.000417819367766
0.998657238612229 0.000571965559353
0.998246429624752 0.000751922921303
0.997780982301540 0.000958523571105
0.997260947684137 0.001192690347273
0.996686382800198 0.001455392161884
0.996057350657239 0.001747635034796
0.995373920235722 0.002070451636800
0.994636166481494 0.002424848270857
0.993844170297569 0.002811805415378
0.992998018535252 0.003232227438952
0.992097803984621 0.003686896742270
0.991143625364344 0.004176485411683
0.990135587310861 0.004701428366391
0.989073800366903 0.005261936657618
0.987958380969374 0.005857937377726
0.986789451436580 0.006489018394877
0.985567139954818 0.007154310960439
0.984291580564316 0.007852655714174
0.982962913144534 0.008582750359133
0.981581283398829 0.009343288047359
0.980146842838472 0.010132642031477
0.978659748766034 0.010948722505137
0.977120164258138 0.011789049035074
0.975528258147577 0.012650697620919
0.973884205004793 0.013530319284231
0.972188185118741 0.014424158297567
0.970440384477113 0.015327653733402
0.968640994745946 0.016236842758691
0.966790213248601 0.017149367680034
0.964888242944126 0.018063889608368
0.962935292404997 0.018979577997945
0.960931575794250 0.019895431948417
0.958877312841991 0.020810492428050
0.956772728821300 0.021723932143400
0.954618054523534 0.022634942610132
0.952413526233010 0.023542762661126
0.950159385701097 0.024446813997338
0.947855880119706 0.025346695099661
0.945503262094184 0.026242514717424
0.943101789615607 0.027134661562413
0.940651726032496 0.028023671601208
0.938153340021932 0.028910217490035
0.935606905560095 0.029795101743067
0.933012701892219 0.030679300567669
0.930371013501972 0.031564104547357
0.927682130080253 0.032451078992470
0.924946346493432 0.033341462519524
0.922163962751008 0.034235936026794
0.919335283972712 0.035135041592075
0.916460620355050 0.036038887648871
0.913540287137281 0.036947538443992
0.910574604566852 0.037861210119282
0.907563897864277 0.038780234995951
0.904508497187474 0.039705041867085
0.901408737595557 0.040636159972991
0.898264959012098 0.041574161203025
0.895077506187845 0.042519356645870
0.891846728662920 0.043471913663944
0.888572980728485 0.044431931122771
0.885256621387895 0.045399127565870
0.881898014317321 0.046373188056865
0.878497527825878 0.047353827666069
0.875055534815230 0.048340846590280
0.871572412738697 0.049334043915542
0.868048543559867 0.050333199089961
0.864484313710706 0.051338084132423
0.860880114049181 0.052348482320012
0.857236339816402 0.053364278785138
0.853553390593274 0.054385465036365
0.849831670256683 0.055412045282699
0.846071586935203 0.056444036138884
0.842273552964344 0.057481476754539
0.838437984841330 0.058524423555506
0.834565303179429 0.059572971428835
0.830655932661826 0.060627240650079
0.826710301995053 0.061687397032996
0.822728843861975 0.062753533797339
0.818711994874345 0.063825575111419
0.814660195524919 0.064903411172970
0.810573890139155 0.065986918012552
0.806453526826488 0.067075926727084
0.802299557431188 0.068170240569873
0.798112437482808 0.069269648592818
0.793892626146237 0.070373945871881
0.789640586171339 0.071482952598646
0.785356783842216 0.072596488444803
0.781041688926065 0.073714370655491
0.776695774621672 0.074836436174385
0.772319517507513 0.075962539892085
0.767913397489498 0.077092540713865
0.763477897748339 0.078226292191887
0.759013504686565 0.079363676782518
0.754520707875186 0.080504579865317
0.750000000000000 0.081648895632996
0.745451876807570 0.082796509801933
0.740876837050858 0.083947283283656
0.736275382434527 0.085101045299690
0.731648017559931 0.086257621819385
0.726995249869773 0.087416845866405
0.722317589592464 0.088578472502961
0.717615549686164 0.089742201182463
0.712889645782536 0.090907732343313
0.708140396130201 0.092074751255257
0.703368321537900 0.093242958904418
0.698573945317390 0.094412072008546
0.693757793226052 0.095581789624527
0.688920393409234 0.096751832442431
0.684062276342339 0.097921901226774
0.679183974772650 0.099091730627270
0.674286023660908 0.100261036421840
0.669368960122646 0.101429547807544
0.664433323369292 0.102596994411834
0.659479654649035 0.103763102239368
0.654508497187474 0.104927606986432
0.649520396128043 0.106090249630326
0.644515898472236 0.107250763456941
0.639495553019615 0.108408881404664
0.634459910307633 0.109564265336116
0.629409522551260 0.110716575230095
0.624344943582428 0.111865458486202
0.619266728789291 0.113010562899677
0.614175435055328 0.114151534675765
0.609071620698271 0.115288027743529
0.603955845408880 0.116419675532239
0.598828670189563 0.117546124921920
0.593690657292862 0.118667027743156
0.588542370159792 0.119782004745018
0.583384373358051 0.120890669631907
0.578217232520115 0.121992623733675
0.573041514281206 0.123087478192294
0.567857786217152 0.124174834558599
0.562666616782152 0.125254310044988
0.557468575246433 0.126325511139250
0.552264231633827 0.127388053246836
0.547054156659257 0.128441553162012
0.541838921666158 0.129485626170012
0.536619098563816 0.130519863555181
0.531395259764657 0.131543826717413
0.526167978121472 0.132557071861568
0.520937826864600 0.133559166456133
0.515705379539064 0.134549679137128
0.510471209941678 0.135528177767106
0.505235892058123 0.136494230611681
0.500000000000000 0.137447414155420
0.494764107941877 0.138387307877176
0.489528790058322 0.139313494629723
0.484294620460936 0.140225535012545
0.479062173135400 0.141122903633146
0.473832021878528 0.142005092167241
0.468604740235343 0.142871590101376
0.463380901436184 0.143721904420044
0.458161078333842 0.144555536135830
0.452945843340743 0.145371984070707
0.447735768366173 0.146170751349647
0.442531424753567 0.146951350262264
0.437333383217848 0.147713309653296
0.432142213782848 0.148456154042715
0.426958485718794 0.149179360670669
0.421782767479885 0.149882396654266
0.416615626641949 0.150564755766021
0.411457629840209 0.151225935176455
0.406309342707138 0.151865449926749
0.401171329810437 0.152482772595146
0.396044154591120 0.153077377818220
0.390928379301729 0.153648751400344
0.385824564944672 0.154196403833113
0.380733271210710 0.154719858747963
0.375655056417573 0.155218630735156
0.370590477448740 0.155692239781414
0.365540089692367 0.156140220924795
0.360504446980385 0.156562135963406
0.355484101527764 0.156957555011902
0.350479603871957 0.157325900698575
0.345491502812526 0.157666467975194
0.340520345350965 0.157978581583669
0.335566676630708 0.158261590761263
0.330631039877354 0.158514875808984
0.325713976339092 0.158737795320220
0.320816025227350 0.158929688741676
0.315937723657661 0.159089924762971
0.311079606590766 0.159217905328811
0.306242206773949 0.159313050320180
0.301426054682610 0.159374444700966
0.296631678462100 0.159400834203972
0.291859603869799 0.159390998925080
0.287110354217464 0.159343772450551
0.282384450313836 0.159258043723267
0.277682410407536 0.159132782164059
0.273004750130227 0.158967029866530
0.268351982440069 0.158759874796809
0.263724617565473 0.158510451112095
0.259123162949143 0.158217981409996
0.254548123192430 0.157882106851330
0.250000000000000 0.157502706540071
0.245479292124815 0.157079681640912
0.240986495313435 0.156612953788533
0.236522102251661 0.156102496948607
0.232086602510502 0.155548372244473
0.227680482492487 0.154950684803925
0.223304225378328 0.154309555162367
0.218958311073935 0.153625123002827
0.214643216157784 0.152897696514328
0.210359413828661 0.152127770105593
0.206107373853763 0.151315867279919
0.201887562517192 0.150462505007055
0.197700442568813 0.149568222122424
0.193546473173512 0.148633531854511
0.189426109860845 0.147658953197011
0.185339804475081 0.146645009618587
0.181288005125655 0.145592239273244
0.177271156138025 0.144501159614352
0.173289698004947 0.143372280641050
0.169344067338174 0.142206111207767
0.165434696820571 0.141003197707517
0.161562015158670 0.139764249698195
0.157726447035656 0.138490181463408
0.153928413064797 0.137181930033427
0.150168329743317 0.135840425098300
0.146446609406726 0.134466805478773
0.142763660183598 0.133062408704890
0.139119885950819 0.131628583450071
0.135515686289294 0.130166684099095
0.131951456440133 0.128677895760689
0.128427587261303 0.127163264524425
0.124944465184770 0.125623876699725
0.121502472174122 0.124060759169922
0.118101985682679 0.122474738242635
0.114743378612105 0.120866553867657
0.111427019271515 0.119236986491231
0.108153271337080 0.117586853395408
0.104922493812155 0.115917024023991
0.101735040987902 0.114228392913859
0.098591262404443 0.112521837206555
0.095491502812526 0.110797918850994
0.092436102135723 0.109057152014022
0.089425395433148 0.107300079206750
0.086459712862719 0.105527294935005
0.083539379644950 0.103739428925322
0.080664716027288 0.101937174337340
0.077836037248993 0.100121196674885
0.075053653506568 0.098292091463377
0.072317869919747 0.096450532964550
0.069628986498028 0.094597073157539
0.066987298107781 0.092732191196915
0.064393094439905 0.090856390187847
0.061846659978068 0.088970267365618
0.059348273967504 0.087074540386137
0.056898210384393 0.085169973641846
0.054496737905816 0.083257164285999
0.052144119880294 0.081336795856537
0.049840614298903 0.079409444133838
0.047586473766990 0.077475482250948
0.045381945476466 0.075535314333822
0.043227271178700 0.073589486934043
0.041122687158010 0.071638582648141
0.039068424205750 0.069683328984249
0.037064707595003 0.067724530485113
0.035111757055874 0.065762995892652
0.033209786751399 0.063799274481114
0.031359005254054 0.061833801245357
0.029559615522887 0.059867090343486
0.027811814881260 0.057899740723268
0.026115794995207 0.055932437878339
0.024471741852423 0.053965987732082
0.022879835741862 0.052001360375277
0.021340251233966 0.050039681538624
0.019853157161529 0.048081787601101
0.018418716601171 0.046128129189746
0.017037086855466 0.044179106626268
0.015708419435685 0.042235254187368
0.014432860045182 0.040297304027554
0.013210548563420 0.038366192540586
0.012041619030626 0.036443016712175
0.010926199633097 0.034529208352966
0.009864412689139 0.032626421601501
0.008856374635656 0.030735514053497
0.007902196015379 0.028856875577037
0.007001981464748 0.026991022829330
0.006155829702431 0.025138854654279
0.005363833518506 0.023301404726830
0.004626079764278 0.021480360930220
0.003942649342761 0.019677703988852
0.003313617199802 0.017896583975374
0.002739052315863 0.016139424913974
0.002219017698460 0.014406593631381
0.001753570375248 0.012697643449708
0.001342761387771 0.011013074623695
0.000986635785864 0.009354528397498
0.000685232622713 0.007724330811885
0.000438584950571 0.006122175771627
0.000246719817134 0.004547225543667
0.000109658262577 0.002998904381070
0.000027415317244 0.001479178819265
0.000000000000000 0.000000000000000
0.000027415317244 -0.001428342302037
0.000109658262577 -0.002809954006300
0.000246719817134 -0.004147144457828
0.000438584950571 -0.005432713080139
0.000685232622713 -0.006650261261675
0.000986635785864 -0.007799180798503
0.001342761387771 -0.008866302118318
0.001753570375248 -0.009836376308100
0.002219017698460 -0.010730147332791
0.002739052315863 -0.011592670081786
0.003313617199802 -0.012445077340999
0.003942649342761 -0.013296988960802
0.004626079764278 -0.014150955729793
0.005363833518506 -0.015009622009028
0.006155829702431 -0.015875358599621
0.007001981464748 -0.016747179195690
0.007902196015379 -0.017624442845074
0.008856374635656 -0.018508001738423
0.009864412689139 -0.019397848434571
0.010926199633097 -0.020293159263046
0.012041619030626 -0.021192579534829
0.013210548563420 -0.022094904403844
0.014432860045182 -0.022999546631290
0.015708419435684 -0.023906340326565
0.017037086855466 -0.024815429924042
0.018418716601171 -0.025726323242227
0.019853157161528 -0.026637746928545
0.021340251233966 -0.027548599726298
0.022879835741862 -0.028457978942650
0.024471741852423 -0.029364961014562
0.026115794995207 -0.030268695582778
0.027811814881259 -0.031168272305797
0.029559615522887 -0.032062867920139
0.031359005254054 -0.032951872263732
0.033209786751399 -0.033834878079201
0.035111757055874 -0.034711587090258
0.037064707595003 -0.035581870406956
0.039068424205750 -0.036445899773960
0.041122687158009 -0.037304093809170
0.043227271178699 -0.038156577944874
0.045381945476466 -0.039003116150898
0.047586473766990 -0.039843329035567
0.049840614298903 -0.040676466237973
0.052144119880293 -0.041501820973643
0.054496737905816 -0.042318897514939
0.056898210384393 -0.043127300408845
0.059348273967504 -0.043926728772036
0.061846659978068 -0.044716986684172
0.064393094439905 -0.045497909153756
0.066987298107781 -0.046269335034114
0.069628986498028 -0.047031137659446
0.072317869919747 -0.047783005711321
0.075053653506568 -0.048524536791411
0.077836037248992 -0.049255402270288
0.080664716027288 -0.049975374414743
0.083539379644950 -0.050684306562507
0.086459712862719 -0.051382133784335
0.089425395433148 -0.052068898142044
0.092436102135723 -0.052744684667900
0.095491502812526 -0.053409410163653
0.098591262404443 -0.054062943652749
0.101735040987902 -0.054705154498406
0.104922493812155 -0.055335763640078
0.108153271337080 -0.055954469819791
0.111427019271514 -0.056561026671232
0.114743378612105 -0.057155288255628
0.118101985682679 -0.057737165247674
0.121502472174122 -0.058306595563375
0.124944465184770 -0.058863492496428
0.128427587261303 -0.059407788539258
0.131951456440133 -0.059939425767724
0.135515686289294 -0.060458209111306
0.139119885950819 -0.060963899878176
0.142763660183598 -0.061456287479312
0.146446609406726 -0.061935233757729
0.150168329743317 -0.062400661759491
0.153928413064796 -0.062852538607475
0.157726447035656 -0.063290794052983
0.161562015158669 -0.063715269056218
0.165434696820571 -0.064125808911712
0.169344067338174 -0.064522259352466
0.173289698004947 -0.064904244227630
0.177271156138025 -0.065271261557231
0.181288005125655 -0.065622817496049
0.185339804475081 -0.065958447279820
0.189426109860845 -0.066277764959131
0.193546473173511 -0.066580408625273
0.197700442568812 -0.066866018212295
0.201887562517192 -0.067134112106207
0.206107373853763 -0.067384041376744
0.210359413828660 -0.067615139639127
0.214643216157784 -0.067826731821745
0.218958311073935 -0.068018046747465
0.223304225378328 -0.068188222604075
0.227680482492486 -0.068336384269953
0.232086602510501 -0.068461653207271
0.236522102251661 -0.068563275591917
0.240986495313435 -0.068640609328921
0.245479292124814 -0.068693014320458
0.250000000000000 -0.068719858996478
0.254548123192429 -0.068720786370759
0.259123162949142 -0.068695753099532
0.263724617565473 -0.068644752111371
0.268351982440069 -0.068567796759240
0.273004750130227 -0.068464892629829
0.277682410407536 -0.068336008478891
0.282384450313836 -0.068181124398948
0.287110354217464 -0.068000238766794
0.291859603869799 -0.067793372701565
0.296631678462100 -0.067560597218330
0.301426054682609 -0.067302011974509
0.306242206773948 -0.067017738691865
0.311079606590766 -0.066707914063615
0.315937723657661 -0.066372689282992
0.320816025227350 -0.066012220525226
0.325713976339092 -0.065626683748885
0.330631039877354 -0.065216273987936
0.335566676630708 -0.064781234428384
0.340520345350965 -0.064321973356135
0.345491502812526 -0.063838964328710
0.350479603871956 -0.063332710309321
0.355484101527764 -0.062803740266082
0.360504446980385 -0.062252593528992
0.365540089692367 -0.061679827868847
0.370590477448739 -0.061086024744056
0.375655056417572 -0.060471781064347
0.380733271210709 -0.059837736238291
0.385824564944672 -0.059184726501558
0.390928379301728 -0.058513757096615
0.396044154591120 -0.057825871652653
0.401171329810437 -0.057122130460663
0.406309342707137 -0.056403637265079
0.411457629840208 -0.055671633827795
0.416615626641949 -0.054927432495116
0.421782767479884 -0.054172366784636
0.426958485718794 -0.053407792076772
0.432142213782848 -0.052634963444619
0.437333383217848 -0.051854711116865
0.442531424753567 -0.051067770785208
0.447735768366173 -0.050274885581510
0.452945843340743 -0.049476805093738
0.458161078333842 -0.048674241014138
0.463380901436184 -0.047867771823920
0.468604740235343 -0.047057971530858
0.473832021878528 -0.046245409370791
0.479062173135400 -0.045430666178736
0.484294620460935 -0.044614292337545
0.489528790058321 -0.043796804961109
0.494764107941877 -0.042978720409435
0.500000000000000 -0.042160552513255
0.505235892058122 -0.041342813236083
0.510471209941678 -0.040525981147016
0.515705379539064 -0.039710487801642
0.520937826864600 -0.038896760974834
0.526167978121472 -0.038085230854076
0.531395259764656 -0.037276323622805
0.536619098563816 -0.036470437492732
0.541838921666157 -0.035667956485662
0.547054156659257 -0.034869256787431
0.552264231633827 -0.034074717368734
0.557468575246433 -0.033284700433634
0.562666616782152 -0.032499495895589
0.567857786217152 -0.031719361673704
0.573041514281206 -0.030944550055018
0.578217232520115 -0.030175307871495
0.583384373358051 -0.029411887982960
0.588542370159791 -0.028654549153524
0.593690657292862 -0.027903549676211
0.598828670189563 -0.027159146961245
0.603955845408879 -0.026421588562429
0.609071620698271 -0.025691125393216
0.614175435055328 -0.024968007631182
0.619266728789290 -0.024252484245943
0.624344943582427 -0.023544792339293
0.629409522551260 -0.022845168999405
0.634459910307633 -0.022153848262061
0.639495553019614 -0.021471064473285
0.644515898472235 -0.020797044417462
0.649520396128043 -0.020132004397576
0.654508497187474 -0.019476141304053
0.659479654649035 -0.018829591291676
0.664433323369291 -0.018192481477219
0.669368960122646 -0.017564925015516
0.674286023660907 -0.016947037399686
0.679183974772650 -0.016338897402513
0.684062276342339 -0.015740570661220
0.688920393409233 -0.015152115172383
0.693757793226051 -0.014573584120436
0.698573945317390 -0.014005033057243
0.703368321537900 -0.013446513753984
0.708140396130200 -0.012898079899905
0.712889645782536 -0.012359773861019
0.717615549686163 -0.011831660090643
0.722317589592464 -0.011313857135472
0.726995249869773 -0.010806486838603
0.731648017559930 -0.010309664695316
0.736275382434527 -0.009823494647669
0.740876837050857 -0.009348071585420
0.745451876807570 -0.008883482576748
0.750000000000000 -0.008429805110816
0.754520707875185 -0.007987104528548
0.759013504686565 -0.007555429187801
0.763477897748338 -0.007134812590254
0.767913397489498 -0.006725283872688
0.772319517507513 -0.006326838072716
0.776695774621672 -0.005939408497547
0.781041688926065 -0.005562918238884
0.785356783842216 -0.005197285087720
0.789640586171339 -0.004842425544798
0.793892626146236 -0.004498258099762
0.798112437482808 -0.004164698070317
0.802299557431187 -0.003841650787013
0.806453526826488 -0.003529014135584
0.810573890139155 -0.003226680091897
0.814660195524918 -0.002934537367936
0.818711994874345 -0.002652517955917
0.822728843861975 -0.002380603408978
0.826710301995052 -0.002118764707946
0.830655932661826 -0.001866967983849
0.834565303179429 -0.001625169539549
0.838437984841330 -0.001393319013235
0.842273552964344 -0.001171357430710
0.846071586935203 -0.000959216498339
0.849831670256683 -0.000756822517699
0.853553390593274 -0.000564089312646
0.857236339816401 -0.000380908945627
0.860880114049181 -0.000207158257129
0.864484313710706 -0.000042700622932
0.868048543559867 0.000112661766671
0.871572412738697 0.000259150046047
0.875055534815230 0.000396983988523
0.878497527825878 0.000526376864579
0.881898014317321 0.000647540933160
0.885256621387894 0.000760692556641
0.888572980728485 0.000866051376716
0.891846728662920 0.000963839749300
0.895077506187845 0.001054271713691
0.898264959012098 0.001137554458470
0.901408737595557 0.001213929915941
0.904508497187474 0.001283783944288
0.907563897864277 0.001347527385507
0.910574604566852 0.001405564684180
0.913540287137281 0.001458292628628
0.916460620355049 0.001506089565375
0.919335283972712 0.001549313435622
0.922163962751007 0.001588302999922
0.924946346493432 0.001623377172332
0.927682130080253 0.001654837249320
0.930371013501972 0.001682984019480
0.933012701892219 0.001708110463131
0.935606905560095 0.001730409778658
0.938153340021932 0.001749963278502
0.940651726032496 0.001766827460342
0.943101789615607 0.001781030283202
0.945503262094184 0.001792611479034
0.947855880119706 0.001801628519113
0.950159385701097 0.001808149217758
0.952413526233010 0.001812251255168
0.954618054523534 0.001814005516407
0.956772728821300 0.001813479034100
0.958877312841991 0.001810808558857
0.960931575794250 0.001806133601038
0.962935292404997 0.001799251679883
0.964888242944126 0.001789764281241
0.966790213248601 0.001777040290345
0.968640994745946 0.001760545867429
0.970440384477113 0.001739927424112
0.972188185118740 0.001714929445278
0.973884205004793 0.001685389965641
0.975528258147577 0.001651245925065
0.977120164258138 0.001612523544014
0.978659748766034 0.001569327136511
0.980146842838471 0.001521828882106
0.981581283398829 0.001470277743706
0.982962913144534 0.001414952230624
0.984291580564316 0.001355947073440
0.985567139954818 0.001293363575075
0.986789451436580 0.001227394646750
0.987958380969374 0.001158345908540
0.989073800366903 0.001086612346791
0.990135587310861 0.001012663216998
0.991143625364344 0.000937035595459
0.992097803984621 0.000860316264770
0.992998018535252 0.000783134442662
0.993844170297569 0.000706145860184
0.994636166481494 0.000630027904729
0.995373920235722 0.000555464660659
0.996057350657239 0.000483139680959
0.996686382800198 0.000413722990050
0.997260947684137 0.000347868356060
0.997780982301540 0.000286197160786
0.998246429624752 0.000229303001174
0.998657238612229 0.000177727231956
0.999013364214136 0.000131968588997
0.999314767377287 0.000092471783196
0.999561415049429 0.000059617975918
0.999753280182866 0.000033726823954
0.999890341737423 0.000015051586472
0.999972584682756 0.000003771826805
1.000000000000000 0.000000000000000
