1.000000000000000 0.000000000000000
0.999972584682756 0.000010002114063
0.999890341737423 0.000039976019681
0.999753280182866 0.000089861740381
0.999561415049429 0.000159540914825
0.999314767377287 0.000248837275318
0.999013364214136 0.000357541949062
0.998657238612229 0.000485407821588
0.998246429624752 0.000632131944279
0.997780982301540 0.000797362841471
0.997260947684137 0.000980725879297
0.996686382800198 0.001181788159713
0.996057350657239 0.001400096098286
0.995373920235722 0.001635141081496
0.994636166481494 0.001886396844713
0.993844170297569 0.002153297509654
0.992998018535252 0.002435251266462
0.992097803984621 0.002731625311088
0.991143625364344 0.003041782226170
0.990135587310861 0.003365053594178
0.989073800366903 0.003700748311710
0.987958380969374 0.004048165992279
0.986789451436580 0.004406577937502
0.985567139954818 0.004775267269211
0.984291580564316 0.005153494159123
0.982962913144534 0.005540514852478
0.981581283398829 0.005935594470299
0.980146842838472 0.006337984789028
0.978659748766034 0.006746957038474
0.977120164258138 0.007161785036357
0.975528258147577 0.007581753380855
0.973884205004793 0.008006160413319
0.972188185118741 0.008434321663443
0.970440384477113 0.008865585964589
0.968640994745946 0.009299307629523
0.966790213248601 0.009734884979629
0.964888242944126 0.010171737242111
0.962935292404997 0.010609324654429
0.960931575794250 0.011047135761080
0.958877312841991 0.011484713452485
0.956772728821300 0.011921628134808
0.954618054523534 0.012357510304616
0.952413526233010 0.012792028631898
0.950159385701097 0.013224920810030
0.947855880119706 0.013655958934419
0.945503262094184 0.014084993360318
0.943101789615607 0.014511922306409
0.940651726032496 0.014936717844778
0.938153340021932 0.015359416043916
0.935606905560095 0.015780123098703
0.933012701892219 0.016199018580248
0.930371013501972 0.016616364208892
0.927682130080253 0.017032492991350
0.924946346493432 0.017447830556639
0.922163962751008 0.017862872722929
0.919335283972712 0.018278221446619
0.916460620355050 0.018694563361075
0.913540287137281 0.019112692722236
0.910574604566852 0.019533467128064
0.907563897864277 0.019957842938943
0.904508497187474 0.020386929467018
0.901408737595557 0.020822026679732
0.898264959012098 0.021264390711945
0.895077506187845 0.021714371722831
0.891846728662920 0.022171965459808
0.888572980728485 0.022637089632286
0.885256621387895 0.023109529256074
0.881898014317321 0.023589032310612
0.878497527825878 0.024075369869584
0.875055534815230 0.024568310605950
0.871572412738697 0.025067609602452
0.868048543559867 0.025572991905900
0.864484313710706 0.026084165675407
0.860880114049181 0.026600823217407
0.857236339816402 0.027122639940099
0.853553390593274 0.027649270047178
0.849831670256683 0.028180356152583
0.846071586935203 0.028715521352634
0.842273552964344 0.029254369272985
0.838437984841330 0.029796485995728
0.834565303179429 0.030341440487440
0.830655932661826 0.030888776242734
0.826710301995053 0.031438023215613
0.822728843861975 0.031988705529720
0.818711994874345 0.032540329941945
0.814660195524919 0.033092388576320
0.810573890139155 0.033644328355976
0.806453526826488 0.034195551845985
0.802299557431188 0.034745444165904
0.798112437482808 0.035293457709613
0.793892626146237 0.035839371138136
0.789640586171339 0.036383041726395
0.785356783842216 0.036924341758135
0.781041688926065 0.037463184080110
0.776695774621672 0.037999527346416
0.772319517507513 0.038533350119373
0.767913397489498 0.039064631234208
0.763477897748339 0.039593346625237
0.759013504686565 0.040119474556395
0.754520707875186 0.040642994266596
0.750000000000000 0.041163895224371
0.745451876807570 0.041682181926422
0.740876837050858 0.042197861413777
0.736275382434527 0.042710950329267
0.731648017559931 0.043221472854930
0.726995249869773 0.043729461025796
0.722317589592464 0.044234952419911
0.717615549686164 0.044737993860303
0.712889645782536 0.045238634821493
0.708140396130201 0.045736932442438
0.703368321537900 0.046232942689165
0.698573945317390 0.046726731979591
0.693757793226052 0.047218366094039
0.688920393409234 0.047707893680137
0.684062276342339 0.048195346549348
0.679183974772650 0.048680757220995
0.674286023660908 0.049164168501671
0.669368960122646 0.049645623279541
0.664433323369292 0.050125179561867
0.659479654649035 0.050602897202463
0.654508497187474 0.051078842471588
0.649520396128043 0.051553083604497
0.644515898472236 0.052025689756047
0.639495553019615 0.052496724039338
0.634459910307633 0.052966260316196
0.629409522551260 0.053434372933064
0.624344943582428 0.053901150702337
0.619266728789291 0.054366707983894
0.614175435055328 0.054831169509364
0.609071620698271 0.055294663815633
0.603955845408880 0.055757311460742
0.598828670189563 0.056219119035976
0.593690657292862 0.056679990327836
0.588542370159792 0.057139819577885
0.583384373358051 0.057598508539576
0.578217232520115 0.058055949075884
0.573041514281206 0.058511975028126
0.567857786217152 0.058966404978573
0.562666616782152 0.059419051875058
0.557468575246433 0.059869729576016
0.552264231633827 0.060318256860346
0.547054156659257 0.060764449816414
0.541838921666158 0.061208132491713
0.536619098563816 0.061649124469058
0.531395259764657 0.062087249716568
0.526167978121472 0.062522344434489
0.520937826864600 0.062954283731219
0.515705379539064 0.063382948075547
0.510471209941678 0.063808218580289
0.505235892058123 0.064229976376418
0.500000000000000 0.064647959287340
0.494764107941877 0.065061677575683
0.489528790058322 0.065470618929278
0.484294620460936 0.065874273195104
0.479062173135400 0.066272133325364
0.473832021878528 0.066663630463390
0.468604740235343 0.067048121599918
0.463380901436184 0.067424962776435
0.458161078333842 0.067793516852986
0.452945843340743 0.068153157658416
0.447735768366173 0.068503295717076
0.442531424753567 0.068843375920959
0.437333383217848 0.069172858309900
0.432142213782848 0.069491205835378
0.426958485718794 0.069797889496732
0.421782767479885 0.070092319178956
0.416615626641949 0.070373879349086
0.411457629840209 0.070641960399444
0.406309342707138 0.070895970129151
0.401171329810437 0.071135410402324
0.396044154591120 0.071360308613375
0.390928379301729 0.071570895687075
0.385824564944672 0.071767406105865
0.380733271210710 0.071950077308129
0.375655056417573 0.072119200717113
0.370590477448740 0.072275224808863
0.365540089692367 0.072418628536362
0.360504446980385 0.072549888669913
0.355484101527764 0.072669477898122
0.350479603871957 0.072777822373209
0.345491502812526 0.072875287615166
0.340520345350965 0.072962232347335
0.335566676630708 0.073039014084940
0.330631039877354 0.073106005332279
0.325713976339092 0.073163709716494
0.320816025227350 0.073212691159509
0.315937723657661 0.073253505957851
0.311079606590766 0.073286700297113
0.306242206773949 0.073312534856649
0.301426054682610 0.073330721180102
0.296631678462100 0.073340919306865
0.291859603869799 0.073342804405738
0.287110354217464 0.073335948615783
0.282384450313836 0.073319130826058
0.277682410407536 0.073290831550326
0.273004750130227 0.073249584643195
0.268351982440069 0.073193984832822
0.263724617565473 0.073122798284102
0.259123162949143 0.073034956269581
0.254548123192430 0.072929443651675
0.250000000000000 0.072805293940422
0.245479292124815 0.072661564848029
0.240986495313435 0.072497321362693
0.236522102251661 0.072311677196831
0.232086602510502 0.072103797885126
0.227680482492487 0.071872907986187
0.223304225378328 0.071618292915410
0.218958311073935 0.071339291181456
0.214643216157784 0.071035290461832
0.210359413828661 0.070705731505394
0.206107373853763 0.070350104355016
0.201887562517192 0.069967949754847
0.197700442568813 0.069558900880004
0.193546473173512 0.069123697514111
0.189426109860845 0.068664097526842
0.185339804475081 0.068181862344172
0.181288005125655 0.067678702404067
0.177271156138025 0.067156265893444
0.173289698004947 0.066616140196597
0.169344067338174 0.066059873907430
0.165434696820571 0.065489025551226
0.161562015158670 0.064905189426168
0.157726447035656 0.064309914289981
0.153928413064797 0.063704637440252
0.150168329743317 0.063090330059414
0.146446609406726 0.062467795113687
0.142763660183598 0.061837782200895
0.139119885950819 0.061200547450275
0.135515686289294 0.060555944659503
0.131951456440133 0.059903864947373
0.128427587261303 0.059244326963737
0.124944465184770 0.058577516234644
0.121502472174122 0.057903641281882
0.118101985682679 0.057222855863150
0.114743378612105 0.056535240536489
0.111427019271515 0.055840891586220
0.108153271337080 0.055140190490681
0.104922493812155 0.054433891644251
0.101735040987902 0.053722689389574
0.098591262404443 0.053005684992943
0.095491502812526 0.052280539780413
0.092436102135723 0.051544936435062
0.089425395433148 0.050795603281352
0.086459712862719 0.050028948895218
0.083539379644950 0.049241632153666
0.080664716027288 0.048430446991448
0.077836037248993 0.047592483862240
0.075053653506568 0.046726202158666
0.072317869919747 0.045831262417147
0.069628986498028 0.044908502450850
0.066987298107781 0.043962030971993
0.064393094439905 0.042996420989814
0.061846659978068 0.042015669713956
0.059348273967504 0.041023409687862
0.056898210384393 0.040023249369672
0.054496737905816 0.039018757763755
0.052144119880294 0.038013342554375
0.049840614298903 0.037010241380361
0.047586473766990 0.036011322675995
0.045381945476466 0.035015121434970
0.043227271178700 0.034019859625908
0.041122687158010 0.033023774814645
0.039068424205750 0.032025278038235
0.037064707595003 0.031022847002439
0.035111757055874 0.030015081659314
0.033209786751399 0.029000542103932
0.031359005254054 0.027977827374898
0.029559615522887 0.026945535632674
0.027811814881260 0.025902108123812
0.026115794995207 0.024845853411694
0.024471741852423 0.023775402355592
0.022879835741862 0.022691751906556
0.021340251233966 0.021601737113403
0.019853157161529 0.020513808943286
0.018418716601171 0.019436703662149
0.017037086855466 0.018378796676385
0.015708419435685 0.017347198844246
0.014432860045182 0.016347844332529
0.013210548563420 0.015385541109920
0.012041619030626 0.014462131644824
0.010926199633097 0.013576076432137
0.009864412689139 0.012721345433413
0.008856374635656 0.011893325127561
0.007902196015379 0.011089244990052
0.007001981464748 0.010306902319786
0.006155829702431 0.009544610901022
0.005363833518506 0.008801022212216
0.004626079764278 0.008075101896409
0.003942649342761 0.007366044724883
0.003313617199802 0.006673121946975
0.002739052315863 0.005995758066401
0.002219017698460 0.005333504333647
0.001753570375248 0.004685895574827
0.001342761387771 0.004052611290801
0.000986635785864 0.003433377326348
0.000685232622713 0.002827914739374
0.000438584950571 0.002235994092705
0.000246719817134 0.001657385839264
0.000109658262577 0.001092006391748
0.000027415317244 0.000539542809636
0.000000000000000 0.000000000000000
0.000027415317244 -0.000526817715700
0.000109658262577 -0.001040980018351
0.000246719817134 -0.001542744369096
0.000438584950571 -0.002036531101385
0.000685232622713 -0.002527236176520
0.000986635785864 -0.003016196526247
0.001342761387771 -0.003503420648365
0.001753570375248 -0.003988479236415
0.002219017698460 -0.004470624668833
0.002739052315863 -0.004948946621717
0.003313617199802 -0.005422281831646
0.003942649342761 -0.005889289170252
0.004626079764278 -0.006348523596807
0.005363833518506 -0.006798119089498
0.006155829702431 -0.007236051525034
0.007001981464748 -0.007659835638704
0.007902196015379 -0.008066501123295
0.008856374635656 -0.008452460577105
0.009864412689139 -0.008813324276233
0.010926199633097 -0.009143688096605
0.012041619030626 -0.009435371998484
0.013210548563420 -0.009679092714323
0.014432860045182 -0.009866446393772
0.015708419435684 -0.009991361502514
0.017037086855466 -0.010052244281422
0.018418716601171 -0.010050543449014
0.019853157161528 -0.009991202087424
0.021340251233966 -0.009883945947289
0.022879835741862 -0.009744338373093
0.024471741852423 -0.009594697861860
0.026115794995207 -0.009455871201884
0.027811814881259 -0.009343944573900
0.029559615522887 -0.009259575016188
0.031359005254054 -0.009199747733534
0.033209786751399 -0.009163566241486
0.035111757055874 -0.009149550733412
0.037064707595003 -0.009155200539275
0.039068424205750 -0.009177633339190
0.041122687158009 -0.009213537066144
0.043227271178699 -0.009259155016285
0.045381945476466 -0.009310066248761
0.047586473766990 -0.009360529459474
0.049840614298903 -0.009404243729875
0.052144119880293 -0.009437186802432
0.054496737905816 -0.009456573220749
0.056898210384393 -0.009462864113254
0.059348273967504 -0.009458000814681
0.061846659978068 -0.009443595178812
0.064393094439905 -0.009421211002838
0.066987298107781 -0.009392804573282
0.069628986498028 -0.009360709605314
0.072317869919747 -0.009327649794129
0.075053653506568 -0.009296765802193
0.077836037248992 -0.009270419620887
0.080664716027288 -0.009248703940077
0.083539379644950 -0.009231315065206
0.086459712862719 -0.009217638485227
0.089425395433148 -0.009206885228212
0.092436102135723 -0.009198167994866
0.095491502812526 -0.009190497204445
0.098591262404443 -0.009182875481058
0.101735040987902 -0.009174616247003
0.104922493812155 -0.009165095844195
0.108153271337080 -0.009153996281832
0.111427019271514 -0.009141473100458
0.114743378612105 -0.009127725397454
0.118101985682679 -0.009112870025235
0.121502472174122 -0.009096975470685
0.124944465184770 -0.009080122363105
0.128427587261303 -0.009062426615891
0.131951456440133 -0.009044022740225
0.135515686289294 -0.009025057814113
0.139119885950819 -0.009005696101898
0.142763660183598 -0.008986114479582
0.146446609406726 -0.008966485163181
0.150168329743317 -0.008946936179647
0.153928413064796 -0.008927592146651
0.157726447035656 -0.008908554853860
0.161562015158669 -0.008889802840978
0.165434696820571 -0.008871278399821
0.169344067338174 -0.008852922278565
0.173289698004947 -0.008834691979880
0.177271156138025 -0.008816552227977
0.181288005125655 -0.008798465205566
0.185339804475081 -0.008780382608701
0.189426109860845 -0.008762243726151
0.193546473173511 -0.008743984405492
0.197700442568812 -0.008725544738252
0.201887562517192 -0.008706895318716
0.206107373853763 -0.008688013735385
0.210359413828660 -0.008668876988071
0.214643216157784 -0.008649476799783
0.218958311073935 -0.008629824481909
0.223304225378328 -0.008609932934298
0.227680482492486 -0.008589815394423
0.232086602510501 -0.008569480626163
0.236522102251661 -0.008548934936449
0.240986495313435 -0.008528185193647
0.245479292124814 -0.008507238526769
0.250000000000000 -0.008486103941388
0.254548123192429 -0.008464791085822
0.259123162949142 -0.008443310103314
0.263724617565473 -0.008421671350545
0.268351982440069 -0.008399884973975
0.273004750130227 -0.008377961165893
0.277682410407536 -0.008355910568723
0.282384450313836 -0.008333744115015
0.287110354217464 -0.008311473721992
0.291859603869799 -0.008289111830627
0.296631678462100 -0.008266670995764
0.301426054682609 -0.008244163619883
0.306242206773948 -0.008221595299903
0.311079606590766 -0.008198966549531
0.315937723657661 -0.008176278060537
0.320816025227350 -0.008153530185719
0.325713976339092 -0.008130722939599
0.330631039877354 -0.008107855596678
0.335566676630708 -0.008084927280240
0.340520345350965 -0.008061936934860
0.345491502812526 -0.008038883483589
0.350479603871956 -0.008015766454610
0.355484101527764 -0.007992584993012
0.360504446980385 -0.007969338341343
0.365540089692367 -0.007946025831633
0.370590477448739 -0.007922646059427
0.375655056417572 -0.007899197253656
0.380733271210709 -0.007875677280603
0.385824564944672 -0.007852084188469
0.390928379301728 -0.007828416137046
0.396044154591120 -0.007804673958073
0.401171329810437 -0.007780859781300
0.406309342707137 -0.007756975510078
0.411457629840208 -0.007733023288805
0.416615626641949 -0.007709006372826
0.421782767479884 -0.007684931667932
0.426958485718794 -0.007660806911368
0.432142213782848 -0.007636639619394
0.437333383217848 -0.007612437477109
0.442531424753567 -0.007588207727816
0.447735768366173 -0.007563956739345
0.452945843340743 -0.007539690651360
0.458161078333842 -0.007515415752062
0.463380901436184 -0.007491138464637
0.468604740235343 -0.007466866352794
0.473832021878528 -0.007442607910015
0.479062173135400 -0.007418371572574
0.484294620460935 -0.007394166051454
0.489528790058321 -0.007369999104791
0.494764107941877 -0.007345873420875
0.500000000000000 -0.007321789063555
0.505235892058122 -0.007297745971804
0.510471209941678 -0.007273744189526
0.515705379539064 -0.007249781899872
0.520937826864600 -0.007225848941146
0.526167978121472 -0.007201932874299
0.531395259764656 -0.007178021350366
0.536619098563816 -0.007154101935488
0.541838921666157 -0.007130163211174
0.547054156659257 -0.007106196494102
0.552264231633827 -0.007082193592942
0.557468575246433 -0.007058146093901
0.562666616782152 -0.007034046134646
0.567857786217152 -0.007009883075639
0.573041514281206 -0.006985642874808
0.578217232520115 -0.006961311397069
0.583384373358051 -0.006936874608294
0.588542370159791 -0.006912319968805
0.593690657292862 -0.006887648928462
0.598828670189563 -0.006862873707830
0.603955845408879 -0.006838006444848
0.609071620698271 -0.006813059303814
0.614175435055328 -0.006788050164655
0.619266728789290 -0.006763024490261
0.624344943582427 -0.006738035152376
0.629409522551260 -0.006713134125876
0.634459910307633 -0.006688372730182
0.639495553019614 -0.006663798776397
0.644515898472235 -0.006639455245048
0.649520396128043 -0.006615383946870
0.654508497187474 -0.006591625822134
0.659479654649035 -0.006568220814853
0.664433323369291 -0.006545207317630
0.669368960122646 -0.006522622611483
0.674286023660907 -0.006500502990539
0.679183974772650 -0.006478883701254
0.684062276342339 -0.006457803842076
0.688920393409233 -0.006437306994596
0.693757793226051 -0.006417435662015
0.698573945317390 -0.006398231058432
0.703368321537900 -0.006379693893497
0.708140396130200 -0.006361715828806
0.712889645782536 -0.006344172627086
0.717615549686163 -0.006326943180340
0.722317589592464 -0.006309907769469
0.726995249869773 -0.006292939366036
0.731648017559930 -0.006275911726761
0.736275382434527 -0.006258702796814
0.740876837050857 -0.006241195015238
0.745451876807570 -0.006223277200420
0.750000000000000 -0.006204843172899
0.754520707875185 -0.006185791023968
0.759013504686565 -0.006166023780340
0.763477897748338 -0.006145451635302
0.767913397489498 -0.006123989742660
0.772319517507513 -0.006101557851505
0.776695774621672 -0.006078075371761
0.781041688926065 -0.006053453795013
0.785356783842216 -0.006027607829507
0.789640586171339 -0.006000458652681
0.793892626146236 -0.005971966964916
0.798112437482808 -0.005942135873393
0.802299557431187 -0.005910972604726
0.806453526826488 -0.005878534623042
0.810573890139155 -0.005845137278422
0.814660195524918 -0.005811168224110
0.818711994874345 -0.005776996852908
0.822728843861975 -0.005742954651024
0.826710301995052 -0.005709335139717
0.830655932661826 -0.005676415805357
0.834565303179429 -0.005644462212747
0.838437984841330 -0.005613731902139
0.842273552964344 -0.005584468217209
0.846071586935203 -0.005556897962886
0.849831670256683 -0.005531230604545
0.853553390593274 -0.005507659831482
0.857236339816401 -0.005486364392661
0.860880114049181 -0.005467508112484
0.864484313710706 -0.005451240073177
0.868048543559867 -0.005437695279041
0.871572412738697 -0.005426995285778
0.875055534815230 -0.005419247857179
0.878497527825878 -0.005414544626060
0.881898014317321 -0.005412958587499
0.885256621387894 -0.005414549371600
0.888572980728485 -0.005419376290190
0.891846728662920 -0.005427500418186
0.895077506187845 -0.005438960571490
0.898264959012098 -0.005453713896466
0.901408737595557 -0.005471674895907
0.904508497187474 -0.005492282955844
0.907563897864277 -0.005514090141528
0.910574604566852 -0.005535662827633
0.913540287137281 -0.005555740998631
0.916460620355049 -0.005573201441645
0.919335283972712 -0.005587018541946
0.922163962751007 -0.005596260363278
0.924946346493432 -0.005600098986709
0.927682130080253 -0.005597809876199
0.930371013501972 -0.005588765387684
0.933012701892219 -0.005572429242980
0.935606905560095 -0.005548354825800
0.938153340021932 -0.005516181484907
0.940651726032496 -0.005475632005535
0.943101789615607 -0.005426507675842
0.945503262094184 -0.005368686680816
0.947855880119706 -0.005302119527686
0.950159385701097 -0.005226823752540
0.952413526233010 -0.005142886000096
0.954618054523534 -0.005050451213906
0.956772728821300 -0.004949725268780
0.958877312841991 -0.004840968092493
0.960931575794250 -0.004724490177930
0.962935292404997 -0.004600651973492
0.964888242944126 -0.004469857375078
0.966790213248601 -0.004332550145063
0.968640994745946 -0.004189210659406
0.970440384477113 -0.004040358621898
0.972188185118740 -0.003886534849666
0.973884205004793 -0.003728316149264
0.975528258147577 -0.003566299410773
0.977120164258138 -0.003401099141500
0.978659748766034 -0.003233348557149
0.980146842838471 -0.003063695750640
0.981581283398829 -0.002892798530633
0.982962913144534 -0.002721322885754
0.984291580564316 -0.002549931333033
0.985567139954818 -0.002379299548763
0.986789451436580 -0.002210090624341
0.987958380969374 -0.002042966858964
0.989073800366903 -0.001878584222986
0.990135587310861 -0.001717585423375
0.991143625364344 -0.001560596474225
0.992097803984621 -0.001408240482539
0.992998018535252 -0.001261104858640
0.993844170297569 -0.001119767719791
0.994636166481494 -0.000984781584383
0.995373920235722 -0.000856673277123
0.996057350657239 -0.000735942400166
0.996686382800198 -0.000623058521246
0.997260947684137 -0.000518460331705
0.997780982301540 -0.000422558782904
0.998246429624752 -0.000335721531465
0.998657238612229 -0.000258292476970
0.999013364214136 -0.000190568772506
0.999314767377287 -0.000132810758840
0.999561415049429 -0.000085245230939
0.999753280182866 -0.000048060018389
0.999890341737423 -0.000021393010179
0.999972584682756 -0.000005353108279
1.000000000000000 0.000000000000000
