1.000000000000000 0.000000000000000
0.999972584682756 0.000009488290082
0.999890341737423 0.000037929259514
0.999753280182866 0.000085287002796
0.999561415049429 0.000151489887265
0.999314767377287 0.000236430794728
0.999013364214136 0.000339985236209
0.998657238612229 0.000461993904677
0.998246429624752 0.000602280862922
0.997780982301540 0.000760624599029
0.997260947684137 0.000936799837992
0.996686382800198 0.001130542926177
0.996057350657239 0.001341570217205
0.995373920235722 0.001569567305046
0.994636166481494 0.001814213022158
0.993844170297569 0.002075151550283
0.992998018535252 0.002352010813772
0.992097803984621 0.002644409100803
0.991143625364344 0.002951933638928
0.990135587310861 0.003274164438446
0.989073800366903 0.003610664299163
0.987958380969374 0.003960991142267
0.986789451436580 0.004324682894153
0.985567139954818 0.004701269989581
0.984291580564316 0.005090271470789
0.982962913144534 0.005491212400799
0.981581283398829 0.005903598912711
0.980146842838472 0.006326951319176
0.978659748766034 0.006760764223960
0.977120164258138 0.007204564770345
0.975528258147577 0.007657853027896
0.973884205004793 0.008120154370855
0.972188185118741 0.008590991004757
0.970440384477113 0.009069893814734
0.968640994745946 0.009556404039944
0.966790213248601 0.010050084497651
0.964888242944126 0.010550502176688
0.962935292404997 0.011057230685028
0.960931575794250 0.011569888580187
0.958877312841991 0.012088086059510
0.956772728821300 0.012611468123823
0.954618054523534 0.013139702237447
0.952413526233010 0.013672476170093
0.950159385701097 0.014209512393448
0.947855880119706 0.014750552933793
0.945503262094184 0.015295373815240
0.943101789615607 0.015843786618733
0.940651726032496 0.016395628008596
0.938153340021932 0.016950773789398
0.935606905560095 0.017509148042005
0.933012701892219 0.018070693498784
0.930371013501972 0.018635404850241
0.927682130080253 0.019203322449221
0.924946346493432 0.019774521754771
0.922163962751008 0.020349126198150
0.919335283972712 0.020927310187256
0.916460620355050 0.021509296699238
0.913540287137281 0.022095358033525
0.910574604566852 0.022685808484685
0.907563897864277 0.023281008278616
0.904508497187474 0.023881399654764
0.901408737595557 0.024487541722779
0.898264959012098 0.025100006691854
0.895077506187845 0.025719195996038
0.891846728662920 0.026345476597499
0.888572980728485 0.026979008154857
0.885256621387895 0.027619584866081
0.881898014317321 0.028266981732805
0.878497527825878 0.028921017409713
0.875055534815230 0.029581560007353
0.871572412738697 0.030248466204183
0.868048543559867 0.030921568387453
0.864484313710706 0.031600697476734
0.860880114049181 0.032285672962234
0.857236339816402 0.032976320201555
0.853553390593274 0.033672463130670
0.849831670256683 0.034373919487989
0.846071586935203 0.035080503353954
0.842273552964344 0.035792029512784
0.838437984841330 0.036508306987475
0.834565303179429 0.037229132565012
0.830655932661826 0.037954317401033
0.826710301995053 0.038683650442132
0.822728843861975 0.039416938889293
0.818711994874345 0.040153968106994
0.814660195524919 0.040894531106639
0.810573890139155 0.041638413419747
0.806453526826488 0.042385396455595
0.802299557431188 0.043135259277351
0.798112437482808 0.043887762327574
0.793892626146237 0.044642638333783
0.789640586171339 0.045399600171670
0.785356783842216 0.046158363038247
0.781041688926065 0.046918639281992
0.776695774621672 0.047680129111505
0.772319517507513 0.048442538493653
0.767913397489498 0.049205563349587
0.763477897748339 0.049968898610302
0.759013504686565 0.050732226247719
0.754520707875186 0.051495237207007
0.750000000000000 0.052257609796428
0.745451876807570 0.053019018497106
0.740876837050858 0.053779137606566
0.736275382434527 0.054537638520038
0.731648017559931 0.055294184511993
0.726995249869773 0.056048441429392
0.722317589592464 0.056800076237652
0.717615549686164 0.057548747962351
0.712889645782536 0.058294112131801
0.708140396130201 0.059035819061799
0.703368321537900 0.059773505564375
0.698573945317390 0.060506812308429
0.693757793226052 0.061235379760726
0.688920393409234 0.061958898831760
0.684062276342339 0.062677087064158
0.679183974772650 0.063389674195913
0.674286023660908 0.064096380607083
0.669368960122646 0.064796945148649
0.664433323369292 0.065491127685281
0.659479654649035 0.066178691964003
0.654508497187474 0.066859401503698
0.649520396128043 0.067533020829018
0.644515898472236 0.068199312597267
0.639495553019615 0.068858031027202
0.634459910307633 0.069508937624828
0.629409522551260 0.070151794197853
0.624344943582428 0.070786375975015
0.619266728789291 0.071412473959433
0.614175435055328 0.072029884045443
0.609071620698271 0.072638405553543
0.603955845408880 0.073237840934765
0.598828670189563 0.073827924073036
0.593690657292862 0.074408344894273
0.588542370159792 0.074978792684866
0.583384373358051 0.075538960631563
0.578217232520115 0.076088538143667
0.573041514281206 0.076627154880188
0.567857786217152 0.077154426904929
0.562666616782152 0.077669970669929
0.557468575246433 0.078173405426858
0.552264231633827 0.078664364677813
0.547054156659257 0.079142502166456
0.541838921666158 0.079607488085501
0.536619098563816 0.080058990409851
0.531395259764657 0.080496687347052
0.526167978121472 0.080920241731981
0.520937826864600 0.081329284161474
0.515705379539064 0.081723443938569
0.510471209941678 0.082102353341691
0.505235892058123 0.082465656433029
0.500000000000000 0.082813135130247
0.494764107941877 0.083144833564357
0.489528790058322 0.083460823269267
0.484294620460936 0.083761184358294
0.479062173135400 0.084046004059352
0.473832021878528 0.084315426346378
0.468604740235343 0.084569673127216
0.463380901436184 0.084808979469116
0.458161078333842 0.085033585924521
0.452945843340743 0.085243734665465
0.447735768366173 0.085439655499390
0.442531424753567 0.085621558054797
0.437333383217848 0.085789655935643
0.432142213782848 0.085944165508830
0.426958485718794 0.086085309618484
0.421782767479885 0.086213339839032
0.416615626641949 0.086328535554330
0.411457629840209 0.086431180820991
0.406309342707138 0.086521561536215
0.401171329810437 0.086599933467541
0.396044154591120 0.086666175339871
0.390928379301729 0.086719923325543
0.385824564944672 0.086760820576164
0.380733271210710 0.086788521656000
0.375655056417573 0.086802685772560
0.370590477448740 0.086802943237050
0.365540089692367 0.086788921322081
0.360504446980385 0.086760260771191
0.355484101527764 0.086716616686148
0.350479603871957 0.086657663008228
0.345491502812526 0.086583102910116
0.340520345350965 0.086492655456354
0.335566676630708 0.086386055279337
0.330631039877354 0.086263051085426
0.325713976339092 0.086123395843977
0.320816025227350 0.085966847022593
0.315937723657661 0.085793176808372
0.311079606590766 0.085602172553152
0.306242206773949 0.085393676554782
0.301426054682610 0.085167725769250
0.296631678462100 0.084924429245809
0.291859603869799 0.084663904890759
0.287110354217464 0.084386281875370
0.282384450313836 0.084091709861271
0.277682410407536 0.083780364032247
0.273004750130227 0.083452429332247
0.268351982440069 0.083108098394604
0.263724617565473 0.082747571779588
0.259123162949143 0.082371059384635
0.254548123192430 0.081978775613884
0.250000000000000 0.081570945159319
0.245479292124815 0.081147830103077
0.240986495313435 0.080709842907107
0.236522102251661 0.080257438727432
0.232086602510502 0.079791077477535
0.227680482492487 0.079311217218149
0.223304225378328 0.078818304475315
0.218958311073935 0.078312784783092
0.214643216157784 0.077795103779311
0.210359413828661 0.077265717918682
0.206107373853763 0.076725108904006
0.201887562517192 0.076173775841674
0.197700442568813 0.075612213714187
0.193546473173512 0.075040784734938
0.189426109860845 0.074459410361376
0.185339804475081 0.073867963358061
0.181288005125655 0.073266327989987
0.177271156138025 0.072654395369568
0.173289698004947 0.072032027472332
0.169344067338174 0.071399124268607
0.165434696820571 0.070755612736915
0.161562015158670 0.070101499185273
0.157726447035656 0.069436834913805
0.153928413064797 0.068761690494378
0.150168329743317 0.068076092364199
0.146446609406726 0.067379975088645
0.142763660183598 0.066673308483442
0.139119885950819 0.065955992175954
0.135515686289294 0.065227606733931
0.131951456440133 0.064487710080466
0.128427587261303 0.063735932198870
0.124944465184770 0.062972031983026
0.121502472174122 0.062195848274413
0.118101985682679 0.061407272125499
0.114743378612105 0.060606185271012
0.111427019271515 0.059792496827860
0.108153271337080 0.058966195118074
0.104922493812155 0.058127510463153
0.101735040987902 0.057276813033423
0.098591262404443 0.056414619757702
0.095491502812526 0.055542209181221
0.092436102135723 0.054661063554840
0.089425395433148 0.053772611981573
0.086459712862719 0.052878153869980
0.083539379644950 0.051978953026684
0.080664716027288 0.051076204903755
0.077836037248993 0.050171021517232
0.075053653506568 0.049264551957211
0.072317869919747 0.048358205411753
0.069628986498028 0.047453418441915
0.066987298107781 0.046550655313739
0.064393094439905 0.045649250474270
0.061846659978068 0.044748240418469
0.059348273967504 0.043845395132834
0.056898210384393 0.042938429329851
0.054496737905816 0.042025645767012
0.052144119880294 0.041105757151943
0.049840614298903 0.040177689487338
0.047586473766990 0.039240514105421
0.045381945476466 0.038293567235647
0.043227271178700 0.037336557269397
0.041122687158010 0.036369280802664
0.039068424205750 0.035391421488861
0.037064707595003 0.034403850227903
0.035111757055874 0.033411240888052
0.033209786751399 0.032418813529833
0.031359005254054 0.031431467634576
0.029559615522887 0.030454007290740
0.027811814881260 0.029491690609081
0.026115794995207 0.028547135764578
0.024471741852423 0.027618303992541
0.022879835741862 0.026699334299865
0.021340251233966 0.025781155074643
0.019853157161529 0.024857205318935
0.018418716601171 0.023922845766095
0.017037086855466 0.022974850350869
0.015708419435685 0.022011353244208
0.014432860045182 0.021032117066651
0.013210548563420 0.020038260109341
0.012041619030626 0.019032040021060
0.010926199633097 0.018016908553736
0.009864412689139 0.016997254431597
0.008856374635656 0.015978085767188
0.007902196015379 0.014963308231774
0.007001981464748 0.013956116817242
0.006155829702431 0.012958756405662
0.005363833518506 0.011973092348184
0.004626079764278 0.011000763408529
0.003942649342761 0.010043084987318
0.003313617199802 0.009101175974072
0.002739052315863 0.008176060543273
0.002219017698460 0.007268586417061
0.001753570375248 0.006379571014842
0.001342761387771 0.005509612808952
0.000986635785864 0.004659406168713
0.000685232622713 0.003829475105372
0.000438584950571 0.003020325057091
0.000246719817134 0.002232382591048
0.000109658262577 0.001466120475486
0.000027415317244 0.000721750900352
0.000000000000000 0.000000000000000
0.000027415317244 -0.000699207212229
0.000109658262577 -0.001375333083825
0.000246719817134 -0.002028106892639
0.000438584950571 -0.002657458873432
0.000685232622713 -0.003262761215012
0.000986635785864 -0.003846325341201
0.001342761387771 -0.004413997954568
0.001753570375248 -0.004970446227500
0.002219017698460 -0.005517774809797
0.002739052315863 -0.006057138737603
0.003313617199802 -0.006589243474647
0.003942649342761 -0.007114494480919
0.004626079764278 -0.007633066932227
0.005363833518506 -0.008145067130925
0.006155829702431 -0.008650567646794
0.007001981464748 -0.009149389779907
0.007902196015379 -0.009641522298061
0.008856374635656 -0.010126948154577
0.009864412689139 -0.010605411931737
0.010926199633097 -0.011075464379469
0.012041619030626 -0.011534578083065
0.013210548563420 -0.011979148749953
0.014432860045182 -0.012406323455355
0.015708419435684 -0.012813857283269
0.017037086855466 -0.013200064756842
0.018418716601171 -0.013563959192863
0.019853157161528 -0.013905429214165
0.021340251233966 -0.014225273273088
0.022879835741862 -0.014525304916368
0.024471741852423 -0.014808632888902
0.026115794995207 -0.015079345160423
0.027811814881259 -0.015342234213910
0.029559615522887 -0.015599713728441
0.031359005254054 -0.015850839542179
0.033209786751399 -0.016094787170102
0.035111757055874 -0.016330962695857
0.037064707595003 -0.016558751409081
0.039068424205750 -0.016777543893651
0.041122687158009 -0.016986811824367
0.043227271178699 -0.017186093426305
0.045381945476466 -0.017374977772329
0.047586473766990 -0.017553119356033
0.049840614298903 -0.017720233006428
0.052144119880293 -0.017876110931403
0.054496737905816 -0.018020610805669
0.056898210384393 -0.018153667872266
0.059348273967504 -0.018275291663981
0.061846659978068 -0.018385573362786
0.064393094439905 -0.018484687743775
0.066987298107781 -0.018572892495481
0.069628986498028 -0.018650539694933
0.072317869919747 -0.018718070180890
0.075053653506568 -0.018776025458247
0.077836037248992 -0.018825038911869
0.080664716027288 -0.018865852258385
0.083539379644950 -0.018899325243863
0.086459712862719 -0.018926439616722
0.089425395433148 -0.018948280600678
0.092436102135723 -0.018966006374727
0.095491502812526 -0.018980904894904
0.098591262404443 -0.018994557385922
0.101735040987902 -0.019008816508113
0.104922493812155 -0.019025360317931
0.108153271337080 -0.019044500990717
0.111427019271514 -0.019066152820580
0.114743378612105 -0.019090028417285
0.118101985682679 -0.019115441038595
0.121502472174122 -0.019141605336974
0.124944465184770 -0.019167752270013
0.128427587261303 -0.019193147042979
0.131951456440133 -0.019217004519849
0.135515686289294 -0.019238391332279
0.139119885950819 -0.019256227353226
0.142763660183598 -0.019269381428612
0.146446609406726 -0.019277016958058
0.150168329743317 -0.019278588741728
0.153928413064796 -0.019273550794034
0.157726447035656 -0.019261649725401
0.161562015158669 -0.019243025882992
0.165434696820571 -0.019217865941944
0.169344067338174 -0.019186327755408
0.173289698004947 -0.019148467060245
0.177271156138025 -0.019104335505727
0.181288005125655 -0.019054012317097
0.185339804475081 -0.018997692582257
0.189426109860845 -0.018935634279494
0.193546473173511 -0.018868111025512
0.197700442568812 -0.018795125042507
0.201887562517192 -0.018716239332612
0.206107373853763 -0.018630965074693
0.210359413828660 -0.018538781503524
0.214643216157784 -0.018438996667554
0.218958311073935 -0.018330812555595
0.223304225378328 -0.018213405872006
0.227680482492486 -0.018085905870739
0.232086602510501 -0.017947344733904
0.236522102251661 -0.017796705218676
0.240986495313435 -0.017632942586081
0.245479292124814 -0.017455180105201
0.250000000000000 -0.017263016086011
0.254548123192429 -0.017056124491180
0.259123162949142 -0.016834177318290
0.263724617565473 -0.016597144960657
0.268351982440069 -0.016345698231443
0.273004750130227 -0.016080641718902
0.277682410407536 -0.015802815841199
0.282384450313836 -0.015513069883938
0.287110354217464 -0.015212189891511
0.291859603869799 -0.014900978785994
0.296631678462100 -0.014580269565789
0.301426054682609 -0.014250895765192
0.306242206773948 -0.013913572047961
0.311079606590766 -0.013568975055810
0.315937723657661 -0.013217804468847
0.320816025227350 -0.012860773272900
0.325713976339092 -0.012498436593046
0.330631039877354 -0.012131201508347
0.335566676630708 -0.011759483278942
0.340520345350965 -0.011383705160080
0.345491502812526 -0.011004314809125
0.350479603871956 -0.010621795045632
0.355484101527764 -0.010236649923217
0.360504446980385 -0.009849387915947
0.365540089692367 -0.009460536753738
0.370590477448739 -0.009070671976479
0.375655056417572 -0.008680422063118
0.380733271210709 -0.008290426031994
0.385824564944672 -0.007901328895723
0.390928379301728 -0.007513723398612
0.396044154591120 -0.007127921752085
0.401171329810437 -0.006744156342679
0.406309342707137 -0.006362658651989
0.411457629840208 -0.005983658925458
0.416615626641949 -0.005607062380315
0.421782767479884 -0.005232152481103
0.426958485718794 -0.004858136949780
0.432142213782848 -0.004484211731712
0.437333383217848 -0.004109568912975
0.442531424753567 -0.003733497293938
0.447735768366173 -0.003355381817325
0.452945843340743 -0.002974604813205
0.458161078333842 -0.002590549654445
0.463380901436184 -0.002202580856956
0.468604740235343 -0.001809923818596
0.473832021878528 -0.001411724870007
0.479062173135400 -0.001007129822046
0.484294620460935 -0.000595278470145
0.489528790058321 -0.000175406489468
0.494764107941877 0.000252722259813
0.500000000000000 0.000689159793196
0.505235892058122 0.001133952266379
0.510471209941678 0.001587139909343
0.515705379539064 0.002048506660783
0.520937826864600 0.002516965720508
0.526167978121472 0.002991248886885
0.531395259764656 0.003470081309118
0.536619098563816 0.003952199324348
0.541838921666157 0.004436417935516
0.547054156659257 0.004921726912130
0.552264231633827 0.005407143769375
0.557468575246433 0.005891685164446
0.562666616782152 0.006374372679443
0.567857786217152 0.006854151551941
0.573041514281206 0.007329878636638
0.578217232520115 0.007800421316751
0.583384373358051 0.008264656617723
0.588542370159791 0.008721514353105
0.593690657292862 0.009170298052761
0.598828670189563 0.009610525542176
0.603955845408879 0.010041718929177
0.609071620698271 0.010463419477979
0.614175435055328 0.010875288943693
0.619266728789290 0.011277408527567
0.624344943582427 0.011669958006122
0.629409522551260 0.012053113077810
0.634459910307633 0.012427048967453
0.639495553019614 0.012791883155837
0.644515898472235 0.013147661707602
0.649520396128043 0.013494426824118
0.654508497187474 0.013832228515907
0.659479654649035 0.014161125175311
0.664433323369291 0.014481230629970
0.669368960122646 0.014792676280547
0.674286023660907 0.015095592164480
0.679183974772650 0.015390108398093
0.684062276342339 0.015676269689985
0.688920393409233 0.015954041358424
0.693757793226051 0.016223386551022
0.698573945317390 0.016484273506083
0.703368321537900 0.016736575784125
0.708140396130200 0.016979926331193
0.712889645782536 0.017213940701543
0.717615549686163 0.017438250179499
0.722317589592464 0.017652512688094
0.726995249869773 0.017856446454949
0.731648017559930 0.018049794803918
0.736275382434527 0.018232317961426
0.740876837050857 0.018403789531328
0.745451876807570 0.018563987779717
0.750000000000000 0.018712704776135
0.754520707875185 0.018849746985943
0.759013504686565 0.018974940754554
0.763477897748338 0.019088130022320
0.767913397489498 0.019189176992350
0.772319517507513 0.019277960301961
0.776695774621672 0.019354376221736
0.781041688926065 0.019418339211583
0.785356783842216 0.019469780945740
0.789640586171339 0.019508649225592
0.793892626146236 0.019534902963166
0.798112437482808 0.019548511661991
0.802299557431187 0.019549460823309
0.806453526826488 0.019537778454582
0.810573890139155 0.019513666221527
0.814660195524918 0.019477393821753
0.818711994874345 0.019429235439457
0.822728843861975 0.019369477535385
0.826710301995052 0.019298419810519
0.830655932661826 0.019216365344039
0.834565303179429 0.019123620248990
0.838437984841330 0.019020488593744
0.842273552964344 0.018907277684950
0.846071586935203 0.018784298705382
0.849831670256683 0.018651864586016
0.853553390593274 0.018510292582251
0.857236339816401 0.018359901793151
0.860880114049181 0.018201012059307
0.864484313710706 0.018033943060790
0.868048543559867 0.017859018606515
0.871572412738697 0.017676568962171
0.875055534815230 0.017486925995724
0.878497527825878 0.017290418762667
0.881898014317321 0.017087359740748
0.885256621387894 0.016878060543819
0.888572980728485 0.016662863413930
0.891846728662920 0.016442170931266
0.895077506187845 0.016216363466577
0.898264959012098 0.015985521322679
0.901408737595557 0.015749519450642
0.904508497187474 0.015508209577995
0.907563897864277 0.015261298099702
0.910574604566852 0.015008513386223
0.913540287137281 0.014749673625497
0.916460620355049 0.014484673660746
0.919335283972712 0.014213454528849
0.922163962751007 0.013935990287043
0.924946346493432 0.013652300449815
0.927682130080253 0.013362453164772
0.930371013501972 0.013066556074142
0.933012701892219 0.012764763850533
0.935606905560095 0.012457260169111
0.938153340021932 0.012144277573427
0.940651726032496 0.011826073426435
0.943101789615607 0.011502950896742
0.945503262094184 0.011175233509008
0.947855880119706 0.010843288252401
0.950159385701097 0.010507502592779
0.952413526233010 0.010168296180038
0.954618054523534 0.009826109933303
0.956772728821300 0.009481410642633
0.958877312841991 0.009134694820912
0.960931575794250 0.008786465367663
0.962935292404997 0.008437257230212
0.964888242944126 0.008087611877915
0.966790213248601 0.007738092748761
0.968640994745946 0.007389274584415
0.970440384477113 0.007041737462869
0.972188185118740 0.006696082309277
0.973884205004793 0.006352908204260
0.975528258147577 0.006012823520582
0.977120164258138 0.005676437865784
0.978659748766034 0.005344368584871
0.980146842838471 0.005017230225080
0.981581283398829 0.004695625765539
0.982962913144534 0.004380174655031
0.984291580564316 0.004071471848697
0.985567139954818 0.003770115916435
0.986789451436580 0.003476693091551
0.987958380969374 0.003191778703018
0.989073800366903 0.002915932832619
0.990135587310861 0.002649717715379
0.991143625364344 0.002393653300559
0.992097803984621 0.002148265691486
0.992998018535252 0.001914048125015
0.993844170297569 0.001691478472831
0.994636166481494 0.001481013967868
0.995373920235722 0.001283091136909
0.996057350657239 0.001098118665742
0.996686382800198 0.000926478789655
0.997260947684137 0.000768527597948
0.997780982301540 0.000624604011780
0.998246429624752 0.000494995480958
0.998657238612229 0.000379989570218
0.999013364214136 0.000279816209947
0.999314767377287 0.000194695501331
0.999561415049429 0.000124805976489
0.999753280182866 0.000070287313609
0.999890341737423 0.000031268304206
0.999972584682756 0.000007820716864
1.000000000000000 0.000000000000000
