1.000000000000000 0.000000000000000
0.999972584682756 0.000043715756768
0.999890341737423 0.000171239792259
0.999753280182866 0.000372849930724
0.999561415049429 0.000635441261006
0.999314767377287 0.000945282575782
0.999013364214136 0.001290024810127
0.998657238612229 0.001659701197445
0.998246429624752 0.002047027415596
0.997780982301540 0.002447246157844
0.997260947684137 0.002858094509300
0.996686382800198 0.003279500897973
0.996057350657239 0.003714271263858
0.995373920235722 0.004167220893755
0.994636166481494 0.004641297062964
0.993844170297569 0.005135341074451
0.992998018535252 0.005647710653719
0.992097803984621 0.006177829500113
0.991143625364344 0.006725370784641
0.990135587310861 0.007290881248130
0.989073800366903 0.007874365255218
0.987958380969374 0.008475002486881
0.986789451436580 0.009091598139863
0.985567139954818 0.009723103850878
0.984291580564316 0.010368620211042
0.982962913144534 0.011027302384021
0.981581283398829 0.011698384196234
0.980146842838472 0.012381152846114
0.978659748766034 0.013074927432240
0.977120164258138 0.013779173334196
0.975528258147577 0.014493508828713
0.973884205004793 0.015217717481752
0.972188185118741 0.015951545127965
0.970440384477113 0.016694636746946
0.968640994745946 0.017446350988332
0.966790213248601 0.018206081125811
0.964888242944126 0.018973348780514
0.962935292404997 0.019747733315741
0.960931575794250 0.020528872408699
0.958877312841991 0.021316425166206
0.956772728821300 0.022110107710154
0.954618054523534 0.022909661201508
0.952413526233010 0.023714947967437
0.950159385701097 0.024525917529412
0.947855880119706 0.025342563753865
0.945503262094184 0.026164792810113
0.943101789615607 0.026992500508560
0.940651726032496 0.027825458577770
0.938153340021932 0.028663514921042
0.935606905560095 0.029506635076223
0.933012701892219 0.030354802083579
0.930371013501972 0.031207839852084
0.927682130080253 0.032065526897188
0.924946346493432 0.032927473141871
0.922163962751008 0.033793239187471
0.919335283972712 0.034662413392904
0.916460620355050 0.035534637733550
0.913540287137281 0.036409604322676
0.910574604566852 0.037287114599117
0.907563897864277 0.038166990861987
0.904508497187474 0.039049166406872
0.901408737595557 0.039933613067371
0.898264959012098 0.040820283463092
0.895077506187845 0.041709112675220
0.891846728662920 0.042600029469418
0.888572980728485 0.043492803235139
0.885256621387895 0.044387126437808
0.881898014317321 0.045282705635565
0.878497527825878 0.046179295379295
0.875055534815230 0.047076671476444
0.871572412738697 0.047974718692660
0.868048543559867 0.048873525789093
0.864484313710706 0.049773245534770
0.860880114049181 0.050674073440343
0.857236339816402 0.051576263957369
0.853553390593274 0.052480118612203
0.849831670256683 0.053385767066558
0.846071586935203 0.054292966461266
0.842273552964344 0.055201425770812
0.838437984841330 0.056110850934836
0.834565303179429 0.057020912188242
0.830655932661826 0.057931265658571
0.826710301995053 0.058841612978535
0.822728843861975 0.059751865348019
0.818711994874345 0.060662053218881
0.814660195524919 0.061572233194468
0.810573890139155 0.062482447074494
0.806453526826488 0.063392747489394
0.802299557431188 0.064303185425377
0.798112437482808 0.065213815006092
0.793892626146237 0.066124512944901
0.789640586171339 0.067035106188260
0.785356783842216 0.067945418604742
0.781041688926065 0.068855314720276
0.776695774621672 0.069764760451800
0.772319517507513 0.070673753714878
0.767913397489498 0.071582292808356
0.763477897748339 0.072490466799876
0.759013504686565 0.073398482720911
0.754520707875186 0.074306569551590
0.750000000000000 0.075214973715828
0.745451876807570 0.076123659754786
0.740876837050858 0.077032203746931
0.736275382434527 0.077940157532008
0.731648017559931 0.078847053440210
0.726995249869773 0.079752511695900
0.722317589592464 0.080656277007441
0.717615549686164 0.081558114273609
0.712889645782536 0.082457789568253
0.708140396130201 0.083355161929437
0.703368321537900 0.084250435949263
0.698573945317390 0.085143869710441
0.693757793226052 0.086035748474495
0.688920393409234 0.086926336597799
0.684062276342339 0.087815660384721
0.679183974772650 0.088703627154019
0.674286023660908 0.089590139803303
0.669368960122646 0.090475111158580
0.664433323369292 0.091358450380558
0.659479654649035 0.092240060000464
0.654508497187474 0.093119851402845
0.649520396128043 0.093997729161466
0.644515898472236 0.094873611482264
0.639495553019615 0.095747378630572
0.634459910307633 0.096618904578894
0.629409522551260 0.097488071564257
0.624344943582428 0.098354751294128
0.619266728789291 0.099218811405608
0.614175435055328 0.100080043054241
0.609071620698271 0.100938236834234
0.603955845408880 0.101793165673488
0.598828670189563 0.102644613033999
0.593690657292862 0.103492393378721
0.588542370159792 0.104336365379851
0.583384373358051 0.105176409742989
0.578217232520115 0.106012400404790
0.573041514281206 0.106844219393043
0.567857786217152 0.107671735126222
0.562666616782152 0.108494788813490
0.557468575246433 0.109313218528733
0.552264231633827 0.110126875064470
0.547054156659257 0.110935598372273
0.541838921666158 0.111739195163845
0.536619098563816 0.112537404117895
0.531395259764657 0.113329965450312
0.526167978121472 0.114116612993747
0.520937826864600 0.114897092008584
0.515705379539064 0.115671098543564
0.510471209941678 0.116438258418134
0.505235892058123 0.117198199012047
0.500000000000000 0.117950550389415
0.494764107941877 0.118694943485256
0.489528790058322 0.119431023526236
0.484294620460936 0.120158456457627
0.479062173135400 0.120876913667009
0.473832021878528 0.121586072955626
0.468604740235343 0.122285612467164
0.463380901436184 0.122975222994822
0.458161078333842 0.123654592951981
0.452945843340743 0.124323420112318
0.447735768366173 0.124981409761450
0.442531424753567 0.125628269357133
0.437333383217848 0.126263731190758
0.432142213782848 0.126887558808389
0.426958485718794 0.127499532402477
0.421782767479885 0.128099436714203
0.416615626641949 0.128687064661567
0.411457629840209 0.129262098930974
0.406309342707138 0.129823855108376
0.401171329810437 0.130371578174409
0.396044154591120 0.130904529532735
0.390928379301729 0.131421990495530
0.385824564944672 0.131923101625340
0.380733271210710 0.132406436819076
0.375655056417573 0.132870455329739
0.370590477448740 0.133313660409437
0.365540089692367 0.133734586924984
0.360504446980385 0.134131726589486
0.355484101527764 0.134503263302841
0.350479603871957 0.134847353052814
0.345491502812526 0.135162202185852
0.340520345350965 0.135446077065601
0.335566676630708 0.135697355954134
0.330631039877354 0.135914664816608
0.325713976339092 0.136096714460536
0.320816025227350 0.136242266934423
0.315937723657661 0.136350131162976
0.311079606590766 0.136419420115933
0.306242206773949 0.136449873033636
0.301426054682610 0.136441334254920
0.296631678462100 0.136393670322411
0.291859603869799 0.136306776951929
0.287110354217464 0.136180882431828
0.282384450313836 0.136016641490543
0.277682410407536 0.135814738192741
0.273004750130227 0.135575859873832
0.268351982440069 0.135300715741253
0.263724617565473 0.134990262822890
0.259123162949143 0.134645597454888
0.254548123192430 0.134267810987916
0.250000000000000 0.133857988368577
0.245479292124815 0.133416998128173
0.240986495313435 0.132945106612128
0.236522102251661 0.132442483428950
0.232086602510502 0.131909318311299
0.227680482492487 0.131345790914414
0.223304225378328 0.130751711975491
0.218958311073935 0.130126645430346
0.214643216157784 0.129470190712945
0.210359413828661 0.128781980172103
0.206107373853763 0.128061556151105
0.201887562517192 0.127308261653111
0.197700442568813 0.126521460381662
0.193546473173512 0.125700567506212
0.189426109860845 0.124845227010511
0.185339804475081 0.123955714650345
0.181288005125655 0.123032451297542
0.177271156138025 0.122075858448320
0.173289698004947 0.121086447018934
0.169344067338174 0.120064957528774
0.165434696820571 0.119012210455689
0.161562015158670 0.117929019862772
0.157726447035656 0.116816289093094
0.153928413064797 0.115675147120743
0.150168329743317 0.114506770518696
0.146446609406726 0.113312337772224
0.142763660183598 0.112093118891134
0.139119885950819 0.110850571977196
0.135515686289294 0.109586137032314
0.131951456440133 0.108301256982268
0.128427587261303 0.106997306070204
0.124944465184770 0.105675619890890
0.121502472174122 0.104337521401539
0.118101985682679 0.102984161109632
0.114743378612105 0.101616226978123
0.111427019271515 0.100234370167563
0.108153271337080 0.098839273729827
0.104922493812155 0.097431505914592
0.101735040987902 0.096011649741649
0.098591262404443 0.094580284393526
0.095491502812526 0.093137649492628
0.092436102135723 0.091683696976786
0.089425395433148 0.090218462528452
0.086459712862719 0.088742135126377
0.083539379644950 0.087255105399628
0.080664716027288 0.085757827609344
0.077836037248993 0.084251005945657
0.075053653506568 0.082735617292425
0.072317869919747 0.081212683235821
0.069628986498028 0.079683158797872
0.066987298107781 0.078147915967551
0.064393094439905 0.076607758854007
0.061846659978068 0.075062624679332
0.059348273967504 0.073511991588202
0.056898210384393 0.071955493433756
0.054496737905816 0.070392917827340
0.052144119880294 0.068824211165625
0.049840614298903 0.067249381889579
0.047586473766990 0.065668530453613
0.045381945476466 0.064081849026327
0.043227271178700 0.062489688748587
0.041122687158010 0.060892461856526
0.039068424205750 0.059290611628834
0.037064707595003 0.057684577576463
0.035111757055874 0.056074361672954
0.033209786751399 0.054459022702721
0.031359005254054 0.052837584785633
0.029559615522887 0.051209341975615
0.027811814881260 0.049573741553029
0.026115794995207 0.047930448213935
0.024471741852423 0.046279302198858
0.022879835741862 0.044620647785999
0.021340251233966 0.042955038039989
0.019853157161529 0.041283074703681
0.018418716601171 0.039605475301255
0.017037086855466 0.037923012841915
0.015708419435685 0.036236793059080
0.014432860045182 0.034548306778116
0.013210548563420 0.032859336229513
0.012041619030626 0.031171822914902
0.010926199633097 0.029487910612543
0.009864412689139 0.027810002052037
0.008856374635656 0.026140635191770
0.007902196015379 0.024481890915092
0.007001981464748 0.022835631237753
0.006155829702431 0.021204118862626
0.005363833518506 0.019590114875678
0.004626079764278 0.017997227734273
0.003942649342761 0.016429313517124
0.003313617199802 0.014888434984919
0.002739052315863 0.013373804387249
0.002219017698460 0.011885602906025
0.001753570375248 0.010425220651600
0.001342761387771 0.008995524448875
0.000986635785864 0.007602546817816
0.000685232622713 0.006250480065872
0.000438584950571 0.004936381148364
0.000246719817134 0.003656739804010
0.000109658262577 0.002408949753016
0.000027415317244 0.001190675808947
0.000000000000000 0.000000000000000
0.000027415317244 -0.001170813420017
0.000109658262577 -0.002328139949115
0.000246719817134 -0.003468994538938
0.000438584950571 -0.004590274231931
0.000685232622713 -0.005689178776306
0.000986635785864 -0.006762898388317
0.001342761387771 -0.007809895742761
0.001753570375248 -0.008834779977157
0.002219017698460 -0.009842216883201
0.002739052315863 -0.010833802955258
0.003313617199802 -0.011809692526016
0.003942649342761 -0.012769103907167
0.004626079764278 -0.013710627639533
0.005363833518506 -0.014632698190481
0.006155829702431 -0.015533974575270
0.007001981464748 -0.016413097946450
0.007902196015379 -0.017268541447159
0.008856374635656 -0.018098570818893
0.009864412689139 -0.018901490021954
0.010926199633097 -0.019675801087122
0.012041619030626 -0.020420548540563
0.013210548563420 -0.021135218328759
0.014432860045182 -0.021819314663271
0.015708419435684 -0.022472394993093
0.017037086855466 -0.023094045229015
0.018418716601171 -0.023684004193824
0.019853157161528 -0.024242416588998
0.021340251233966 -0.024769851159149
0.022879835741862 -0.025267368182334
0.024471741852423 -0.025736553445480
0.026115794995207 -0.026179402749328
0.027811814881259 -0.026598306130292
0.029559615522887 -0.026994409358064
0.031359005254054 -0.027368040533440
0.033209786751399 -0.027719988502659
0.035111757055874 -0.028051612720361
0.037064707595003 -0.028364563017781
0.039068424205750 -0.028660750824305
0.041122687158009 -0.028941820505198
0.043227271178699 -0.029208042211500
0.045381945476466 -0.029459721336843
0.047586473766990 -0.029697685763529
0.049840614298903 -0.029923085007390
0.052144119880293 -0.030136765026067
0.054496737905816 -0.030339425152091
0.056898210384393 -0.030531344318302
0.059348273967504 -0.030712023423988
0.061846659978068 -0.030880968711179
0.064393094439905 -0.031037961282854
0.066987298107781 -0.031182900510125
0.069628986498028 -0.031315514720044
0.072317869919747 -0.031435354410543
0.075053653506568 -0.031541982363098
0.077836037248992 -0.031634964863393
0.080664716027288 -0.031713888347459
0.083539379644950 -0.031778303281672
0.086459712862719 -0.031827706092004
0.089425395433148 -0.031861577659773
0.092436102135723 -0.031879191810641
0.095491502812526 -0.031879713136179
0.098591262404443 -0.031862318392345
0.101735040987902 -0.031826260940877
0.104922493812155 -0.031770810394642
0.108153271337080 -0.031695481325285
0.111427019271514 -0.031600309321137
0.114743378612105 -0.031485450537335
0.118101985682679 -0.031351113557976
0.121502472174122 -0.031197553319869
0.124944465184770 -0.031025085912545
0.128427587261303 -0.030833932213587
0.131951456440133 -0.030624100503681
0.135515686289294 -0.030395615845994
0.139119885950819 -0.030148539272699
0.142763660183598 -0.029882957131768
0.146446609406726 -0.029598999034809
0.150168329743317 -0.029296895077452
0.153928413064796 -0.028977171846495
0.157726447035656 -0.028640479469177
0.161562015158669 -0.028287528832604
0.165434696820571 -0.027919042584637
0.169344067338174 -0.027535781787421
0.173289698004947 -0.027138562135527
0.177271156138025 -0.026728068303791
0.181288005125655 -0.026304652335088
0.185339804475081 -0.025868665312344
0.189426109860845 -0.025420485748959
0.193546473173511 -0.024960487127601
0.197700442568812 -0.024489054802164
0.201887562517192 -0.024006602553948
0.206107373853763 -0.023513515751625
0.210359413828660 -0.023010034333639
0.214643216157784 -0.022496368952988
0.218958311073935 -0.021972756256222
0.223304225378328 -0.021439553737869
0.227680482492486 -0.020897327089366
0.232086602510501 -0.020346688766407
0.236522102251661 -0.019788281962933
0.240986495313435 -0.019222755718594
0.245479292124814 -0.018650766047822
0.250000000000000 -0.018072986012538
0.254548123192429 -0.017490114845595
0.259123162949142 -0.016902553340449
0.263724617565473 -0.016310253390330
0.268351982440069 -0.015713131457517
0.273004750130227 -0.015111098276124
0.277682410407536 -0.014504132717103
0.282384450313836 -0.013892372830122
0.287110354217464 -0.013275979921910
0.291859603869799 -0.012655117005701
0.296631678462100 -0.012029957882009
0.301426054682609 -0.011400718860671
0.306242206773948 -0.010767625265764
0.311079606590766 -0.010130905028362
0.315937723657661 -0.009490795553708
0.320816025227350 -0.008847447431574
0.325713976339092 -0.008200940341882
0.330631039877354 -0.007551362480278
0.335566676630708 -0.006898797881756
0.340520345350965 -0.006243410605116
0.345491502812526 -0.005585597921240
0.350479603871956 -0.004925808693081
0.355484101527764 -0.004264501686402
0.360504446980385 -0.003602139274157
0.365540089692367 -0.002939172266592
0.370590477448739 -0.002276033150398
0.375655056417572 -0.001613163718209
0.380733271210709 -0.000951010525931
0.385824564944672 -0.000290004799349
0.390928379301728 0.000369525865750
0.396044154591120 0.001027296504696
0.401171329810437 0.001683012916034
0.406309342707137 0.002336390488502
0.411457629840208 0.002987151690758
0.416615626641949 0.003635075737611
0.421782767479884 0.004279949188070
0.426958485718794 0.004921555886400
0.432142213782848 0.005559684699597
0.437333383217848 0.006194185473191
0.442531424753567 0.006825005885654
0.447735768366173 0.007452102365194
0.452945843340743 0.008075436268578
0.458161078333842 0.008694964380965
0.463380901436184 0.009310614833229
0.468604740235343 0.009922285159645
0.473832021878528 0.010529870180388
0.479062173135400 0.011133270903076
0.484294620460935 0.011732378151253
0.489528790058321 0.012326992799415
0.494764107941877 0.012916859265505
0.500000000000000 0.013501718114997
0.505235892058122 0.014081316143927
0.510471209941678 0.014655380923211
0.515705379539064 0.015223523826912
0.520937826864600 0.015785290980563
0.526167978121472 0.016340232747513
0.531395259764656 0.016887910413310
0.536619098563816 0.017427926548122
0.541838921666157 0.017960124090544
0.547054156659257 0.018484422518384
0.552264231633827 0.019000743675686
0.557468575246433 0.019509017068521
0.562666616782152 0.020009114240190
0.567857786217152 0.020500727428584
0.573041514281206 0.020983520177702
0.578217232520115 0.021457160324580
0.583384373358051 0.021921325183085
0.588542370159791 0.022375704240340
0.593690657292862 0.022819997929760
0.598828670189563 0.023253917312140
0.603955845408879 0.023677183290624
0.609071620698271 0.024089531948504
0.614175435055328 0.024490853963696
0.619266728789290 0.024881177379427
0.624344943582427 0.025260535516570
0.629409522551260 0.025628968120350
0.634459910307633 0.025986464469276
0.639495553019614 0.026332719321667
0.644515898472235 0.026667341388622
0.649520396128043 0.026989951208823
0.654508497187474 0.027300186346136
0.659479654649035 0.027597856687480
0.664433323369291 0.027883026708280
0.669368960122646 0.028155788870027
0.674286023660907 0.028416238913809
0.679183974772650 0.028664485351813
0.684062276342339 0.028900692937511
0.688920393409233 0.029125044114263
0.693757793226051 0.029337727203370
0.698573945317390 0.029538922297403
0.703368321537900 0.029728622532753
0.708140396130200 0.029906639621678
0.712889645782536 0.030072789463321
0.717615549686163 0.030226902515853
0.722317589592464 0.030368760913086
0.726995249869773 0.030498046547052
0.731648017559930 0.030614449473263
0.736275382434527 0.030717678375917
0.740876837050857 0.030807459872325
0.745451876807570 0.030883536131029
0.750000000000000 0.030945668815656
0.754520707875185 0.030993639990657
0.759013504686565 0.031027366246620
0.763477897748338 0.031047078829508
0.767913397489498 0.031053062325717
0.772319517507513 0.031045602782720
0.776695774621672 0.031024858356227
0.781041688926065 0.030990758772540
0.785356783842216 0.030943226851496
0.789640586171339 0.030882195978948
0.793892626146236 0.030807465016614
0.798112437482808 0.030718719374944
0.802299557431187 0.030615671837501
0.806453526826488 0.030498209515738
0.810573890139155 0.030366947429571
0.814660195524918 0.030222706683463
0.818711994874345 0.030066290788412
0.822728843861975 0.029898518982868
0.826710301995052 0.029720225123074
0.830655932661826 0.029532223356279
0.834565303179429 0.029335171632620
0.838437984841330 0.029129317785863
0.842273552964344 0.028914839172054
0.846071586935203 0.028691918442040
0.849831670256683 0.028460710067483
0.853553390593274 0.028221364330009
0.857236339816401 0.027973958510104
0.860880114049181 0.027717867603559
0.864484313710706 0.027452165958579
0.868048543559867 0.027176012277830
0.871572412738697 0.026888673333069
0.875055534815230 0.026589509845817
0.878497527825878 0.026278065448290
0.881898014317321 0.025954585850605
0.885256621387894 0.025619567333340
0.888572980728485 0.025273544011153
0.891846728662920 0.024917153970048
0.895077506187845 0.024551039895930
0.898264959012098 0.024175569438018
0.901408737595557 0.023790793580543
0.904508497187474 0.023396744632592
0.907563897864277 0.022993280115947
0.910574604566852 0.022580219139514
0.913540287137281 0.022157528135170
0.916460620355049 0.021725348533408
0.919335283972712 0.021283998927285
0.922163962751007 0.020834443083306
0.924946346493432 0.020377789998575
0.927682130080253 0.019915100123992
0.930371013501972 0.019447392347887
0.933012701892219 0.018975556581528
0.935606905560095 0.018500345064074
0.938153340021932 0.018022347597185
0.940651726032496 0.017541853053082
0.943101789615607 0.017059202708034
0.945503262094184 0.016574866203165
0.947855880119706 0.016089264929386
0.950159385701097 0.015602611027535
0.952413526233010 0.015114895305543
0.954618054523534 0.014625645347013
0.956772728821300 0.014134505171061
0.958877312841991 0.013641339758344
0.960931575794250 0.013146102083600
0.962935292404997 0.012648848515884
0.964888242944126 0.012150322270494
0.966790213248601 0.011651647877755
0.968640994745946 0.011153978990368
0.970440384477113 0.010658458366985
0.972188185118740 0.010166225988972
0.973884205004793 0.009678219296899
0.975528258147577 0.009194981907065
0.977120164258138 0.008716019194238
0.978659748766034 0.008240873847744
0.980146842838471 0.007769413023160
0.981581283398829 0.007301663291358
0.982962913144534 0.006837898026660
0.984291580564316 0.006379168566530
0.985567139954818 0.005928796215055
0.986789451436580 0.005490306178733
0.987958380969374 0.005066562396571
0.989073800366903 0.004659788919071
0.990135587310861 0.004272345139544
0.991143625364344 0.003904320218939
0.992097803984621 0.003552538384881
0.992998018535252 0.003212250376050
0.993844170297569 0.002880237025714
0.994636166481494 0.002554964013885
0.995373920235722 0.002235797805037
0.996057350657239 0.001923279067996
0.996686382800198 0.001622440745594
0.997260947684137 0.001339864745340
0.997780982301540 0.001080756391502
0.998246429624752 0.000848285455529
0.998657238612229 0.000644202220654
0.999013364214136 0.000469152645827
0.999314767377287 0.000322974424308
0.999561415049429 0.000205050884451
0.999753280182866 0.000114565023818
0.999890341737423 0.000050661137700
0.999972584682756 0.000012619330791
1.000000000000000 0.000000000000000
