1.000000000000000 0.000000000000000
0.999972584682756 0.000003491366891
0.999890341737423 0.000013995600087
0.999753280182866 0.000031602396745
0.999561415049429 0.000056461287072
0.999314767377287 0.000088771084150
0.999013364214136 0.000128784428957
0.998657238612229 0.000176796895891
0.998246429624752 0.000233134325171
0.997780982301540 0.000298156157725
0.997260947684137 0.000372229971906
0.996686382800198 0.000455729719459
0.996057350657239 0.000549020266905
0.995373920235722 0.000652442663012
0.994636166481494 0.000766330794971
0.993844170297569 0.000891016642294
0.992998018535252 0.001026798353329
0.992097803984621 0.001173915128664
0.991143625364344 0.001332542219193
0.990135587310861 0.001502779014272
0.989073800366903 0.001684721915058
0.987958380969374 0.001878629046463
0.986789451436580 0.002084755625894
0.985567139954818 0.002303340801786
0.984291580564316 0.002534602079057
0.982962913144534 0.002778704035975
0.981581283398829 0.003035845913723
0.980146842838472 0.003306265270137
0.978659748766034 0.003590231266522
0.977120164258138 0.003888011974298
0.975528258147577 0.004199860891589
0.973884205004793 0.004526012720915
0.972188185118741 0.004866695577400
0.970440384477113 0.005222117087149
0.968640994745946 0.005592462358217
0.966790213248601 0.005977896700267
0.964888242944126 0.006378560418305
0.962935292404997 0.006794567671449
0.960931575794250 0.007226008445262
0.958877312841991 0.007672951173227
0.956772728821300 0.008135453607937
0.954618054523534 0.008613545947202
0.952413526233010 0.009107225173205
0.950159385701097 0.009616439519690
0.947855880119706 0.010141132498949
0.945503262094184 0.010681270530112
0.943101789615607 0.011236905025152
0.940651726032496 0.011808157514263
0.938153340021932 0.012395106131673
0.935606905560095 0.012997822584728
0.933012701892219 0.013616346056253
0.930371013501972 0.014250699533274
0.927682130080253 0.014900797858051
0.924946346493432 0.015566480689442
0.922163962751008 0.016247554848472
0.919335283972712 0.016943764515047
0.916460620355050 0.017654882658407
0.913540287137281 0.018380717599583
0.910574604566852 0.019121135238615
0.907563897864277 0.019876210736530
0.904508497187474 0.020646065082193
0.901408737595557 0.021430835120782
0.898264959012098 0.022230661288251
0.895077506187845 0.023045552102566
0.891846728662920 0.023875250587949
0.888572980728485 0.024719431995341
0.885256621387895 0.025577568051138
0.881898014317321 0.026449021984238
0.878497527825878 0.027333150423160
0.875055534815230 0.028229481772356
0.871572412738697 0.029137555824198
0.868048543559867 0.030057133830718
0.864484313710706 0.030988317365244
0.860880114049181 0.031931240064291
0.857236339816402 0.032885963265190
0.853553390593274 0.033852477597156
0.849831670256683 0.034830752043613
0.846071586935203 0.035820481055536
0.842273552964344 0.036821110017791
0.838437984841330 0.037832067053194
0.834565303179429 0.038852769868861
0.830655932661826 0.039882638738151
0.826710301995053 0.040921080933414
0.822728843861975 0.041967501755992
0.818711994874345 0.043021382768633
0.814660195524919 0.044082164411833
0.810573890139155 0.045149297425095
0.806453526826488 0.046222286355681
0.802299557431188 0.047300625343389
0.798112437482808 0.048383816987046
0.793892626146237 0.049471634414935
0.789640586171339 0.050564057937724
0.785356783842216 0.051661070412036
0.781041688926065 0.052762570142355
0.776695774621672 0.053868195385630
0.772319517507513 0.054977521304477
0.767913397489498 0.056090116218657
0.763477897748339 0.057205364971594
0.759013504686565 0.058322442807365
0.754520707875186 0.059440479433983
0.750000000000000 0.060558604695489
0.745451876807570 0.061676180454680
0.740876837050858 0.062792743894133
0.736275382434527 0.063907842272896
0.731648017559931 0.065021012475765
0.726995249869773 0.066131823113749
0.722317589592464 0.067239843167292
0.717615549686164 0.068344648849845
0.712889645782536 0.069445812458196
0.708140396130201 0.070542937512425
0.703368321537900 0.071635664340966
0.698573945317390 0.072723626748790
0.693757793226052 0.073806457721658
0.688920393409234 0.074883680160965
0.684062276342339 0.075954610139588
0.679183974772650 0.077018558951576
0.674286023660908 0.078074817652723
0.669368960122646 0.079122696104974
0.664433323369292 0.080161571379868
0.659479654649035 0.081190827971981
0.654508497187474 0.082209857056042
0.649520396128043 0.083218050343287
0.644515898472236 0.084214905113509
0.639495553019615 0.085200022516034
0.634459910307633 0.086173021678444
0.629409522551260 0.087133514779273
0.624344943582428 0.088081172457507
0.619266728789291 0.089015903528299
0.614175435055328 0.089937708831846
0.609071620698271 0.090846587156062
0.603955845408880 0.091742549471445
0.598828670189563 0.092625351613324
0.593690657292862 0.093494235617028
0.588542370159792 0.094348384573359
0.583384373358051 0.095186989783683
0.578217232520115 0.096009245886952
0.573041514281206 0.096814433470518
0.567857786217152 0.097601927395534
0.562666616782152 0.098371119222951
0.557468575246433 0.099121397444145
0.552264231633827 0.099852192138116
0.547054156659257 0.100563368341087
0.541838921666158 0.101255106292377
0.536619098563816 0.101927606407871
0.531395259764657 0.102581070885868
0.526167978121472 0.103215680152963
0.520937826864600 0.103831317969135
0.515705379539064 0.104427700305449
0.510471209941678 0.105004546223935
0.505235892058123 0.105561584028534
0.500000000000000 0.106098512260054
0.494764107941877 0.106614705809696
0.489528790058322 0.107109379979229
0.484294620460936 0.107581760925768
0.479062173135400 0.108031086216070
0.473832021878528 0.108456674377976
0.468604740235343 0.108858383348727
0.463380901436184 0.109236329765271
0.458161078333842 0.109590639669097
0.452945843340743 0.109921447663319
0.447735768366173 0.110228905895489
0.442531424753567 0.110513271262860
0.437333383217848 0.110774847199928
0.432142213782848 0.111013946972976
0.426958485718794 0.111230886573111
0.421782767479885 0.111425899378796
0.416615626641949 0.111598632132079
0.411457629840209 0.111748502455019
0.406309342707138 0.111874941598576
0.401171329810437 0.111977398572251
0.396044154591120 0.112055383777544
0.390928379301729 0.112108670705343
0.385824564944672 0.112137129247309
0.380733271210710 0.112140641342287
0.375655056417573 0.112119101355268
0.370590477448740 0.112072522951240
0.365540089692367 0.112001333429887
0.360504446980385 0.111906060242744
0.355484101527764 0.111787233177800
0.350479603871957 0.111645383450024
0.345491502812526 0.111480884252856
0.340520345350965 0.111293760048014
0.335566676630708 0.111084003515448
0.330631039877354 0.110851618012851
0.325713976339092 0.110596607556001
0.320816025227350 0.110318704931942
0.315937723657661 0.110017358136568
0.311079606590766 0.109692031026949
0.306242206773949 0.109342209143723
0.301426054682610 0.108967538253285
0.296631678462100 0.108568518189401
0.291859603869799 0.108145965402278
0.287110354217464 0.107700693057666
0.282384450313836 0.107233512905558
0.277682410407536 0.106745065736375
0.273004750130227 0.106235750420844
0.268351982440069 0.105705943412737
0.263724617565473 0.105156038031779
0.259123162949143 0.104586395879578
0.254548123192430 0.103997229389095
0.250000000000000 0.103388717106108
0.245479292124815 0.102761051236424
0.240986495313435 0.102114404371399
0.236522102251661 0.101448591789460
0.232086602510502 0.100763218786642
0.227680482492487 0.100057916054956
0.223304225378328 0.099332381807897
0.218958311073935 0.098586987083372
0.214643216157784 0.097822730506408
0.210359413828661 0.097040627673919
0.206107373853763 0.096241668769024
0.201887562517192 0.095426800257038
0.197700442568813 0.094596917824329
0.193546473173512 0.093752894485613
0.189426109860845 0.092895547191292
0.185339804475081 0.092024918752977
0.181288005125655 0.091140535015098
0.177271156138025 0.090241954595079
0.173289698004947 0.089328848059927
0.169344067338174 0.088401227030803
0.165434696820571 0.087459241829675
0.161562015158670 0.086503072247498
0.157726447035656 0.085532988338248
0.153928413064797 0.084549394572964
0.150168329743317 0.083552733010590
0.146446609406726 0.082543452794181
0.142763660183598 0.081521931203207
0.139119885950819 0.080488523443079
0.135515686289294 0.079443625147343
0.131951456440133 0.078387644344200
0.128427587261303 0.077321030513729
0.124944465184770 0.076244255614322
0.121502472174122 0.075157685825376
0.118101985682679 0.074061479498839
0.114743378612105 0.072955804409007
0.111427019271515 0.071840840331930
0.108153271337080 0.070716712068691
0.104922493812155 0.069583594259590
0.101735040987902 0.068441812712126
0.098591262404443 0.067292096198333
0.095491502812526 0.066135252323869
0.092436102135723 0.064972178967954
0.089425395433148 0.063803919714586
0.086459712862719 0.062631552002121
0.083539379644950 0.061455825536613
0.080664716027288 0.060277187379333
0.077836037248993 0.059096055563187
0.075053653506568 0.057912613862776
0.072317869919747 0.056726956270522
0.069628986498028 0.055539263757403
0.066987298107781 0.054349828858707
0.064393094439905 0.053158986261029
0.061846659978068 0.051966936956199
0.059348273967504 0.050773811542230
0.056898210384393 0.049579841823948
0.054496737905816 0.048385376537743
0.052144119880294 0.047190833293640
0.049840614298903 0.045996654688231
0.047586473766990 0.044803335955162
0.045381945476466 0.043611407835589
0.043227271178700 0.042421410602938
0.041122687158010 0.041234085116253
0.039068424205750 0.040050337844421
0.037064707595003 0.038870721034229
0.035111757055874 0.037695263969632
0.033209786751399 0.036523802806601
0.031359005254054 0.035355953540748
0.029559615522887 0.034191533597735
0.027811814881260 0.033030678728857
0.026115794995207 0.031873706126315
0.024471741852423 0.030721135722204
0.022879835741862 0.029573674376755
0.021340251233966 0.028432309522301
0.019853157161529 0.027298080144225
0.018418716601171 0.026172237918252
0.017037086855466 0.025056316444399
0.015708419435685 0.023951157281125
0.014432860045182 0.022855301930268
0.013210548563420 0.021767252359796
0.012041619030626 0.020685914172148
0.010926199633097 0.019610784591275
0.009864412689139 0.018541802475042
0.008856374635656 0.017479312130623
0.007902196015379 0.016423171783036
0.007001981464748 0.015373059163744
0.006155829702431 0.014329282789789
0.005363833518506 0.013292598498760
0.004626079764278 0.012264497996225
0.003942649342761 0.011247197619684
0.003313617199802 0.010240952348966
0.002739052315863 0.009244874077586
0.002219017698460 0.008258244923649
0.001753570375248 0.007281261572893
0.001342761387771 0.006315046266344
0.000986635785864 0.005362558448416
0.000685232622713 0.004426516180584
0.000438584950571 0.003507446933888
0.000246719817134 0.002605303133775
0.000109658262577 0.001719928060436
0.000027415317244 0.000851564541097
0.000000000000000 0.000000000000000
0.000027415317244 -0.000842401752355
0.000109658262577 -0.001683028165523
0.000246719817134 -0.002517765156071
0.000438584950571 -0.003341817944745
0.000685232622713 -0.004150734648712
0.000986635785864 -0.004939746811294
0.001342761387771 -0.005705267086860
0.001753570375248 -0.006451124356676
0.002219017698460 -0.007181788122833
0.002739052315863 -0.007900027510709
0.003313617199802 -0.008607288203078
0.003942649342761 -0.009304689823979
0.004626079764278 -0.009992484424915
0.005363833518506 -0.010670225218464
0.006155829702431 -0.011336529093069
0.007001981464748 -0.011990647817182
0.007902196015379 -0.012632752406825
0.008856374635656 -0.013263829932272
0.009864412689139 -0.013885016130420
0.010926199633097 -0.014497078438742
0.012041619030626 -0.015098986276055
0.013210548563420 -0.015689006940696
0.014432860045182 -0.016266202572800
0.015708419435684 -0.016830118110645
0.017037086855466 -0.017380689760669
0.018418716601171 -0.017917755635458
0.019853157161528 -0.018441043137502
0.021340251233966 -0.018950335702082
0.022879835741862 -0.019445651337478
0.024471741852423 -0.019927657333297
0.026115794995207 -0.020397325104238
0.027811814881259 -0.020855567876873
0.029559615522887 -0.021302918459967
0.031359005254054 -0.021738809660589
0.033209786751399 -0.022162807913542
0.035111757055874 -0.022574893324022
0.037064707595003 -0.022975222890007
0.039068424205750 -0.023364094401062
0.041122687158009 -0.023741695032629
0.043227271178699 -0.024107865678863
0.045381945476466 -0.024462585007293
0.047586473766990 -0.024806033440755
0.049840614298903 -0.025138542348443
0.052144119880293 -0.025460541167167
0.054496737905816 -0.025772465590032
0.056898210384393 -0.026074246730029
0.059348273967504 -0.026365762822540
0.061846659978068 -0.026647051959667
0.064393094439905 -0.026918285848734
0.066987298107781 -0.027179644130531
0.069628986498028 -0.027431318843370
0.072317869919747 -0.027673490625263
0.075053653506568 -0.027906189395501
0.077836037248992 -0.028129490576227
0.080664716027288 -0.028343610700736
0.083539379644950 -0.028548880408628
0.086459712862719 -0.028745576528107
0.089425395433148 -0.028933776041944
0.092436102135723 -0.029113574558271
0.095491502812526 -0.029285083868693
0.098591262404443 -0.029448441415633
0.101735040987902 -0.029603822394602
0.104922493812155 -0.029751386026415
0.108153271337080 -0.029891320081253
0.111427019271514 -0.030023822417647
0.114743378612105 -0.030149053802347
0.118101985682679 -0.030267208600287
0.121502472174122 -0.030378488601669
0.124944465184770 -0.030483096278089
0.128427587261303 -0.030581263000864
0.131951456440133 -0.030673091020360
0.135515686289294 -0.030758539365597
0.139119885950819 -0.030837575079375
0.142763660183598 -0.030910207045508
0.146446609406726 -0.030976492982773
0.150168329743317 -0.031036513238154
0.153928413064796 -0.031090392052560
0.157726447035656 -0.031138317886953
0.161562015158669 -0.031180509531575
0.165434696820571 -0.031217194623144
0.169344067338174 -0.031248563439611
0.173289698004947 -0.031274813196229
0.177271156138025 -0.031296154830607
0.181288005125655 -0.031312727848273
0.185339804475081 -0.031324620915248
0.189426109860845 -0.031331933913544
0.193546473173511 -0.031334768941962
0.197700442568812 -0.031333211913223
0.201887562517192 -0.031327354424706
0.206107373853763 -0.031317297181597
0.210359413828660 -0.031303117357762
0.214643216157784 -0.031284865928176
0.218958311073935 -0.031262599772594
0.223304225378328 -0.031236385285658
0.227680482492486 -0.031206317238208
0.232086602510501 -0.031172509985234
0.236522102251661 -0.031135086395048
0.240986495313435 -0.031094171691810
0.245479292124814 -0.031049858971498
0.250000000000000 -0.031002232475304
0.254548123192429 -0.030951382722703
0.259123162949142 -0.030897384650876
0.263724617565473 -0.030840183649280
0.268351982440069 -0.030779673546961
0.273004750130227 -0.030715747204756
0.277682410407536 -0.030648309580160
0.282384450313836 -0.030577393750135
0.287110354217464 -0.030503106290568
0.291859603869799 -0.030425559153084
0.296631678462100 -0.030344869517319
0.301426054682609 -0.030261123985111
0.306242206773948 -0.030174376465546
0.311079606590766 -0.030084683021394
0.315937723657661 -0.029992102063589
0.320816025227350 -0.029896616236339
0.325713976339092 -0.029797988945985
0.330631039877354 -0.029695941848632
0.335566676630708 -0.029590192526818
0.340520345350965 -0.029480479076654
0.345491502812526 -0.029366831649163
0.350479603871956 -0.029249478060987
0.355484101527764 -0.029128655990645
0.360504446980385 -0.029004609893097
0.365540089692367 -0.028877533468463
0.370590477448739 -0.028747460215276
0.375655056417572 -0.028614393919965
0.380733271210709 -0.028478341114323
0.385824564944672 -0.028339304692643
0.390928379301728 -0.028197205486205
0.396044154591120 -0.028051866860040
0.401171329810437 -0.027903105358976
0.406309342707137 -0.027750738287179
0.411457629840208 -0.027594592809005
0.416615626641949 -0.027434604815917
0.421782767479884 -0.027270770949132
0.426958485718794 -0.027103089137906
0.432142213782848 -0.026931558023279
0.437333383217848 -0.026756179308625
0.442531424753567 -0.026576947680207
0.447735768366173 -0.026393861189614
0.452945843340743 -0.026206918041119
0.458161078333842 -0.026016118350594
0.463380901436184 -0.025821463619398
0.468604740235343 -0.025622959615950
0.473832021878528 -0.025420613165103
0.479062173135400 -0.025214433107589
0.484294620460935 -0.025004430245091
0.489528790058321 -0.024790609869911
0.494764107941877 -0.024572965104511
0.500000000000000 -0.024351493215622
0.505235892058122 -0.024126191077286
0.510471209941678 -0.023897055968231
0.515705379539064 -0.023664073815547
0.520937826864600 -0.023427218943089
0.526167978121472 -0.023186463974478
0.531395259764656 -0.022941784634410
0.536619098563816 -0.022693163073170
0.541838921666157 -0.022440647565481
0.547054156659257 -0.022184330477973
0.552264231633827 -0.021924310684334
0.557468575246433 -0.021660685732932
0.562666616782152 -0.021393543566651
0.567857786217152 -0.021122887235487
0.573041514281206 -0.020848682810887
0.578217232520115 -0.020570899989452
0.583384373358051 -0.020289510281237
0.588542370159791 -0.020004507757953
0.593690657292862 -0.019715953094088
0.598828670189563 -0.019423920981589
0.603955845408879 -0.019128491217749
0.609071620698271 -0.018829742011128
0.614175435055328 -0.018527836427397
0.619266728789290 -0.018223051310288
0.624344943582427 -0.017915670238917
0.629409522551260 -0.017605973038802
0.634459910307633 -0.017294220099196
0.639495553019614 -0.016980482151208
0.644515898472235 -0.016664734962456
0.649520396128043 -0.016346954588233
0.654508497187474 -0.016027123985641
0.659479654649035 -0.015705268259581
0.664433323369291 -0.015381511152675
0.669368960122646 -0.015055981222152
0.674286023660907 -0.014728813384619
0.679183974772650 -0.014400144276393
0.684062276342339 -0.014070155109203
0.688920393409233 -0.013739049630021
0.693757793226051 -0.013407024250453
0.698573945317390 -0.013074277353754
0.703368321537900 -0.012741045416225
0.708140396130200 -0.012407605838395
0.712889645782536 -0.012074231764114
0.717615549686163 -0.011741189273979
0.722317589592464 -0.011408687092559
0.726995249869773 -0.011076828753950
0.731648017559930 -0.010745713575826
0.736275382434527 -0.010415436821888
0.740876837050857 -0.010086095522859
0.745451876807570 -0.009757802461657
0.750000000000000 -0.009430667426376
0.754520707875185 -0.009104797375870
0.759013504686565 -0.008780442460612
0.763477897748338 -0.008458097263617
0.767913397489498 -0.008138268595933
0.772319517507513 -0.007821434695701
0.776695774621672 -0.007507925127060
0.781041688926065 -0.007197902393310
0.785356783842216 -0.006891516752600
0.789640586171339 -0.006588891504070
0.793892626146236 -0.006289986456733
0.798112437482808 -0.005994688887251
0.802299557431187 -0.005702894183354
0.806453526826488 -0.005414605768083
0.810573890139155 -0.005130053538754
0.814660195524918 -0.004849484805142
0.818711994874345 -0.004573138489817
0.822728843861975 -0.004301279634579
0.826710301995052 -0.004034174638373
0.830655932661826 -0.003772072771463
0.834565303179429 -0.003515203691161
0.838437984841330 -0.003263774308440
0.842273552964344 -0.003017976207673
0.846071586935203 -0.002777984688379
0.849831670256683 -0.002543967703168
0.853553390593274 -0.002316077426135
0.857236339816401 -0.002094429697486
0.860880114049181 -0.001879098155087
0.864484313710706 -0.001670140739848
0.868048543559867 -0.001467588853837
0.871572412738697 -0.001271450129796
0.875055534815230 -0.001081720697301
0.878497527825878 -0.000898484844243
0.881898014317321 -0.000721916234830
0.885256621387894 -0.000552177914445
0.888572980728485 -0.000389469253590
0.891846728662920 -0.000233993568577
0.895077506187845 -0.000085896073066
0.898264959012098 0.000054803571630
0.901408737595557 0.000188127963060
0.904508497187474 0.000314213941944
0.907563897864277 0.000433299387424
0.910574604566852 0.000545619460813
0.913540287137281 0.000651396233028
0.916460620355049 0.000750837164412
0.919335283972712 0.000844029634696
0.922163962751007 0.000931001456216
0.924946346493432 0.001011776421253
0.927682130080253 0.001086369546701
0.930371013501972 0.001154818643327
0.933012701892219 0.001217191700300
0.935606905560095 0.001273529766008
0.938153340021932 0.001323748561795
0.940651726032496 0.001367769248148
0.943101789615607 0.001405551649272
0.945503262094184 0.001437088271618
0.947855880119706 0.001462396106953
0.950159385701097 0.001481554195155
0.952413526233010 0.001494784523294
0.954618054523534 0.001502350279963
0.956772728821300 0.001504531570374
0.958877312841991 0.001501624515592
0.960931575794250 0.001493940788554
0.962935292404997 0.001481721525573
0.964888242944126 0.001465133620375
0.966790213248601 0.001444233437312
0.968640994745946 0.001419068605708
0.970440384477113 0.001389762754496
0.972188185118740 0.001356461226540
0.973884205004793 0.001319341858982
0.975528258147577 0.001278741517177
0.977120164258138 0.001235091394009
0.978659748766034 0.001188874542842
0.980146842838471 0.001140527000179
0.981581283398829 0.001090481226603
0.982962913144534 0.001039183383767
0.984291580564316 0.000986784796510
0.985567139954818 0.000933186184360
0.986789451436580 0.000878149538119
0.987958380969374 0.000821613787178
0.989073800366903 0.000763645785738
0.990135587310861 0.000704410126276
0.991143625364344 0.000644239834185
0.992097803984621 0.000584132398337
0.992998018535252 0.000525219760657
0.993844170297569 0.000468403629441
0.994636166481494 0.000414368983301
0.995373920235722 0.000363666280797
0.996057350657239 0.000316562676149
0.996686382800198 0.000272801797561
0.997260947684137 0.000231711353520
0.997780982301540 0.000193024517122
0.998246429624752 0.000156769341290
0.998657238612229 0.000123192040301
0.999013364214136 0.000092686636210
0.999314767377287 0.000065727935475
0.999561415049429 0.000042815914977
0.999753280182866 0.000024424893532
0.999890341737423 0.000010965365172
0.999972584682756 0.000002758060487
1.000000000000000 0.000000000000000
