1.000000000000000 0.000000000000000
0.999972584682756 0.000037494372934
0.999890341737423 0.000149766271633
0.999753280182866 0.000336302600558
0.999561415049429 0.000596200233679
0.999314767377287 0.000928258748749
0.999013364214136 0.001330924610761
0.998657238612229 0.001802355970620
0.998246429624752 0.002340428577898
0.997780982301540 0.002942801530371
0.997260947684137 0.003606880314263
0.996686382800198 0.004329912856467
0.996057350657239 0.005108939510837
0.995373920235722 0.005940975219587
0.994636166481494 0.006822801825717
0.993844170297569 0.007751263815534
0.992998018535252 0.008723048585225
0.992097803984621 0.009734948956253
0.991143625364344 0.010783660644966
0.990135587310861 0.011865957801662
0.989073800366903 0.012978671397236
0.987958380969374 0.014118643013086
0.986789451436580 0.015282852069137
0.985567139954818 0.016468340986049
0.984291580564316 0.017672247979670
0.982962913144534 0.018891813265837
0.981581283398829 0.020124408387743
0.980146842838472 0.021367514264528
0.978659748766034 0.022618727501992
0.977120164258138 0.023875787584957
0.975528258147577 0.025136541441790
0.973884205004793 0.026398963027510
0.972188185118741 0.027661164967245
0.970440384477113 0.028921374695825
0.968640994745946 0.030177934838999
0.966790213248601 0.031429326517109
0.964888242944126 0.032674147536251
0.962935292404997 0.033911099223242
0.960931575794250 0.035139017485563
0.958877312841991 0.036356839676295
0.956772728821300 0.037563614825126
0.954618054523534 0.038758517762402
0.952413526233010 0.039940788460708
0.950159385701097 0.041109822018899
0.947855880119706 0.042265080660666
0.945503262094184 0.043406137565420
0.943101789615607 0.044532672352235
0.940651726032496 0.045644447516873
0.938153340021932 0.046741346396730
0.935606905560095 0.047823331750169
0.933012701892219 0.048890465037566
0.930371013501972 0.049942915549034
0.927682130080253 0.050980935096431
0.924946346493432 0.052004876988416
0.922163962751008 0.053015208194703
0.919335283972712 0.054012505321659
0.916460620355050 0.054997437056066
0.913540287137281 0.055970718753154
0.910574604566852 0.056933190279088
0.907563897864277 0.057885916202434
0.904508497187474 0.058830189304723
0.901408737595557 0.059767396052604
0.898264959012098 0.060698333708628
0.895077506187845 0.061623483216062
0.891846728662920 0.062543300906127
0.888572980728485 0.063457607322318
0.885256621387895 0.064366055472023
0.881898014317321 0.065268346348483
0.878497527825878 0.066164370864096
0.875055534815230 0.067054106074810
0.871572412738697 0.067937561554518
0.868048543559867 0.068814750637845
0.864484313710706 0.069685730312872
0.860880114049181 0.070550580233448
0.857236339816402 0.071409458880851
0.853553390593274 0.072262551528583
0.849831670256683 0.073110106355948
0.846071586935203 0.073952405102871
0.842273552964344 0.074789792074917
0.838437984841330 0.075622647445393
0.834565303179429 0.076451395510401
0.830655932661826 0.077276495093781
0.826710301995053 0.078098444251390
0.822728843861975 0.078917799047626
0.818711994874345 0.079735211602476
0.814660195524919 0.080551436509263
0.810573890139155 0.081367279978815
0.806453526826488 0.082183508865288
0.802299557431188 0.083000678454579
0.798112437482808 0.083819325440096
0.793892626146237 0.084640004762828
0.789640586171339 0.085462895113323
0.785356783842216 0.086287467325105
0.781041688926065 0.087113119906803
0.776695774621672 0.087939223961806
0.772319517507513 0.088765221186578
0.767913397489498 0.089590623404151
0.763477897748339 0.090414946518367
0.759013504686565 0.091237691186048
0.754520707875186 0.092058336328847
0.750000000000000 0.092876315852467
0.745451876807570 0.093691056547947
0.740876837050858 0.094501976787693
0.736275382434527 0.095308491180568
0.731648017559931 0.096110030811751
0.726995249869773 0.096906008828687
0.722317589592464 0.097695838424862
0.717615549686164 0.098478917682289
0.712889645782536 0.099254597310263
0.708140396130201 0.100022214304072
0.703368321537900 0.100781093379854
0.698573945317390 0.101530584805904
0.693757793226052 0.102270464685509
0.688920393409234 0.103000867706700
0.684062276342339 0.103721957322208
0.679183974772650 0.104433904373282
0.674286023660908 0.105136909806467
0.669368960122646 0.105831236063620
0.664433323369292 0.106517175610686
0.659479654649035 0.107195029228660
0.654508497187474 0.107865110599539
0.649520396128043 0.108527733260969
0.644515898472236 0.109183200193905
0.639495553019615 0.109831819849731
0.634459910307633 0.110473921457364
0.629409522551260 0.111109841677682
0.624344943582428 0.111739973210371
0.619266728789291 0.112364761648852
0.614175435055328 0.112984655025758
0.609071620698271 0.113600118664155
0.603955845408880 0.114211583425191
0.598828670189563 0.114819204339350
0.593690657292862 0.115423009429594
0.588542370159792 0.116023023146820
0.583384373358051 0.116619284165995
0.578217232520115 0.117211800358777
0.573041514281206 0.117800447593381
0.567857786217152 0.118385042099357
0.562666616782152 0.118965408551548
0.557468575246433 0.119541365566608
0.552264231633827 0.120112744284133
0.547054156659257 0.120679395498320
0.541838921666158 0.121241177042898
0.536619098563816 0.121797952045893
0.531395259764657 0.122349583257591
0.526167978121472 0.122895946600264
0.520937826864600 0.123436954840538
0.515705379539064 0.123972551088752
0.510471209941678 0.124502671614109
0.505235892058123 0.125027259818977
0.500000000000000 0.125546212168333
0.494764107941877 0.126058967768037
0.489528790058322 0.126564723164574
0.484294620460936 0.127062680061129
0.479062173135400 0.127552045176489
0.473832021878528 0.128032026552183
0.468604740235343 0.128501759957392
0.463380901436184 0.128960335586593
0.458161078333842 0.129406857205982
0.452945843340743 0.129840432316873
0.447735768366173 0.130260187856764
0.442531424753567 0.130665267507844
0.437333383217848 0.131054841288686
0.432142213782848 0.131428095112359
0.426958485718794 0.131784226105889
0.421782767479885 0.132122449279413
0.416615626641949 0.132442009008807
0.411457629840209 0.132742180617179
0.406309342707138 0.133022256806485
0.401171329810437 0.133281549099701
0.396044154591120 0.133519396313478
0.390928379301729 0.133735559780148
0.385824564944672 0.133930324466546
0.380733271210710 0.134104015127394
0.375655056417573 0.134256961104712
0.370590477448740 0.134389494314699
0.365540089692367 0.134501941362792
0.360504446980385 0.134594622617138
0.355484101527764 0.134667860376541
0.350479603871957 0.134721981204234
0.345491502812526 0.134757315268636
0.340520345350965 0.134774192334407
0.335566676630708 0.134772942099523
0.330631039877354 0.134753897121298
0.325713976339092 0.134717393274047
0.320816025227350 0.134663772248639
0.315937723657661 0.134593421012724
0.311079606590766 0.134506761251727
0.306242206773949 0.134404215698519
0.301426054682610 0.134286207588059
0.296631678462100 0.134152971831422
0.291859603869799 0.134003494774258
0.287110354217464 0.133836294593578
0.282384450313836 0.133649938171145
0.277682410407536 0.133443048879536
0.273004750130227 0.133214274777710
0.268351982440069 0.132962245594930
0.263724617565473 0.132685634682574
0.259123162949143 0.132383174638482
0.254548123192430 0.132053656193830
0.250000000000000 0.131695925959153
0.245479292124815 0.131308892855100
0.240986495313435 0.130891513433949
0.236522102251661 0.130442806957473
0.232086602510502 0.129961844180700
0.227680482492487 0.129447752260291
0.223304225378328 0.128899707720594
0.218958311073935 0.128316937975024
0.214643216157784 0.127698720780640
0.210359413828661 0.127044377643201
0.206107373853763 0.126353267057534
0.201887562517192 0.125624793728194
0.197700442568813 0.124858468395238
0.193546473173512 0.124054542449434
0.189426109860845 0.123213743492427
0.185339804475081 0.122336803951944
0.181288005125655 0.121424471700935
0.177271156138025 0.120477504533369
0.173289698004947 0.119496662216064
0.169344067338174 0.118482731925838
0.165434696820571 0.117436492714540
0.161562015158670 0.116358795111538
0.157726447035656 0.115250511701051
0.153928413064797 0.114112520083249
0.150168329743317 0.112945609690911
0.146446609406726 0.111750106472528
0.142763660183598 0.110526270342387
0.139119885950819 0.109274379461600
0.135515686289294 0.107994627375703
0.131951456440133 0.106687123426151
0.128427587261303 0.105351972453891
0.124944465184770 0.103989345806607
0.121502472174122 0.102599406238981
0.118101985682679 0.101182371057831
0.114743378612105 0.099738509016202
0.111427019271515 0.098268366997986
0.108153271337080 0.096772724172277
0.104922493812155 0.095252301148960
0.101735040987902 0.093706961761945
0.098591262404443 0.092135759623631
0.095491502812526 0.090537660308593
0.092436102135723 0.088909561256630
0.089425395433148 0.087246199062546
0.086459712862719 0.085542251045939
0.083539379644950 0.083791988931751
0.080664716027288 0.081989272581042
0.077836037248993 0.080128220288529
0.075053653506568 0.078205613179608
0.072317869919747 0.076218988607038
0.069628986498028 0.074172934151764
0.066987298107781 0.072082852342626
0.064393094439905 0.069965087281949
0.061846659978068 0.067834462603158
0.059348273967504 0.065705331596942
0.056898210384393 0.063591597357407
0.054496737905816 0.061506477805799
0.052144119880294 0.059462646585210
0.049840614298903 0.057471410046812
0.047586473766990 0.055535342948193
0.045381945476466 0.053649975463436
0.043227271178700 0.051810042467481
0.041122687158010 0.050009880154182
0.039068424205750 0.048244714669777
0.037064707595003 0.046510608770323
0.035111757055874 0.044804031154318
0.033209786751399 0.043121662368481
0.031359005254054 0.041460524688616
0.029559615522887 0.039817850059826
0.027811814881260 0.038190980117311
0.026115794995207 0.036577477554899
0.024471741852423 0.034975131609236
0.022879835741862 0.033384032294639
0.021340251233966 0.031807129375620
0.019853157161529 0.030248518010780
0.018418716601171 0.028712988027891
0.017037086855466 0.027205804347765
0.015708419435685 0.025732045522176
0.014432860045182 0.024296931924421
0.013210548563420 0.022905491500964
0.012041619030626 0.021558967433352
0.010926199633097 0.020255258356790
0.009864412689139 0.018989101037523
0.008856374635656 0.017756817416233
0.007902196015379 0.016556122326928
0.007001981464748 0.015385082842371
0.006155829702431 0.014242163248418
0.005363833518506 0.013126199322842
0.004626079764278 0.012036231482641
0.003942649342761 0.010971468873161
0.003313617199802 0.009931255456885
0.002739052315863 0.008915081604286
0.002219017698460 0.007922426235792
0.001753570375248 0.006952983926404
0.001342761387771 0.006006394750534
0.000986635785864 0.005082352288073
0.000685232622713 0.004180582958733
0.000438584950571 0.003300976964067
0.000246719817134 0.002443221665605
0.000109658262577 0.001607261699867
0.000027415317244 0.000792851100102
0.000000000000000 0.000000000000000
0.000027415317244 -0.000771423267923
0.000109658262577 -0.001521916764991
0.000246719817134 -0.002251013145615
0.000438584950571 -0.002959137629713
0.000685232622713 -0.003646182470244
0.000986635785864 -0.004313014337663
0.001342761387771 -0.004964470445001
0.001753570375248 -0.005605507665366
0.002219017698460 -0.006238413726408
0.002739052315863 -0.006864248933482
0.003313617199802 -0.007483458360622
0.003942649342761 -0.008096031456833
0.004626079764278 -0.008701697937893
0.005363833518506 -0.009300028440813
0.006155829702431 -0.009890309496056
0.007001981464748 -0.010471734280642
0.007902196015379 -0.011043263318999
0.008856374635656 -0.011603597028567
0.009864412689139 -0.012151255449611
0.010926199633097 -0.012684339641001
0.012041619030626 -0.013200633277643
0.013210548563420 -0.013696914624186
0.014432860045182 -0.014170006260748
0.015708419435684 -0.014617189442980
0.017037086855466 -0.015036903092757
0.018418716601171 -0.015429144724283
0.019853157161528 -0.015795449800784
0.021340251233966 -0.016138939419154
0.022879835741862 -0.016464651590004
0.024471741852423 -0.016779579735585
0.026115794995207 -0.017093170626888
0.027811814881259 -0.017412467405124
0.029559615522887 -0.017736778607250
0.031359005254054 -0.018063977185945
0.033209786751399 -0.018391234575568
0.035111757055874 -0.018715452152801
0.037064707595003 -0.019033292452461
0.039068424205750 -0.019340957355210
0.041122687158009 -0.019634184613431
0.043227271178699 -0.019908475768363
0.045381945476466 -0.020159013223278
0.047586473766990 -0.020379740944354
0.049840614298903 -0.020563404592695
0.052144119880293 -0.020705508566740
0.054496737905816 -0.020805279891245
0.056898210384393 -0.020864451915204
0.059348273967504 -0.020888881516210
0.061846659978068 -0.020885365685686
0.064393094439905 -0.020860657871462
0.066987298107781 -0.020822411447150
0.069628986498028 -0.020780237114381
0.072317869919747 -0.020745157103200
0.075053653506568 -0.020727111567672
0.077836037248992 -0.020734831709156
0.080664716027288 -0.020774007430254
0.083539379644950 -0.020840196798394
0.086459712862719 -0.020926654672816
0.089425395433148 -0.021027215434234
0.092436102135723 -0.021135957017805
0.095491502812526 -0.021246133453295
0.098591262404443 -0.021349635991902
0.101735040987902 -0.021437706173699
0.104922493812155 -0.021505691097800
0.108153271337080 -0.021553846014552
0.111427019271514 -0.021582816139558
0.114743378612105 -0.021593755429806
0.118101985682679 -0.021588171928557
0.121502472174122 -0.021567719482513
0.124944465184770 -0.021534108000564
0.128427587261303 -0.021489176677844
0.131951456440133 -0.021434935497867
0.135515686289294 -0.021373586342567
0.139119885950819 -0.021307509794793
0.142763660183598 -0.021239261977328
0.146446609406726 -0.021171579840941
0.150168329743317 -0.021107379900502
0.153928413064796 -0.021049399401850
0.157726447035656 -0.020998235920587
0.161562015158669 -0.020953604028353
0.165434696820571 -0.020915184582697
0.169344067338174 -0.020882621305309
0.173289698004947 -0.020855521505997
0.177271156138025 -0.020833459217490
0.181288005125655 -0.020815965489281
0.185339804475081 -0.020802515538423
0.189426109860845 -0.020792547184391
0.193546473173511 -0.020785474688296
0.197700442568812 -0.020780777303175
0.201887562517192 -0.020777956555520
0.206107373853763 -0.020776487483857
0.210359413828660 -0.020775912914227
0.214643216157784 -0.020776006307325
0.218958311073935 -0.020776571713831
0.223304225378328 -0.020777403186762
0.227680482492486 -0.020778260511622
0.232086602510501 -0.020778860877178
0.236522102251661 -0.020778907853594
0.240986495313435 -0.020778093834253
0.245479292124814 -0.020776104757609
0.250000000000000 -0.020772619939092
0.254548123192429 -0.020767308255096
0.259123162949142 -0.020759828701285
0.263724617565473 -0.020749840693408
0.268351982440069 -0.020737003217910
0.273004750130227 -0.020720966476560
0.277682410407536 -0.020701370260348
0.282384450313836 -0.020677805107025
0.287110354217464 -0.020649804352443
0.291859603869799 -0.020616888327736
0.296631678462100 -0.020578567231112
0.301426054682609 -0.020534535756618
0.306242206773948 -0.020484897949830
0.311079606590766 -0.020429817343202
0.315937723657661 -0.020369466584518
0.320816025227350 -0.020304047547904
0.325713976339092 -0.020233902937995
0.330631039877354 -0.020159433448491
0.335566676630708 -0.020081052992691
0.340520345350965 -0.019999185536009
0.345491502812526 -0.019914240441621
0.350479603871956 -0.019826603797219
0.355484101527764 -0.019736669965715
0.360504446980385 -0.019644841539080
0.365540089692367 -0.019551536707029
0.370590477448739 -0.019457221402328
0.375655056417572 -0.019362383756014
0.380733271210709 -0.019267520174119
0.385824564944672 -0.019173134308691
0.390928379301728 -0.019079676936873
0.396044154591120 -0.018987482621430
0.401171329810437 -0.018896877234624
0.406309342707137 -0.018808189131210
0.411457629840208 -0.018721739646766
0.416615626641949 -0.018637651214325
0.421782767479884 -0.018555865340302
0.426958485718794 -0.018476315308455
0.432142213782848 -0.018398932135296
0.437333383217848 -0.018323649106495
0.442531424753567 -0.018250429314271
0.447735768366173 -0.018179249044502
0.452945843340743 -0.018110083181114
0.458161078333842 -0.018042906247922
0.463380901436184 -0.017977697984602
0.468604740235343 -0.017914468474516
0.473832021878528 -0.017853235526243
0.479062173135400 -0.017794015827511
0.484294620460935 -0.017736825043809
0.489528790058321 -0.017681614344833
0.494764107941877 -0.017628163293203
0.500000000000000 -0.017576222639525
0.505235892058122 -0.017525542261952
0.510471209941678 -0.017475868847213
0.515705379539064 -0.017426744003262
0.520937826864600 -0.017377360810963
0.526167978121472 -0.017326880781949
0.531395259764656 -0.017274467420430
0.536619098563816 -0.017219290507848
0.541838921666157 -0.017160589163045
0.547054156659257 -0.017097676579542
0.552264231633827 -0.017029876062006
0.557468575246433 -0.016956515740739
0.562666616782152 -0.016876922283078
0.567857786217152 -0.016790320929630
0.573041514281206 -0.016695877203170
0.578217232520115 -0.016592765711713
0.583384373358051 -0.016480173122696
0.588542370159791 -0.016357384824996
0.593690657292862 -0.016224143111532
0.598828670189563 -0.016080340700314
0.603955845408879 -0.015925876664622
0.609071620698271 -0.015760660315298
0.614175435055328 -0.015585076101133
0.619266728789290 -0.015400480643969
0.624344943582427 -0.015208335216838
0.629409522551260 -0.015010082782234
0.634459910307633 -0.014807141474131
0.639495553019614 -0.014600772600466
0.644515898472235 -0.014392123794978
0.649520396128043 -0.014182320840940
0.654508497187474 -0.013972468888089
0.659479654649035 -0.013763657869576
0.664433323369291 -0.013556966406537
0.669368960122646 -0.013353452887981
0.674286023660907 -0.013154151348185
0.679183974772650 -0.012960077966176
0.684062276342339 -0.012772325865494
0.688920393409233 -0.012592021749433
0.693757793226051 -0.012420261640011
0.698573945317390 -0.012258091575222
0.703368321537900 -0.012105804275154
0.708140396130200 -0.011962647521864
0.712889645782536 -0.011827806408075
0.717615549686163 -0.011700482389526
0.722317589592464 -0.011579805467362
0.726995249869773 -0.011464708209928
0.731648017559930 -0.011354120706493
0.736275382434527 -0.011247001887686
0.740876837050857 -0.011142363590776
0.745451876807570 -0.011039305195842
0.750000000000000 -0.010936967099697
0.754520707875185 -0.010834520117635
0.759013504686565 -0.010731162071871
0.763477897748338 -0.010626114059025
0.767913397489498 -0.010518627007780
0.772319517507513 -0.010407984154650
0.776695774621672 -0.010293486636379
0.781041688926065 -0.010174447002951
0.785356783842216 -0.010050209761818
0.789640586171339 -0.009920162059688
0.793892626146236 -0.009783822668474
0.798112437482808 -0.009640805594224
0.802299557431187 -0.009490753107511
0.806453526826488 -0.009333667587503
0.810573890139155 -0.009170576959517
0.814660195524918 -0.009002662133001
0.818711994874345 -0.008831053404415
0.822728843861975 -0.008656761240896
0.826710301995052 -0.008480709772098
0.830655932661826 -0.008303781095223
0.834565303179429 -0.008126825656967
0.838437984841330 -0.007950673797991
0.842273552964344 -0.007776111603846
0.846071586935203 -0.007603879243697
0.849831670256683 -0.007434672345590
0.853553390593274 -0.007269138113145
0.857236339816401 -0.007107887243871
0.860880114049181 -0.006951487235159
0.864484313710706 -0.006800465570586
0.868048543559867 -0.006655309098449
0.871572412738697 -0.006516465152736
0.875055534815230 -0.006384338584132
0.878497527825878 -0.006259297819947
0.881898014317321 -0.006141669588015
0.885256621387894 -0.006031744891087
0.888572980728485 -0.005929779086093
0.891846728662920 -0.005835992868990
0.895077506187845 -0.005750569299247
0.898264959012098 -0.005673645983599
0.901408737595557 -0.005605308664949
0.904508497187474 -0.005544918353636
0.907563897864277 -0.005490946760967
0.910574604566852 -0.005441911082956
0.913540287137281 -0.005396451109352
0.916460620355049 -0.005353316533954
0.919335283972712 -0.005311360015664
0.922163962751007 -0.005269534275767
0.924946346493432 -0.005226891020496
0.927682130080253 -0.005182578804581
0.930371013501972 -0.005135838749441
0.933012701892219 -0.005086001666169
0.935606905560095 -0.005032484718391
0.938153340021932 -0.004974788131419
0.940651726032496 -0.004912492824346
0.943101789615607 -0.004845256156333
0.945503262094184 -0.004772809477085
0.947855880119706 -0.004694954838854
0.950159385701097 -0.004611561278895
0.952413526233010 -0.004522561572134
0.954618054523534 -0.004427949383519
0.956772728821300 -0.004327775826679
0.958877312841991 -0.004222145697734
0.960931575794250 -0.004111215772494
0.962935292404997 -0.003995188046847
0.964888242944126 -0.003874312055339
0.966790213248601 -0.003748875199481
0.968640994745946 -0.003619203043318
0.970440384477113 -0.003485658135293
0.972188185118740 -0.003348631716574
0.973884205004793 -0.003208543030933
0.975528258147577 -0.003065837739279
0.977120164258138 -0.002920982141634
0.978659748766034 -0.002774462711494
0.980146842838471 -0.002626778449118
0.981581283398829 -0.002478445824243
0.982962913144534 -0.002329986770982
0.984291580564316 -0.002181929616810
0.985567139954818 -0.002034809687234
0.986789451436580 -0.001889163702879
0.987958380969374 -0.001745523329958
0.989073800366903 -0.001604420990982
0.990135587310861 -0.001466377263007
0.991143625364344 -0.001331905188823
0.992097803984621 -0.001201512173548
0.992998018535252 -0.001075684529437
0.993844170297569 -0.000954895220605
0.994636166481494 -0.000839599801687
0.995373920235722 -0.000730233642041
0.996057350657239 -0.000627210483626
0.996686382800198 -0.000530922229736
0.997260947684137 -0.000441732390664
0.997780982301540 -0.000359980497818
0.998246429624752 -0.000285974347461
0.998657238612229 -0.000219998097122
0.999013364214136 -0.000162299153586
0.999314767377287 -0.000113103358621
0.999561415049429 -0.000072594267336
0.999753280182866 -0.000040924670859
0.999890341737423 -0.000018216626231
0.999972584682756 -0.000004558259186
1.000000000000000 0.000000000000000
