1.000000000000000 0.000000000000000
0.999972584682756 0.000007852913275
0.999890341737423 0.000031390393089
0.999753280182866 0.000070578713774
0.999561415049429 0.000125351812246
0.999314767377287 0.000195621503039
0.999013364214136 0.000281267834177
0.998657238612229 0.000382154413926
0.998246429624752 0.000498109067756
0.997780982301540 0.000628954071617
0.997260947684137 0.000774467369393
0.996686382800198 0.000934422688895
0.996057350657239 0.001108560940264
0.995373920235722 0.001296610665318
0.994636166481494 0.001498279261373
0.993844170297569 0.001713258856107
0.992998018535252 0.001941208524550
0.992097803984621 0.002181802855490
0.991143625364344 0.002434671811238
0.990135587310861 0.002699449272325
0.989073800366903 0.002975764694608
0.987958380969374 0.003263221722773
0.986789451436580 0.003561427321353
0.985567139954818 0.003869979598364
0.984291580564316 0.004188469600953
0.982962913144534 0.004516496180838
0.981581283398829 0.004853650090808
0.980146842838472 0.005199524647106
0.978659748766034 0.005553713318346
0.977120164258138 0.005915828374087
0.975528258147577 0.006285473374240
0.973884205004793 0.006662270256312
0.972188185118741 0.007045852857111
0.970440384477113 0.007435868804566
0.968640994745946 0.007831973749515
0.966790213248601 0.008233849264219
0.964888242944126 0.008641196679148
0.962935292404997 0.009053735521852
0.960931575794250 0.009471213100709
0.958877312841991 0.009893395422559
0.956772728821300 0.010320087767676
0.954618054523534 0.010751114645550
0.952413526233010 0.011186343765354
0.950159385701097 0.011625669936387
0.947855880119706 0.012069024656082
0.945503262094184 0.012516388070071
0.943101789615607 0.012967763983891
0.940651726032496 0.013423212408400
0.938153340021932 0.013882838020478
0.935606905560095 0.014346782297829
0.933012701892219 0.014815251858785
0.930371013501972 0.015288484786628
0.927682130080253 0.015766794967267
0.924946346493432 0.016250531636105
0.922163962751008 0.016740112581570
0.919335283972712 0.017236008567531
0.916460620355050 0.017738765198176
0.913540287137281 0.018248986185371
0.910574604566852 0.018767330562007
0.907563897864277 0.019294509249026
0.904508497187474 0.019831335774612
0.901408737595557 0.020378756788871
0.898264959012098 0.020937723124264
0.895077506187845 0.021508472417422
0.891846728662920 0.022090800851244
0.888572980728485 0.022684446008847
0.885256621387895 0.023289016251489
0.881898014317321 0.023904068971128
0.878497527825878 0.024529152643912
0.875055534815230 0.025163783379200
0.871572412738697 0.025807441503653
0.868048543559867 0.026459565469820
0.864484313710706 0.027119550818680
0.860880114049181 0.027786755796903
0.857236339816402 0.028460495211564
0.853553390593274 0.029140046230169
0.849831670256683 0.029824651515540
0.846071586935203 0.030513503602700
0.842273552964344 0.031205767083186
0.838437984841330 0.031900556847268
0.834565303179429 0.032596943596474
0.830655932661826 0.033293953413377
0.826710301995053 0.033990576911160
0.822728843861975 0.034685786826783
0.818711994874345 0.035378540276869
0.814660195524919 0.036067754166128
0.810573890139155 0.036752233546106
0.806453526826488 0.037430651839440
0.802299557431188 0.038101641690100
0.798112437482808 0.038764015270304
0.793892626146237 0.039417543435976
0.789640586171339 0.040062255822830
0.785356783842216 0.040698211027851
0.781041688926065 0.041325620464666
0.776695774621672 0.041944877711757
0.772319517507513 0.042556420897288
0.767913397489498 0.043160715824246
0.763477897748339 0.043758220472499
0.759013504686565 0.044349390702545
0.754520707875186 0.044934713406824
0.750000000000000 0.045514705125376
0.745451876807570 0.046089916986709
0.740876837050858 0.046660928695150
0.736275382434527 0.047228348375791
0.731648017559931 0.047792818780921
0.726995249869773 0.048355035430441
0.722317589592464 0.048915724624845
0.717615549686164 0.049475651802491
0.712889645782536 0.050035585128759
0.708140396130201 0.050596229538074
0.703368321537900 0.051158261511653
0.698573945317390 0.051722377116950
0.693757793226052 0.052289268069747
0.688920393409234 0.052859057087591
0.684062276342339 0.053431345918986
0.679183974772650 0.054005711377969
0.674286023660908 0.054581717381062
0.669368960122646 0.055158950661303
0.664433323369292 0.055737050138787
0.659479654649035 0.056315657559119
0.654508497187474 0.056894409360917
0.649520396128043 0.057472935870214
0.644515898472236 0.058050852594111
0.639495553019615 0.058627762853395
0.634459910307633 0.059203265508690
0.629409522551260 0.059776959407555
0.624344943582428 0.060348423374016
0.619266728789291 0.060917221238938
0.614175435055328 0.061482906305046
0.609071620698271 0.062045026757080
0.603955845408880 0.062603135201946
0.598828670189563 0.063156894428529
0.593690657292862 0.063706075159416
0.588542370159792 0.064250447545675
0.583384373358051 0.064789790830589
0.578217232520115 0.065323888178259
0.573041514281206 0.065852590681035
0.567857786217152 0.066375776819929
0.562666616782152 0.066893330565380
0.557468575246433 0.067405139256487
0.552264231633827 0.067911086452897
0.547054156659257 0.068411035857957
0.541838921666158 0.068904843401186
0.536619098563816 0.069392370102763
0.531395259764657 0.069873481885455
0.526167978121472 0.070348056080865
0.520937826864600 0.070816002715832
0.515705379539064 0.071277240715604
0.510471209941678 0.071731694005204
0.505235892058123 0.072179286640522
0.500000000000000 0.072619863992408
0.494764107941877 0.073053116101684
0.489528790058322 0.073478713053579
0.484294620460936 0.073896331933302
0.479062173135400 0.074305652528868
0.473832021878528 0.074706320329649
0.468604740235343 0.075097930035122
0.463380901436184 0.075480074257018
0.458161078333842 0.075852355221641
0.452945843340743 0.076214378992421
0.447735768366173 0.076565767866455
0.442531424753567 0.076906163702408
0.437333383217848 0.077235215448001
0.432142213782848 0.077552577418261
0.426958485718794 0.077857916675048
0.421782767479885 0.078150910333351
0.416615626641949 0.078431248497074
0.411457629840209 0.078698632487697
0.406309342707138 0.078952771293229
0.401171329810437 0.079193374880407
0.396044154591120 0.079420098342884
0.390928379301729 0.079632569966073
0.385824564944672 0.079830430593808
0.380733271210710 0.080013332254383
0.375655056417573 0.080180934448310
0.370590477448740 0.080332881791800
0.365540089692367 0.080468824759904
0.360504446980385 0.080588427493779
0.355484101527764 0.080691368615299
0.350479603871957 0.080777348282507
0.345491502812526 0.080846094321417
0.340520345350965 0.080897351057775
0.335566676630708 0.080930877468752
0.330631039877354 0.080946445739151
0.325713976339092 0.080943813874977
0.320816025227350 0.080922733403245
0.315937723657661 0.080882971968648
0.311079606590766 0.080824314475208
0.306242206773949 0.080746609024885
0.301426054682610 0.080649874381032
0.296631678462100 0.080534172208743
0.291859603869799 0.080399576343491
0.287110354217464 0.080246185184959
0.282384450313836 0.080074298821766
0.277682410407536 0.079884353368986
0.273004750130227 0.079676791411813
0.268351982440069 0.079452056854428
0.263724617565473 0.079210571992928
0.259123162949143 0.078952721667065
0.254548123192430 0.078678891007886
0.250000000000000 0.078389471288723
0.245479292124815 0.078084855652748
0.240986495313435 0.077765456733379
0.236522102251661 0.077431685787232
0.232086602510502 0.077083959340377
0.227680482492487 0.076722696285491
0.223304225378328 0.076348308167779
0.218958311073935 0.075961213860690
0.214643216157784 0.075561831511168
0.210359413828661 0.075150578092622
0.206107373853763 0.074727873067463
0.201887562517192 0.074294140043593
0.197700442568813 0.073849792804582
0.193546473173512 0.073394562023285
0.189426109860845 0.072926966610920
0.185339804475081 0.072445487636362
0.181288005125655 0.071948692864732
0.177271156138025 0.071435278671479
0.173289698004947 0.070904050159689
0.169344067338174 0.070353904939105
0.165434696820571 0.069783770210733
0.161562015158670 0.069192482205330
0.157726447035656 0.068578931505797
0.153928413064797 0.067942130080143
0.150168329743317 0.067281801821072
0.146446609406726 0.066598223656042
0.142763660183598 0.065891725244387
0.139119885950819 0.065163194937853
0.135515686289294 0.064414475903040
0.131951456440133 0.063647467341522
0.128427587261303 0.062863952262753
0.124944465184770 0.062065466997765
0.121502472174122 0.061253461366529
0.118101985682679 0.060429375074205
0.114743378612105 0.059594644858288
0.111427019271515 0.058750692174111
0.108153271337080 0.057898897998145
0.104922493812155 0.057040655959256
0.101735040987902 0.056177325372392
0.098591262404443 0.055310053135857
0.095491502812526 0.054439647014061
0.092436102135723 0.053566864817890
0.089425395433148 0.052692200476906
0.086459712862719 0.051815925634701
0.083539379644950 0.050938394399067
0.080664716027288 0.050060464609469
0.077836037248993 0.049183138022111
0.075053653506568 0.048306425218214
0.072317869919747 0.047428742815322
0.069628986498028 0.046548096144567
0.066987298107781 0.045659653942522
0.064393094439905 0.044757803337162
0.061846659978068 0.043837874554459
0.059348273967504 0.042896135688610
0.056898210384393 0.041929223991973
0.054496737905816 0.040934063169292
0.052144119880294 0.039907900605889
0.049840614298903 0.038848738627407
0.047586473766990 0.037755477063331
0.045381945476466 0.036632036591705
0.043227271178700 0.035484496879635
0.041122687158010 0.034318280525061
0.039068424205750 0.033138345201785
0.037064707595003 0.031949332636712
0.035111757055874 0.030755574064160
0.033209786751399 0.029561094343482
0.031359005254054 0.028369668965009
0.029559615522887 0.027184802539423
0.027811814881260 0.026009789795904
0.026115794995207 0.024847757111077
0.024471741852423 0.023701547001135
0.022879835741862 0.022573430188014
0.021340251233966 0.021464550081371
0.019853157161529 0.020376550058788
0.018418716601171 0.019311676194982
0.017037086855466 0.018272507624222
0.015708419435685 0.017261587532020
0.014432860045182 0.016281437096339
0.013210548563420 0.015334483437303
0.012041619030626 0.014422201193328
0.010926199633097 0.013543891888726
0.009864412689139 0.012694720410048
0.008856374635656 0.011870732902664
0.007902196015379 0.011069494496240
0.007001981464748 0.010289034904577
0.006155829702431 0.009527961101900
0.005363833518506 0.008785107402802
0.004626079764278 0.008059581056495
0.003942649342761 0.007350713655324
0.003313617199802 0.006657869047585
0.002739052315863 0.005980599486621
0.002219017698460 0.005318529379589
0.001753570375248 0.004671284092732
0.001342761387771 0.004038546229307
0.000986635785864 0.003420144379589
0.000685232622713 0.002815830447871
0.000438584950571 0.002225441663038
0.000246719817134 0.001648781386690
0.000109658262577 0.001085698480099
0.000027415317244 0.000536186393557
0.000000000000000 0.000000000000000
0.000027415317244 -0.000522900163829
0.000109658262577 -0.001032569487509
0.000246719817134 -0.001530601188450
0.000438584950571 -0.002023821654317
0.000685232622713 -0.002515520020294
0.000986635785864 -0.003006533629414
0.001342761387771 -0.003497022642014
0.001753570375248 -0.003986865428080
0.002219017698460 -0.004475802003404
0.002739052315863 -0.004963521046067
0.003313617199802 -0.005449566219033
0.003942649342761 -0.005933401521374
0.004626079764278 -0.006414515097112
0.005363833518506 -0.006892162320860
0.006155829702431 -0.007365599614846
0.007001981464748 -0.007833894430322
0.007902196015379 -0.008295923038790
0.008856374635656 -0.008750437518419
0.009864412689139 -0.009195756293122
0.010926199633097 -0.009629940064064
0.012041619030626 -0.010050263082450
0.013210548563420 -0.010453390370149
0.014432860045182 -0.010835087898746
0.015708419435684 -0.011191742023191
0.017037086855466 -0.011520712265920
0.018418716601171 -0.011821036643170
0.019853157161528 -0.012093493177365
0.021340251233966 -0.012341331575239
0.022879835741862 -0.012570686904605
0.024471741852423 -0.012790469117233
0.026115794995207 -0.013010887956049
0.027811814881259 -0.013238649561915
0.029559615522887 -0.013471505115107
0.031359005254054 -0.013706471114117
0.033209786751399 -0.013940806953944
0.035111757055874 -0.014171225751756
0.037064707595003 -0.014393938163509
0.039068424205750 -0.014604727455036
0.041122687158009 -0.014798940878690
0.043227271178699 -0.014971541063632
0.045381945476466 -0.015116704652213
0.047586473766990 -0.015227189710078
0.049840614298903 -0.015295833779370
0.052144119880293 -0.015317476004826
0.054496737905816 -0.015289114080350
0.056898210384393 -0.015214298946108
0.059348273967504 -0.015098437356010
0.061846659978068 -0.014947080606986
0.064393094439905 -0.014766512534128
0.066987298107781 -0.014563987662600
0.069628986498028 -0.014347863933194
0.072317869919747 -0.014128677993056
0.075053653506568 -0.013918704114683
0.077836037248992 -0.013724606933235
0.080664716027288 -0.013544642301990
0.083539379644950 -0.013375463846813
0.086459712862719 -0.013210800045180
0.089425395433148 -0.013043195234876
0.092436102135723 -0.012864392329885
0.095491502812526 -0.012665314420722
0.098591262404443 -0.012437218019422
0.101735040987902 -0.012173692656465
0.104922493812155 -0.011868615426119
0.108153271337080 -0.011520633303323
0.111427019271514 -0.011133068354790
0.114743378612105 -0.010709622941423
0.118101985682679 -0.010253298083617
0.121502472174122 -0.009767036402804
0.124944465184770 -0.009254181708211
0.128427587261303 -0.008718624600642
0.131951456440133 -0.008164657674484
0.135515686289294 -0.007597047961839
0.139119885950819 -0.007021169398137
0.142763660183598 -0.006442785597361
0.146446609406726 -0.005867325385851
0.150168329743317 -0.005299354302038
0.153928413064796 -0.004743558342926
0.157726447035656 -0.004202766198119
0.161562015158669 -0.003675654051789
0.165434696820571 -0.003160261376617
0.169344067338174 -0.002654689103687
0.173289698004947 -0.002157601324468
0.177271156138025 -0.001667711510665
0.181288005125655 -0.001183610826474
0.185339804475081 -0.000703406752499
0.189426109860845 -0.000224871067727
0.193546473173511 0.000254341594511
0.197700442568812 0.000736050891174
0.201887562517192 0.001220995675782
0.206107373853763 0.001709833527794
0.210359413828660 0.002203132255262
0.214643216157784 0.002700274044575
0.218958311073935 0.003199921073699
0.223304225378328 0.003700662343671
0.227680482492486 0.004201119780616
0.232086602510501 0.004700129925209
0.236522102251661 0.005196564231275
0.240986495313435 0.005689256569706
0.245479292124814 0.006176967546002
0.250000000000000 0.006658339899604
0.254548123192429 0.007131968062482
0.259123162949142 0.007596410386439
0.263724617565473 0.008050217484053
0.268351982440069 0.008491962394672
0.273004750130227 0.008920193884794
0.277682410407536 0.009333432854567
0.282384450313836 0.009730100792379
0.287110354217464 0.010108432185294
0.291859603869799 0.010466600744759
0.296631678462100 0.010802748038749
0.301426054682609 0.011115367021860
0.306242206773948 0.011404592273032
0.311079606590766 0.011671041687265
0.315937723657661 0.011915360049744
0.320816025227350 0.012138238787737
0.325713976339092 0.012340628895903
0.330631039877354 0.012523672919245
0.335566676630708 0.012688552933527
0.340520345350965 0.012836486366791
0.345491502812526 0.012968682757192
0.350479603871956 0.013086287037996
0.355484101527764 0.013190463754266
0.360504446980385 0.013282407500041
0.365540089692367 0.013363353557027
0.370590477448739 0.013434690770937
0.375655056417572 0.013497915068026
0.380733271210709 0.013554554139023
0.385824564944672 0.013606163723630
0.390928379301728 0.013654162970666
0.396044154591120 0.013699436977548
0.401171329810437 0.013742766350239
0.406309342707137 0.013784943443074
0.411457629840208 0.013826762010416
0.416615626641949 0.013868537261797
0.421782767479884 0.013909876979445
0.426958485718794 0.013950328951284
0.432142213782848 0.013989436992396
0.437333383217848 0.014026750068440
0.442531424753567 0.014061950608337
0.447735768366173 0.014094823859680
0.452945843340743 0.014125156995503
0.458161078333842 0.014152737230372
0.463380901436184 0.014177341039796
0.468604740235343 0.014198667991909
0.473832021878528 0.014216383723774
0.479062173135400 0.014230153914396
0.484294620460935 0.014239644941883
0.489528790058321 0.014244567125716
0.494764107941877 0.014244812709064
0.500000000000000 0.014240323306959
0.505235892058122 0.014231042572152
0.510471209941678 0.014216916467509
0.515705379539064 0.014197998833899
0.520937826864600 0.014174614272370
0.526167978121472 0.014147130708936
0.531395259764656 0.014115917039540
0.536619098563816 0.014081342114950
0.541838921666157 0.014043738101941
0.547054156659257 0.014003380850701
0.552264231633827 0.013960541328929
0.557468575246433 0.013915489854718
0.562666616782152 0.013868498917971
0.567857786217152 0.013819892733346
0.573041514281206 0.013770040367215
0.578217232520115 0.013719310542534
0.583384373358051 0.013668068597605
0.588542370159791 0.013616646326496
0.593690657292862 0.013565144892583
0.598828670189563 0.013513561754455
0.603955845408879 0.013461893963561
0.609071620698271 0.013410139251548
0.614175435055328 0.013358144806855
0.619266728789290 0.013305332986535
0.624344943582427 0.013251059379938
0.629409522551260 0.013194689938184
0.634459910307633 0.013135604592865
0.639495553019614 0.013073248688567
0.644515898472235 0.013007132048358
0.649520396128043 0.012936777595934
0.654508497187474 0.012861720127036
0.659479654649035 0.012781504426486
0.664433323369291 0.012695682989050
0.669368960122646 0.012603819227575
0.674286023660907 0.012505489632067
0.679183974772650 0.012400282935128
0.684062276342339 0.012287760991959
0.688920393409233 0.012167466570700
0.693757793226051 0.012038959251695
0.698573945317390 0.011901818336660
0.703368321537900 0.011755989062255
0.708140396130200 0.011602074593912
0.712889645782536 0.011440737776569
0.717615549686163 0.011272630944971
0.722317589592464 0.011098421597338
0.726995249869773 0.010918850751304
0.731648017559930 0.010734661608236
0.736275382434527 0.010546580570484
0.740876837050857 0.010355306824229
0.745451876807570 0.010161500325812
0.750000000000000 0.009965795783290
0.754520707875185 0.009768810654287
0.759013504686565 0.009571144131891
0.763477897748338 0.009373378209494
0.767913397489498 0.009176073816793
0.772319517507513 0.008979775322761
0.776695774621672 0.008785010944236
0.781041688926065 0.008592303815736
0.785356783842216 0.008402155412787
0.789640586171339 0.008215041572701
0.793892626146236 0.008031369796728
0.798112437482808 0.007851485543069
0.802299557431187 0.007675718455833
0.806453526826488 0.007504268832140
0.810573890139155 0.007336933305783
0.814660195524918 0.007173429245603
0.818711994874345 0.007013486111356
0.822728843861975 0.006856876346006
0.826710301995052 0.006703406358084
0.830655932661826 0.006552889024862
0.834565303179429 0.006405141375232
0.838437984841330 0.006259978213801
0.842273552964344 0.006117224089167
0.846071586935203 0.005976711536758
0.849831670256683 0.005838285742155
0.853553390593274 0.005701801314652
0.857236339816401 0.005567118994455
0.860880114049181 0.005434108560809
0.864484313710706 0.005302649319522
0.868048543559867 0.005172626626809
0.871572412738697 0.005043934572549
0.875055534815230 0.004916476935513
0.878497527825878 0.004790163222939
0.881898014317321 0.004664913280655
0.885256621387894 0.004540652668509
0.888572980728485 0.004417314843989
0.891846728662920 0.004294840184792
0.895077506187845 0.004173177136451
0.898264959012098 0.004052283661814
0.901408737595557 0.003932126675407
0.904508497187474 0.003812735705241
0.907563897864277 0.003694217187425
0.910574604566852 0.003576677249335
0.913540287137281 0.003460213886798
0.916460620355049 0.003344920229278
0.919335283972712 0.003230883786510
0.922163962751007 0.003118189150510
0.924946346493432 0.003006915325107
0.927682130080253 0.002897136138690
0.930371013501972 0.002788920900838
0.933012701892219 0.002682336232846
0.935606905560095 0.002577442300978
0.938153340021932 0.002474295510901
0.940651726032496 0.002372949557534
0.943101789615607 0.002273453405731
0.945503262094184 0.002175851984199
0.947855880119706 0.002080187872680
0.950159385701097 0.001986498099021
0.952413526233010 0.001894817619077
0.954618054523534 0.001805177880732
0.956772728821300 0.001717608470778
0.958877312841991 0.001632133384279
0.960931575794250 0.001548776406864
0.962935292404997 0.001467557567532
0.964888242944126 0.001388494268656
0.966790213248601 0.001311600899080
0.968640994745946 0.001236891290038
0.970440384477113 0.001164375113947
0.972188185118740 0.001094062417157
0.973884205004793 0.001025958857304
0.975528258147577 0.000960070241848
0.977120164258138 0.000896399676937
0.978659748766034 0.000834950305709
0.980146842838471 0.000775721214351
0.981581283398829 0.000718712023828
0.982962913144534 0.000663922245402
0.984291580564316 0.000611349207037
0.985567139954818 0.000560987870094
0.986789451436580 0.000512834631046
0.987958380969374 0.000466885487339
0.989073800366903 0.000423133721965
0.990135587310861 0.000381574070262
0.991143625364344 0.000342200171936
0.992097803984621 0.000305004273147
0.992998018535252 0.000269981421054
0.993844170297569 0.000237123693108
0.994636166481494 0.000206424610444
0.995373920235722 0.000177877141373
0.996057350657239 0.000151474527762
0.996686382800198 0.000127210712210
0.997260947684137 0.000105079139231
0.997780982301540 0.000085074695288
0.998246429624752 0.000067191130602
0.998657238612229 0.000051424056328
0.999013364214136 0.000037768083272
0.999314767377287 0.000026220699591
0.999561415049429 0.000016777199227
0.999753280182866 0.000009435902097
0.999890341737423 0.000004193131419
0.999972584682756 0.000001048173064
1.000000000000000 0.000000000000000
