1.000000000000000 0.000000000000000
0.999972584682756 0.000008183555569
0.999890341737423 0.000032734006563
0.999753280182866 0.000073666458563
0.999561415049429 0.000131000705213
0.999314767377287 0.000204776866692
0.999013364214136 0.000295028798000
0.998657238612229 0.000401804853904
0.998246429624752 0.000525162249400
0.997780982301540 0.000665166622628
0.997260947684137 0.000821891533268
0.996686382800198 0.000995407246004
0.996057350657239 0.001185795997530
0.995373920235722 0.001393151348885
0.994636166481494 0.001617556040842
0.993844170297569 0.001859113226086
0.992998018535252 0.002117913448223
0.992097803984621 0.002394049696161
0.991143625364344 0.002687632649654
0.990135587310861 0.002998740931438
0.989073800366903 0.003327484924817
0.987958380969374 0.003673940469295
0.986789451436580 0.004038191012331
0.985567139954818 0.004420326484851
0.984291580564316 0.004820403520311
0.982962913144534 0.005238482387463
0.981581283398829 0.005674614631815
0.980146842838472 0.006128836034202
0.978659748766034 0.006601165014459
0.977120164258138 0.007091601010008
0.975528258147577 0.007600128413107
0.973884205004793 0.008126720563722
0.972188185118741 0.008671310007740
0.970440384477113 0.009233820411323
0.968640994745946 0.009814142354914
0.966790213248601 0.010412142836848
0.964888242944126 0.011027652151368
0.962935292404997 0.011660479105069
0.960931575794250 0.012310386525853
0.958877312841991 0.012977112142242
0.956772728821300 0.013660344084867
0.954618054523534 0.014359747477481
0.952413526233010 0.015074934257019
0.950159385701097 0.015805467092519
0.947855880119706 0.016550874687913
0.945503262094184 0.017310638691976
0.943101789615607 0.018084180758443
0.940651726032496 0.018870877851058
0.938153340021932 0.019670060646070
0.935606905560095 0.020481000805859
0.933012701892219 0.021302915254674
0.930371013501972 0.022134953248549
0.927682130080253 0.022976228121042
0.924946346493432 0.023825773567894
0.922163962751008 0.024682586947916
0.919335283972712 0.025545581138659
0.916460620355050 0.026413609281254
0.913540287137281 0.027285475485828
0.910574604566852 0.028159932506476
0.907563897864277 0.029035691865514
0.904508497187474 0.029911330520439
0.901408737595557 0.030785257304554
0.898264959012098 0.031656002613526
0.895077506187845 0.032522729246397
0.891846728662920 0.033384777636585
0.888572980728485 0.034241723155928
0.885256621387895 0.035093403898164
0.881898014317321 0.035939701845297
0.878497527825878 0.036780460485618
0.875055534815230 0.037615511614892
0.871572412738697 0.038444735773601
0.868048543559867 0.039268065591750
0.864484313710706 0.040085465667113
0.860880114049181 0.040896936092492
0.857236339816402 0.041702499492564
0.853553390593274 0.042502223318188
0.849831670256683 0.043296205371480
0.846071586935203 0.044084568372939
0.842273552964344 0.044867488975555
0.838437984841330 0.045645161421929
0.834565303179429 0.046417837811603
0.830655932661826 0.047185788864941
0.826710301995053 0.047949334360397
0.822728843861975 0.048708806078933
0.818711994874345 0.049464582138723
0.814660195524919 0.050217071487238
0.810573890139155 0.050966744635671
0.806453526826488 0.051714155391792
0.802299557431188 0.052459892353208
0.798112437482808 0.053204511052608
0.793892626146237 0.053948330603606
0.789640586171339 0.054691612865215
0.785356783842216 0.055434653504724
0.781041688926065 0.056177696006715
0.776695774621672 0.056920926658189
0.772319517507513 0.057664533006331
0.767913397489498 0.058408729818940
0.763477897748339 0.059153762428306
0.759013504686565 0.059899918884468
0.754520707875186 0.060647501925987
0.750000000000000 0.061396824220504
0.745451876807570 0.062148209774931
0.740876837050858 0.062901993045532
0.736275382434527 0.063658518613466
0.731648017559931 0.064418155836780
0.726995249869773 0.065181312581598
0.722317589592464 0.065948429826421
0.717615549686164 0.066719962356102
0.712889645782536 0.067496376155245
0.708140396130201 0.068278077088339
0.703368321537900 0.069065416700611
0.698573945317390 0.069858753159881
0.693757793226052 0.070658455512759
0.688920393409234 0.071464318299318
0.684062276342339 0.072275240630407
0.679183974772650 0.073090008817848
0.674286023660908 0.073907384176908
0.669368960122646 0.074726106216239
0.664433323369292 0.075544944085565
0.659479654649035 0.076362665738739
0.654508497187474 0.077178006416685
0.649520396128043 0.077989691887035
0.644515898472236 0.078796448050911
0.639495553019615 0.079597018292104
0.634459910307633 0.080390133450371
0.629409522551260 0.081174506155309
0.624344943582428 0.081948812437329
0.619266728789291 0.082711512279311
0.614175435055328 0.083460970903331
0.609071620698271 0.084195548639784
0.603955845408880 0.084913593253923
0.598828670189563 0.085613914872559
0.593690657292862 0.086296560070398
0.588542370159792 0.086961791883653
0.583384373358051 0.087609883251490
0.578217232520115 0.088241121077227
0.573041514281206 0.088856129831452
0.567857786217152 0.089456038429217
0.562666616782152 0.090042022179356
0.557468575246433 0.090615282142499
0.552264231633827 0.091177016630466
0.547054156659257 0.091728302891274
0.541838921666158 0.092270085757818
0.536619098563816 0.092803312279781
0.531395259764657 0.093328935750744
0.526167978121472 0.093847928774378
0.520937826864600 0.094361455310703
0.515705379539064 0.094870855010498
0.510471209941678 0.095377476175630
0.505235892058123 0.095882670754168
0.500000000000000 0.096387713996280
0.494764107941877 0.096892661272746
0.489528790058322 0.097396630089293
0.484294620460936 0.097898706291100
0.479062173135400 0.098397982067809
0.473832021878528 0.098893523750560
0.468604740235343 0.099384003591185
0.463380901436184 0.099867816435362
0.458161078333842 0.100343359640081
0.452945843340743 0.100809041822760
0.447735768366173 0.101263298331876
0.442531424753567 0.101704699597986
0.437333383217848 0.102131913620229
0.432142213782848 0.102543629776851
0.426958485718794 0.102938553278352
0.421782767479885 0.103315402449563
0.416615626641949 0.103672807239074
0.411457629840209 0.104009353137855
0.406309342707138 0.104323653863028
0.401171329810437 0.104614351473846
0.396044154591120 0.104880231530671
0.390928379301729 0.105121026504970
0.385824564944672 0.105336915705965
0.380733271210710 0.105528091948881
0.375655056417573 0.105694753435751
0.370590477448740 0.105837135102187
0.365540089692367 0.105955640968159
0.360504446980385 0.106050730844361
0.355484101527764 0.106122866941579
0.350479603871957 0.106172514449470
0.345491502812526 0.106200118721408
0.340520345350965 0.106206062211038
0.335566676630708 0.106190719203855
0.330631039877354 0.106154467829630
0.325713976339092 0.106097691569537
0.320816025227350 0.106020843502598
0.315937723657661 0.105924472455039
0.311079606590766 0.105809133193726
0.306242206773949 0.105675380303493
0.301426054682610 0.105523711475617
0.296631678462100 0.105354130723756
0.291859603869799 0.105166392046577
0.287110354217464 0.104960264831733
0.282384450313836 0.104735538912625
0.277682410407536 0.104491872608392
0.273004750130227 0.104228613068723
0.268351982440069 0.103945095381210
0.263724617565473 0.103640692303190
0.259123162949143 0.103314817366738
0.254548123192430 0.102966989403570
0.250000000000000 0.102596787362664
0.245479292124815 0.102203823920049
0.240986495313435 0.101787745909321
0.236522102251661 0.101348229202841
0.232086602510502 0.100884981354228
0.227680482492487 0.100397742381211
0.223304225378328 0.099886280807915
0.218958311073935 0.099350362007528
0.214643216157784 0.098789711508708
0.210359413828661 0.098204084474245
0.206107373853763 0.097593273898461
0.201887562517192 0.096957286537056
0.197700442568813 0.096296487950399
0.193546473173512 0.095611298695361
0.189426109860845 0.094902158714356
0.185339804475081 0.094169941114413
0.181288005125655 0.093416118263672
0.177271156138025 0.092642190439705
0.173289698004947 0.091849618560798
0.169344067338174 0.091039722034270
0.165434696820571 0.090213693942446
0.161562015158670 0.089372718841381
0.157726447035656 0.088517979365863
0.153928413064797 0.087650773533480
0.150168329743317 0.086772393030722
0.146446609406726 0.085884087797760
0.142763660183598 0.084986020254094
0.139119885950819 0.084077137191438
0.135515686289294 0.083156392157037
0.131951456440133 0.082222806331242
0.128427587261303 0.081275333432585
0.124944465184770 0.080313011849310
0.121502472174122 0.079334963024992
0.118101985682679 0.078340474036199
0.114743378612105 0.077328934744492
0.111427019271515 0.076299824532407
0.108153271337080 0.075252585671774
0.104922493812155 0.074186682699476
0.101735040987902 0.073101669368452
0.098591262404443 0.071997633481480
0.095491502812526 0.070875070135467
0.092436102135723 0.069734593971628
0.089425395433148 0.068577818630876
0.086459712862719 0.067406947211838
0.083539379644950 0.066224090888009
0.080664716027288 0.065031043004936
0.077836037248993 0.063829463440700
0.075053653506568 0.062621113323013
0.072317869919747 0.061408003264101
0.069628986498028 0.060192075625166
0.066987298107781 0.058973984506794
0.064393094439905 0.057753433106661
0.061846659978068 0.056529952414081
0.059348273967504 0.055302438643375
0.056898210384393 0.054069814997928
0.054496737905816 0.052831421520954
0.052144119880294 0.051586928906145
0.049840614298903 0.050336185769574
0.047586473766990 0.049079259007729
0.045381945476466 0.047816376270325
0.043227271178700 0.046547988366494
0.041122687158010 0.045274634795764
0.039068424205750 0.043996771250171
0.037064707595003 0.042714844516998
0.035111757055874 0.041429304019449
0.033209786751399 0.040140581162488
0.031359005254054 0.038849129912483
0.029559615522887 0.037555387830690
0.027811814881260 0.036259800832575
0.026115794995207 0.034962834732270
0.024471741852423 0.033665017697891
0.022879835741862 0.032366698637283
0.021340251233966 0.031067188891266
0.019853157161529 0.029766174236464
0.018418716601171 0.028464307294052
0.017037086855466 0.027163429568101
0.015708419435685 0.025866300968809
0.014432860045182 0.024576552249051
0.013210548563420 0.023298718574924
0.012041619030626 0.022037811454472
0.010926199633097 0.020797201313078
0.009864412689139 0.019578073369587
0.008856374635656 0.018379253077314
0.007902196015379 0.017199997505906
0.007001981464748 0.016040054098003
0.006155829702431 0.014899073880062
0.005363833518506 0.013776808891628
0.004626079764278 0.012673165756761
0.003942649342761 0.011588012453967
0.003313617199802 0.010521256741739
0.002739052315863 0.009472879080077
0.002219017698460 0.008442884694717
0.001753570375248 0.007431195414458
0.001342761387771 0.006437870208832
0.000986635785864 0.005462903411832
0.000685232622713 0.004506280705121
0.000438584950571 0.003568133995539
0.000246719817134 0.002648331577205
0.000109658262577 0.001747009948329
0.000027415317244 0.000864278481249
0.000000000000000 0.000000000000000
0.000027415317244 -0.000845637855720
0.000109658262577 -0.001672793553411
0.000246719817134 -0.002481185938143
0.000438584950571 -0.003270880571470
0.000685232622713 -0.004044803245337
0.000986635785864 -0.004810323883150
0.001342761387771 -0.005571426941670
0.001753570375248 -0.006329654535193
0.002219017698460 -0.007085593082843
0.002739052315863 -0.007839369752032
0.003313617199802 -0.008590785040257
0.003942649342761 -0.009339425435127
0.004626079764278 -0.010084757299518
0.005363833518506 -0.010826017180914
0.006155829702431 -0.011562436538523
0.007001981464748 -0.012292985104208
0.007902196015379 -0.013016528820396
0.008856374635656 -0.013731770041957
0.009864412689139 -0.014437042836403
0.010926199633097 -0.015130573943033
0.012041619030626 -0.015810070894188
0.013210548563420 -0.016472803879811
0.014432860045182 -0.017115351818001
0.015708419435684 -0.017734569206915
0.017037086855466 -0.018327704620942
0.018418716601171 -0.018893033402228
0.019853157161528 -0.019429668127541
0.021340251233966 -0.019937774840768
0.022879835741862 -0.020418537997763
0.024471741852423 -0.020874803084032
0.026115794995207 -0.021309894463906
0.027811814881259 -0.021726970264399
0.029559615522887 -0.022127915032573
0.031359005254054 -0.022512389555812
0.033209786751399 -0.022880411527854
0.035111757055874 -0.023232648159233
0.037064707595003 -0.023569971730393
0.039068424205750 -0.023893423291755
0.041122687158009 -0.024204336771052
0.043227271178699 -0.024504365547802
0.045381945476466 -0.024795551074674
0.047586473766990 -0.025080392931146
0.049840614298903 -0.025361632977467
0.052144119880293 -0.025642023663296
0.054496737905816 -0.025924017594370
0.056898210384393 -0.026207817899459
0.059348273967504 -0.026493057269240
0.061846659978068 -0.026779627428699
0.064393094439905 -0.027067570752630
0.066987298107781 -0.027356905135689
0.069628986498028 -0.027647608688129
0.072317869919747 -0.027939714233259
0.075053653506568 -0.028233381143979
0.077836037248992 -0.028528706896361
0.080664716027288 -0.028824626962992
0.083539379644950 -0.029119282055537
0.086459712862719 -0.029410647696989
0.089425395433148 -0.029696527779768
0.092436102135723 -0.029974546636208
0.095491502812526 -0.030241937196882
0.098591262404443 -0.030495583264502
0.101735040987902 -0.030732548669731
0.104922493812155 -0.030951438056526
0.108153271337080 -0.031151295851580
0.111427019271514 -0.031331491320970
0.114743378612105 -0.031492148735829
0.118101985682679 -0.031633557240036
0.121502472174122 -0.031755984967485
0.124944465184770 -0.031859625207287
0.128427587261303 -0.031944725992752
0.131951456440133 -0.032011610103686
0.135515686289294 -0.032060681574309
0.139119885950819 -0.032092416971576
0.142763660183598 -0.032107434965991
0.146446609406726 -0.032106538384637
0.150168329743317 -0.032090624789595
0.153928413064796 -0.032060151058932
0.157726447035656 -0.032014337650185
0.161562015158669 -0.031952191088789
0.165434696820571 -0.031872651139107
0.169344067338174 -0.031774418035101
0.173289698004947 -0.031656073398237
0.177271156138025 -0.031516148056088
0.181288005125655 -0.031353103049677
0.185339804475081 -0.031165328913080
0.189426109860845 -0.030951157734585
0.193546473173511 -0.030708936616281
0.197700442568812 -0.030437258645834
0.201887562517192 -0.030134757605568
0.206107373853763 -0.029800045390440
0.210359413828660 -0.029432435654662
0.214643216157784 -0.029032379926458
0.218958311073935 -0.028600485694264
0.223304225378328 -0.028137414517120
0.227680482492486 -0.027643767207268
0.232086602510501 -0.027120102081265
0.236522102251661 -0.026567032514479
0.240986495313435 -0.025985231635061
0.245479292124814 -0.025375475132588
0.250000000000000 -0.024738618101853
0.254548123192429 -0.024075578276671
0.259123162949142 -0.023387334046978
0.263724617565473 -0.022674884214908
0.268351982440069 -0.021939268820440
0.273004750130227 -0.021181584653965
0.277682410407536 -0.020402998616635
0.282384450313836 -0.019604791774331
0.287110354217464 -0.018788366554126
0.291859603869799 -0.017955171919216
0.296631678462100 -0.017106718641965
0.301426054682609 -0.016244215970613
0.306242206773948 -0.015368504773433
0.311079606590766 -0.014480438743814
0.315937723657661 -0.013580893097904
0.320816025227350 -0.012670705649135
0.325713976339092 -0.011750514019803
0.330631039877354 -0.010820945212802
0.335566676630708 -0.009882639801933
0.340520345350965 -0.008936270646761
0.345491502812526 -0.007982577640660
0.350479603871956 -0.007022351642419
0.355484101527764 -0.006056400330137
0.360504446980385 -0.005085546931147
0.365540089692367 -0.004110619383147
0.370590477448739 -0.003132400768301
0.375655056417572 -0.002151687355145
0.380733271210709 -0.001169286476304
0.385824564944672 -0.000186024072812
0.390928379301728 0.000797140910858
0.396044154591120 0.001779168551665
0.401171329810437 0.002758987698719
0.406309342707137 0.003735538261563
0.411457629840208 0.004707642209277
0.416615626641949 0.005673693557381
0.421782767479884 0.006631963782364
0.426958485718794 0.007580716973335
0.432142213782848 0.008518209589636
0.437333383217848 0.009442737244630
0.442531424753567 0.010352668709818
0.447735768366173 0.011246394712849
0.452945843340743 0.012122298568382
0.458161078333842 0.012978775087827
0.463380901436184 0.013814133519273
0.468604740235343 0.014626606113020
0.473832021878528 0.015414428705700
0.479062173135400 0.016175850842739
0.484294620460935 0.016909166811491
0.489528790058321 0.017613060887964
0.494764107941877 0.018286477434516
0.500000000000000 0.018928378668385
0.505235892058122 0.019537743285562
0.510471209941678 0.020113737778058
0.515705379539064 0.020656730696627
0.520937826864600 0.021167600775815
0.526167978121472 0.021647234766171
0.531395259764656 0.022096517870599
0.536619098563816 0.022516296897282
0.541838921666157 0.022907240664161
0.547054156659257 0.023269973328089
0.552264231633827 0.023605120901662
0.557468575246433 0.023913317808421
0.562666616782152 0.024195210695818
0.567857786217152 0.024451493617410
0.573041514281206 0.024682867898359
0.578217232520115 0.024890034736808
0.583384373358051 0.025073699075798
0.588542370159791 0.025234561926152
0.593690657292862 0.025373319753486
0.598828670189563 0.025490670798187
0.603955845408879 0.025587311851772
0.609071620698271 0.025663942571902
0.614175435055328 0.025721293782431
0.619266728789290 0.025760116270229
0.624344943582427 0.025781159251966
0.629409522551260 0.025785168432051
0.634459910307633 0.025772885746663
0.639495553019614 0.025745047421182
0.644515898472235 0.025702385031798
0.649520396128043 0.025645624710949
0.654508497187474 0.025575487788515
0.659479654649035 0.025492683801490
0.664433323369291 0.025397911312537
0.669368960122646 0.025291861796375
0.674286023660907 0.025175219382909
0.679183974772650 0.025048667722029
0.684062276342339 0.024912914094576
0.688920393409233 0.024768664506189
0.693757793226051 0.024616613928425
0.698573945317390 0.024457424896220
0.703368321537900 0.024291493353216
0.708140396130200 0.024119046138058
0.712889645782536 0.023940305217675
0.717615549686163 0.023755491133835
0.722317589592464 0.023564784574908
0.726995249869773 0.023368320441413
0.731648017559930 0.023166234104861
0.736275382434527 0.022958660664181
0.740876837050857 0.022745749266590
0.745451876807570 0.022527663057584
0.750000000000000 0.022304568635949
0.754520707875185 0.022076632517200
0.759013504686565 0.021844016094578
0.763477897748338 0.021606880410665
0.767913397489498 0.021365381793843
0.772319517507513 0.021119682048399
0.776695774621672 0.020869949778198
0.781041688926065 0.020616367420399
0.785356783842216 0.020359113331487
0.789640586171339 0.020098361145388
0.793892626146236 0.019834240379595
0.798112437482808 0.019566867983344
0.802299557431187 0.019296361693063
0.806453526826488 0.019022665482195
0.810573890139155 0.018745420422595
0.814660195524918 0.018464257743474
0.818711994874345 0.018178841608798
0.822728843861975 0.017888889137517
0.826710301995052 0.017594157221013
0.830655932661826 0.017294427600147
0.834565303179429 0.016989498140687
0.838437984841330 0.016679186428061
0.842273552964344 0.016363335525835
0.846071586935203 0.016041815438213
0.849831670256683 0.015714517327637
0.853553390593274 0.015381364472558
0.857236339816401 0.015042295784391
0.860880114049181 0.014697277079622
0.864484313710706 0.014346296249729
0.868048543559867 0.013989365008099
0.871572412738697 0.013626514037569
0.875055534815230 0.013257797700769
0.878497527825878 0.012883295567133
0.881898014317321 0.012503106055439
0.885256621387894 0.012117348983324
0.888572980728485 0.011726157771998
0.891846728662920 0.011329683451415
0.895077506187845 0.010928103698655
0.898264959012098 0.010521638990805
0.901408737595557 0.010110568999448
0.904508497187474 0.009695980197734
0.907563897864277 0.009279692766073
0.910574604566852 0.008863433410399
0.913540287137281 0.008448785709598
0.916460620355049 0.008037217760364
0.919335283972712 0.007630088466267
0.922163962751007 0.007228653850622
0.924946346493432 0.006834055177781
0.927682130080253 0.006447328281988
0.930371013501972 0.006069408855999
0.933012701892219 0.005701134323505
0.935606905560095 0.005343242643986
0.938153340021932 0.004996377905752
0.940651726032496 0.004661094621150
0.943101789615607 0.004337863176132
0.945503262094184 0.004027071782243
0.947855880119706 0.003729025276154
0.950159385701097 0.003443955601535
0.952413526233010 0.003172023883936
0.954618054523534 0.002913321180159
0.956772728821300 0.002667874813402
0.958877312841991 0.002435654718510
0.960931575794250 0.002216569745424
0.962935292404997 0.002010478646289
0.964888242944126 0.001817193123700
0.966790213248601 0.001636477930072
0.968640994745946 0.001468053020653
0.970440384477113 0.001311607210489
0.972188185118740 0.001166790745031
0.973884205004793 0.001033227123788
0.975528258147577 0.000910508790628
0.977120164258138 0.000798207343728
0.978659748766034 0.000695873758766
0.980146842838471 0.000603044302588
0.981581283398829 0.000519237427558
0.982962913144534 0.000443964607981
0.984291580564316 0.000376728434887
0.985567139954818 0.000317028368040
0.986789451436580 0.000264360761213
0.987958380969374 0.000218223808436
0.989073800366903 0.000178119331478
0.990135587310861 0.000143554916043
0.991143625364344 0.000114048012864
0.992097803984621 0.000089125274283
0.992998018535252 0.000068327774106
0.993844170297569 0.000051211160886
0.994636166481494 0.000037348519359
0.995373920235722 0.000026331243045
0.996057350657239 0.000017772400713
0.996686382800198 0.000011306170334
0.997260947684137 0.000006591393127
0.997780982301540 0.000003311730923
0.998246429624752 0.000001176937129
0.998657238612229 -0.000000075407359
0.999013364214136 -0.000000679363949
0.999314767377287 -0.000000839499811
0.999561415049429 -0.000000730305276
0.999753280182866 -0.000000495429066
0.999890341737423 -0.000000247091239
0.999972584682756 -0.000000065810476
1.000000000000000 0.000000000000000
