1.000000000000000 0.000000000000000
0.999972584682756 0.000004946372264
0.999890341737423 0.000019776728661
0.999753280182866 0.000044487215569
0.999561415049429 0.000079062877755
0.999314767377287 0.000123477686961
0.999013364214136 0.000177710562993
0.998657238612229 0.000241729402370
0.998246429624752 0.000315487952452
0.997780982301540 0.000398951379731
0.997260947684137 0.000492067601313
0.996686382800198 0.000594776946534
0.996057350657239 0.000707024915962
0.995373920235722 0.000828736867628
0.994636166481494 0.000959849788683
0.993844170297569 0.001100280729648
0.992998018535252 0.001249949040368
0.992097803984621 0.001408766988742
0.991143625364344 0.001576646138335
0.990135587310861 0.001753481831180
0.989073800366903 0.001939178308711
0.987958380969374 0.002133623875516
0.986789451436580 0.002336712798559
0.985567139954818 0.002548326829951
0.984291580564316 0.002768344675856
0.982962913144534 0.002996648227829
0.981581283398829 0.003233104345608
0.980146842838472 0.003477586415443
0.978659748766034 0.003729956225770
0.977120164258138 0.003990079303158
0.975528258147577 0.004257809995858
0.973884205004793 0.004533009664351
0.972188185118741 0.004815525919976
0.970440384477113 0.005105213672928
0.968640994745946 0.005401920432032
0.966790213248601 0.005705489529968
0.964888242944126 0.006015769060001
0.962935292404997 0.006332597480741
0.960931575794250 0.006655815486584
0.958877312841991 0.006985263253450
0.956772728821300 0.007320780614457
0.954618054523534 0.007662201599965
0.952413526233010 0.008009365986109
0.950159385701097 0.008362105387839
0.947855880119706 0.008720257527495
0.945503262094184 0.009083657993386
0.943101789615607 0.009452140517987
0.940651726032496 0.009825542660582
0.938153340021932 0.010203697832425
0.935606905560095 0.010586446344015
0.933012701892219 0.010973624794315
0.930371013501972 0.011365074330278
0.927682130080253 0.011760632897624
0.924946346493432 0.012160140783409
0.922163962751008 0.012563448555535
0.919335283972712 0.012970396443384
0.916460620355050 0.013380832802382
0.913540287137281 0.013794611549610
0.910574604566852 0.014211584743312
0.907563897864277 0.014631610389388
0.904508497187474 0.015054542637258
0.901408737595557 0.015480246931086
0.898264959012098 0.015908587709136
0.895077506187845 0.016339438416939
0.891846728662920 0.016772664724452
0.888572980728485 0.017208151213338
0.885256621387895 0.017645775121085
0.881898014317321 0.018085420902521
0.878497527825878 0.018526980303854
0.875055534815230 0.018970347806252
0.871572412738697 0.019415420813611
0.868048543559867 0.019862104433947
0.864484313710706 0.020310309233742
0.860880114049181 0.020759946883917
0.857236339816402 0.021210937102315
0.853553390593274 0.021663207635325
0.849831670256683 0.022116685581411
0.846071586935203 0.022571308593143
0.842273552964344 0.023027016163550
0.838437984841330 0.023483760456011
0.834565303179429 0.023941491296601
0.830655932661826 0.024400171273507
0.826710301995053 0.024859763167301
0.822728843861975 0.025320238948355
0.818711994874345 0.025781579537913
0.814660195524919 0.026243770413302
0.810573890139155 0.026706798524545
0.806453526826488 0.027170662210955
0.802299557431188 0.027635360314601
0.798112437482808 0.028100906105782
0.793892626146237 0.028567318617995
0.789640586171339 0.029034629795259
0.785356783842216 0.029502879395894
0.781041688926065 0.029972065482718
0.776695774621672 0.030442141892416
0.772319517507513 0.030913060620027
0.767913397489498 0.031384779332989
0.763477897748339 0.031857242200233
0.759013504686565 0.032330392191816
0.754520707875186 0.032804172659175
0.750000000000000 0.033278533816518
0.745451876807570 0.033753428324075
0.740876837050858 0.034228812595385
0.736275382434527 0.034704647430907
0.731648017559931 0.035180891482516
0.726995249869773 0.035657503516818
0.722317589592464 0.036134445262472
0.717615549686164 0.036611673400968
0.712889645782536 0.037089158256823
0.708140396130201 0.037566879787838
0.703368321537900 0.038044823344494
0.698573945317390 0.038522978851503
0.693757793226052 0.039001337825523
0.688920393409234 0.039479833708730
0.684062276342339 0.039958377852608
0.679183974772650 0.040436872631038
0.674286023660908 0.040915225422418
0.669368960122646 0.041393307302048
0.664433323369292 0.041870936604812
0.659479654649035 0.042347924585051
0.654508497187474 0.042824086309366
0.649520396128043 0.043299232912775
0.644515898472236 0.043773190477312
0.639495553019615 0.044245783172660
0.634459910307633 0.044716841385435
0.629409522551260 0.045186188222671
0.624344943582428 0.045653647092987
0.619266728789291 0.046119039115454
0.614175435055328 0.046582179970994
0.609071620698271 0.047042886912820
0.603955845408880 0.047500980991680
0.598828670189563 0.047956283205242
0.593690657292862 0.048408618814182
0.588542370159792 0.048857816692436
0.583384373358051 0.049303701041141
0.578217232520115 0.049746106532035
0.573041514281206 0.050184891316784
0.567857786217152 0.050619917139724
0.562666616782152 0.051051047865986
0.557468575246433 0.051478150826227
0.552264231633827 0.051901089739886
0.547054156659257 0.052319717730716
0.541838921666158 0.052733896275179
0.536619098563816 0.053143483670893
0.531395259764657 0.053548341251911
0.526167978121472 0.053948348264342
0.520937826864600 0.054343402825141
0.515705379539064 0.054733406399626
0.510471209941678 0.055118259566260
0.505235892058123 0.055497862535099
0.500000000000000 0.055872045824328
0.494764107941877 0.056240587238742
0.489528790058322 0.056603269834092
0.484294620460936 0.056959877665351
0.479062173135400 0.057310171179999
0.473832021878528 0.057653695117425
0.468604740235343 0.057989894992896
0.463380901436184 0.058318220248344
0.458161078333842 0.058638123897002
0.452945843340743 0.058949078515661
0.447735768366173 0.059250596477502
0.442531424753567 0.059542215602148
0.437333383217848 0.059823475959967
0.432142213782848 0.060093930411576
0.426958485718794 0.060353129431462
0.421782767479885 0.060600608011682
0.416615626641949 0.060835908696018
0.411457629840209 0.061058582333791
0.406309342707138 0.061268191513784
0.401171329810437 0.061464344517043
0.396044154591120 0.061646723586086
0.390928379301729 0.061815027251927
0.385824564944672 0.061968963886505
0.380733271210710 0.062108258480352
0.375655056417573 0.062232739024036
0.370590477448740 0.062342322528011
0.365540089692367 0.062436935914093
0.360504446980385 0.062516516416293
0.355484101527764 0.062581004777599
0.350479603871957 0.062630330148105
0.345491502812526 0.062664423276366
0.340520345350965 0.062683224450842
0.335566676630708 0.062686684163366
0.330631039877354 0.062674764788618
0.325713976339092 0.062647441842072
0.320816025227350 0.062604701440887
0.315937723657661 0.062546539010630
0.311079606590766 0.062472961070007
0.306242206773949 0.062383985697780
0.301426054682610 0.062279642961438
0.296631678462100 0.062159971847401
0.291859603869799 0.062025032413613
0.287110354217464 0.061875211145023
0.282384450313836 0.061711254930596
0.277682410407536 0.061533919953758
0.273004750130227 0.061343953165572
0.268351982440069 0.061142085266597
0.263724617565473 0.060929030554558
0.259123162949143 0.060705491054888
0.254548123192430 0.060472155482938
0.250000000000000 0.060229707603886
0.245479292124815 0.059978832000128
0.240986495313435 0.059720204910116
0.236522102251661 0.059454488715841
0.232086602510502 0.059182314064123
0.227680482492487 0.058904242040969
0.223304225378328 0.058620808147262
0.218958311073935 0.058332538254362
0.214643216157784 0.058040020627473
0.210359413828661 0.057744034510844
0.206107373853763 0.057445368466658
0.201887562517192 0.057144768172418
0.197700442568813 0.056842332517096
0.193546473173512 0.056537310457784
0.189426109860845 0.056228928936856
0.185339804475081 0.055916370699173
0.181288005125655 0.055598006117145
0.177271156138025 0.055271846399679
0.173289698004947 0.054936009551291
0.169344067338174 0.054588830977826
0.165434696820571 0.054228963441597
0.161562015158670 0.053855174250681
0.157726447035656 0.053466302990309
0.153928413064797 0.053061107641078
0.150168329743317 0.052638375977007
0.146446609406726 0.052197063620766
0.142763660183598 0.051737404568650
0.139119885950819 0.051260649390763
0.135515686289294 0.050768053382267
0.131951456440133 0.050260965831293
0.128427587261303 0.049740828485113
0.124944465184770 0.049209050052703
0.121502472174122 0.048666981391131
0.118101985682679 0.048115892587725
0.114743378612105 0.047557021286970
0.111427019271515 0.046991541903423
0.108153271337080 0.046420575982532
0.104922493812155 0.045845216259960
0.101735040987902 0.045266606568571
0.098591262404443 0.044685915125430
0.095491502812526 0.044103165584802
0.092436102135723 0.043512833179346
0.089425395433148 0.042908083421610
0.086459712862719 0.042282654275279
0.083539379644950 0.041630837629050
0.080664716027288 0.040947244638408
0.077836037248993 0.040225665838053
0.075053653506568 0.039459681648048
0.072317869919747 0.038646992884209
0.069628986498028 0.037791475173788
0.066987298107781 0.036898516002755
0.064393094439905 0.035977529111041
0.061846659978068 0.035038438101259
0.059348273967504 0.034089714659288
0.056898210384393 0.033138945093711
0.054496737905816 0.032193360381259
0.052144119880294 0.031259668273637
0.049840614298903 0.030343373219450
0.047586473766990 0.029448607835533
0.045381945476466 0.028573926637748
0.043227271178700 0.027713658416924
0.041122687158010 0.026862900220004
0.039068424205750 0.026017577047747
0.037064707595003 0.025173890114499
0.035111757055874 0.024328299881068
0.033209786751399 0.023477407603848
0.031359005254054 0.022617982444765
0.029559615522887 0.021746685617438
0.027811814881260 0.020860201166063
0.026115794995207 0.019954946445301
0.024471741852423 0.019026981139664
0.022879835741862 0.018075311550619
0.021340251233966 0.017110426476507
0.019853157161529 0.016146393246729
0.018418716601171 0.015197082108155
0.017037086855466 0.014274070468120
0.015708419435685 0.013385765139541
0.014432860045182 0.012537502228618
0.013210548563420 0.011732192011800
0.012041619030626 0.010971172998258
0.010926199633097 0.010250965498049
0.009864412689139 0.009564321679764
0.008856374635656 0.008905899161220
0.007902196015379 0.008272021255844
0.007001981464748 0.007660003761351
0.006155829702431 0.007067961340642
0.005363833518506 0.006494357778145
0.004626079764278 0.005937986026154
0.003942649342761 0.005397965235938
0.003313617199802 0.004873419053647
0.002739052315863 0.004363815438309
0.002219017698460 0.003868565414244
0.001753570375248 0.003387195214872
0.001342761387771 0.002919369625796
0.000986635785864 0.002464756271983
0.000685232622713 0.002023033861193
0.000438584950571 0.001593919034223
0.000246719817134 0.001177279592830
0.000109658262577 0.000772822385283
0.000027415317244 0.000380475017476
0.000000000000000 0.000000000000000
0.000027415317244 -0.000368722681937
0.000109658262577 -0.000725740718643
0.000246719817134 -0.001073910018027
0.000438584950571 -0.001418040938093
0.000685232622713 -0.001759447365331
0.000986635785864 -0.002098298278729
0.001342761387771 -0.002434394486461
0.001753570375248 -0.002767434835822
0.002219017698460 -0.003096871978653
0.002739052315863 -0.003422193063206
0.003313617199802 -0.003742812766270
0.003942649342761 -0.004057867686078
0.004626079764278 -0.004366616219169
0.005363833518506 -0.004667962695627
0.006155829702431 -0.004960738628919
0.007001981464748 -0.005243527969820
0.007902196015379 -0.005514514989645
0.008856374635656 -0.005771571464239
0.009864412689139 -0.006011894540137
0.010926199633097 -0.006231968013703
0.012041619030626 -0.006426236475742
0.013210548563420 -0.006588259711712
0.014432860045182 -0.006711438123578
0.015708419435684 -0.006790416847712
0.017037086855466 -0.006822014418650
0.018418716601171 -0.006805859041546
0.019853157161528 -0.006745094122704
0.021340251233966 -0.006647995559087
0.022879835741862 -0.006529197430131
0.024471741852423 -0.006407815774915
0.026115794995207 -0.006303134259787
0.027811814881259 -0.006221853508317
0.029559615522887 -0.006161340093275
0.031359005254054 -0.006120280679768
0.033209786751399 -0.006097226391565
0.035111757055874 -0.006090047946198
0.037064707595003 -0.006096366068654
0.039068424205750 -0.006113505050300
0.041122687158009 -0.006138408320023
0.043227271178699 -0.006167523397097
0.045381945476466 -0.006196716705847
0.047586473766990 -0.006221322529785
0.049840614298903 -0.006236314207446
0.052144119880293 -0.006237783941184
0.054496737905816 -0.006226067095701
0.056898210384393 -0.006202373661005
0.059348273967504 -0.006167983016486
0.061846659978068 -0.006124402249489
0.064393094439905 -0.006073453908649
0.066987298107781 -0.006017312013252
0.069628986498028 -0.005958737069869
0.072317869919747 -0.005900694349539
0.075053653506568 -0.005845259741136
0.077836037248992 -0.005794121819462
0.080664716027288 -0.005747433940472
0.083539379644950 -0.005704135774711
0.086459712862719 -0.005663238295721
0.089425395433148 -0.005623999251220
0.092436102135723 -0.005585590035672
0.095491502812526 -0.005546921502758
0.098591262404443 -0.005506772834144
0.101735040987902 -0.005464473506728
0.104922493812155 -0.005420033859680
0.108153271337080 -0.005373528600251
0.111427019271514 -0.005325157217673
0.114743378612105 -0.005275177515938
0.118101985682679 -0.005223859641562
0.121502472174122 -0.005171472226933
0.124944465184770 -0.005118303304965
0.128427587261303 -0.005064657494546
0.131951456440133 -0.005010856128486
0.135515686289294 -0.004957245999169
0.139119885950819 -0.004904240694218
0.142763660183598 -0.004852312015807
0.146446609406726 -0.004801931143829
0.150168329743317 -0.004753281836140
0.153928413064796 -0.004706356399708
0.157726447035656 -0.004661131802042
0.161562015158669 -0.004617465999360
0.165434696820571 -0.004575118649249
0.169344067338174 -0.004533830537178
0.173289698004947 -0.004493347951003
0.177271156138025 -0.004453431773236
0.181288005125655 -0.004413829226641
0.185339804475081 -0.004374263865656
0.189426109860845 -0.004334420474557
0.193546473173511 -0.004293962122535
0.197700442568812 -0.004252553199900
0.201887562517192 -0.004210054292836
0.206107373853763 -0.004166454077801
0.210359413828660 -0.004121744426748
0.214643216157784 -0.004075924339643
0.218958311073935 -0.004029013114997
0.223304225378328 -0.003981035552931
0.227680482492486 -0.003932017893079
0.232086602510501 -0.003881984552629
0.236522102251661 -0.003830957842736
0.240986495313435 -0.003778960396837
0.245479292124814 -0.003726016776625
0.250000000000000 -0.003672155050655
0.254548123192429 -0.003617406157841
0.259123162949142 -0.003561802335314
0.263724617565473 -0.003505377212574
0.268351982440069 -0.003448162554042
0.273004750130227 -0.003390189336037
0.277682410407536 -0.003331489726009
0.282384450313836 -0.003272097863659
0.287110354217464 -0.003212060671460
0.291859603869799 -0.003151434756672
0.296631678462100 -0.003090278203889
0.301426054682609 -0.003028652292454
0.306242206773948 -0.002966647310097
0.311079606590766 -0.002904389000926
0.315937723657661 -0.002842008799073
0.320816025227350 -0.002779641264516
0.325713976339092 -0.002717422269582
0.330631039877354 -0.002655486645316
0.335566676630708 -0.002593971394773
0.340520345350965 -0.002533015610507
0.345491502812526 -0.002472760836590
0.350479603871956 -0.002413346261532
0.355484101527764 -0.002354911180817
0.360504446980385 -0.002297596776954
0.365540089692367 -0.002241546071729
0.370590477448739 -0.002186913086726
0.375655056417572 -0.002133875818993
0.380733271210709 -0.002082616735027
0.385824564944672 -0.002033320482745
0.390928379301728 -0.001986161920884
0.396044154591120 -0.001941154244846
0.401171329810437 -0.001898184550363
0.406309342707137 -0.001857134577659
0.411457629840208 -0.001817883304598
0.416615626641949 -0.001780298146046
0.421782767479884 -0.001744200474448
0.426958485718794 -0.001709395696106
0.432142213782848 -0.001675686174500
0.437333383217848 -0.001642872197149
0.442531424753567 -0.001610759257118
0.447735768366173 -0.001579167939493
0.452945843340743 -0.001547919270855
0.458161078333842 -0.001516833164854
0.463380901436184 -0.001485727662890
0.468604740235343 -0.001454401216424
0.473832021878528 -0.001422628603825
0.479062173135400 -0.001390182585976
0.484294620460935 -0.001356835621422
0.489528790058321 -0.001322374944986
0.494764107941877 -0.001286796873387
0.500000000000000 -0.001250248885964
0.505235892058122 -0.001212882517830
0.510471209941678 -0.001174849429485
0.515705379539064 -0.001136307640220
0.520937826864600 -0.001097458106538
0.526167978121472 -0.001058520117517
0.531395259764656 -0.001019712498602
0.536619098563816 -0.000981253202179
0.541838921666157 -0.000943355314277
0.547054156659257 -0.000906214683512
0.552264231633827 -0.000870022661147
0.557468575246433 -0.000834968583839
0.562666616782152 -0.000801240409128
0.567857786217152 -0.000769032803877
0.573041514281206 -0.000738555470288
0.578217232520115 -0.000710017782950
0.583384373358051 -0.000683626371405
0.588542370159791 -0.000659577255223
0.593690657292862 -0.000637903085607
0.598828670189563 -0.000618480268370
0.603955845408879 -0.000601179274531
0.609071620698271 -0.000585871147020
0.614175435055328 -0.000572424158418
0.619266728789290 -0.000560685202889
0.624344943582427 -0.000550493781995
0.629409522551260 -0.000541691026576
0.634459910307633 -0.000534119944892
0.639495553019614 -0.000527629381193
0.644515898472235 -0.000522077872864
0.649520396128043 -0.000517326796370
0.654508497187474 -0.000513239725528
0.659479654649035 -0.000509681395983
0.664433323369291 -0.000506509621847
0.669368960122646 -0.000503580139516
0.674286023660907 -0.000500751618682
0.679183974772650 -0.000497886330806
0.684062276342339 -0.000494875319613
0.688920393409233 -0.000491650386775
0.693757793226051 -0.000488148263562
0.698573945317390 -0.000484307511854
0.703368321537900 -0.000480078246425
0.708140396130200 -0.000475445068076
0.712889645782536 -0.000470400379743
0.717615549686163 -0.000464937086863
0.722317589592464 -0.000459047389605
0.726995249869773 -0.000452716579302
0.731648017559930 -0.000445928070983
0.736275382434527 -0.000438666273607
0.740876837050857 -0.000430916913912
0.745451876807570 -0.000422669275018
0.750000000000000 -0.000413914728679
0.754520707875185 -0.000404645329301
0.759013504686565 -0.000394853580941
0.763477897748338 -0.000384529717802
0.767913397489498 -0.000373664036245
0.772319517507513 -0.000362247754514
0.776695774621672 -0.000350276564588
0.781041688926065 -0.000337757216261
0.785356783842216 -0.000324698884192
0.789640586171339 -0.000311111817705
0.793892626146236 -0.000297034688237
0.798112437482808 -0.000282539575711
0.802299557431187 -0.000267698055535
0.806453526826488 -0.000252578329073
0.810573890139155 -0.000237240704150
0.814660195524918 -0.000221741294221
0.818711994874345 -0.000206134111466
0.822728843861975 -0.000190471592528
0.826710301995052 -0.000174805385758
0.830655932661826 -0.000159184495487
0.834565303179429 -0.000143655588534
0.838437984841330 -0.000128262620014
0.842273552964344 -0.000113046959088
0.846071586935203 -0.000098047967019
0.849831670256683 -0.000083302557710
0.853553390593274 -0.000068845662024
0.857236339816401 -0.000054709708936
0.860880114049181 -0.000040924993823
0.864484313710706 -0.000027519462102
0.868048543559867 -0.000014519014313
0.871572412738697 -0.000001947239775
0.875055534815230 0.000010174303814
0.878497527825878 0.000021826273891
0.881898014317321 0.000032991235309
0.885256621387894 0.000043653964575
0.888572980728485 0.000053801060997
0.891846728662920 0.000063421215571
0.895077506187845 0.000072504973733
0.898264959012098 0.000081044796656
0.901408737595557 0.000089034896017
0.904508497187474 0.000096471284640
0.907563897864277 0.000103351708415
0.910574604566852 0.000109675627453
0.913540287137281 0.000115444053623
0.916460620355049 0.000120659591326
0.919335283972712 0.000125326365039
0.922163962751007 0.000129449993017
0.924946346493432 0.000133037429929
0.927682130080253 0.000136097018854
0.930371013501972 0.000138638381572
0.933012701892219 0.000140672353114
0.935606905560095 0.000142210916301
0.938153340021932 0.000143267196852
0.940651726032496 0.000143855332982
0.943101789615607 0.000143990454602
0.945503262094184 0.000143688601370
0.947855880119706 0.000142966667160
0.950159385701097 0.000141842335534
0.952413526233010 0.000140334028387
0.954618054523534 0.000138460801127
0.956772728821300 0.000136242351504
0.958877312841991 0.000133698849193
0.960931575794250 0.000130851005079
0.962935292404997 0.000127719946174
0.964888242944126 0.000124327052536
0.966790213248601 0.000120694080659
0.968640994745946 0.000116842962564
0.970440384477113 0.000112795826592
0.972188185118740 0.000108574897644
0.973884205004793 0.000104202438836
0.975528258147577 0.000099700706362
0.977120164258138 0.000095091883825
0.978659748766034 0.000090397931477
0.980146842838471 0.000085640868466
0.981581283398829 0.000080842187471
0.982962913144534 0.000076023259182
0.984291580564316 0.000071205087368
0.985567139954818 0.000066408310604
0.986789451436580 0.000061652964089
0.987958380969374 0.000056958870429
0.989073800366903 0.000052345037062
0.990135587310861 0.000047830085365
0.991143625364344 0.000043431855420
0.992097803984621 0.000039167724135
0.992998018535252 0.000035054205303
0.993844170297569 0.000031107012602
0.994636166481494 0.000027341307649
0.995373920235722 0.000023771389903
0.996057350657239 0.000020410418607
0.996686382800198 0.000017271071755
0.997260947684137 0.000014364979773
0.997780982301540 0.000011702789748
0.998246429624752 0.000009294216536
0.998657238612229 0.000007148119255
0.999013364214136 0.000005272168025
0.999314767377287 0.000003673352073
0.999561415049429 0.000002357262673
0.999753280182866 0.000001328798223
0.999890341737423 0.000000591451067
0.999972584682756 0.000000147991239
1.000000000000000 0.000000000000000
