1.000000000000000 0.000000000000000
0.999972584682756 0.000010143141785
0.999890341737423 0.000040568016869
0.999753280182866 0.000091248275808
0.999561415049429 0.000162161167432
0.999314767377287 0.000253262136415
0.999013364214136 0.000364491182433
0.998657238612229 0.000495772874650
0.998246429624752 0.000647041657366
0.997780982301540 0.000818191211036
0.997260947684137 0.001009112453399
0.996686382800198 0.001219699774146
0.996057350657239 0.001449806917867
0.995373920235722 0.001699303668838
0.994636166481494 0.001968019257481
0.993844170297569 0.002255792602612
0.992998018535252 0.002562440924720
0.992097803984621 0.002887772277695
0.991143625364344 0.003231573114837
0.990135587310861 0.003593633133133
0.989073800366903 0.003973714251356
0.987958380969374 0.004371575405117
0.986789451436580 0.004786960166269
0.985567139954818 0.005219602893699
0.984291580564316 0.005669222608537
0.982962913144534 0.006135523057076
0.981581283398829 0.006618204830708
0.980146842838472 0.007116947191337
0.978659748766034 0.007631426192703
0.977120164258138 0.008161290717710
0.975528258147577 0.008706198331235
0.973884205004793 0.009265779491913
0.972188185118741 0.009839661351321
0.970440384477113 0.010427450085653
0.968640994745946 0.011028742746892
0.966790213248601 0.011643138705996
0.964888242944126 0.012270204968879
0.962935292404997 0.012909510904918
0.960931575794250 0.013560605263760
0.958877312841991 0.014223033329878
0.956772728821300 0.014896325535258
0.954618054523534 0.015580003158156
0.952413526233010 0.016273572787829
0.950159385701097 0.016976526506455
0.947855880119706 0.017688358235205
0.945503262094184 0.018408536543702
0.943101789615607 0.019136531795002
0.940651726032496 0.019871799863656
0.938153340021932 0.020613772054138
0.935606905560095 0.021361891732429
0.933012701892219 0.022115582866100
0.930371013501972 0.022874250366377
0.927682130080253 0.023637305585785
0.924946346493432 0.024404131322915
0.922163962751008 0.025174116976017
0.919335283972712 0.025946637719051
0.916460620355050 0.026721049392132
0.913540287137281 0.027496710115855
0.910574604566852 0.028272969329706
0.907563897864277 0.029049168837229
0.904508497187474 0.029824623663015
0.901408737595557 0.030598634170277
0.898264959012098 0.031370516420303
0.895077506187845 0.032139638758413
0.891846728662920 0.032905403280794
0.888572980728485 0.033667492647462
0.885256621387895 0.034425817218501
0.881898014317321 0.035180323018617
0.878497527825878 0.035930949288703
0.875055534815230 0.036677673292218
0.871572412738697 0.037420489574772
0.868048543559867 0.038159452926228
0.864484313710706 0.038894646441024
0.860880114049181 0.039626188427328
0.857236339816402 0.040354236634351
0.853553390593274 0.041078981266709
0.849831670256683 0.041800652928156
0.846071586935203 0.042519516246809
0.842273552964344 0.043235873543244
0.838437984841330 0.043950071791547
0.834565303179429 0.044662500499852
0.830655932661826 0.045373592880803
0.826710301995053 0.046083813209538
0.822728843861975 0.046793641657260
0.818711994874345 0.047503587569986
0.814660195524919 0.048214214033182
0.810573890139155 0.048926189311635
0.806453526826488 0.049640290771522
0.802299557431188 0.050357343116467
0.798112437482808 0.051078056464160
0.793892626146237 0.051802742019034
0.789640586171339 0.052531669046632
0.785356783842216 0.053265094363721
0.781041688926065 0.054002999233325
0.776695774621672 0.054745081252443
0.772319517507513 0.055491019007524
0.767913397489498 0.056240489604869
0.763477897748339 0.056993241010262
0.759013504686565 0.057749059946943
0.754520707875186 0.058507721006181
0.750000000000000 0.059269000645567
0.745451876807570 0.060032641114032
0.740876837050858 0.060798376725139
0.736275382434527 0.061565937783248
0.731648017559931 0.062335048734659
0.726995249869773 0.063105438696761
0.722317589592464 0.063876832102700
0.717615549686164 0.064648947187070
0.712889645782536 0.065421505019566
0.708140396130201 0.066194214861808
0.703368321537900 0.066966794926543
0.698573945317390 0.067738946089075
0.693757793226052 0.068510374313370
0.688920393409234 0.069280693497125
0.684062276342339 0.070049433157317
0.679183974772650 0.070816125720081
0.674286023660908 0.071580286649571
0.669368960122646 0.072341426649159
0.664433323369292 0.073099045296385
0.659479654649035 0.073852642085423
0.654508497187474 0.074601698502694
0.649520396128043 0.075345706953982
0.644515898472236 0.076084162552840
0.639495553019615 0.076816562474982
0.634459910307633 0.077542407044991
0.629409522551260 0.078261192001268
0.624344943582428 0.078972392740800
0.619266728789291 0.079675433227811
0.614175435055328 0.080369722708228
0.609071620698271 0.081054676546718
0.603955845408880 0.081729700859566
0.598828670189563 0.082394379916604
0.593690657292862 0.083048520267394
0.588542370159792 0.083691956173304
0.583384373358051 0.084324524048704
0.578217232520115 0.084946073176074
0.573041514281206 0.085556604177351
0.567857786217152 0.086156237558046
0.562666616782152 0.086745099997706
0.557468575246433 0.087323329460417
0.552264231633827 0.087891058623262
0.547054156659257 0.088448371451851
0.541838921666158 0.088995330998832
0.536619098563816 0.089532006092115
0.531395259764657 0.090058469592263
0.526167978121472 0.090574809918375
0.520937826864600 0.091081206725371
0.515705379539064 0.091577876606922
0.510471209941678 0.092065033691000
0.505235892058123 0.092542904726904
0.500000000000000 0.093011629134751
0.494764107941877 0.093470894329709
0.489528790058322 0.093920250182352
0.484294620460936 0.094359252234158
0.479062173135400 0.094787458387562
0.473832021878528 0.095204389708949
0.468604740235343 0.095609369819171
0.463380901436184 0.096001676484875
0.458161078333842 0.096380591680278
0.452945843340743 0.096745413374095
0.447735768366173 0.097095464446568
0.442531424753567 0.097430145855853
0.437333383217848 0.097748889582312
0.432142213782848 0.098051137722550
0.426958485718794 0.098336344928296
0.421782767479885 0.098603948120197
0.416615626641949 0.098853291347026
0.411457629840209 0.099083714859947
0.406309342707138 0.099294574212730
0.401171329810437 0.099485242031228
0.396044154591120 0.099655411080815
0.390928379301729 0.099805519258573
0.385824564944672 0.099936116384583
0.380733271210710 0.100047752107085
0.375655056417573 0.100140978427117
0.370590477448740 0.100216451287042
0.365540089692367 0.100274990978445
0.360504446980385 0.100317426175322
0.355484101527764 0.100344579664654
0.350479603871957 0.100357262757827
0.345491502812526 0.100356199103155
0.340520345350965 0.100342035504584
0.335566676630708 0.100315411000574
0.330631039877354 0.100276958769693
0.325713976339092 0.100227344220408
0.320816025227350 0.100167466355529
0.315937723657661 0.100098304053094
0.311079606590766 0.100020819915931
0.306242206773949 0.099935955065307
0.301426054682610 0.099844073991063
0.296631678462100 0.099744439203922
0.291859603869799 0.099636209648176
0.287110354217464 0.099518573882316
0.282384450313836 0.099390657162048
0.277682410407536 0.099250754054697
0.273004750130227 0.099096754545697
0.268351982440069 0.098926619121965
0.263724617565473 0.098738385503910
0.259123162949143 0.098530264742045
0.254548123192430 0.098300690013144
0.250000000000000 0.098048174276122
0.245479292124815 0.097771300993201
0.240986495313435 0.097468715873790
0.236522102251661 0.097139130671958
0.232086602510502 0.096781321430209
0.227680482492487 0.096394124740649
0.223304225378328 0.095976400902786
0.218958311073935 0.095526813252385
0.214643216157784 0.095044014094221
0.210359413828661 0.094526726887462
0.206107373853763 0.093973948111175
0.201887562517192 0.093385840770920
0.197700442568813 0.092762962413255
0.193546473173512 0.092105881420608
0.189426109860845 0.091416005997624
0.185339804475081 0.090697802286646
0.181288005125655 0.089956307181646
0.177271156138025 0.089196405487848
0.173289698004947 0.088422467288510
0.169344067338174 0.087638124085271
0.165434696820571 0.086846809931247
0.161562015158670 0.086051891478852
0.157726447035656 0.085257268236371
0.153928413064797 0.084467073538933
0.150168329743317 0.083685217999187
0.146446609406726 0.082912655304062
0.142763660183598 0.082144028497198
0.139119885950819 0.081373449331102
0.135515686289294 0.080595209214076
0.131951456440133 0.079802744663573
0.128427587261303 0.078989314570975
0.124944465184770 0.078148564819594
0.121502472174122 0.077274786826385
0.118101985682679 0.076362817656941
0.114743378612105 0.075407725560968
0.111427019271515 0.074404197550714
0.108153271337080 0.073346287254505
0.104922493812155 0.072228129894432
0.101735040987902 0.071046207456329
0.098591262404443 0.069799951688068
0.095491502812526 0.068489532737765
0.092436102135723 0.067126270943964
0.089425395433148 0.065730954080122
0.086459712862719 0.064323851503907
0.083539379644950 0.062922229421016
0.080664716027288 0.061541517272188
0.077836037248993 0.060196129465343
0.075053653506568 0.058899409811611
0.072317869919747 0.057660787799837
0.069628986498028 0.056471970381043
0.066987298107781 0.055318252383962
0.064393094439905 0.054186501597433
0.061846659978068 0.053064908629257
0.059348273967504 0.051942878665810
0.056898210384393 0.050811099659071
0.054496737905816 0.049661100026842
0.052144119880294 0.048484628717931
0.049840614298903 0.047273696417986
0.047586473766990 0.046025397566466
0.045381945476466 0.044743579124717
0.043227271178700 0.043433014345469
0.041122687158010 0.042099476497577
0.039068424205750 0.040748457642592
0.037064707595003 0.039384555306388
0.035111757055874 0.038012111850571
0.033209786751399 0.036635274641232
0.031359005254054 0.035257946981989
0.029559615522887 0.033883687948425
0.027811814881260 0.032515966674268
0.026115794995207 0.031158060789795
0.024471741852423 0.029812635377589
0.022879835741862 0.028480579396770
0.021340251233966 0.027160197096723
0.019853157161529 0.025851513860191
0.018418716601171 0.024556297271633
0.017037086855466 0.023277601743651
0.015708419435685 0.022019303025825
0.014432860045182 0.020785914053802
0.013210548563420 0.019582174295572
0.012041619030626 0.018410921856047
0.010926199633097 0.017272488231822
0.009864412689139 0.016164297962850
0.008856374635656 0.015084563785952
0.007902196015379 0.014032354009789
0.007001981464748 0.013006823827722
0.006155829702431 0.012007439470232
0.005363833518506 0.011033738848837
0.004626079764278 0.010085359877488
0.003942649342761 0.009162116388377
0.003313617199802 0.008263763274746
0.002739052315863 0.007390161815769
0.002219017698460 0.006541224448012
0.001753570375248 0.005716843954159
0.001342761387771 0.004916938593869
0.000986635785864 0.004141457220462
0.000685232622713 0.003390356018911
0.000438584950571 0.002663660183197
0.000246719817134 0.001961268028988
0.000109658262577 0.001283171071927
0.000027415317244 0.000629356811338
0.000000000000000 0.000000000000000
0.000027415317244 -0.000605132581509
0.000109658262577 -0.001186015570671
0.000246719817134 -0.001742567392521
0.000438584950571 -0.002274894325072
0.000685232622713 -0.002782694545328
0.000986635785864 -0.003267211766964
0.001342761387771 -0.003732488542348
0.001753570375248 -0.004182997697553
0.002219017698460 -0.004620858887561
0.002739052315863 -0.005047178928593
0.003313617199802 -0.005462706182532
0.003942649342761 -0.005867894195425
0.004626079764278 -0.006262935805908
0.005363833518506 -0.006648112313602
0.006155829702431 -0.007023384608983
0.007001981464748 -0.007388918237266
0.007902196015379 -0.007744630757663
0.008856374635656 -0.008090576859219
0.009864412689139 -0.008426712170498
0.010926199633097 -0.008753009759891
0.012041619030626 -0.009069510292949
0.013210548563420 -0.009376138528424
0.014432860045182 -0.009672554454801
0.015708419435684 -0.009956395820081
0.017037086855466 -0.010224665167092
0.018418716601171 -0.010474995522380
0.019853157161528 -0.010705717301165
0.021340251233966 -0.010916113871339
0.022879835741862 -0.011106750702867
0.024471741852423 -0.011279564835209
0.026115794995207 -0.011438329592805
0.027811814881259 -0.011585899411412
0.029559615522887 -0.011722850031871
0.031359005254054 -0.011849423525427
0.033209786751399 -0.011965790630466
0.035111757055874 -0.012072318939039
0.037064707595003 -0.012169564339496
0.039068424205750 -0.012258186530473
0.041122687158009 -0.012339002279777
0.043227271178699 -0.012412938010303
0.045381945476466 -0.012481171741194
0.047586473766990 -0.012545236418367
0.049840614298903 -0.012606675535528
0.052144119880293 -0.012666576423526
0.054496737905816 -0.012725317021499
0.056898210384393 -0.012781067725981
0.059348273967504 -0.012831453647445
0.061846659978068 -0.012874137932170
0.064393094439905 -0.012906620373911
0.066987298107781 -0.012926150677988
0.069628986498028 -0.012929711428262
0.072317869919747 -0.012913843558216
0.075053653506568 -0.012874706615331
0.077836037248992 -0.012809479805621
0.080664716027288 -0.012716987040835
0.083539379644950 -0.012596334213328
0.086459712862719 -0.012447231112739
0.089425395433148 -0.012269592200547
0.092436102135723 -0.012063280450017
0.095491502812526 -0.011828132856137
0.098591262404443 -0.011564058645610
0.101735040987902 -0.011271023574174
0.104922493812155 -0.010949075073920
0.108153271337080 -0.010598294820910
0.111427019271514 -0.010218807659235
0.114743378612105 -0.009810819938125
0.118101985682679 -0.009374662520869
0.121502472174122 -0.008910768409119
0.124944465184770 -0.008419665924497
0.128427587261303 -0.007901998168147
0.131951456440133 -0.007358507897232
0.135515686289294 -0.006790057612687
0.139119885950819 -0.006197611861240
0.142763660183598 -0.005582262256400
0.146446609406726 -0.004945214198958
0.150168329743317 -0.004287798957833
0.153928413064796 -0.003611469051187
0.157726447035656 -0.002917823092218
0.161562015158669 -0.002208633003721
0.165434696820571 -0.001485804486268
0.169344067338174 -0.000751357496642
0.173289698004947 -0.000007351054703
0.177271156138025 0.000744047665856
0.181288005125655 0.001500541002297
0.185339804475081 0.002259446974680
0.189426109860845 0.003017802674547
0.193546473173511 0.003772517084907
0.197700442568812 0.004521055177581
0.201887562517192 0.005262002312390
0.206107373853763 0.005994040722104
0.210359413828660 0.006715937856246
0.214643216157784 0.007427594627548
0.218958311073935 0.008129562064590
0.223304225378328 0.008822430390589
0.227680482492486 0.009506762096435
0.232086602510501 0.010182880349090
0.236522102251661 0.010851080480867
0.240986495313435 0.011511680628664
0.245479292124814 0.012165068285423
0.250000000000000 0.012811723943863
0.254548123192429 0.013452165202484
0.259123162949142 0.014086937976397
0.263724617565473 0.014716595191483
0.268351982440069 0.015341671375262
0.273004750130227 0.015962722917003
0.277682410407536 0.016580331922850
0.282384450313836 0.017195159657966
0.287110354217464 0.017807989320789
0.291859603869799 0.018419652860111
0.296631678462100 0.019031006210106
0.301426054682609 0.019642582914794
0.306242206773948 0.020253618514073
0.311079606590766 0.020863037014819
0.315937723657661 0.021469735376189
0.320816025227350 0.022072575494223
0.325713976339092 0.022670240173892
0.330631039877354 0.023261298800654
0.335566676630708 0.023844298652099
0.340520345350965 0.024417761586839
0.345491502812526 0.024980244704110
0.350479603871956 0.025530369818488
0.355484101527764 0.026066758256125
0.360504446980385 0.026588012031547
0.365540089692367 0.027092697554084
0.370590477448739 0.027579146499321
0.375655056417572 0.028045567375928
0.380733271210709 0.028490153433187
0.385824564944672 0.028911091030328
0.390928379301728 0.029306943018194
0.396044154591120 0.029677252177465
0.401171329810437 0.030021722027204
0.406309342707137 0.030340062597759
0.411457629840208 0.030632023222910
0.416615626641949 0.030898198192747
0.421782767479884 0.031140140007793
0.426958485718794 0.031359474522964
0.432142213782848 0.031557848772622
0.437333383217848 0.031736905224004
0.442531424753567 0.031898049462870
0.447735768366173 0.032042546940931
0.452945843340743 0.032171676737306
0.458161078333842 0.032286733636359
0.463380901436184 0.032389063814062
0.468604740235343 0.032480259080152
0.473832021878528 0.032562004176665
0.479062173135400 0.032635995362002
0.484294620460935 0.032703936331584
0.489528790058321 0.032767304003563
0.494764107941877 0.032826759320859
0.500000000000000 0.032882785710047
0.505235892058122 0.032935868781998
0.510471209941678 0.032986493345570
0.515705379539064 0.033034758007503
0.520937826864600 0.033079894200761
0.526167978121472 0.033121017985291
0.531395259764656 0.033157250108901
0.536619098563816 0.033187718065662
0.541838921666157 0.033211672307738
0.547054156659257 0.033228535757467
0.552264231633827 0.033237750300111
0.557468575246433 0.033238764468896
0.562666616782152 0.033231030102325
0.567857786217152 0.033213934897195
0.573041514281206 0.033186814018484
0.578217232520115 0.033149010465981
0.583384373358051 0.033099878888989
0.588542370159791 0.033038812400801
0.593690657292862 0.032965422794147
0.598828670189563 0.032879423614660
0.603955845408879 0.032780538677048
0.609071620698271 0.032668500696400
0.614175435055328 0.032543125292908
0.619266728789290 0.032404448605228
0.624344943582427 0.032252552660487
0.629409522551260 0.032087524521578
0.634459910307633 0.031909455953423
0.639495553019614 0.031718413593585
0.644515898472235 0.031514437826733
0.649520396128043 0.031297573403985
0.654508497187474 0.031067872808136
0.659479654649035 0.030825396857629
0.664433323369291 0.030570219609275
0.669368960122646 0.030302421604720
0.674286023660907 0.030022094656584
0.679183974772650 0.029729332598512
0.684062276342339 0.029424252437141
0.688920393409233 0.029106988651746
0.693757793226051 0.028777681403204
0.698573945317390 0.028436478528247
0.703368321537900 0.028083746938080
0.708140396130200 0.027720298128211
0.712889645782536 0.027346992084659
0.717615549686163 0.026964674451941
0.722317589592464 0.026574173598902
0.726995249869773 0.026176282202767
0.731648017559930 0.025771774702821
0.736275382434527 0.025361414219716
0.740876837050857 0.024945943307959
0.745451876807570 0.024526102060516
0.750000000000000 0.024102607811519
0.754520707875185 0.023676167456047
0.759013504686565 0.023247463927486
0.763477897748338 0.022817158332996
0.767913397489498 0.022385889234863
0.772319517507513 0.021954282294589
0.776695774621672 0.021522943913809
0.781041688926065 0.021092484377420
0.785356783842216 0.020663494503434
0.789640586171339 0.020236535216884
0.793892626146236 0.019812096208695
0.798112437482808 0.019390586622529
0.802299557431187 0.018972403546554
0.806453526826488 0.018557899912082
0.810573890139155 0.018147302076420
0.814660195524918 0.017740800566903
0.818711994874345 0.017338575623371
0.822728843861975 0.016940821938287
0.826710301995052 0.016547733918635
0.830655932661826 0.016159494288839
0.834565303179429 0.015776279202884
0.838437984841330 0.015398245870338
0.842273552964344 0.015025538247954
0.846071586935203 0.014658299833964
0.849831670256683 0.014296658096714
0.853553390593274 0.013940736349698
0.857236339816401 0.013590647703268
0.860880114049181 0.013246489789646
0.864484313710706 0.012908359359466
0.868048543559867 0.012576337726147
0.871572412738697 0.012250504671883
0.875055534815230 0.011930931064036
0.878497527825878 0.011617671635171
0.881898014317321 0.011310764731734
0.885256621387894 0.011010238191458
0.888572980728485 0.010716150789413
0.891846728662920 0.010428577140330
0.895077506187845 0.010147545709569
0.898264959012098 0.009872842441479
0.901408737595557 0.009604177420017
0.904508497187474 0.009341187111293
0.907563897864277 0.009083393725922
0.910574604566852 0.008830351559459
0.913540287137281 0.008581689200218
0.916460620355049 0.008337077826731
0.919335283972712 0.008096212121380
0.922163962751007 0.007858808571411
0.924946346493432 0.007624614573565
0.927682130080253 0.007393412474784
0.930371013501972 0.007165005779358
0.933012701892219 0.006939227601832
0.935606905560095 0.006715937728947
0.938153340021932 0.006495017201904
0.940651726032496 0.006276372415465
0.943101789615607 0.006059934675395
0.945503262094184 0.005845652480418
0.947855880119706 0.005633500520991
0.950159385701097 0.005423468584175
0.952413526233010 0.005215567948578
0.954618054523534 0.005009824747887
0.956772728821300 0.004806286977681
0.958877312841991 0.004605012101950
0.960931575794250 0.004406076356269
0.962935292404997 0.004209567354272
0.964888242944126 0.004015588903783
0.966790213248601 0.003824252853219
0.968640994745946 0.003635682616234
0.970440384477113 0.003450012897853
0.972188185118740 0.003267385059092
0.973884205004793 0.003087949501435
0.975528258147577 0.002911862239402
0.977120164258138 0.002739286483360
0.978659748766034 0.002570388042138
0.980146842838471 0.002405339341974
0.981581283398829 0.002244316213377
0.982962913144534 0.002087492163212
0.984291580564316 0.001935045805601
0.985567139954818 0.001787156899407
0.986789451436580 0.001644001422758
0.987958380969374 0.001505757467036
0.989073800366903 0.001372597801558
0.990135587310861 0.001244695083265
0.991143625364344 0.001122216651490
0.992097803984621 0.001005327629584
0.992998018535252 0.000894186467960
0.993844170297569 0.000788947844731
0.994636166481494 0.000689758761366
0.995373920235722 0.000596760817273
0.996057350657239 0.000510085738835
0.996686382800198 0.000429860710440
0.997260947684137 0.000356202056589
0.997780982301540 0.000289221041823
0.998246429624752 0.000229013589737
0.998657238612229 0.000175674427802
0.999013364214136 0.000129281606860
0.999314767377287 0.000089903843145
0.999561415049429 0.000057605786784
0.999753280182866 0.000032433302938
0.999890341737423 0.000014423676948
0.999972584682756 0.000003607185745
1.000000000000000 0.000000000000000
