1.000000000000000 0.000000000000000
0.999972584682756 0.000008683130522
0.999890341737423 0.000034731569328
0.999753280182866 0.000078114794374
0.999561415049429 0.000138789402482
0.999314767377287 0.000216710259337
0.999013364214136 0.000311797484582
0.998657238612229 0.000423964297257
0.998246429624752 0.000553106207732
0.997780982301540 0.000699112290752
0.997260947684137 0.000861843536237
0.996686382800198 0.001041155197452
0.996057350657239 0.001236886215999
0.995373920235722 0.001448865129708
0.994636166481494 0.001676905110139
0.993844170297569 0.001920809918631
0.992998018535252 0.002180363686387
0.992097803984621 0.002455347709771
0.991143625364344 0.002745535610785
0.990135587310861 0.003050688647906
0.989073800366903 0.003370556476266
0.987958380969374 0.003704877949295
0.986789451436580 0.004053397641495
0.985567139954818 0.004415845526983
0.984291580564316 0.004791943178273
0.982962913144534 0.005181420133877
0.981581283398829 0.005583993973359
0.980146842838472 0.005999371437581
0.978659748766034 0.006427279927012
0.977120164258138 0.006867432615304
0.975528258147577 0.007319539783926
0.973884205004793 0.007783324788839
0.972188185118741 0.008258504974639
0.970440384477113 0.008744807619815
0.968640994745946 0.009241961018641
0.966790213248601 0.009749705300819
0.964888242944126 0.010267778816034
0.962935292404997 0.010795929039836
0.960931575794250 0.011333927757610
0.958877312841991 0.011881533954094
0.956772728821300 0.012438542398305
0.954618054523534 0.013004737380955
0.952413526233010 0.013579936118748
0.950159385701097 0.014163961562736
0.947855880119706 0.014756648391238
0.945503262094184 0.015357853111991
0.943101789615607 0.015967459547613
0.940651726032496 0.016585352641405
0.938153340021932 0.017211451246749
0.935606905560095 0.017845690924327
0.933012701892219 0.018488025195474
0.930371013501972 0.019138439664158
0.927682130080253 0.019796935583354
0.924946346493432 0.020463548093878
0.922163962751008 0.021138333995885
0.919335283972712 0.021821372923037
0.916460620355050 0.022512782261965
0.913540287137281 0.023212704629305
0.910574604566852 0.023921314502317
0.907563897864277 0.024638805683218
0.904508497187474 0.025365415934492
0.901408737595557 0.026101434334837
0.898264959012098 0.026847157240668
0.895077506187845 0.027602630423035
0.891846728662920 0.028367674082074
0.888572980728485 0.029142083299798
0.885256621387895 0.029925624946300
0.881898014317321 0.030718066433106
0.878497527825878 0.031519148177833
0.875055534815230 0.032328618465462
0.871572412738697 0.033146213232771
0.868048543559867 0.033971658962572
0.864484313710706 0.034804660299788
0.860880114049181 0.035644925779245
0.857236339816402 0.036492142795884
0.853553390593274 0.037346002507758
0.849831670256683 0.038206170756872
0.846071586935203 0.039072313133796
0.842273552964344 0.039944078347526
0.838437984841330 0.040821114417782
0.834565303179429 0.041703046599090
0.830655932661826 0.042589498510518
0.826710301995053 0.043480077044748
0.822728843861975 0.044374388959681
0.818711994874345 0.045272033116959
0.814660195524919 0.046172600476059
0.810573890139155 0.047075660359695
0.806453526826488 0.047980754125289
0.802299557431188 0.048887402424927
0.798112437482808 0.049795152524516
0.793892626146237 0.050703825038863
0.789640586171339 0.051613411058812
0.785356783842216 0.052523922208499
0.781041688926065 0.053435389103040
0.776695774621672 0.054347879092805
0.772319517507513 0.055261493122748
0.767913397489498 0.056176330066653
0.763477897748339 0.057092513986686
0.759013504686565 0.058010159637716
0.754520707875186 0.058929412649849
0.750000000000000 0.059850415912157
0.745451876807570 0.060773319655003
0.740876837050858 0.061698285557889
0.736275382434527 0.062625475666374
0.731648017559931 0.063555069364887
0.726995249869773 0.064487297306150
0.722317589592464 0.065422440562218
0.717615549686164 0.066360798242682
0.712889645782536 0.067302667584402
0.708140396130201 0.068248233295664
0.703368321537900 0.069197512009752
0.698573945317390 0.070150530076849
0.693757793226052 0.071107309060946
0.688920393409234 0.072067532262182
0.684062276342339 0.073030109375825
0.679183974772650 0.073993822340430
0.674286023660908 0.074957425653033
0.669368960122646 0.075919663840132
0.664433323369292 0.076879347598919
0.659479654649035 0.077835311066883
0.654508497187474 0.078786358864232
0.649520396128043 0.079731291716322
0.644515898472236 0.080668897718719
0.639495553019615 0.081597950603777
0.634459910307633 0.082517213944676
0.629409522551260 0.083425452180277
0.624344943582428 0.084321393549688
0.619266728789291 0.085203670002020
0.614175435055328 0.086070855945271
0.609071620698271 0.086921517071700
0.603955845408880 0.087754218631967
0.598828670189563 0.088567794245534
0.593690657292862 0.089361973998521
0.588542370159792 0.090136669004513
0.583384373358051 0.090891801336509
0.578217232520115 0.091627299834520
0.573041514281206 0.092343223426272
0.567857786217152 0.093039826282199
0.562666616782152 0.093717402821279
0.557468575246433 0.094376250368213
0.552264231633827 0.095016679337058
0.547054156659257 0.095638960214689
0.541838921666158 0.096243330143485
0.536619098563816 0.096830029896727
0.531395259764657 0.097399306622209
0.526167978121472 0.097951413086890
0.520937826864600 0.098486638515723
0.515705379539064 0.099005300961995
0.510471209941678 0.099507723635158
0.505235892058123 0.099994241321399
0.500000000000000 0.100465180519113
0.494764107941877 0.100920710142015
0.489528790058322 0.101360849933532
0.484294620460936 0.101785622357892
0.479062173135400 0.102195056359730
0.473832021878528 0.102589183608702
0.468604740235343 0.102968019733588
0.463380901436184 0.103331562982506
0.458161078333842 0.103679820627406
0.452945843340743 0.104012803240076
0.447735768366173 0.104330528253965
0.442531424753567 0.104633026075833
0.437333383217848 0.104920334895816
0.432142213782848 0.105192503924866
0.426958485718794 0.105449582991627
0.421782767479885 0.105691629829675
0.416615626641949 0.105918712049193
0.411457629840209 0.106130902696620
0.406309342707138 0.106328281345319
0.401171329810437 0.106510933681081
0.396044154591120 0.106678926971700
0.390928379301729 0.106832072913488
0.385824564944672 0.106970020991042
0.380733271210710 0.107092432099831
0.375655056417573 0.107198979239547
0.370590477448740 0.107289346328645
0.365540089692367 0.107363225432346
0.360504446980385 0.107420318195427
0.355484101527764 0.107460340273047
0.350479603871957 0.107483021275269
0.345491502812526 0.107488106886226
0.340520345350965 0.107475362920150
0.335566676630708 0.107444571495696
0.330631039877354 0.107395529443236
0.325713976339092 0.107328048287435
0.320816025227350 0.107241949431407
0.315937723657661 0.107137057759281
0.311079606590766 0.107013212270920
0.306242206773949 0.106870267536517
0.301426054682610 0.106708101497545
0.296631678462100 0.106526691581756
0.291859603869799 0.106326099120073
0.287110354217464 0.106106398496245
0.282384450313836 0.105867675842892
0.277682410407536 0.105610036906280
0.273004750130227 0.105333626932522
0.268351982440069 0.105038610016036
0.263724617565473 0.104725154918564
0.259123162949143 0.104393448762693
0.254548123192430 0.104043676738007
0.250000000000000 0.103676033959982
0.245479292124815 0.103290724869308
0.240986495313435 0.102887964453340
0.236522102251661 0.102467974733938
0.232086602510502 0.102030985915598
0.227680482492487 0.101577237088895
0.223304225378328 0.101106976460647
0.218958311073935 0.100620475744894
0.214643216157784 0.100118040735886
0.210359413828661 0.099599992391639
0.206107373853763 0.099066658814515
0.201887562517192 0.098518335955499
0.197700442568813 0.097955183663107
0.193546473173512 0.097377348441219
0.189426109860845 0.096784998070213
0.185339804475081 0.096178264688041
0.181288005125655 0.095557169412049
0.177271156138025 0.094921734508612
0.173289698004947 0.094272019885408
0.169344067338174 0.093608178714385
0.165434696820571 0.092930525540140
0.161562015158670 0.092239385958034
0.157726447035656 0.091535080802582
0.153928413064797 0.090817577798677
0.150168329743317 0.090086659885930
0.146446609406726 0.089342145211939
0.142763660183598 0.088583227976296
0.139119885950819 0.087807262098102
0.135515686289294 0.087011425833522
0.131951456440133 0.086193087508682
0.128427587261303 0.085349902019651
0.124944465184770 0.084479750861913
0.121502472174122 0.083580672018042
0.118101985682679 0.082650894717250
0.114743378612105 0.081688868194371
0.111427019271515 0.080693154549812
0.108153271337080 0.079662135153985
0.104922493812155 0.078593562874601
0.101735040987902 0.077485182383236
0.098591262404443 0.076336810670180
0.095491502812526 0.075153746663983
0.092436102135723 0.073942086665695
0.089425395433148 0.072708456036947
0.086459712862719 0.071460689937837
0.083539379644950 0.070206520221511
0.080664716027288 0.068953831405649
0.077836037248993 0.067710707541935
0.075053653506568 0.066483863998822
0.072317869919747 0.065272087597768
0.069628986498028 0.064070181295707
0.066987298107781 0.062872201993607
0.064393094439905 0.061669160509405
0.061846659978068 0.060452186227778
0.059348273967504 0.059213891065599
0.056898210384393 0.057948116912394
0.054496737905816 0.056648595347640
0.052144119880294 0.055308182862849
0.049840614298903 0.053920447260389
0.047586473766990 0.052485954240597
0.045381945476466 0.051008647211406
0.043227271178700 0.049494886843156
0.041122687158010 0.047953087789053
0.039068424205750 0.046390841399803
0.037064707595003 0.044814783459899
0.035111757055874 0.043231527397367
0.033209786751399 0.041647524708611
0.031359005254054 0.040068952606390
0.029559615522887 0.038501603381168
0.027811814881260 0.036951177746775
0.026115794995207 0.035422970348545
0.024471741852423 0.033921363821018
0.022879835741862 0.032447178071448
0.021340251233966 0.030996700031680
0.019853157161529 0.029567550646503
0.018418716601171 0.028158867925937
0.017037086855466 0.026771057577532
0.015708419435685 0.025405575894871
0.014432860045182 0.024064810751953
0.013210548563420 0.022752431726494
0.012041619030626 0.021470157489755
0.010926199633097 0.020217738704183
0.009864412689139 0.018992958288678
0.008856374635656 0.017793841788502
0.007902196015379 0.016619394558211
0.007001981464748 0.015468668880421
0.006155829702431 0.014341016608534
0.005363833518506 0.013235918781813
0.004626079764278 0.012152951807128
0.003942649342761 0.011091788688929
0.003313617199802 0.010052160042549
0.002739052315863 0.009033871606485
0.002219017698460 0.008036754681820
0.001753570375248 0.007060708077801
0.001342761387771 0.006105577740447
0.000986635785864 0.005171282605882
0.000685232622713 0.004257736301787
0.000438584950571 0.003364944524204
0.000246719817134 0.002492768297983
0.000109658262577 0.001641174009701
0.000027415317244 0.000810311466782
0.000000000000000 0.000000000000000
0.000027415317244 -0.000789799615139
0.000109658262577 -0.001558990922075
0.000246719817134 -0.002307685389669
0.000438584950571 -0.003035865947576
0.000685232622713 -0.003743447719859
0.000986635785864 -0.004430745046331
0.001342761387771 -0.005100723603936
0.001753570375248 -0.005758448405468
0.002219017698460 -0.006405999586011
0.002739052315863 -0.007043999089404
0.003313617199802 -0.007672211123223
0.003942649342761 -0.008289846354400
0.004626079764278 -0.008895641139394
0.005363833518506 -0.009488052103520
0.006155829702431 -0.010065038295361
0.007001981464748 -0.010624268656979
0.007902196015379 -0.011162964652789
0.008856374635656 -0.011677701166710
0.009864412689139 -0.012164505076351
0.010926199633097 -0.012618584642251
0.012041619030626 -0.013034207334485
0.013210548563420 -0.013403055022318
0.014432860045182 -0.013716983303945
0.015708419435684 -0.013971684424866
0.017037086855466 -0.014165100850713
0.018418716601171 -0.014298796438963
0.019853157161528 -0.014376379466131
0.021340251233966 -0.014404011166243
0.022879835741862 -0.014390943511531
0.024471741852423 -0.014349853363907
0.026115794995207 -0.014295864616224
0.027811814881259 -0.014244216138113
0.029559615522887 -0.014198179062164
0.031359005254054 -0.014156963293577
0.033209786751399 -0.014120423160492
0.035111757055874 -0.014088419904734
0.037064707595003 -0.014060493389179
0.039068424205750 -0.014036034764683
0.041122687158009 -0.014014352007717
0.043227271178699 -0.013994626840050
0.045381945476466 -0.013975916148011
0.047586473766990 -0.013957060728437
0.049840614298903 -0.013936576541646
0.052144119880293 -0.013913119155921
0.054496737905816 -0.013886269728788
0.056898210384393 -0.013855874721628
0.059348273967504 -0.013822207496227
0.061846659978068 -0.013785695701750
0.064393094439905 -0.013746723396157
0.066987298107781 -0.013705681857238
0.069628986498028 -0.013663080134002
0.072317869919747 -0.013619547124110
0.075053653506568 -0.013575675414861
0.077836037248992 -0.013531901160526
0.080664716027288 -0.013488601413390
0.083539379644950 -0.013445729468472
0.086459712862719 -0.013403052511626
0.089425395433148 -0.013360361114329
0.092436102135723 -0.013317488173700
0.095491502812526 -0.013274249550055
0.098591262404443 -0.013230422073996
0.101735040987902 -0.013185755736386
0.104922493812155 -0.013140075657206
0.108153271337080 -0.013093390283741
0.111427019271514 -0.013045732736688
0.114743378612105 -0.012997138343054
0.118101985682679 -0.012947643063855
0.121502472174122 -0.012897287762287
0.124944465184770 -0.012846116034133
0.128427587261303 -0.012794175449962
0.131951456440133 -0.012741517713118
0.135515686289294 -0.012688198250984
0.139119885950819 -0.012634276330295
0.142763660183598 -0.012579814657589
0.146446609406726 -0.012524878148089
0.150168329743317 -0.012469534131933
0.153928413064796 -0.012413848777205
0.157726447035656 -0.012357840751457
0.161562015158669 -0.012301495288959
0.165434696820571 -0.012244796009431
0.169344067338174 -0.012187725746057
0.173289698004947 -0.012130268855458
0.177271156138025 -0.012072407757093
0.181288005125655 -0.012014122385336
0.185339804475081 -0.011955388811966
0.189426109860845 -0.011896179957069
0.193546473173511 -0.011836467816760
0.197700442568812 -0.011776231907806
0.201887562517192 -0.011715456398953
0.206107373853763 -0.011654125707651
0.210359413828660 -0.011592227727915
0.214643216157784 -0.011529771084288
0.218958311073935 -0.011466770227447
0.223304225378328 -0.011403240303555
0.227680482492486 -0.011339194584535
0.232086602510501 -0.011274643702629
0.236522102251661 -0.011209598438962
0.240986495313435 -0.011144069539639
0.245479292124814 -0.011078068609644
0.250000000000000 -0.011011609099659
0.254548123192429 -0.010944703695964
0.259123162949142 -0.010877366145769
0.263724617565473 -0.010809609878727
0.268351982440069 -0.010741448749774
0.273004750130227 -0.010672896011616
0.277682410407536 -0.010603965688891
0.282384450313836 -0.010534672772523
0.287110354217464 -0.010465032672133
0.291859603869799 -0.010395061645660
0.296631678462100 -0.010324775920549
0.301426054682609 -0.010254190158702
0.306242206773948 -0.010183313066088
0.311079606590766 -0.010112152600575
0.315937723657661 -0.010040716971462
0.320816025227350 -0.009969013642673
0.325713976339092 -0.009897048851332
0.330631039877354 -0.009824828081524
0.335566676630708 -0.009752357279917
0.340520345350965 -0.009679641520019
0.345491502812526 -0.009606686866450
0.350479603871956 -0.009533499168694
0.355484101527764 -0.009460084258698
0.360504446980385 -0.009386448459015
0.365540089692367 -0.009312597469993
0.370590477448739 -0.009238537466896
0.375655056417572 -0.009164273373301
0.380733271210709 -0.009089811141046
0.385824564944672 -0.009015156141345
0.390928379301728 -0.008940314004670
0.396044154591120 -0.008865291278154
0.401171329810437 -0.008790094975506
0.406309342707137 -0.008714731443617
0.411457629840208 -0.008639207735271
0.416615626641949 -0.008563531904027
0.421782767479884 -0.008487712596645
0.426958485718794 -0.008411759457358
0.432142213782848 -0.008335681526767
0.437333383217848 -0.008259487989307
0.442531424753567 -0.008183188180730
0.447735768366173 -0.008106790463368
0.452945843340743 -0.008030304344121
0.458161078333842 -0.007953738511078
0.463380901436184 -0.007877101607613
0.468604740235343 -0.007800402801405
0.473832021878528 -0.007723651690317
0.479062173135400 -0.007646856867145
0.484294620460935 -0.007570027794927
0.489528790058321 -0.007493173350300
0.494764107941877 -0.007416302616245
0.500000000000000 -0.007339424135565
0.505235892058122 -0.007262547288944
0.510471209941678 -0.007185680304695
0.515705379539064 -0.007108832512291
0.520937826864600 -0.007032011584639
0.526167978121472 -0.006955226411421
0.531395259764656 -0.006878485205859
0.536619098563816 -0.006801796365895
0.541838921666157 -0.006725167894390
0.547054156659257 -0.006648608235473
0.552264231633827 -0.006572126216504
0.557468575246433 -0.006495729852234
0.562666616782152 -0.006419427363284
0.567857786217152 -0.006343227362561
0.573041514281206 -0.006267138079704
0.578217232520115 -0.006191168133296
0.583384373358051 -0.006115325404840
0.588542370159791 -0.006039618350359
0.593690657292862 -0.005964055191001
0.598828670189563 -0.005888644330975
0.603955845408879 -0.005813393496804
0.609071620698271 -0.005738311170536
0.614175435055328 -0.005663405104055
0.619266728789290 -0.005588683121442
0.624344943582427 -0.005514153422042
0.629409522551260 -0.005439823267719
0.634459910307633 -0.005365700997497
0.639495553019614 -0.005291794220914
0.644515898472235 -0.005218110815820
0.649520396128043 -0.005144657970531
0.654508497187474 -0.005071444078180
0.659479654649035 -0.004998476851054
0.664433323369291 -0.004925763682898
0.669368960122646 -0.004853312255225
0.674286023660907 -0.004781130811269
0.679183974772650 -0.004709226405744
0.684062276342339 -0.004637606897690
0.688920393409233 -0.004566279815200
0.693757793226051 -0.004495252432729
0.698573945317390 -0.004424532345474
0.703368321537900 -0.004354127669365
0.708140396130200 -0.004284046745647
0.712889645782536 -0.004214298017145
0.717615549686163 -0.004144890475273
0.722317589592464 -0.004075832691533
0.726995249869773 -0.004007132704427
0.731648017559930 -0.003938799627450
0.736275382434527 -0.003870841900616
0.740876837050857 -0.003803267802479
0.745451876807570 -0.003736085673636
0.750000000000000 -0.003669303722885
0.754520707875185 -0.003602930052574
0.759013504686565 -0.003536973103481
0.763477897748338 -0.003471440152494
0.767913397489498 -0.003406339707991
0.772319517507513 -0.003341679377621
0.776695774621672 -0.003277466789974
0.781041688926065 -0.003213709818287
0.785356783842216 -0.003150416331554
0.789640586171339 -0.003087593432792
0.793892626146236 -0.003025248458825
0.798112437482808 -0.002963388668042
0.802299557431187 -0.002902020857295
0.806453526826488 -0.002841151220220
0.810573890139155 -0.002780783631947
0.814660195524918 -0.002720921868327
0.818711994874345 -0.002661569546843
0.822728843861975 -0.002602730470819
0.826710301995052 -0.002544408908855
0.830655932661826 -0.002486609190092
0.834565303179429 -0.002429335408091
0.838437984841330 -0.002372592049031
0.842273552964344 -0.002316382888792
0.846071586935203 -0.002260712499867
0.849831670256683 -0.002205585669829
0.853553390593274 -0.002151006355399
0.857236339816401 -0.002096979614149
0.860880114049181 -0.002043510015639
0.864484313710706 -0.001990601989501
0.868048543559867 -0.001938260365738
0.871572412738697 -0.001886490142588
0.875055534815230 -0.001835295837101
0.878497527825878 -0.001784682474532
0.881898014317321 -0.001734654936313
0.885256621387894 -0.001685218240100
0.888572980728485 -0.001636377375397
0.891846728662920 -0.001588137365758
0.895077506187845 -0.001540503326631
0.898264959012098 -0.001493479965283
0.901408737595557 -0.001447073020192
0.904508497187474 -0.001401289771967
0.907563897864277 -0.001356140031579
0.910574604566852 -0.001311633596120
0.913540287137281 -0.001267779797553
0.916460620355049 -0.001224587297868
0.919335283972712 -0.001182064966096
0.922163962751007 -0.001140220881218
0.924946346493432 -0.001099062498822
0.927682130080253 -0.001058597333512
0.930371013501972 -0.001018832235409
0.933012701892219 -0.000979774055343
0.935606905560095 -0.000941428999145
0.938153340021932 -0.000903802816021
0.940651726032496 -0.000866901184316
0.943101789615607 -0.000830729814211
0.945503262094184 -0.000795292931132
0.947855880119706 -0.000760595792824
0.950159385701097 -0.000726642765073
0.952413526233010 -0.000693437630931
0.954618054523534 -0.000660984196970
0.956772728821300 -0.000629286449689
0.958877312841991 -0.000598347468609
0.960931575794250 -0.000568170108170
0.962935292404997 -0.000538757811530
0.964888242944126 -0.000510112613727
0.966790213248601 -0.000482237210119
0.968640994745946 -0.000455133906437
0.970440384477113 -0.000428804354077
0.972188185118740 -0.000403250882591
0.973884205004793 -0.000378474731931
0.975528258147577 -0.000354477481855
0.977120164258138 -0.000331261056902
0.978659748766034 -0.000308825859048
0.980146842838471 -0.000287173405964
0.981581283398829 -0.000266304369594
0.982962913144534 -0.000246220013187
0.984291580564316 -0.000226920820758
0.985567139954818 -0.000208407355891
0.986789451436580 -0.000190680350828
0.987958380969374 -0.000173740008399
0.989073800366903 -0.000157586858705
0.990135587310861 -0.000142221264873
0.991143625364344 -0.000127643183953
0.992097803984621 -0.000113853187717
0.992998018535252 -0.000100851047472
0.993844170297569 -0.000088637002980
0.994636166481494 -0.000077211247989
0.995373920235722 -0.000066573713443
0.996057350657239 -0.000056724607010
0.996686382800198 -0.000047663494809
0.997260947684137 -0.000039390667926
0.997780982301540 -0.000031905640200
0.998246429624752 -0.000025209175198
0.998657238612229 -0.000019300521279
0.999013364214136 -0.000014179594554
0.999314767377287 -0.000009846888677
0.999561415049429 -0.000006301870856
0.999753280182866 -0.000003544931570
0.999890341737423 -0.000001575492003
0.999972584682756 -0.000000393860806
1.000000000000000 0.000000000000000
