1.000000000000000 0.000000000000000
0.999972584682756 0.000005882897220
0.999890341737423 0.000023542042937
0.999753280182866 0.000052973792493
0.999561415049429 0.000094195374351
0.999314767377287 0.000147221513466
0.999013364214136 0.000212068248558
0.998657238612229 0.000288760641612
0.998246429624752 0.000377328795189
0.997780982301540 0.000477799921591
0.997260947684137 0.000590209916809
0.996686382800198 0.000714595395124
0.996057350657239 0.000850997427388
0.995373920235722 0.000999465298677
0.994636166481494 0.001160044519701
0.993844170297569 0.001332788399790
0.992998018535252 0.001517745979727
0.992097803984621 0.001714973614027
0.991143625364344 0.001924526799827
0.990135587310861 0.002146467836071
0.989073800366903 0.002380857589815
0.987958380969374 0.002627759156871
0.986789451436580 0.002887225488171
0.985567139954818 0.003159331147775
0.984291580564316 0.003444127780868
0.982962913144534 0.003741683964059
0.981581283398829 0.004052060673068
0.980146842838472 0.004375318945364
0.978659748766034 0.004711511308919
0.977120164258138 0.005060701778406
0.975528258147577 0.005422936815496
0.973884205004793 0.005798273565389
0.972188185118741 0.006186754762411
0.970440384477113 0.006588428879145
0.968640994745946 0.007003328967086
0.966790213248601 0.007431492917590
0.964888242944126 0.007872946354224
0.962935292404997 0.008327714661937
0.960931575794250 0.008795814137092
0.958877312841991 0.009277255686499
0.956772728821300 0.009772035848259
0.954618054523534 0.010280153227835
0.952413526233010 0.010801595316179
0.950159385701097 0.011336329382489
0.947855880119706 0.011884327571334
0.945503262094184 0.012445540759590
0.943101789615607 0.013019923797022
0.940651726032496 0.013607404895896
0.938153340021932 0.014207906623115
0.935606905560095 0.014821341119312
0.933012701892219 0.015447600925616
0.930371013501972 0.016086575861645
0.927682130080253 0.016738135163510
0.924946346493432 0.017402131323259
0.922163962751008 0.018078403998121
0.919335283972712 0.018766783980602
0.916460620355050 0.019467079535408
0.913540287137281 0.020179080264640
0.910574604566852 0.020902561185394
0.907563897864277 0.021637291517947
0.904508497187474 0.022383007716090
0.901408737595557 0.023139433867893
0.898264959012098 0.023906272180365
0.895077506187845 0.024683209378275
0.891846728662920 0.025469925723201
0.888572980728485 0.026266068847125
0.885256621387895 0.027071269417784
0.881898014317321 0.027885103537495
0.878497527825878 0.028707161192850
0.875055534815230 0.029537238231529
0.871572412738697 0.030375272763623
0.868048543559867 0.031221213892226
0.864484313710706 0.032075056775892
0.860880114049181 0.032936812391491
0.857236339816402 0.033806503921816
0.853553390593274 0.034684156223923
0.849831670256683 0.035569798151116
0.846071586935203 0.036463465224067
0.842273552964344 0.037365214393171
0.838437984841330 0.038275105081554
0.834565303179429 0.039193215647894
0.830655932661826 0.040119625457122
0.826710301995053 0.041054428573486
0.822728843861975 0.041997730092111
0.818711994874345 0.042949639520824
0.814660195524919 0.043910291236455
0.810573890139155 0.044879817748743
0.806453526826488 0.045858366133287
0.802299557431188 0.046846088060124
0.798112437482808 0.047843136818702
0.793892626146237 0.048849682375172
0.789640586171339 0.049865951279143
0.785356783842216 0.050892173303794
0.781041688926065 0.051928593910704
0.776695774621672 0.052975173845781
0.772319517507513 0.054031431557343
0.767913397489498 0.055096839213707
0.763477897748339 0.056170839198031
0.759013504686565 0.057252825967079
0.754520707875186 0.058342153388894
0.750000000000000 0.059438141728613
0.745451876807570 0.060540100860494
0.740876837050858 0.061647321477474
0.736275382434527 0.062759077856146
0.731648017559931 0.063874617619181
0.726995249869773 0.064993172624339
0.722317589592464 0.066113983741215
0.717615549686164 0.067236264857368
0.712889645782536 0.068359219270559
0.708140396130201 0.069482035739118
0.703368321537900 0.070603817989793
0.698573945317390 0.071723636128664
0.693757793226052 0.072840523969161
0.688920393409234 0.073953523947255
0.684062276342339 0.075061870644946
0.679183974772650 0.076165087356684
0.674286023660908 0.077262714025881
0.669368960122646 0.078354281850752
0.664433323369292 0.079439382562384
0.659479654649035 0.080517824362737
0.654508497187474 0.081589455308072
0.649520396128043 0.082654140511760
0.644515898472236 0.083711740385257
0.639495553019615 0.084762078648063
0.634459910307633 0.085804927932342
0.629409522551260 0.086840074303933
0.624344943582428 0.087867300213409
0.619266728789291 0.088886409857784
0.614175435055328 0.089897289149384
0.609071620698271 0.090899859325542
0.603955845408880 0.091894050456458
0.598828670189563 0.092879783420326
0.593690657292862 0.093856885974752
0.588542370159792 0.094824892692115
0.583384373358051 0.095783306616538
0.578217232520115 0.096731632881984
0.573041514281206 0.097669367210271
0.567857786217152 0.098595731571603
0.562666616782152 0.099509535587045
0.557468575246433 0.100409564540147
0.552264231633827 0.101294600095541
0.547054156659257 0.102163431326389
0.541838921666158 0.103014939731046
0.536619098563816 0.103848113725113
0.531395259764657 0.104661947974680
0.526167978121472 0.105455451047366
0.520937826864600 0.106227627377196
0.515705379539064 0.106977372730512
0.510471209941678 0.107703452256364
0.505235892058123 0.108404647831030
0.500000000000000 0.109079748673442
0.494764107941877 0.109727591410212
0.489528790058322 0.110347621052256
0.484294620460936 0.110939887160725
0.479062173135400 0.111504477057434
0.473832021878528 0.112041479902219
0.468604740235343 0.112551013766503
0.463380901436184 0.113033580231617
0.458161078333842 0.113490106767299
0.452945843340743 0.113921547572077
0.447735768366173 0.114328851978467
0.442531424753567 0.114712969279966
0.437333383217848 0.115074761073188
0.432142213782848 0.115414980536524
0.426958485718794 0.115734374905743
0.421782767479885 0.116033690003871
0.416615626641949 0.116313673778440
0.411457629840209 0.116575105943215
0.406309342707138 0.116818810304095
0.401171329810437 0.117045614246198
0.396044154591120 0.117256338030582
0.390928379301729 0.117451797234364
0.385824564944672 0.117632647672390
0.380733271210710 0.117799316408129
0.375655056417573 0.117952212818539
0.370590477448740 0.118091747298157
0.365540089692367 0.118218328913681
0.360504446980385 0.118332350617707
0.355484101527764 0.118434183474834
0.350479603871957 0.118524197333173
0.345491502812526 0.118602761250127
0.340520345350965 0.118670241192302
0.335566676630708 0.118726977518998
0.330631039877354 0.118773282725036
0.325713976339092 0.118809468016401
0.320816025227350 0.118835843593903
0.315937723657661 0.118852732522582
0.311079606590766 0.118860614335078
0.306242206773949 0.118860063199128
0.301426054682610 0.118851646184724
0.296631678462100 0.118835921219927
0.291859603869799 0.118813174302191
0.287110354217464 0.118782402438200
0.282384450313836 0.118742243350439
0.277682410407536 0.118691382165297
0.273004750130227 0.118628549183568
0.268351982440069 0.118552317136257
0.263724617565473 0.118460948914961
0.259123162949143 0.118352738460157
0.254548123192430 0.118226048482845
0.250000000000000 0.118079320866180
0.245479292124815 0.117911126049781
0.240986495313435 0.117720137671782
0.236522102251661 0.117505092096051
0.232086602510502 0.117264795742892
0.227680482492487 0.116998135128552
0.223304225378328 0.116704089573142
0.218958311073935 0.116381703340150
0.214643216157784 0.116030081053040
0.210359413828661 0.115648329110197
0.206107373853763 0.115235362665119
0.201887562517192 0.114790098827745
0.197700442568813 0.114311525694361
0.193546473173512 0.113798968987609
0.189426109860845 0.113253670518982
0.185339804475081 0.112677659060683
0.181288005125655 0.112072928015658
0.177271156138025 0.111441462174371
0.173289698004947 0.110785573146030
0.169344067338174 0.110107675846637
0.165434696820571 0.109410136829281
0.161562015158670 0.108695309734543
0.157726447035656 0.107965946820967
0.153928413064797 0.107224880338532
0.150168329743317 0.106474838551288
0.146446609406726 0.105717625232295
0.142763660183598 0.104951899310542
0.139119885950819 0.104175714270156
0.135515686289294 0.103387236063346
0.131951456440133 0.102583475521534
0.128427587261303 0.101759535584370
0.124944465184770 0.100910623517076
0.121502472174122 0.100032275486818
0.118101985682679 0.099120793667809
0.114743378612105 0.098172980918150
0.111427019271515 0.097185785996845
0.108153271337080 0.096155964918598
0.104922493812155 0.095079724783241
0.101735040987902 0.093953287344933
0.098591262404443 0.092773589151172
0.095491502812526 0.091540399330714
0.092436102135723 0.090254254145850
0.089425395433148 0.088916153380643
0.086459712862719 0.087530970925665
0.083539379644950 0.086105203151199
0.080664716027288 0.084645286971156
0.077836037248993 0.083157209620225
0.075053653506568 0.081646775173312
0.072317869919747 0.080119038533573
0.069628986498028 0.078576037353972
0.066987298107781 0.077018910568347
0.064393094439905 0.075447759566757
0.061846659978068 0.073860294507564
0.059348273967504 0.072254061783657
0.056898210384393 0.070627275868895
0.054496737905816 0.068978766764453
0.052144119880294 0.067307279351594
0.049840614298903 0.065611067749868
0.047586473766990 0.063888502591339
0.045381945476466 0.062140774242787
0.043227271178700 0.060371040532413
0.041122687158010 0.058583225337036
0.039068424205750 0.056782293568483
0.037064707595003 0.054973131097773
0.035111757055874 0.053160224384798
0.033209786751399 0.051347966451997
0.031359005254054 0.049540817987030
0.029559615522887 0.047743086542824
0.027811814881260 0.045958852927723
0.026115794995207 0.044192250811096
0.024471741852423 0.042447797867926
0.022879835741862 0.040728427522032
0.021340251233966 0.039034850463180
0.019853157161529 0.037365983520507
0.018418716601171 0.035719871483566
0.017037086855466 0.034095811034050
0.015708419435685 0.032493854744575
0.014432860045182 0.030914630588016
0.013210548563420 0.029359582840042
0.012041619030626 0.027830800224068
0.010926199633097 0.026329720042410
0.009864412689139 0.024855850742045
0.008856374635656 0.023406043610656
0.007902196015379 0.021977960334900
0.007001981464748 0.020569920885385
0.006155829702431 0.019180321824150
0.005363833518506 0.017807889718051
0.004626079764278 0.016451586734456
0.003942649342761 0.015110530190848
0.003313617199802 0.013783862175783
0.002739052315863 0.012470987203702
0.002219017698460 0.011171274397738
0.001753570375248 0.009884245999265
0.001342761387771 0.008609422864354
0.000986635785864 0.007346481918653
0.000685232622713 0.006094945150444
0.000438584950571 0.004854605056031
0.000246719817134 0.003625262389298
0.000109658262577 0.002406336456480
0.000027415317244 0.001197929388160
0.000000000000000 0.000000000000000
0.000027415317244 -0.001188002597369
0.000109658262577 -0.002366205552941
0.000246719817134 -0.003534537489060
0.000438584950571 -0.004694171573167
0.000685232622713 -0.005850624071547
0.000986635785864 -0.007006608191870
0.001342761387771 -0.008160759134844
0.001753570375248 -0.009310508240120
0.002219017698460 -0.010452321204210
0.002739052315863 -0.011582236571316
0.003313617199802 -0.012695961804251
0.003942649342761 -0.013788836297726
0.004626079764278 -0.014855899998642
0.005363833518506 -0.015891874840231
0.006155829702431 -0.016891182844278
0.007001981464748 -0.017847915189625
0.007902196015379 -0.018755718282017
0.008856374635656 -0.019607783295506
0.009864412689139 -0.020397406860744
0.010926199633097 -0.021117210577189
0.012041619030626 -0.021757543769821
0.013210548563420 -0.022310052058293
0.014432860045182 -0.022774001723408
0.015708419435684 -0.023150272728554
0.017037086855466 -0.023445872743131
0.018418716601171 -0.023668691570111
0.019853157161528 -0.023825177666649
0.021340251233966 -0.023922541066941
0.022879835741862 -0.023969757130157
0.024471741852423 -0.023977915372714
0.026115794995207 -0.023955132579058
0.027811814881259 -0.023907026943600
0.029559615522887 -0.023836351078298
0.031359005254054 -0.023741389752206
0.033209786751399 -0.023620920615056
0.035111757055874 -0.023475402836899
0.037064707595003 -0.023305735904034
0.039068424205750 -0.023112925439168
0.041122687158009 -0.022898337814206
0.043227271178699 -0.022663919938582
0.045381945476466 -0.022412167627434
0.047586473766990 -0.022146384845858
0.049840614298903 -0.021870518984779
0.052144119880293 -0.021586973532884
0.054496737905816 -0.021296297474647
0.056898210384393 -0.020998741539036
0.059348273967504 -0.020693997569134
0.061846659978068 -0.020381674597662
0.064393094439905 -0.020061509860927
0.066987298107781 -0.019733284364657
0.069628986498028 -0.019396690312409
0.072317869919747 -0.019051320468301
0.075053653506568 -0.018696818931040
0.077836037248992 -0.018333201469640
0.080664716027288 -0.017960603551760
0.083539379644950 -0.017579262418155
0.086459712862719 -0.017189558223858
0.089425395433148 -0.016791903135169
0.092436102135723 -0.016386693926551
0.095491502812526 -0.015974343197593
0.098591262404443 -0.015555380480854
0.101735040987902 -0.015130589505263
0.104922493812155 -0.014700866803276
0.108153271337080 -0.014267243796537
0.111427019271514 -0.013830928765571
0.114743378612105 -0.013393231015566
0.118101985682679 -0.012955529157629
0.121502472174122 -0.012519277930699
0.124944465184770 -0.012086017442613
0.128427587261303 -0.011657349694644
0.131951456440133 -0.011234926951472
0.135515686289294 -0.010820500034216
0.139119885950819 -0.010416007968018
0.142763660183598 -0.010023624151731
0.146446609406726 -0.009645611584162
0.150168329743317 -0.009283421307897
0.153928413064796 -0.008936812778384
0.157726447035656 -0.008605300473200
0.161562015158669 -0.008288284105178
0.165434696820571 -0.007984859611054
0.169344067338174 -0.007693974278475
0.173289698004947 -0.007414493469465
0.177271156138025 -0.007145166407063
0.181288005125655 -0.006884627197188
0.185339804475081 -0.006631423651510
0.189426109860845 -0.006384113440500
0.193546473173511 -0.006141572307374
0.197700442568812 -0.005902713188438
0.201887562517192 -0.005666396360700
0.206107373853763 -0.005432042265334
0.210359413828660 -0.005199984921816
0.214643216157784 -0.004970645646712
0.218958311073935 -0.004744450587115
0.223304225378328 -0.004521707626662
0.227680482492486 -0.004302615642016
0.232086602510501 -0.004087372118356
0.236522102251661 -0.003876179707764
0.240986495313435 -0.003669281183572
0.245479292124814 -0.003466949910626
0.250000000000000 -0.003269463198097
0.254548123192429 -0.003077099760380
0.259123162949142 -0.002890126719861
0.263724617565473 -0.002708799990651
0.268351982440069 -0.002533378631977
0.273004750130227 -0.002364124208530
0.277682410407536 -0.002201320998904
0.282384450313836 -0.002045282395140
0.287110354217464 -0.001896324046560
0.291859603869799 -0.001754766069872
0.296631678462100 -0.001620783736051
0.301426054682609 -0.001494218118605
0.306242206773948 -0.001374849485650
0.311079606590766 -0.001262448033351
0.315937723657661 -0.001156764936222
0.320816025227350 -0.001057493830307
0.325713976339092 -0.000964295020914
0.330631039877354 -0.000876815893650
0.335566676630708 -0.000794691838051
0.340520345350965 -0.000717559849442
0.345491502812526 -0.000645069021440
0.350479603871956 -0.000576859927603
0.355484101527764 -0.000512562843731
0.360504446980385 -0.000451792428490
0.365540089692367 -0.000394102129739
0.370590477448739 -0.000339005717936
0.375655056417572 -0.000286006423846
0.380733271210709 -0.000234597920820
0.385824564944672 -0.000184343476614
0.390928379301728 -0.000135070402402
0.396044154591120 -0.000086660833622
0.401171329810437 -0.000038994585909
0.406309342707137 0.000008048747359
0.411457629840208 0.000054473482295
0.416615626641949 0.000100088241449
0.421782767479884 0.000144681738424
0.426958485718794 0.000188040916542
0.432142213782848 0.000229952777266
0.437333383217848 0.000270244914894
0.442531424753567 0.000308784550697
0.447735768366173 0.000345440087589
0.452945843340743 0.000380080306441
0.458161078333842 0.000412570607610
0.463380901436184 0.000442738792674
0.468604740235343 0.000470389099591
0.473832021878528 0.000495325120708
0.479062173135400 0.000517351404687
0.484294620460935 0.000536296081495
0.489528790058321 0.000552157481839
0.494764107941877 0.000565009829502
0.500000000000000 0.000574928949103
0.505235892058122 0.000581992012106
0.510471209941678 0.000586296605057
0.515705379539064 0.000588033451202
0.520937826864600 0.000587421869063
0.526167978121472 0.000584681774357
0.531395259764656 0.000580033430281
0.536619098563816 0.000573689163287
0.541838921666157 0.000565835864380
0.547054156659257 0.000556655312215
0.552264231633827 0.000546328878032
0.557468575246433 0.000535037575881
0.562666616782152 0.000522971140096
0.567857786217152 0.000510336669865
0.573041514281206 0.000497341804097
0.578217232520115 0.000484192752482
0.583384373358051 0.000471090909254
0.588542370159791 0.000458163018753
0.593690657292862 0.000445457515710
0.598828670189563 0.000433018457029
0.603955845408879 0.000420889279164
0.609071620698271 0.000409109349532
0.614175435055328 0.000397689364142
0.619266728789290 0.000386625823460
0.624344943582427 0.000375914883923
0.629409522551260 0.000365552744714
0.634459910307633 0.000355537925112
0.639495553019614 0.000345875381108
0.644515898472235 0.000336571089221
0.649520396128043 0.000327630634019
0.654508497187474 0.000319059406674
0.659479654649035 0.000310863673734
0.664433323369291 0.000303050335799
0.669368960122646 0.000295625935441
0.674286023660907 0.000288596651279
0.679183974772650 0.000281962405583
0.684062276342339 0.000275707446511
0.688920393409233 0.000269813537480
0.693757793226051 0.000264262748930
0.698573945317390 0.000259034882778
0.703368321537900 0.000254092319434
0.708140396130200 0.000249390534074
0.712889645782536 0.000244886014131
0.717615549686163 0.000240536573926
0.722317589592464 0.000236304340306
0.726995249869773 0.000232154975254
0.731648017559930 0.000228055199923
0.736275382434527 0.000223972772490
0.740876837050857 0.000219875620428
0.745451876807570 0.000215732036161
0.750000000000000 0.000211511387655
0.754520707875185 0.000207184253265
0.759013504686565 0.000202722861937
0.763477897748338 0.000198101011494
0.767913397489498 0.000193293701905
0.772319517507513 0.000188277020337
0.776695774621672 0.000183027158673
0.781041688926065 0.000177520922775
0.785356783842216 0.000171736473227
0.789640586171339 0.000165651579581
0.793892626146236 0.000159239173979
0.798112437482808 0.000152472329728
0.802299557431187 0.000145325956542
0.806453526826488 0.000137777110179
0.810573890139155 0.000129805121584
0.814660195524918 0.000121390984944
0.818711994874345 0.000112517458710
0.822728843861975 0.000103168619615
0.826710301995052 0.000093330272917
0.830655932661826 0.000082989926307
0.834565303179429 0.000072136811292
0.838437984841330 0.000060762085683
0.842273552964344 0.000048858371710
0.846071586935203 0.000036419566412
0.849831670256683 0.000023440913786
0.853553390593274 0.000009919078000
0.857236339816401 -0.000004146253174
0.860880114049181 -0.000018752550091
0.864484313710706 -0.000033896035466
0.868048543559867 -0.000049576181660
0.871572412738697 -0.000065796167359
0.875055534815230 -0.000082556043838
0.878497527825878 -0.000099831661018
0.881898014317321 -0.000117581822623
0.885256621387894 -0.000135749428936
0.888572980728485 -0.000154178297377
0.891846728662920 -0.000172682263540
0.895077506187845 -0.000191094271015
0.898264959012098 -0.000209272099197
0.901408737595557 -0.000227085828462
0.904508497187474 -0.000244413035554
0.907563897864277 -0.000261139754121
0.910574604566852 -0.000277163132753
0.913540287137281 -0.000292391177059
0.916460620355049 -0.000306742031202
0.919335283972712 -0.000320143134692
0.922163962751007 -0.000332531267049
0.924946346493432 -0.000343852127889
0.927682130080253 -0.000354060295574
0.930371013501972 -0.000363118876282
0.933012701892219 -0.000370999121512
0.935606905560095 -0.000377680016399
0.938153340021932 -0.000383148091146
0.940651726032496 -0.000387397164526
0.943101789615607 -0.000390427918364
0.945503262094184 -0.000392247546510
0.947855880119706 -0.000392869516294
0.950159385701097 -0.000392313177123
0.952413526233010 -0.000390603450841
0.954618054523534 -0.000387770503446
0.956772728821300 -0.000383849411506
0.958877312841991 -0.000378879721946
0.960931575794250 -0.000372905402415
0.962935292404997 -0.000365974172036
0.964888242944126 -0.000358137357313
0.966790213248601 -0.000349449448667
0.968640994745946 -0.000339968125905
0.970440384477113 -0.000329753251048
0.972188185118740 -0.000318867357561
0.973884205004793 -0.000307374655295
0.975528258147577 -0.000295340910014
0.977120164258138 -0.000282833784233
0.978659748766034 -0.000269921140280
0.980146842838471 -0.000256672238913
0.981581283398829 -0.000243156545314
0.982962913144534 -0.000229443577696
0.984291580564316 -0.000215602851600
0.985567139954818 -0.000201703566768
0.986789451436580 -0.000187813950650
0.987958380969374 -0.000174001480199
0.989073800366903 -0.000160332462970
0.990135587310861 -0.000146872168508
0.991143625364344 -0.000133683593002
0.992097803984621 -0.000120828124919
0.992998018535252 -0.000108365035736
0.993844170297569 -0.000096351713634
0.994636166481494 -0.000084842658732
0.995373920235722 -0.000073889417284
0.996057350657239 -0.000063541717506
0.996686382800198 -0.000053845495796
0.997260947684137 -0.000044843598771
0.997780982301540 -0.000036575886231
0.998246429624752 -0.000029078592432
0.998657238612229 -0.000022384790303
0.999013364214136 -0.000016523647403
0.999314767377287 -0.000011520516498
0.999561415049429 -0.000007397015515
0.999753280182866 -0.000004171285135
0.999890341737423 -0.000001857215121
0.999972584682756 -0.000000464792254
1.000000000000000 0.000000000000000
