1.000000000000000 0.000000000000000
0.999972584682756 0.000006340040639
0.999890341737423 0.000025357820340
0.999753280182866 0.000057042204748
0.999561415049429 0.000101381509984
0.999314767377287 0.000158351194074
0.999013364214136 0.000227922125836
0.998657238612229 0.000310060634209
0.998246429624752 0.000404724467935
0.997780982301540 0.000511871071334
0.997260947684137 0.000631445372737
0.996686382800198 0.000763388088244
0.996057350657239 0.000907635823191
0.995373920235722 0.001064121181836
0.994636166481494 0.001232764753784
0.993844170297569 0.001413491544897
0.992998018535252 0.001606214840469
0.992097803984621 0.001810844512531
0.991143625364344 0.002027283142841
0.990135587310861 0.002255430258151
0.989073800366903 0.002495186524058
0.987958380969374 0.002746437850430
0.986789451436580 0.003009079713355
0.985567139954818 0.003282989293034
0.984291580564316 0.003568049747785
0.982962913144534 0.003864142393447
0.981581283398829 0.004171139013213
0.980146842838472 0.004488910085063
0.978659748766034 0.004817328951009
0.977120164258138 0.005156260240659
0.975528258147577 0.005505571960424
0.973884205004793 0.005865124001437
0.972188185118741 0.006234787934852
0.970440384477113 0.006614416128092
0.968640994745946 0.007003873186104
0.966790213248601 0.007403024499236
0.964888242944126 0.007811728856995
0.962935292404997 0.008229842679925
0.960931575794250 0.008657235574834
0.958877312841991 0.009093763898715
0.956772728821300 0.009539297740688
0.954618054523534 0.009993698437579
0.952413526233010 0.010456837810355
0.950159385701097 0.010928579643274
0.947855880119706 0.011408802509414
0.945503262094184 0.011897377608945
0.943101789615607 0.012394187741419
0.940651726032496 0.012899112730258
0.938153340021932 0.013412037195053
0.935606905560095 0.013932854474772
0.933012701892219 0.014461459592239
0.930371013501972 0.014997749580336
0.927682130080253 0.015541631072195
0.924946346493432 0.016093009697844
0.922163962751008 0.016651808480139
0.919335283972712 0.017217946421752
0.916460620355050 0.017791349572782
0.913540287137281 0.018371958409470
0.910574604566852 0.018959710532367
0.907563897864277 0.019554555405220
0.904508497187474 0.020156450399774
0.901408737595557 0.020765359800575
0.898264959012098 0.021381256068734
0.895077506187845 0.022004117279363
0.891846728662920 0.022633942135233
0.888572980728485 0.023270710347324
0.885256621387895 0.023914263725214
0.881898014317321 0.024564404068641
0.878497527825878 0.025220910456926
0.875055534815230 0.025883563721683
0.871572412738697 0.026552120443940
0.868048543559867 0.027226345881909
0.864484313710706 0.027905986464224
0.860880114049181 0.028590792591319
0.857236339816402 0.029280497390606
0.853553390593274 0.029974830556888
0.849831670256683 0.030673518769534
0.846071586935203 0.031376269603903
0.842273552964344 0.032082794892855
0.838437984841330 0.032792796588432
0.834565303179429 0.033505967466212
0.830655932661826 0.034221985049251
0.826710301995053 0.034940523825839
0.822728843861975 0.035661262572726
0.818711994874345 0.036383874222101
0.814660195524919 0.037108033485860
0.810573890139155 0.037833392668020
0.806453526826488 0.038559549609556
0.802299557431188 0.039286088085835
0.798112437482808 0.040012588560751
0.793892626146237 0.040738790121061
0.789640586171339 0.041464556864004
0.785356783842216 0.042189757351941
0.781041688926065 0.042914340848302
0.776695774621672 0.043638556117840
0.772319517507513 0.044362729633755
0.767913397489498 0.045087221250916
0.763477897748339 0.045812366604895
0.759013504686565 0.046538493004481
0.754520707875186 0.047265924410358
0.750000000000000 0.047995015314503
0.745451876807570 0.048726141785018
0.740876837050858 0.049459723461451
0.736275382434527 0.050196187856644
0.731648017559931 0.050935986379038
0.726995249869773 0.051679576845070
0.722317589592464 0.052427419193026
0.717615549686164 0.053179986889311
0.712889645782536 0.053937782307842
0.708140396130201 0.054701342392607
0.703368321537900 0.055471272047128
0.698573945317390 0.056248191586848
0.693757793226052 0.057032747319915
0.688920393409234 0.057825263963232
0.684062276342339 0.058625170866480
0.679183974772650 0.059431728123508
0.674286023660908 0.060244182820856
0.669368960122646 0.061061749488812
0.664433323369292 0.061883553367687
0.659479654649035 0.062708673243188
0.654508497187474 0.063536169514475
0.649520396128043 0.064365076701442
0.644515898472236 0.065194444897678
0.639495553019615 0.066023346109948
0.634459910307633 0.066850833665466
0.629409522551260 0.067675960734317
0.624344943582428 0.068497743839600
0.619266728789291 0.069315107388175
0.614175435055328 0.070126911747298
0.609071620698271 0.070932001502021
0.603955845408880 0.071729218759039
0.598828670189563 0.072517558167219
0.593690657292862 0.073296483098144
0.588542370159792 0.074065554441422
0.583384373358051 0.074824335041190
0.578217232520115 0.075572391337732
0.573041514281206 0.076309507833326
0.567857786217152 0.077035802497477
0.562666616782152 0.077751421892732
0.557468575246433 0.078456522531608
0.552264231633827 0.079151259819010
0.547054156659257 0.079835723268909
0.541838921666158 0.080509941009905
0.536619098563816 0.081173946903334
0.531395259764657 0.081827774206865
0.526167978121472 0.082471471266195
0.520937826864600 0.083105147528550
0.515705379539064 0.083728961212626
0.510471209941678 0.084343078389938
0.505235892058123 0.084947664352696
0.500000000000000 0.085542863024016
0.494764107941877 0.086128549204393
0.489528790058322 0.086704462797212
0.484294620460936 0.087270353062577
0.479062173135400 0.087825964885534
0.473832021878528 0.088371032834558
0.468604740235343 0.088905158682004
0.463380901436184 0.089427890188006
0.458161078333842 0.089938777009145
0.452945843340743 0.090437383068492
0.447735768366173 0.090923280752947
0.442531424753567 0.091396066695645
0.437333383217848 0.091855350839253
0.432142213782848 0.092300756265078
0.426958485718794 0.092731908680433
0.421782767479885 0.093148466190600
0.416615626641949 0.093550166066176
0.411457629840209 0.093936771069950
0.406309342707138 0.094308057604938
0.401171329810437 0.094663810408409
0.396044154591120 0.095003638800065
0.390928379301729 0.095326622533782
0.385824564944672 0.095631756204354
0.380733271210710 0.095918060215482
0.375655056417573 0.096184577840896
0.370590477448740 0.096430286519765
0.365540089692367 0.096654010980836
0.360504446980385 0.096854592104921
0.355484101527764 0.097030902151154
0.350479603871957 0.097181849770916
0.345491502812526 0.097306440004193
0.340520345350965 0.097403772965035
0.335566676630708 0.097472984327169
0.330631039877354 0.097513241953390
0.325713976339092 0.097523720585902
0.320816025227350 0.097503433847950
0.315937723657661 0.097451346641719
0.311079606590766 0.097366463813142
0.306242206773949 0.097247832632285
0.301426054682610 0.097094941856715
0.296631678462100 0.096908169125791
0.291859603869799 0.096688010060710
0.287110354217464 0.096434966657582
0.282384450313836 0.096149634862976
0.277682410407536 0.095833456905364
0.273004750130227 0.095488307965190
0.268351982440069 0.095116037325617
0.263724617565473 0.094718463652334
0.259123162949143 0.094297261472438
0.254548123192430 0.093853920382615
0.250000000000000 0.093389900279752
0.245479292124815 0.092906627850777
0.240986495313435 0.092405515680930
0.236522102251661 0.091887966865693
0.232086602510502 0.091355361098768
0.227680482492487 0.090809049556453
0.223304225378328 0.090250376154030
0.218958311073935 0.089680761128008
0.214643216157784 0.089101612876321
0.210359413828661 0.088514300170919
0.206107373853763 0.087920036775825
0.201887562517192 0.087319531273336
0.197700442568813 0.086713368358786
0.193546473173512 0.086102113753193
0.189426109860845 0.085485603165015
0.185339804475081 0.084861752507066
0.181288005125655 0.084228277473624
0.177271156138025 0.083583018210947
0.173289698004947 0.082924116638552
0.169344067338174 0.082250078794134
0.165434696820571 0.081559517395168
0.161562015158670 0.080851099584871
0.157726447035656 0.080123289223542
0.153928413064797 0.079374508548763
0.150168329743317 0.078603292068305
0.146446609406726 0.077809251639405
0.142763660183598 0.076993678700264
0.139119885950819 0.076158015621868
0.135515686289294 0.075303796110888
0.131951456440133 0.074433138769511
0.128427587261303 0.073548277151362
0.124944465184770 0.072651351345247
0.121502472174122 0.071744269913224
0.118101985682679 0.070828795581546
0.114743378612105 0.069906635916846
0.111427019271515 0.068979598642018
0.108153271337080 0.068049553837983
0.104922493812155 0.067118248512403
0.101735040987902 0.066186879004470
0.098591262404443 0.065256200817163
0.095491502812526 0.064326548668313
0.092436102135723 0.063393669315267
0.089425395433148 0.062450842448287
0.086459712862719 0.061491856377975
0.083539379644950 0.060511148534109
0.080664716027288 0.059503637844601
0.077836037248993 0.058464449141924
0.075053653506568 0.057388762483421
0.072317869919747 0.056272357065570
0.069628986498028 0.055118655172000
0.066987298107781 0.053937108850236
0.064393094439905 0.052737139952393
0.061846659978068 0.051528004070390
0.059348273967504 0.050318491454361
0.056898210384393 0.049116426098865
0.054496737905816 0.047928878687893
0.052144119880294 0.046762943821198
0.049840614298903 0.045625635046767
0.047586473766990 0.044518886988995
0.045381945476466 0.043435217282305
0.043227271178700 0.042366422034973
0.041122687158010 0.041303278761357
0.039068424205750 0.040237088017559
0.037064707595003 0.039159996414510
0.035111757055874 0.038064800586406
0.033209786751399 0.036943842584254
0.031359005254054 0.035789158263235
0.029559615522887 0.034592460592233
0.027811814881260 0.033344536209380
0.026115794995207 0.032032332506836
0.024471741852423 0.030642516358016
0.022879835741862 0.029170395609787
0.021340251233966 0.027629386724885
0.019853157161529 0.026052959970275
0.018418716601171 0.024474876713203
0.017037086855466 0.022927284679866
0.015708419435685 0.021436853968020
0.014432860045182 0.020021952191744
0.013210548563420 0.018694245948082
0.012041619030626 0.017456549306625
0.010926199633097 0.016302535954014
0.009864412689139 0.015214838259119
0.008856374635656 0.014179909244141
0.007902196015379 0.013189356394312
0.007001981464748 0.012236714973531
0.006155829702431 0.011317101309498
0.005363833518506 0.010426757659251
0.004626079764278 0.009562671600096
0.003942649342761 0.008722423333703
0.003313617199802 0.007904029893175
0.002739052315863 0.007105773308924
0.002219017698460 0.006326302166656
0.001753570375248 0.005564351668547
0.001342761387771 0.004818961597540
0.000986635785864 0.004089140204680
0.000685232622713 0.003374189260569
0.000438584950571 0.002673341843985
0.000246719817134 0.001986010567998
0.000109658262577 0.001311716309457
0.000027415317244 0.000649725858964
0.000000000000000 0.000000000000000
0.000027415317244 -0.000638160831412
0.000109658262577 -0.001265006233560
0.000246719817134 -0.001881334994230
0.000438584950571 -0.002492809910288
0.000685232622713 -0.003105029746125
0.000986635785864 -0.003719078121162
0.001342761387771 -0.004334892745758
0.001753570375248 -0.004951814993822
0.002219017698460 -0.005568845101706
0.002739052315863 -0.006184785502770
0.003313617199802 -0.006798156361829
0.003942649342761 -0.007407363709215
0.004626079764278 -0.008010488610012
0.005363833518506 -0.008605362611480
0.006155829702431 -0.009189504253281
0.007001981464748 -0.009759966460109
0.007902196015379 -0.010313391433642
0.008856374635656 -0.010845586495534
0.009864412689139 -0.011351736940079
0.010926199633097 -0.011826052604960
0.012041619030626 -0.012260357888233
0.013210548563420 -0.012645008016090
0.014432860045182 -0.012973629859150
0.015708419435684 -0.013242081251184
0.017037086855466 -0.013450138036932
0.018418716601171 -0.013599837564387
0.019853157161528 -0.013696048786290
0.021340251233966 -0.013746404679027
0.022879835741862 -0.013762021306052
0.024471741852423 -0.013759135764033
0.026115794995207 -0.013754854073212
0.027811814881259 -0.013754616662090
0.029559615522887 -0.013759635589477
0.031359005254054 -0.013767830313710
0.033209786751399 -0.013776854737834
0.035111757055874 -0.013784774509809
0.037064707595003 -0.013789193415979
0.039068424205750 -0.013787157051765
0.041122687158009 -0.013775398590899
0.043227271178699 -0.013750298319595
0.045381945476466 -0.013707552551872
0.047586473766990 -0.013642233925203
0.049840614298903 -0.013549656886643
0.052144119880293 -0.013425434834361
0.054496737905816 -0.013268028104164
0.056898210384393 -0.013078649806011
0.059348273967504 -0.012858638378493
0.061846659978068 -0.012609334685612
0.064393094439905 -0.012332456080275
0.066987298107781 -0.012030181438823
0.069628986498028 -0.011705164037449
0.072317869919747 -0.011360688327671
0.075053653506568 -0.011000305920964
0.077836037248992 -0.010626410784409
0.080664716027288 -0.010240999068149
0.083539379644950 -0.009845849406022
0.086459712862719 -0.009442453760457
0.089425395433148 -0.009032532646452
0.092436102135723 -0.008618277293129
0.095491502812526 -0.008202106097088
0.098591262404443 -0.007786114430923
0.101735040987902 -0.007372087348926
0.104922493812155 -0.006961582841680
0.108153271337080 -0.006554755928899
0.111427019271514 -0.006151326360265
0.114743378612105 -0.005751087621795
0.118101985682679 -0.005354002033867
0.121502472174122 -0.004960016778747
0.124944465184770 -0.004569025138348
0.128427587261303 -0.004180837890069
0.131951456440133 -0.003795234773512
0.135515686289294 -0.003411943308199
0.139119885950819 -0.003030643377177
0.142763660183598 -0.002650979071532
0.146446609406726 -0.002272679752504
0.150168329743317 -0.001895532507165
0.153928413064796 -0.001519308549453
0.157726447035656 -0.001144065532453
0.161562015158669 -0.000770138517318
0.165434696820571 -0.000397890619541
0.169344067338174 -0.000027653460592
0.173289698004947 0.000340279196092
0.177271156138025 0.000705623280859
0.181288005125655 0.001068079867266
0.185339804475081 0.001427338945963
0.189426109860845 0.001783081038367
0.193546473173511 0.002134980287666
0.197700442568812 0.002482698254584
0.201887562517192 0.002825880360875
0.206107373853763 0.003164165157821
0.210359413828660 0.003497186152948
0.214643216157784 0.003824554247738
0.218958311073935 0.004145868193071
0.223304225378328 0.004460719952747
0.227680482492486 0.004768702704046
0.232086602510501 0.005069402201723
0.236522102251661 0.005362399909135
0.240986495313435 0.005647276165359
0.245479292124814 0.005923601853488
0.250000000000000 0.006190942754202
0.254548123192429 0.006448861219729
0.259123162949142 0.006696912462649
0.263724617565473 0.006934652700114
0.268351982440069 0.007161635036234
0.273004750130227 0.007377411239004
0.277682410407536 0.007581527366949
0.282384450313836 0.007773523892659
0.287110354217464 0.007952924700005
0.291859603869799 0.008119251886217
0.296631678462100 0.008272024069194
0.301426054682609 0.008410873121762
0.306242206773948 0.008535819702045
0.311079606590766 0.008646975451630
0.315937723657661 0.008744466271772
0.320816025227350 0.008828430134413
0.325713976339092 0.008899032754518
0.330631039877354 0.008956458157329
0.335566676630708 0.009000904563438
0.340520345350965 0.009032582612475
0.345491502812526 0.009051712249517
0.350479603871956 0.009058520466221
0.355484101527764 0.009053245679963
0.360504446980385 0.009036138102206
0.365540089692367 0.009007460458531
0.370590477448739 0.008967496099257
0.375655056417572 0.008916544455452
0.380733271210709 0.008854916181543
0.385824564944672 0.008782932662097
0.390928379301728 0.008700908240399
0.396044154591120 0.008609119921365
0.401171329810437 0.008507844520510
0.406309342707137 0.008397367535241
0.411457629840208 0.008277981683742
0.416615626641949 0.008149962502801
0.421782767479884 0.008013560467764
0.426958485718794 0.007869032262920
0.432142213782848 0.007716638753758
0.437333383217848 0.007556649264992
0.442531424753567 0.007389347560834
0.447735768366173 0.007215027484668
0.452945843340743 0.007033990238506
0.458161078333842 0.006846540664013
0.463380901436184 0.006652987248095
0.468604740235343 0.006453634277040
0.473832021878528 0.006248787841548
0.479062173135400 0.006038756839547
0.484294620460935 0.005823853898564
0.489528790058321 0.005604403215461
0.494764107941877 0.005380762695738
0.500000000000000 0.005153302281162
0.505235892058122 0.004922392443955
0.510471209941678 0.004688404492182
0.515705379539064 0.004451725019561
0.520937826864600 0.004212767783127
0.526167978121472 0.003971950405471
0.531395259764656 0.003729690292232
0.536619098563816 0.003486405217003
0.541838921666157 0.003242497622673
0.547054156659257 0.002998351578674
0.552264231633827 0.002754348160062
0.557468575246433 0.002510865710838
0.562666616782152 0.002268285131978
0.567857786217152 0.002027031430787
0.573041514281206 0.001787564995801
0.578217232520115 0.001550343390443
0.583384373358051 0.001315817506223
0.588542370159791 0.001084388343992
0.593690657292862 0.000856145748662
0.598828670189563 0.000631060823762
0.603955845408879 0.000409102202695
0.609071620698271 0.000190239351771
0.614175435055328 -0.000025646396989
0.619266728789290 -0.000238881418652
0.624344943582427 -0.000449822763164
0.629409522551260 -0.000658820415244
0.634459910307633 -0.000866217332964
0.639495553019614 -0.001072306910778
0.644515898472235 -0.001277336881973
0.649520396128043 -0.001481550115633
0.654508497187474 -0.001685184306444
0.659479654649035 -0.001888484768246
0.664433323369291 -0.002091738259932
0.669368960122646 -0.002295234720408
0.674286023660907 -0.002499258433030
0.679183974772650 -0.002704076440252
0.684062276342339 -0.002909837790027
0.688920393409233 -0.003116605873763
0.693757793226051 -0.003324441227648
0.698573945317390 -0.003533391959423
0.703368321537900 -0.003743158861317
0.708140396130200 -0.003952878804261
0.712889645782536 -0.004161657653476
0.717615549686163 -0.004368628131806
0.722317589592464 -0.004572972917205
0.726995249869773 -0.004773974304898
0.731648017559930 -0.004970950367288
0.736275382434527 -0.005163242461252
0.740876837050857 -0.005350209985338
0.745451876807570 -0.005531208884024
0.750000000000000 -0.005705618384373
0.754520707875185 -0.005872842567246
0.759013504686565 -0.006032321970814
0.763477897748338 -0.006183549186202
0.767913397489498 -0.006326047818279
0.772319517507513 -0.006459366111998
0.776695774621672 -0.006583038387494
0.781041688926065 -0.006696554170782
0.785356783842216 -0.006799428123349
0.789640586171339 -0.006891234225459
0.793892626146236 -0.006971957714515
0.798112437482808 -0.007041876895148
0.802299557431187 -0.007101275681761
0.806453526826488 -0.007150509156070
0.810573890139155 -0.007190160651087
0.814660195524918 -0.007220846982134
0.818711994874345 -0.007243163240100
0.822728843861975 -0.007257639555084
0.826710301995052 -0.007264757327984
0.830655932661826 -0.007264983697597
0.834565303179429 -0.007258780630126
0.838437984841330 -0.007246609161624
0.842273552964344 -0.007228916669623
0.846071586935203 -0.007206133766919
0.849831670256683 -0.007178671846481
0.853553390593274 -0.007146927104125
0.857236339816401 -0.007111281643196
0.860880114049181 -0.007072105115273
0.864484313710706 -0.007029753036167
0.868048543559867 -0.006984565157584
0.871572412738697 -0.006936862656644
0.875055534815230 -0.006886953205627
0.878497527825878 -0.006835136054059
0.881898014317321 -0.006781708594677
0.885256621387894 -0.006726952834588
0.888572980728485 -0.006671099003316
0.891846728662920 -0.006614332345145
0.895077506187845 -0.006556738512643
0.898264959012098 -0.006497909531446
0.901408737595557 -0.006437311154480
0.904508497187474 -0.006374480064451
0.907563897864277 -0.006309029792599
0.910574604566852 -0.006240619669843
0.913540287137281 -0.006168941960789
0.916460620355049 -0.006093729506567
0.919335283972712 -0.006014757027057
0.922163962751007 -0.005931843837897
0.924946346493432 -0.005844844503356
0.927682130080253 -0.005753653650349
0.930371013501972 -0.005658199731940
0.933012701892219 -0.005558447068195
0.935606905560095 -0.005454393423381
0.938153340021932 -0.005346068949504
0.940651726032496 -0.005233534510349
0.943101789615607 -0.005116879454294
0.945503262094184 -0.004996220540584
0.947855880119706 -0.004871702596681
0.950159385701097 -0.004743493396783
0.952413526233010 -0.004611786579950
0.954618054523534 -0.004476795180243
0.956772728821300 -0.004338754050780
0.958877312841991 -0.004197916438601
0.960931575794250 -0.004054554486382
0.962935292404997 -0.003908953333747
0.964888242944126 -0.003761418129871
0.966790213248601 -0.003612258989629
0.968640994745946 -0.003461806442866
0.970440384477113 -0.003310394483737
0.972188185118740 -0.003158369530564
0.973884205004793 -0.003006085018234
0.975528258147577 -0.002853898088367
0.977120164258138 -0.002702171660532
0.978659748766034 -0.002551272073056
0.980146842838471 -0.002401567450119
0.981581283398829 -0.002253426844962
0.982962913144534 -0.002107215368402
0.984291580564316 -0.001963301161982
0.985567139954818 -0.001822044129355
0.986789451436580 -0.001683800219651
0.987958380969374 -0.001548922652308
0.989073800366903 -0.001417754330476
0.990135587310861 -0.001290632535446
0.991143625364344 -0.001167884619468
0.992097803984621 -0.001049824969402
0.992998018535252 -0.000936760864849
0.993844170297569 -0.000828984864359
0.994636166481494 -0.000726778631580
0.995373920235722 -0.000630406376062
0.996057350657239 -0.000540122080984
0.996686382800198 -0.000456160397103
0.997260947684137 -0.000378740060359
0.997780982301540 -0.000308066707064
0.998246429624752 -0.000244323040061
0.998657238612229 -0.000187678703855
0.999013364214136 -0.000138280878319
0.999314767377287 -0.000096261567025
0.999561415049429 -0.000061729390034
0.999753280182866 -0.000034776804460
0.999890341737423 -0.000015472801020
0.999972584682756 -0.000003870597535
1.000000000000000 0.000000000000000
