1.000000000000000 0.000000000000000
0.999972584682756 0.000005035416169
0.999890341737423 0.000020136316730
0.999753280182866 0.000045296501811
0.999561415049429 0.000080502367673
0.999314767377287 0.000125732925571
0.999013364214136 0.000180969648151
0.998657238612229 0.000246176847839
0.998246429624752 0.000321321360237
0.997780982301540 0.000406366021841
0.997260947684137 0.000501266446861
0.996686382800198 0.000605964581903
0.996057350657239 0.000720414815854
0.995373920235722 0.000844551475182
0.994636166481494 0.000978311675430
0.993844170297569 0.001121622403877
0.992998018535252 0.001274413545939
0.992097803984621 0.001436601804988
0.991143625364344 0.001608103722006
0.990135587310861 0.001788832519349
0.989073800366903 0.001978694991778
0.987958380969374 0.002177591636923
0.986789451436580 0.002385426318109
0.985567139954818 0.002602087278213
0.984291580564316 0.002827469518537
0.982962913144534 0.003061462177188
0.981581283398829 0.003303942417648
0.980146842838472 0.003554794441632
0.978659748766034 0.003813896993867
0.977120164258138 0.004081120434488
0.975528258147577 0.004356333154200
0.973884205004793 0.004639407852898
0.972188185118741 0.004930203165354
0.970440384477113 0.005228585393768
0.968640994745946 0.005534416301062
0.966790213248601 0.005847550286455
0.964888242944126 0.006167840676680
0.962935292404997 0.006495145858116
0.960931575794250 0.006829314371836
0.958877312841991 0.007170197135601
0.956772728821300 0.007517644564305
0.954618054523534 0.007871503778452
0.952413526233010 0.008231618827142
0.950159385701097 0.008597839625140
0.947855880119706 0.008970007503420
0.945503262094184 0.009347969954855
0.943101789615607 0.009731569201211
0.940651726032496 0.010120651020123
0.938153340021932 0.010515056347500
0.935606905560095 0.010914635620078
0.933012701892219 0.011319229145929
0.930371013501972 0.011728681452004
0.927682130080253 0.012142841365709
0.924946346493432 0.012561556576790
0.922163962751008 0.012984673838298
0.919335283972712 0.013412041921105
0.916460620355050 0.013843514585447
0.913540287137281 0.014278942603907
0.910574604566852 0.014718181637581
0.907563897864277 0.015161084142087
0.904508497187474 0.015607513613610
0.901408737595557 0.016057330716972
0.898264959012098 0.016510402240523
0.895077506187845 0.016966663107248
0.891846728662920 0.017426117827363
0.888572980728485 0.017888790725578
0.885256621387895 0.018354721537884
0.881898014317321 0.018823959221551
0.878497527825878 0.019296570749397
0.875055534815230 0.019772634210859
0.871572412738697 0.020252251070781
0.868048543559867 0.020735528937206
0.864484313710706 0.021222601640753
0.860880114049181 0.021713612243532
0.857236339816402 0.022208723342805
0.853553390593274 0.022708109895137
0.849831670256683 0.023211971472517
0.846071586935203 0.023720522323421
0.842273552964344 0.024233986827353
0.838437984841330 0.024752614570297
0.834565303179429 0.025276674490743
0.830655932661826 0.025806447477753
0.826710301995053 0.026342242457676
0.822728843861975 0.026884373050866
0.818711994874345 0.027433173294123
0.814660195524919 0.027988990095479
0.810573890139155 0.028552198229612
0.806453526826488 0.029123211681745
0.802299557431188 0.029702471274457
0.798112437482808 0.030290402201970
0.793892626146237 0.030886968169832
0.789640586171339 0.031491777744037
0.785356783842216 0.032104417481765
0.781041688926065 0.032724443219658
0.776695774621672 0.033351363806086
0.772319517507513 0.033984658481932
0.767913397489498 0.034623785029319
0.763477897748339 0.035268177733520
0.759013504686565 0.035917256940634
0.754520707875186 0.036570425537875
0.750000000000000 0.037227058736042
0.745451876807570 0.037886519313713
0.740876837050858 0.038548155220101
0.736275382434527 0.039211293415491
0.731648017559931 0.039875243945483
0.726995249869773 0.040539270295276
0.722317589592464 0.041202600884147
0.717615549686164 0.041864443052654
0.712889645782536 0.042523985119039
0.708140396130201 0.043180495806282
0.703368321537900 0.043833301111730
0.698573945317390 0.044481732687767
0.693757793226052 0.045125106530912
0.688920393409234 0.045762932300588
0.684062276342339 0.046395093558285
0.679183974772650 0.047021515958917
0.674286023660908 0.047642128216978
0.669368960122646 0.048256857958461
0.664433323369292 0.048865580957974
0.659479654649035 0.049468153357331
0.654508497187474 0.050064445863642
0.649520396128043 0.050654322326970
0.644515898472236 0.051237667274273
0.639495553019615 0.051814384695299
0.634459910307633 0.052384383235450
0.629409522551260 0.052947569539569
0.624344943582428 0.053503856933157
0.619266728789291 0.054053142230629
0.614175435055328 0.054595318100746
0.609071620698271 0.055130282865211
0.603955845408880 0.055657937163711
0.598828670189563 0.056178244870660
0.593690657292862 0.056691276521339
0.588542370159792 0.057197123622804
0.583384373358051 0.057695883020148
0.578217232520115 0.058187654262445
0.573041514281206 0.058672568724890
0.567857786217152 0.059150785336223
0.562666616782152 0.059622466518964
0.557468575246433 0.060087781988006
0.552264231633827 0.060546902304633
0.547054156659257 0.060999989670434
0.541838921666158 0.061447203420436
0.536619098563816 0.061888705805999
0.531395259764657 0.062324661927736
0.526167978121472 0.062755246017449
0.520937826864600 0.063180666978372
0.515705379539064 0.063601146239132
0.510471209941678 0.064016909904836
0.505235892058123 0.064428187006094
0.500000000000000 0.064835148277409
0.494764107941877 0.065237721617838
0.489528790058322 0.065635767413704
0.484294620460936 0.066029148749214
0.479062173135400 0.066417733663273
0.473832021878528 0.066801370641718
0.468604740235343 0.067179862008323
0.463380901436184 0.067552998265047
0.458161078333842 0.067920574544447
0.452945843340743 0.068282390620047
0.447735768366173 0.068638250915180
0.442531424753567 0.068987974074344
0.437333383217848 0.069331385012368
0.432142213782848 0.069668310894455
0.426958485718794 0.069998582441052
0.421782767479885 0.070322043306515
0.416615626641949 0.070638551372846
0.411457629840209 0.070947971719374
0.406309342707138 0.071250170820081
0.401171329810437 0.071545017825042
0.396044154591120 0.071832263010163
0.390928379301729 0.072111525462193
0.385824564944672 0.072382426059247
0.380733271210710 0.072644596269128
0.375655056417573 0.072897672446991
0.370590477448740 0.073141277642289
0.365540089692367 0.073375030187865
0.360504446980385 0.073598556860726
0.355484101527764 0.073811499874815
0.350479603871957 0.074013513553745
0.345491502812526 0.074204277270727
0.340520345350965 0.074383486669519
0.335566676630708 0.074550851001840
0.330631039877354 0.074706090178305
0.325713976339092 0.074848925521261
0.320816025227350 0.074979071796045
0.315937723657661 0.075096255899221
0.311079606590766 0.075200219544800
0.306242206773949 0.075290732411155
0.301426054682610 0.075367676858731
0.296631678462100 0.075430995940562
0.291859603869799 0.075480642822468
0.287110354217464 0.075516582344205
0.282384450313836 0.075538841201871
0.277682410407536 0.075547530662034
0.273004750130227 0.075542775582412
0.268351982440069 0.075524707725524
0.263724617565473 0.075493461514259
0.259123162949143 0.075449162442693
0.254548123192430 0.075391939771819
0.250000000000000 0.075321929999350
0.245479292124815 0.075239276118696
0.240986495313435 0.075144121014979
0.236522102251661 0.075036610632452
0.232086602510502 0.074916899524902
0.227680482492487 0.074785154102222
0.223304225378328 0.074641593939704
0.218958311073935 0.074486470081401
0.214643216157784 0.074320038601905
0.210359413828661 0.074142538998318
0.206107373853763 0.073954029232896
0.201887562517192 0.073754485270101
0.197700442568813 0.073543898078089
0.193546473173512 0.073322087493754
0.189426109860845 0.073087868145719
0.185339804475081 0.072839780521117
0.181288005125655 0.072576455170643
0.177271156138025 0.072296662719827
0.173289698004947 0.071999388286907
0.169344067338174 0.071683708182221
0.165434696820571 0.071348773184912
0.161562015158670 0.070993720955060
0.157726447035656 0.070617697877156
0.153928413064797 0.070219927023197
0.150168329743317 0.069799873847729
0.146446609406726 0.069357568287738
0.142763660183598 0.068893164565709
0.139119885950819 0.068406880907988
0.135515686289294 0.067899164660296
0.131951456440133 0.067370599931660
0.128427587261303 0.066821773061616
0.124944465184770 0.066253261802276
0.121502472174122 0.065665624512270
0.118101985682679 0.065059436062904
0.114743378612105 0.064435311122295
0.111427019271515 0.063793916055112
0.108153271337080 0.063135935070103
0.104922493812155 0.062462024624916
0.101735040987902 0.061772839802544
0.098591262404443 0.061068977686622
0.095491502812526 0.060349454429768
0.092436102135723 0.059611665021617
0.089425395433148 0.058853157585858
0.086459712862719 0.058071704120671
0.083539379644950 0.057265271298085
0.080664716027288 0.056431996150190
0.077836037248993 0.055569967656122
0.075053653506568 0.054677414237274
0.072317869919747 0.053753770215508
0.069628986498028 0.052800072467625
0.066987298107781 0.051817550096968
0.064393094439905 0.050807869728456
0.061846659978068 0.049772854705183
0.059348273967504 0.048714406547466
0.056898210384393 0.047634495211033
0.054496737905816 0.046535214547777
0.052144119880294 0.045418947667654
0.049840614298903 0.044287902122731
0.047586473766990 0.043143646762116
0.045381945476466 0.041987496794998
0.043227271178700 0.040820148910453
0.041122687158010 0.039642057902221
0.039068424205750 0.038453503031676
0.037064707595003 0.037254680039579
0.035111757055874 0.036045520669336
0.033209786751399 0.034825815893152
0.031359005254054 0.033595028033157
0.029559615522887 0.032352496277627
0.027811814881260 0.031097189508024
0.026115794995207 0.029827709002181
0.024471741852423 0.028542345293660
0.022879835741862 0.027242823851824
0.021340251233966 0.025934208341832
0.019853157161529 0.024624497364877
0.018418716601171 0.023322995800694
0.017037086855466 0.022039087518549
0.015708419435685 0.020781423770947
0.014432860045182 0.019557370367606
0.013210548563420 0.018372587073279
0.012041619030626 0.017229967478269
0.010926199633097 0.016126019554553
0.009864412689139 0.015056898908957
0.008856374635656 0.014020212763521
0.007902196015379 0.013014189912356
0.007001981464748 0.012037614870111
0.006155829702431 0.011089440494913
0.005363833518506 0.010168966865549
0.004626079764278 0.009275624453856
0.003942649342761 0.008408909409297
0.003313617199802 0.007568491660662
0.002739052315863 0.006754067378925
0.002219017698460 0.005965344030321
0.001753570375248 0.005202160009457
0.001342761387771 0.004464373498739
0.000986635785864 0.003751755282911
0.000685232622713 0.003064270438023
0.000438584950571 0.002401737364555
0.000246719817134 0.001764126940221
0.000109658262577 0.001151325355881
0.000027415317244 0.000563314181294
0.000000000000000 0.000000000000000
0.000027415317244 -0.000538694036540
0.000109658262577 -0.001052700568026
0.000246719817134 -0.001542200213168
0.000438584950571 -0.002007233776879
0.000685232622713 -0.002447650252147
0.000986635785864 -0.002863887454256
0.001342761387771 -0.003258121962592
0.001753570375248 -0.003634080726272
0.002219017698460 -0.003993377164505
0.002739052315863 -0.004336322425354
0.003313617199802 -0.004662648031895
0.003942649342761 -0.004971517247393
0.004626079764278 -0.005261925533253
0.005363833518506 -0.005532229021716
0.006155829702431 -0.005780707856451
0.007001981464748 -0.006004963555286
0.007902196015379 -0.006202221397470
0.008856374635656 -0.006368888859135
0.009864412689139 -0.006500568371420
0.010926199633097 -0.006591743275136
0.012041619030626 -0.006634203581151
0.013210548563420 -0.006616982233032
0.014432860045182 -0.006527723524810
0.015708419435684 -0.006353883427295
0.017037086855466 -0.006089071190124
0.018418716601171 -0.005730807392178
0.019853157161528 -0.005281824705924
0.021340251233966 -0.004752623832727
0.022879835741862 -0.004163194388241
0.024471741852423 -0.003543747455238
0.026115794995207 -0.002930845214129
0.027811814881259 -0.002356496471976
0.029559615522887 -0.001824500178224
0.031359005254054 -0.001332888595550
0.033209786751399 -0.000880707532638
0.035111757055874 -0.000466547918652
0.037064707595003 -0.000088503824431
0.039068424205750 0.000255473017749
0.041122687158009 0.000567748179595
0.043227271178699 0.000850937023165
0.045381945476466 0.001108150445484
0.047586473766990 0.001343080102822
0.049840614298903 0.001559772067532
0.052144119880293 0.001762032590723
0.054496737905816 0.001953300809669
0.056898210384393 0.002134832959541
0.059348273967504 0.002307699292517
0.061846659978068 0.002473709103932
0.064393094439905 0.002635060626955
0.066987298107781 0.002794073094948
0.069628986498028 0.002953339137912
0.072317869919747 0.003116263707280
0.075053653506568 0.003286908490314
0.077836037248992 0.003467527152281
0.080664716027288 0.003657684022675
0.083539379644950 0.003856299319103
0.086459712862719 0.004060925684664
0.089425395433148 0.004268618711425
0.092436102135723 0.004476221205979
0.095491502812526 0.004680350036112
0.098591262404443 0.004877693241932
0.101735040987902 0.005065578053817
0.104922493812155 0.005241412998357
0.108153271337080 0.005404594386651
0.111427019271514 0.005556340894464
0.114743378612105 0.005698001624511
0.118101985682679 0.005830662159327
0.121502472174122 0.005955384928264
0.124944465184770 0.006073365815453
0.128427587261303 0.006185988913822
0.131951456440133 0.006294773807630
0.135515686289294 0.006401409845819
0.139119885950819 0.006507816704597
0.142763660183598 0.006616058724516
0.146446609406726 0.006728099148854
0.150168329743317 0.006845539191405
0.153928413064796 0.006970014631743
0.157726447035656 0.007102530773546
0.161562015158669 0.007242216961211
0.165434696820571 0.007387824861434
0.169344067338174 0.007538080708839
0.173289698004947 0.007691926066916
0.177271156138025 0.007848331992767
0.181288005125655 0.008006196984025
0.185339804475081 0.008164190768532
0.189426109860845 0.008320782454903
0.193546473173511 0.008474362536593
0.197700442568812 0.008623498698161
0.201887562517192 0.008767355446493
0.206107373853763 0.008905171482483
0.210359413828660 0.009036193423201
0.214643216157784 0.009160189036355
0.218958311073935 0.009277388814661
0.223304225378328 0.009388057526824
0.227680482492486 0.009492458990617
0.232086602510501 0.009590736565175
0.236522102251661 0.009682993376410
0.240986495313435 0.009769345985383
0.245479292124814 0.009849931928034
0.250000000000000 0.009924941183908
0.254548123192429 0.009994585769092
0.259123162949142 0.010059091322764
0.263724617565473 0.010118693392788
0.268351982440069 0.010173626109840
0.273004750130227 0.010224133683289
0.277682410407536 0.010270472817975
0.282384450313836 0.010312916640361
0.287110354217464 0.010351769560937
0.291859603869799 0.010387353620499
0.296631678462100 0.010420003410259
0.301426054682609 0.010450044701065
0.306242206773948 0.010477647731530
0.311079606590766 0.010502908663960
0.315937723657661 0.010525927821986
0.320816025227350 0.010546809091728
0.325713976339092 0.010565645536027
0.330631039877354 0.010582516537891
0.335566676630708 0.010597504055118
0.340520345350965 0.010610693099840
0.345491502812526 0.010622171897982
0.350479603871956 0.010632032303738
0.355484101527764 0.010640369177830
0.360504446980385 0.010647280202917
0.365540089692367 0.010652866487668
0.370590477448739 0.010657246001734
0.375655056417572 0.010660553768199
0.380733271210709 0.010662928284456
0.385824564944672 0.010664510853956
0.390928379301728 0.010665429106361
0.396044154591120 0.010665721945666
0.401171329810437 0.010665397563840
0.406309342707137 0.010664464549540
0.411457629840208 0.010662931628447
0.416615626641949 0.010660749302686
0.421782767479884 0.010657738038088
0.426958485718794 0.010653699389610
0.432142213782848 0.010648433416604
0.437333383217848 0.010641739603924
0.442531424753567 0.010633437514261
0.447735768366173 0.010623369597816
0.452945843340743 0.010611379186021
0.458161078333842 0.010597309456619
0.463380901436184 0.010581001585093
0.468604740235343 0.010562274029777
0.473832021878528 0.010540930679232
0.479062173135400 0.010516775652137
0.484294620460935 0.010489613649288
0.489528790058321 0.010459263521052
0.494764107941877 0.010425629064366
0.500000000000000 0.010388648084071
0.505235892058122 0.010348259336881
0.510471209941678 0.010304403339829
0.515705379539064 0.010257059684576
0.520937826864600 0.010206345328740
0.526167978121472 0.010152410174147
0.531395259764656 0.010095404757008
0.536619098563816 0.010035480233630
0.541838921666157 0.009972774963088
0.547054156659257 0.009907398717291
0.552264231633827 0.009839458232917
0.557468575246433 0.009769060848346
0.562666616782152 0.009696315016149
0.567857786217152 0.009621348751632
0.573041514281206 0.009544314097779
0.578217232520115 0.009465363093526
0.583384373358051 0.009384648788917
0.588542370159791 0.009302314354409
0.593690657292862 0.009218414645813
0.598828670189563 0.009132951940638
0.603955845408879 0.009045930215308
0.609071620698271 0.008957352620552
0.614175435055328 0.008867177460860
0.619266728789290 0.008775187770725
0.624344943582427 0.008681128336979
0.629409522551260 0.008584750342191
0.634459910307633 0.008485810486039
0.639495553019614 0.008384089372670
0.644515898472235 0.008279395728011
0.649520396128043 0.008171545541223
0.654508497187474 0.008060359705873
0.659479654649035 0.007945666899292
0.664433323369291 0.007827304916053
0.669368960122646 0.007705119759131
0.674286023660907 0.007578963161177
0.679183974772650 0.007448692337251
0.684062276342339 0.007314137860748
0.688920393409233 0.007175102778806
0.693757793226051 0.007031398848059
0.698573945317390 0.006882847262973
0.703368321537900 0.006729527043182
0.708140396130200 0.006572083762180
0.712889645782536 0.006411227111175
0.717615549686163 0.006247647730463
0.722317589592464 0.006082042150111
0.726995249869773 0.005915161609869
0.731648017559930 0.005747755999079
0.736275382434527 0.005580553079536
0.740876837050857 0.005414253539399
0.745451876807570 0.005249517842388
0.750000000000000 0.005086979219838
0.754520707875185 0.004927248056723
0.759013504686565 0.004770910971469
0.763477897748338 0.004618527915163
0.767913397489498 0.004470636268161
0.772319517507513 0.004327748713223
0.776695774621672 0.004190366537193
0.781041688926065 0.004058992372897
0.785356783842216 0.003934107676462
0.789640586171339 0.003816162058808
0.793892626146236 0.003705492044556
0.798112437482808 0.003602333455019
0.802299557431187 0.003506900536708
0.806453526826488 0.003419208522229
0.810573890139155 0.003338520305781
0.814660195524918 0.003263933504435
0.818711994874345 0.003194586183788
0.822728843861975 0.003129709079555
0.826710301995052 0.003068613831422
0.830655932661826 0.003010644684963
0.834565303179429 0.002955166481326
0.838437984841330 0.002901558311750
0.842273552964344 0.002849228760885
0.846071586935203 0.002797620907505
0.849831670256683 0.002746214724359
0.853553390593274 0.002694522135341
0.857236339816401 0.002642085899544
0.860880114049181 0.002588478167561
0.864484313710706 0.002533301333613
0.868048543559867 0.002476187270310
0.871572412738697 0.002416798819539
0.875055534815230 0.002354827085776
0.878497527825878 0.002289993550265
0.881898014317321 0.002222048565821
0.885256621387894 0.002150770686888
0.888572980728485 0.002075962187130
0.891846728662920 0.001997448115893
0.895077506187845 0.001915083332887
0.898264959012098 0.001828769221627
0.901408737595557 0.001738443554874
0.904508497187474 0.001644430668129
0.907563897864277 0.001547595734782
0.910574604566852 0.001448789286321
0.913540287137281 0.001348785589566
0.916460620355049 0.001248297133025
0.919335283972712 0.001147984540574
0.922163962751007 0.001048460367746
0.924946346493432 0.000950283882371
0.927682130080253 0.000853960955114
0.930371013501972 0.000759951607554
0.933012701892219 0.000668665817452
0.935606905560095 0.000580469467410
0.938153340021932 0.000495683162495
0.940651726032496 0.000414584897283
0.943101789615607 0.000337412538987
0.945503262094184 0.000264363430361
0.947855880119706 0.000195597949205
0.950159385701097 0.000131240263973
0.952413526233010 0.000071381132778
0.954618054523534 0.000016077909291
0.956772728821300 -0.000034642990430
0.958877312841991 -0.000080783004999
0.960931575794250 -0.000122371494714
0.962935292404997 -0.000159463397636
0.964888242944126 -0.000192137722149
0.966790213248601 -0.000220494836093
0.968640994745946 -0.000244655923851
0.970440384477113 -0.000264760578347
0.972188185118740 -0.000280965332616
0.973884205004793 -0.000293442450883
0.975528258147577 -0.000302377437046
0.977120164258138 -0.000307968105202
0.978659748766034 -0.000310422431678
0.980146842838471 -0.000309957546085
0.981581283398829 -0.000306797866936
0.982962913144534 -0.000301173644744
0.984291580564316 -0.000293319450562
0.985567139954818 -0.000283473107510
0.986789451436580 -0.000271873750723
0.987958380969374 -0.000258760683854
0.989073800366903 -0.000244372592260
0.990135587310861 -0.000228945512634
0.991143625364344 -0.000212711729210
0.992097803984621 -0.000195899571071
0.992998018535252 -0.000178730692683
0.993844170297569 -0.000161420488542
0.994636166481494 -0.000144176522040
0.995373920235722 -0.000127197196245
0.996057350657239 -0.000110671239192
0.996686382800198 -0.000094776740576
0.997260947684137 -0.000079680828868
0.997780982301540 -0.000065538539162
0.998246429624752 -0.000052492271038
0.998657238612229 -0.000040669769213
0.999013364214136 -0.000030187033086
0.999314767377287 -0.000021144324496
0.999561415049429 -0.000013627867754
0.999753280182866 -0.000007707262679
0.999890341737423 -0.000003438644903
0.999972584682756 -0.000000861626713
1.000000000000000 0.000000000000000
