1.000000000000000 0.000000000000000
0.999972584682756 0.000008253155809
0.999890341737423 0.000033004365085
0.999753280182866 0.000074239540985
0.999561415049429 0.000131944127966
0.999314767377287 0.000206087135473
0.999013364214136 0.000296631873954
0.998657238612229 0.000403536027718
0.998246429624752 0.000526741103957
0.997780982301540 0.000666193837870
0.997260947684137 0.000821825028780
0.996686382800198 0.000993555031012
0.996057350657239 0.001181309821124
0.995373920235722 0.001384994658417
0.994636166481494 0.001604510211473
0.993844170297569 0.001839763296243
0.992998018535252 0.002090640692237
0.992097803984621 0.002357025252478
0.991143625364344 0.002638801383462
0.990135587310861 0.002935839552225
0.989073800366903 0.003248012311043
0.987958380969374 0.003575173687192
0.986789451436580 0.003917196013667
0.985567139954818 0.004273928523009
0.984291580564316 0.004645223753316
0.982962913144534 0.005030927493527
0.981581283398829 0.005430889468142
0.980146842838472 0.005844953350009
0.978659748766034 0.006272952062905
0.977120164258138 0.006714733791714
0.975528258147577 0.007170131611543
0.973884205004793 0.007638979298825
0.972188185118741 0.008121116773606
0.970440384477113 0.008616380327317
0.968640994745946 0.009124603097850
0.966790213248601 0.009645630579964
0.964888242944126 0.010179295896614
0.962935292404997 0.010725440369662
0.960931575794250 0.011283903919201
0.958877312841991 0.011854540418281
0.956772728821300 0.012437198215329
0.954618054523534 0.013031720715831
0.952413526233010 0.013637976384951
0.950159385701097 0.014255819752812
0.947855880119706 0.014885126273455
0.945503262094184 0.015525758496596
0.943101789615607 0.016177605569611
0.940651726032496 0.016840544701328
0.938153340021932 0.017514470796560
0.935606905560095 0.018199291906992
0.933012701892219 0.018894905684788
0.930371013501972 0.019601233449984
0.927682130080253 0.020318201328165
0.924946346493432 0.021045745484272
0.922163962751008 0.021783812763631
0.919335283972712 0.022532351546245
0.916460620355050 0.023291335197131
0.913540287137281 0.024060733850959
0.910574604566852 0.024840540144720
0.907563897864277 0.025630757675412
0.904508497187474 0.026431402494876
0.901408737595557 0.027242488257155
0.898264959012098 0.028064044203131
0.895077506187845 0.028896036251709
0.891846728662920 0.029738333315977
0.888572980728485 0.030590787425538
0.885256621387895 0.031453247446317
0.881898014317321 0.032325570729412
0.878497527825878 0.033207618266449
0.875055534815230 0.034099238963294
0.871572412738697 0.035000280577487
0.868048543559867 0.035910590510480
0.864484313710706 0.036830016094675
0.860880114049181 0.037758399524096
0.857236339816402 0.038695586951679
0.853553390593274 0.039641419214852
0.849831670256683 0.040595732005500
0.846071586935203 0.041558365160627
0.842273552964344 0.042529153491091
0.838437984841330 0.043507931338745
0.834565303179429 0.044494532475143
0.830655932661826 0.045488785477146
0.826710301995053 0.046490527594759
0.822728843861975 0.047499577660524
0.818711994874345 0.048515773041516
0.814660195524919 0.049538932722691
0.810573890139155 0.050568884209553
0.806453526826488 0.051605447784939
0.802299557431188 0.052648446667569
0.798112437482808 0.053697689570725
0.793892626146237 0.054752953046287
0.789640586171339 0.055813915047795
0.785356783842216 0.056880235541674
0.781041688926065 0.057951577597960
0.776695774621672 0.059027595838237
0.772319517507513 0.060107940302641
0.767913397489498 0.061192246592083
0.763477897748339 0.062280148956574
0.759013504686565 0.063371283478491
0.754520707875186 0.064465258533764
0.750000000000000 0.065561694979451
0.745451876807570 0.066660205115277
0.740876837050858 0.067760381630906
0.736275382434527 0.068861839224898
0.731648017559931 0.069964170933703
0.726995249869773 0.071066957980436
0.722317589592464 0.072169780099664
0.717615549686164 0.073272198241646
0.712889645782536 0.074373773735845
0.708140396130201 0.075474073582401
0.703368321537900 0.076572702395403
0.698573945317390 0.077669282267202
0.693757793226052 0.078763417315310
0.688920393409234 0.079854733549366
0.684062276342339 0.080942910482273
0.679183974772650 0.082027683181410
0.674286023660908 0.083108780743258
0.669368960122646 0.084185934013850
0.664433323369292 0.085258869283761
0.659479654649035 0.086327304245149
0.654508497187474 0.087390957427089
0.649520396128043 0.088449549240152
0.644515898472236 0.089502798151449
0.639495553019615 0.090550431407586
0.634459910307633 0.091592166686728
0.629409522551260 0.092627735336672
0.624344943582428 0.093656860004206
0.619266728789291 0.094679286820763
0.614175435055328 0.095694767842264
0.609071620698271 0.096703056732922
0.603955845408880 0.097703924727136
0.598828670189563 0.098697126615345
0.593690657292862 0.099682166322830
0.588542370159792 0.100658264836504
0.583384373358051 0.101624635369087
0.578217232520115 0.102580477709917
0.573041514281206 0.103525004858274
0.567857786217152 0.104457408326351
0.562666616782152 0.105376873287903
0.557468575246433 0.106282585363406
0.552264231633827 0.107173733968211
0.547054156659257 0.108049518821974
0.541838921666158 0.108909139775717
0.536619098563816 0.109751807342208
0.531395259764657 0.110576738405731
0.526167978121472 0.111383154520294
0.520937826864600 0.112170294359797
0.515705379539064 0.112937408619141
0.510471209941678 0.113683773221452
0.505235892058123 0.114408666307387
0.500000000000000 0.115111383207025
0.494764107941877 0.115791291395861
0.489528790058322 0.116448249972121
0.484294620460936 0.117082336847520
0.479062173135400 0.117693639532770
0.473832021878528 0.118282257242691
0.468604740235343 0.118848288280829
0.463380901436184 0.119391826766427
0.458161078333842 0.119912966281148
0.452945843340743 0.120411805448666
0.447735768366173 0.120888453721066
0.442531424753567 0.121343027808901
0.437333383217848 0.121775659460934
0.432142213782848 0.122186498806731
0.426958485718794 0.122575696212863
0.421782767479885 0.122943414615347
0.416615626641949 0.123289815802466
0.411457629840209 0.123615029564980
0.406309342707138 0.123919169469135
0.401171329810437 0.124202354629671
0.396044154591120 0.124464713048050
0.390928379301729 0.124706364318842
0.385824564944672 0.124927283242045
0.380733271210710 0.125127362832354
0.375655056417573 0.125306504963683
0.370590477448740 0.125464623010673
0.365540089692367 0.125601644291151
0.360504446980385 0.125717526660489
0.355484101527764 0.125812249446489
0.350479603871957 0.125885803697169
0.345491502812526 0.125938190506698
0.340520345350965 0.125969424680767
0.335566676630708 0.125979544011550
0.330631039877354 0.125968602074372
0.325713976339092 0.125936663254583
0.320816025227350 0.125883801988332
0.315937723657661 0.125810092545145
0.311079606590766 0.125715573629869
0.306242206773949 0.125600286426972
0.301426054682610 0.125464283819206
0.296631678462100 0.125307628232440
0.291859603869799 0.125130009186746
0.287110354217464 0.124930470966150
0.282384450313836 0.124708028927871
0.277682410407536 0.124461742749757
0.273004750130227 0.124190713713289
0.268351982440069 0.123894110721340
0.263724617565473 0.123571153877444
0.259123162949143 0.123221106987511
0.254548123192430 0.122843272249943
0.250000000000000 0.122436993292748
0.245479292124815 0.122001630231036
0.240986495313435 0.121536584700233
0.236522102251661 0.121041297384138
0.232086602510502 0.120515248796800
0.227680482492487 0.119957940496381
0.223304225378328 0.119368906474387
0.218958311073935 0.118747720707536
0.214643216157784 0.118093994859102
0.210359413828661 0.117407431156695
0.206107373853763 0.116687821059647
0.201887562517192 0.115934990789064
0.197700442568813 0.115148817675824
0.193546473173512 0.114330324311309
0.189426109860845 0.113482272049601
0.185339804475081 0.112607533935033
0.181288005125655 0.111708909140472
0.177271156138025 0.110789033711168
0.173289698004947 0.109850346477349
0.169344067338174 0.108895213199256
0.165434696820571 0.107925947803528
0.161562015158670 0.106945090497354
0.157726447035656 0.105955414032703
0.153928413064797 0.104959608042820
0.150168329743317 0.103959927131939
0.146446609406726 0.102955690057044
0.142763660183598 0.101944773603419
0.139119885950819 0.100925185109998
0.135515686289294 0.099894744318560
0.131951456440133 0.098850552465443
0.128427587261303 0.097789747163706
0.124944465184770 0.096709646747358
0.121502472174122 0.095608013350958
0.118101985682679 0.094482918016657
0.114743378612105 0.093332573727661
0.111427019271515 0.092155043623367
0.108153271337080 0.090948062654959
0.104922493812155 0.089709410669617
0.101735040987902 0.088437645448977
0.098591262404443 0.087133708840413
0.095491502812526 0.085799059022638
0.092436102135723 0.084435675877575
0.089425395433148 0.083047865654032
0.086459712862719 0.081640545748766
0.083539379644950 0.080218448953660
0.080664716027288 0.078786026407900
0.077836037248993 0.077347523920428
0.075053653506568 0.075906299499293
0.072317869919747 0.074463658517918
0.069628986498028 0.073020583082132
0.066987298107781 0.071577128291766
0.064393094439905 0.070132186804756
0.061846659978068 0.068684778301773
0.059348273967504 0.067234436790281
0.056898210384393 0.065780953579114
0.054496737905816 0.064324314379342
0.052144119880294 0.062864801087787
0.049840614298903 0.061402643476629
0.047586473766990 0.059937104440166
0.045381945476466 0.058466963135158
0.043227271178700 0.056990880117380
0.041122687158010 0.055507153261363
0.039068424205750 0.054014243342971
0.037064707595003 0.052510721875602
0.035111757055874 0.050995301807951
0.033209786751399 0.049466602820537
0.031359005254054 0.047923267761171
0.029559615522887 0.046364038317764
0.027811814881260 0.044787623300495
0.026115794995207 0.043192325522755
0.024471741852423 0.041576430928162
0.022879835741862 0.039942190513616
0.021340251233966 0.038294401400062
0.019853157161529 0.036639818511512
0.018418716601171 0.034985876698714
0.017037086855466 0.033340311378790
0.015708419435685 0.031710846322748
0.014432860045182 0.030105209701829
0.013210548563420 0.028531901718558
0.012041619030626 0.026996571424732
0.010926199633097 0.025499888684278
0.009864412689139 0.024038026960777
0.008856374635656 0.022606167371276
0.007902196015379 0.021201302090677
0.007001981464748 0.019820981837557
0.006155829702431 0.018462968688966
0.005363833518506 0.017125546667486
0.004626079764278 0.015807183683816
0.003942649342761 0.014506618492164
0.003313617199802 0.013222788853145
0.002739052315863 0.011954696023619
0.002219017698460 0.010701571870050
0.001753570375248 0.009462663370465
0.001342761387771 0.008237327206895
0.000986635785864 0.007025014015472
0.000685232622713 0.005825228541740
0.000438584950571 0.004637491600677
0.000246719817134 0.003461448708753
0.000109658262577 0.002296694889736
0.000027415317244 0.001142898781766
0.000000000000000 0.000000000000000
0.000027415317244 -0.001132527948293
0.000109658262577 -0.002254985179786
0.000246719817134 -0.003367611311265
0.000438584950571 -0.004474089955028
0.000685232622713 -0.005581595997232
0.000986635785864 -0.006691003764701
0.001342761387771 -0.007800838531357
0.001753570375248 -0.008908755641036
0.002219017698460 -0.010011775626702
0.002739052315863 -0.011106541340251
0.003313617199802 -0.012189390196374
0.003942649342761 -0.013256382470028
0.004626079764278 -0.014303312781497
0.005363833518506 -0.015325570214147
0.006155829702431 -0.016318365601736
0.007001981464748 -0.017276485545567
0.007902196015379 -0.018194348241808
0.008856374635656 -0.019065854896006
0.009864412689139 -0.019884729480010
0.010926199633097 -0.020644400006879
0.012041619030626 -0.021336323849860
0.013210548563420 -0.021952003416013
0.014432860045182 -0.022491968291202
0.015708419435684 -0.022959913042511
0.017037086855466 -0.023362742019923
0.018418716601171 -0.023708917065369
0.019853157161528 -0.024006465926169
0.021340251233966 -0.024264406560039
0.022879835741862 -0.024494328706996
0.024471741852423 -0.024710523200081
0.026115794995207 -0.024924174612908
0.027811814881259 -0.025143142376143
0.029559615522887 -0.025371525010345
0.031359005254054 -0.025607453844966
0.033209786751399 -0.025849193735211
0.035111757055874 -0.026096455680963
0.037064707595003 -0.026348921782571
0.039068424205750 -0.026605675337850
0.041122687158009 -0.026865616397410
0.043227271178699 -0.027127673639737
0.045381945476466 -0.027390703593472
0.047586473766990 -0.027653374151762
0.049840614298903 -0.027914200282099
0.052144119880293 -0.028171777484370
0.054496737905816 -0.028424809393262
0.056898210384393 -0.028671946398844
0.059348273967504 -0.028911837461627
0.061846659978068 -0.029143061573971
0.064393094439905 -0.029364134572133
0.066987298107781 -0.029573487785222
0.069628986498028 -0.029769295448600
0.072317869919747 -0.029949422637942
0.075053653506568 -0.030111880153034
0.077836037248992 -0.030255831988136
0.080664716027288 -0.030380818375649
0.083539379644950 -0.030486983925761
0.086459712862719 -0.030575288250303
0.089425395433148 -0.030646898923028
0.092436102135723 -0.030703115733766
0.095491502812526 -0.030745395636239
0.098591262404443 -0.030775211923433
0.101735040987902 -0.030793645583095
0.104922493812155 -0.030801791388222
0.108153271337080 -0.030800425298406
0.111427019271514 -0.030789580908127
0.114743378612105 -0.030769234996811
0.118101985682679 -0.030739501417705
0.121502472174122 -0.030700684234722
0.124944465184770 -0.030653145905012
0.128427587261303 -0.030597254011528
0.131951456440133 -0.030533365068068
0.135515686289294 -0.030461876266019
0.139119885950819 -0.030383280406702
0.142763660183598 -0.030298205731036
0.146446609406726 -0.030207345133659
0.150168329743317 -0.030111280646964
0.153928413064796 -0.030010145545116
0.157726447035656 -0.029903999640797
0.161562015158669 -0.029792881370997
0.165434696820571 -0.029676605142865
0.169344067338174 -0.029554874414810
0.173289698004947 -0.029427383292647
0.177271156138025 -0.029293848317382
0.181288005125655 -0.029154023634417
0.185339804475081 -0.029007662861290
0.189426109860845 -0.028854511267505
0.193546473173511 -0.028694309895933
0.197700442568812 -0.028526794064348
0.201887562517192 -0.028351692552838
0.206107373853763 -0.028168856534949
0.210359413828660 -0.027978430659533
0.214643216157784 -0.027780618859579
0.218958311073935 -0.027575640199621
0.223304225378328 -0.027363722135431
0.227680482492486 -0.027145096627914
0.232086602510501 -0.026920010098887
0.236522102251661 -0.026688725188028
0.240986495313435 -0.026451522022306
0.245479292124814 -0.026208701216400
0.250000000000000 -0.025960576632395
0.254548123192429 -0.025707479940675
0.259123162949142 -0.025449751180773
0.263724617565473 -0.025187741076636
0.268351982440069 -0.024921814176860
0.273004750130227 -0.024652350097619
0.277682410407536 -0.024379752622267
0.282384450313836 -0.024104455041392
0.287110354217464 -0.023826907161531
0.291859603869799 -0.023547574621681
0.296631678462100 -0.023266903821972
0.301426054682609 -0.022985257617184
0.306242206773948 -0.022702982730349
0.311079606590766 -0.022420439542706
0.315937723657661 -0.022137986893314
0.320816025227350 -0.021855937147332
0.325713976339092 -0.021574569680629
0.330631039877354 -0.021294172386502
0.335566676630708 -0.021015033501748
0.340520345350965 -0.020737452214876
0.345491502812526 -0.020461738563071
0.350479603871956 -0.020188207738792
0.355484101527764 -0.019917178811940
0.360504446980385 -0.019648976832501
0.365540089692367 -0.019383949159087
0.370590477448739 -0.019122458477343
0.375655056417572 -0.018864874969380
0.380733271210709 -0.018611567116863
0.385824564944672 -0.018362887719495
0.390928379301728 -0.018119087257351
0.396044154591120 -0.017880385435874
0.401171329810437 -0.017647004752683
0.406309342707137 -0.017419163115847
0.411457629840208 -0.017196877505450
0.416615626641949 -0.016979732501997
0.421782767479884 -0.016767252922780
0.426958485718794 -0.016558955762002
0.432142213782848 -0.016354352681352
0.437333383217848 -0.016152989738807
0.442531424753567 -0.015954456663431
0.447735768366173 -0.015758343050304
0.452945843340743 -0.015564232077533
0.458161078333842 -0.015371701675084
0.463380901436184 -0.015180288561439
0.468604740235343 -0.014989495726906
0.473832021878528 -0.014798823100182
0.479062173135400 -0.014607768297309
0.484294620460935 -0.014415840522774
0.489528790058321 -0.014222670535241
0.494764107941877 -0.014027952543223
0.500000000000000 -0.013831382588153
0.505235892058122 -0.013632657148841
0.510471209941678 -0.013431554277052
0.515705379539064 -0.013228333273322
0.520937826864600 -0.013023430427749
0.526167978121472 -0.012817280471683
0.531395259764656 -0.012610318151641
0.536619098563816 -0.012402960516566
0.541838921666157 -0.012195554711581
0.547054156659257 -0.011988432401544
0.552264231633827 -0.011781921887171
0.557468575246433 -0.011576351106695
0.562666616782152 -0.011372056428147
0.567857786217152 -0.011169401143033
0.573041514281206 -0.010968746837374
0.578217232520115 -0.010770452382778
0.583384373358051 -0.010574871506882
0.588542370159791 -0.010382318678623
0.593690657292862 -0.010193063491753
0.598828670189563 -0.010007368846936
0.603955845408879 -0.009825492750932
0.609071620698271 -0.009647671409685
0.614175435055328 -0.009473968049678
0.619266728789290 -0.009304350798466
0.624344943582427 -0.009138784072551
0.629409522551260 -0.008977231015504
0.634459910307633 -0.008819662294481
0.639495553019614 -0.008666072960613
0.644515898472235 -0.008516459532651
0.649520396128043 -0.008370819330932
0.654508497187474 -0.008229144875490
0.659479654649035 -0.008091420181456
0.664433323369291 -0.007957617676083
0.669368960122646 -0.007827708799418
0.674286023660907 -0.007701663744699
0.679183974772650 -0.007579460219864
0.684062276342339 -0.007461095672964
0.688920393409233 -0.007346570957676
0.693757793226051 -0.007235885338808
0.698573945317390 -0.007129017816043
0.703368321537900 -0.007025799869724
0.708140396130200 -0.006925996655318
0.712889645782536 -0.006829375997241
0.717615549686163 -0.006735709231802
0.722317589592464 -0.006644734227683
0.726995249869773 -0.006556163206998
0.731648017559930 -0.006469714372080
0.736275382434527 -0.006385114181819
0.740876837050857 -0.006302105990573
0.745451876807570 -0.006220448878417
0.750000000000000 -0.006139911355157
0.754520707875185 -0.006060268955714
0.759013504686565 -0.005981302535479
0.763477897748338 -0.005902800360995
0.767913397489498 -0.005824557588069
0.772319517507513 -0.005746378414104
0.776695774621672 -0.005668073527831
0.781041688926065 -0.005589462230980
0.785356783842216 -0.005510371618461
0.789640586171339 -0.005430640203060
0.793892626146236 -0.005350123574479
0.798112437482808 -0.005268688383525
0.802299557431187 -0.005186213333455
0.806453526826488 -0.005102770747046
0.810573890139155 -0.005018662074598
0.814660195524918 -0.004934192696180
0.818711994874345 -0.004849651242700
0.822728843861975 -0.004765307680370
0.826710301995052 -0.004681415901812
0.830655932661826 -0.004598217696023
0.834565303179429 -0.004515945803065
0.838437984841330 -0.004434819781128
0.842273552964344 -0.004355048667429
0.846071586935203 -0.004276827290353
0.849831670256683 -0.004200339209046
0.853553390593274 -0.004125754938702
0.857236339816401 -0.004053233482776
0.860880114049181 -0.003982921509336
0.864484313710706 -0.003914954688090
0.868048543559867 -0.003849457088178
0.871572412738697 -0.003786539562248
0.875055534815230 -0.003726302889752
0.878497527825878 -0.003668837519673
0.881898014317321 -0.003614224804510
0.885256621387894 -0.003562533254887
0.888572980728485 -0.003513815506931
0.891846728662920 -0.003468111082168
0.895077506187845 -0.003425460188036
0.898264959012098 -0.003385915568754
0.901408737595557 -0.003349493076323
0.904508497187474 -0.003315798250004
0.907563897864277 -0.003284168617181
0.910574604566852 -0.003253972956066
0.913540287137281 -0.003224601368320
0.916460620355049 -0.003195492007258
0.919335283972712 -0.003166140750634
0.922163962751007 -0.003136095585761
0.924946346493432 -0.003104950161380
0.927682130080253 -0.003072341051445
0.930371013501972 -0.003037950234730
0.933012701892219 -0.003001502255485
0.935606905560095 -0.002962762707192
0.938153340021932 -0.002921536388063
0.940651726032496 -0.002877666616054
0.943101789615607 -0.002831032871362
0.945503262094184 -0.002781549348844
0.947855880119706 -0.002729163871917
0.950159385701097 -0.002673855719229
0.952413526233010 -0.002615633686354
0.954618054523534 -0.002554536064570
0.956772728821300 -0.002490626935267
0.958877312841991 -0.002423995590860
0.960931575794250 -0.002354756182631
0.962935292404997 -0.002283043360455
0.964888242944126 -0.002209012682384
0.966790213248601 -0.002132838493353
0.968640994745946 -0.002054711154833
0.970440384477113 -0.001974837950611
0.972188185118740 -0.001893439948396
0.973884205004793 -0.001810750476393
0.975528258147577 -0.001727012549563
0.977120164258138 -0.001642479849464
0.978659748766034 -0.001557413399619
0.980146842838471 -0.001472081234069
0.981581283398829 -0.001386754822561
0.982962913144534 -0.001301709782990
0.984291580564316 -0.001217225662660
0.985567139954818 -0.001133580005302
0.986789451436580 -0.001051051155320
0.987958380969374 -0.000969914626685
0.989073800366903 -0.000890445518003
0.990135587310861 -0.000812912397367
0.991143625364344 -0.000737577520763
0.992097803984621 -0.000664698686982
0.992998018535252 -0.000594526143783
0.993844170297569 -0.000527298905708
0.994636166481494 -0.000463249210763
0.995373920235722 -0.000402598297062
0.996057350657239 -0.000345554301409
0.996686382800198 -0.000292315274347
0.997260947684137 -0.000243065686954
0.997780982301540 -0.000197974420534
0.998246429624752 -0.000157199222927
0.998657238612229 -0.000120881153404
0.999013364214136 -0.000089146426314
0.999314767377287 -0.000062105396313
0.999561415049429 -0.000039851954858
0.999753280182866 -0.000022461687626
0.999890341737423 -0.000009997183359
0.999972584682756 -0.000002501383591
1.000000000000000 0.000000000000000
