1.000000000000000 0.000000000000000
0.999972584682756 0.000006222241752
0.999890341737423 0.000024883059342
0.999753280182866 0.000055972751618
0.999561415049429 0.000099481836561
0.999314767377287 0.000155393042030
0.999013364214136 0.000223677320904
0.998657238612229 0.000304305887057
0.998246429624752 0.000397250221501
0.997780982301540 0.000502462110100
0.997260947684137 0.000619901659872
0.996686382800198 0.000749517345978
0.996057350657239 0.000891254042183
0.995373920235722 0.001045049079252
0.994636166481494 0.001210840246242
0.993844170297569 0.001388557874273
0.992998018535252 0.001578120948126
0.992097803984621 0.001779453019291
0.991143625364344 0.001992470356834
0.990135587310861 0.002217082030466
0.989073800366903 0.002453190000734
0.987958380969374 0.002700700978083
0.986789451436580 0.002959510750793
0.985567139954818 0.003229508232271
0.984291580564316 0.003510579465143
0.982962913144534 0.003802611574295
0.981581283398829 0.004105488912312
0.980146842838472 0.004419077670115
0.978659748766034 0.004743253132622
0.977120164258138 0.005077884226933
0.975528258147577 0.005422833652537
0.973884205004793 0.005777961836862
0.972188185118741 0.006143127017264
0.970440384477113 0.006518177733442
0.968640994745946 0.006902971948817
0.966790213248601 0.007297350560825
0.964888242944126 0.007701164039616
0.962935292404997 0.008114246121786
0.960931575794250 0.008536436544141
0.958877312841991 0.008967577284626
0.956772728821300 0.009407497783197
0.954618054523534 0.009856026306569
0.952413526233010 0.010312993716546
0.950159385701097 0.010778226180667
0.947855880119706 0.011251548984780
0.945503262094184 0.011732783006551
0.943101789615607 0.012221752107740
0.940651726032496 0.012718272378011
0.938153340021932 0.013222166692047
0.935606905560095 0.013733243306172
0.933012701892219 0.014251321076879
0.930371013501972 0.014776218715985
0.927682130080253 0.015307744360848
0.924946346493432 0.015845713431143
0.922163962751008 0.016389934753684
0.919335283972712 0.016940221019210
0.916460620355050 0.017496385003307
0.913540287137281 0.018058236611235
0.910574604566852 0.018625584432448
0.907563897864277 0.019198242308684
0.904508497187474 0.019776018813686
0.901408737595557 0.020358721643172
0.898264959012098 0.020946162986548
0.895077506187845 0.021538233943203
0.891846728662920 0.022134857607598
0.888572980728485 0.022735974981376
0.885256621387895 0.023341538825598
0.881898014317321 0.023951520382944
0.878497527825878 0.024565897501294
0.875055534815230 0.025184658664366
0.871572412738697 0.025807801214130
0.868048543559867 0.026435335373200
0.864484313710706 0.027067290333305
0.860880114049181 0.027703698509328
0.857236339816402 0.028344608644996
0.853553390593274 0.028990085705366
0.849831670256683 0.029640201239655
0.846071586935203 0.030295039225975
0.842273552964344 0.030954703142269
0.838437984841330 0.031619305155269
0.834565303179429 0.032288975473430
0.830655932661826 0.032963862351990
0.826710301995053 0.033644119348578
0.822728843861975 0.034329905070519
0.818711994874345 0.035021383276975
0.814660195524919 0.035718727800994
0.810573890139155 0.036422184201590
0.806453526826488 0.037132040792519
0.802299557431188 0.037848613157746
0.798112437482808 0.038572033488328
0.793892626146237 0.039301995439468
0.789640586171339 0.040038090691542
0.785356783842216 0.040779908121509
0.781041688926065 0.041526912565112
0.776695774621672 0.042278490814692
0.772319517507513 0.043034006578159
0.767913397489498 0.043792798176109
0.763477897748339 0.044554220962362
0.759013504686565 0.045317606516284
0.754520707875186 0.046082270842302
0.750000000000000 0.046847510238918
0.745451876807570 0.047612599000934
0.740876837050858 0.048376787187924
0.736275382434527 0.049139316777945
0.731648017559931 0.049899402046701
0.726995249869773 0.050656220045064
0.722317589592464 0.051408944768324
0.717615549686164 0.052156723319484
0.712889645782536 0.052898712955250
0.708140396130201 0.053634096781817
0.703368321537900 0.054362063520919
0.698573945317390 0.055081790981497
0.693757793226052 0.055792546192230
0.688920393409234 0.056494171781916
0.684062276342339 0.057186701028906
0.679183974772650 0.057870180059423
0.674286023660908 0.058544663370913
0.669368960122646 0.059210190251198
0.664433323369292 0.059866784034798
0.659479654649035 0.060514480922903
0.654508497187474 0.061153320851006
0.649520396128043 0.061783355684093
0.644515898472236 0.062404635858827
0.639495553019615 0.063017226131269
0.634459910307633 0.063621196744538
0.629409522551260 0.064216623688218
0.624344943582428 0.064803630569547
0.619266728789291 0.065382374679637
0.614175435055328 0.065953026204408
0.609071620698271 0.066515757077095
0.603955845408880 0.067070694968984
0.598828670189563 0.067617711931935
0.593690657292862 0.068156610259704
0.588542370159792 0.068687193313052
0.583384373358051 0.069209268871620
0.578217232520115 0.069722584268027
0.573041514281206 0.070226748978655
0.567857786217152 0.070721361090045
0.562666616782152 0.071206023283239
0.557468575246433 0.071680337418507
0.552264231633827 0.072143936935822
0.547054156659257 0.072596483169023
0.541838921666158 0.073037647867940
0.536619098563816 0.073467101616597
0.531395259764657 0.073884520015025
0.526167978121472 0.074289565498737
0.520937826864600 0.074681884986827
0.515705379539064 0.075061131916260
0.510471209941678 0.075426965465914
0.505235892058123 0.075779060456302
0.500000000000000 0.076117184192514
0.494764107941877 0.076441157537887
0.489528790058322 0.076750806285391
0.484294620460936 0.077045965421199
0.479062173135400 0.077326481426075
0.473832021878528 0.077592255862867
0.468604740235343 0.077843214296634
0.463380901436184 0.078079288903094
0.458161078333842 0.078300419583615
0.452945843340743 0.078506546684920
0.447735768366173 0.078697603930131
0.442531424753567 0.078873524930995
0.437333383217848 0.079034252584402
0.432142213782848 0.079179735491810
0.426958485718794 0.079309934388709
0.421782767479885 0.079424834127440
0.416615626641949 0.079524430936373
0.411457629840209 0.079608725303011
0.406309342707138 0.079677725830338
0.401171329810437 0.079731400908827
0.396044154591120 0.079769648408722
0.390928379301729 0.079792366429863
0.385824564944672 0.079799461892986
0.380733271210710 0.079790849130573
0.375655056417573 0.079766423437969
0.370590477448740 0.079726063765824
0.365540089692367 0.079669658044683
0.360504446980385 0.079597104556053
0.355484101527764 0.079508312447863
0.350479603871957 0.079403208315226
0.345491502812526 0.079281730682470
0.340520345350965 0.079143829340359
0.335566676630708 0.078989463294181
0.330631039877354 0.078818608502672
0.325713976339092 0.078631258376572
0.320816025227350 0.078427420001004
0.315937723657661 0.078207110241056
0.311079606590766 0.077970349004811
0.306242206773949 0.077717131563934
0.301426054682610 0.077447436100852
0.296631678462100 0.077161259169893
0.291859603869799 0.076858603225125
0.287110354217464 0.076539423959589
0.282384450313836 0.076203594368710
0.277682410407536 0.075850993989684
0.273004750130227 0.075481522427365
0.268351982440069 0.075095099877090
0.263724617565473 0.074691682565957
0.259123162949143 0.074271247833782
0.254548123192430 0.073833787319426
0.250000000000000 0.073379308834410
0.245479292124815 0.072907829857481
0.240986495313435 0.072419383849022
0.236522102251661 0.071914017432758
0.232086602510502 0.071391799404304
0.227680482492487 0.070852825505470
0.223304225378328 0.070297210136701
0.218958311073935 0.069725087687379
0.214643216157784 0.069136599367392
0.210359413828661 0.068531867712697
0.206107373853763 0.067911023506567
0.201887562517192 0.067274219260081
0.197700442568813 0.066621775342664
0.193546473173512 0.065954327475573
0.189426109860845 0.065272555075908
0.185339804475081 0.064577124098725
0.181288005125655 0.063868767628311
0.177271156138025 0.063148256223004
0.173289698004947 0.062416355493910
0.169344067338174 0.061673797451915
0.165434696820571 0.060921255909047
0.161562015158670 0.060159397357617
0.157726447035656 0.059388892467648
0.153928413064797 0.058610529782159
0.150168329743317 0.057825156533824
0.146446609406726 0.057033635609605
0.142763660183598 0.056237502586830
0.139119885950819 0.055438873511372
0.135515686289294 0.054639788875142
0.131951456440133 0.053842161053485
0.128427587261303 0.053047761513298
0.124944465184770 0.052258249754176
0.121502472174122 0.051475166011018
0.118101985682679 0.050699920311535
0.114743378612105 0.049933827310786
0.111427019271515 0.049178323048109
0.108153271337080 0.048434924688259
0.104922493812155 0.047704953902047
0.101735040987902 0.046988635289866
0.098591262404443 0.046285613198974
0.095491502812526 0.045594203383817
0.092436102135723 0.044907409974754
0.089425395433148 0.044217442503560
0.086459712862719 0.043517540482327
0.083539379644950 0.042802028799595
0.080664716027288 0.042065622768602
0.077836037248993 0.041302622288107
0.075053653506568 0.040507505575276
0.072317869919747 0.039678612031349
0.069628986498028 0.038818778931850
0.066987298107781 0.037931462314061
0.064393094439905 0.037021275599708
0.061846659978068 0.036092816040006
0.059348273967504 0.035150326777804
0.056898210384393 0.034197822318496
0.054496737905816 0.033239370183744
0.052144119880294 0.032278914660315
0.049840614298903 0.031319504530378
0.047586473766990 0.030363462401500
0.045381945476466 0.029411082372507
0.043227271178700 0.028461344005621
0.041122687158010 0.027513460134952
0.039068424205750 0.026566872010920
0.037064707595003 0.025620887604310
0.035111757055874 0.024674799377362
0.033209786751399 0.023727805952571
0.031359005254054 0.022779113001691
0.029559615522887 0.021827753529616
0.027811814881260 0.020872654915938
0.026115794995207 0.019912573628359
0.024471741852423 0.018946142913852
0.022879835741862 0.017975194904607
0.021340251233966 0.017007011483140
0.019853157161529 0.016050310720776
0.018418716601171 0.015113377346301
0.017037086855466 0.014203172599425
0.015708419435685 0.013324811259466
0.014432860045182 0.012481582289511
0.013210548563420 0.011675593696971
0.012041619030626 0.010907835571192
0.010926199633097 0.010174807834474
0.009864412689139 0.009471787213434
0.008856374635656 0.008795436523513
0.007902196015379 0.008143370702867
0.007001981464748 0.007513999418283
0.006155829702431 0.006906050477879
0.005363833518506 0.006318645979584
0.004626079764278 0.005750960490331
0.003942649342761 0.005202476439656
0.003313617199802 0.004672677920489
0.002739052315863 0.004161154684565
0.002219017698460 0.003667657425860
0.001753570375248 0.003191805115584
0.001342761387771 0.002733425972913
0.000986635785864 0.002292356199317
0.000685232622713 0.001868338955084
0.000438584950571 0.001461260016829
0.000246719817134 0.001071001062130
0.000109658262577 0.000697425665624
0.000027415317244 0.000340492272074
0.000000000000000 0.000000000000000
0.000027415317244 -0.000324024456691
0.000109658262577 -0.000631692808587
0.000246719817134 -0.000923585354542
0.000438584950571 -0.001203407858683
0.000685232622713 -0.001474185263136
0.000986635785864 -0.001736702382393
0.001342761387771 -0.001991312853177
0.001753570375248 -0.002238051815624
0.002219017698460 -0.002476799857590
0.002739052315863 -0.002707566783080
0.003313617199802 -0.002930126735865
0.003942649342761 -0.003144263126034
0.004626079764278 -0.003349853365700
0.005363833518506 -0.003546471618889
0.006155829702431 -0.003733952322401
0.007001981464748 -0.003911778420585
0.007902196015379 -0.004079591733977
0.008856374635656 -0.004236753685955
0.009864412689139 -0.004382610772198
0.010926199633097 -0.004516228999055
0.012041619030626 -0.004636390989690
0.013210548563420 -0.004741380991805
0.014432860045182 -0.004828250165453
0.015708419435684 -0.004893160132124
0.017037086855466 -0.004932477979234
0.018418716601171 -0.004943195551089
0.019853157161528 -0.004923556862916
0.021340251233966 -0.004873881478611
0.022879835741862 -0.004797240956514
0.024471741852423 -0.004700040293782
0.026115794995207 -0.004590163526390
0.027811814881259 -0.004472959451002
0.029559615522887 -0.004347944982187
0.031359005254054 -0.004214677522940
0.033209786751399 -0.004073025238535
0.035111757055874 -0.003922630390127
0.037064707595003 -0.003763094808709
0.039068424205750 -0.003594025175838
0.041122687158009 -0.003414979622567
0.043227271178699 -0.003225455398314
0.045381945476466 -0.003024883080876
0.047586473766990 -0.002812635836061
0.049840614298903 -0.002587970374934
0.052144119880293 -0.002350071499748
0.054496737905816 -0.002098124422026
0.056898210384393 -0.001831281099806
0.059348273967504 -0.001548679396092
0.061846659978068 -0.001249430782317
0.064393094439905 -0.000932647215863
0.066987298107781 -0.000597425002545
0.069628986498028 -0.000242784230717
0.072317869919747 0.000132276643586
0.075053653506568 0.000528468024312
0.077836037248992 0.000946259221078
0.080664716027288 0.001385178697033
0.083539379644950 0.001843670033986
0.086459712862719 0.002320020802998
0.089425395433148 0.002812543633803
0.092436102135723 0.003319352423648
0.095491502812526 0.003838088065345
0.098591262404443 0.004366074348060
0.101735040987902 0.004901242059040
0.104922493812155 0.005442477251929
0.108153271337080 0.005988768572256
0.111427019271514 0.006539734078131
0.114743378612105 0.007095234234128
0.118101985682679 0.007655053190308
0.121502472174122 0.008218814340710
0.124944465184770 0.008786105819860
0.128427587261303 0.009356535718262
0.131951456440133 0.009929721834813
0.135515686289294 0.010505281407296
0.139119885950819 0.011082792258563
0.142763660183598 0.011661812279698
0.146446609406726 0.012241888992905
0.150168329743317 0.012822588090222
0.153928413064796 0.013403477177307
0.157726447035656 0.013984116628546
0.161562015158669 0.014564090459554
0.165434696820571 0.015142999603769
0.169344067338174 0.015720427051659
0.173289698004947 0.016295956974604
0.177271156138025 0.016869153688030
0.181288005125655 0.017439581900869
0.185339804475081 0.018006782290145
0.189426109860845 0.018570272570440
0.193546473173511 0.019129557694752
0.197700442568812 0.019684156707706
0.201887562517192 0.020233675242859
0.206107373853763 0.020777763009565
0.210359413828660 0.021316067206588
0.214643216157784 0.021848269466437
0.218958311073935 0.022374118788855
0.223304225378328 0.022893369689941
0.227680482492486 0.023405781994872
0.232086602510501 0.023911104759650
0.236522102251661 0.024409083194896
0.240986495313435 0.024899461608738
0.245479292124814 0.025381992518182
0.250000000000000 0.025856435326235
0.254548123192429 0.026322555648634
0.259123162949142 0.026780123091427
0.263724617565473 0.027228907014806
0.268351982440069 0.027668683096550
0.273004750130227 0.028099222239907
0.277682410407536 0.028520302893711
0.282384450313836 0.028931706589210
0.287110354217464 0.029333241210638
0.291859603869799 0.029724718667523
0.296631678462100 0.030105960629344
0.301426054682609 0.030476775694014
0.306242206773948 0.030836739801495
0.311079606590766 0.031185245282933
0.315937723657661 0.031521680486267
0.320816025227350 0.031845426002681
0.325713976339092 0.032155841404217
0.330631039877354 0.032452249641173
0.335566676630708 0.032733970515096
0.340520345350965 0.033000315253485
0.345491502812526 0.033250601577283
0.350479603871956 0.033484184189656
0.355484101527764 0.033700431264045
0.360504446980385 0.033898709529350
0.365540089692367 0.034078382382139
0.370590477448739 0.034238728916387
0.375655056417572 0.034378903275268
0.380733271210709 0.034498046746021
0.385824564944672 0.034595298167025
0.390928379301728 0.034669860731782
0.396044154591120 0.034721530226400
0.401171329810437 0.034750415492825
0.406309342707137 0.034756639705038
0.411457629840208 0.034740336997456
0.416615626641949 0.034701886758008
0.421782767479884 0.034642461653636
0.426958485718794 0.034563418821039
0.432142213782848 0.034466138029339
0.437333383217848 0.034352018298396
0.442531424753567 0.034222376197006
0.447735768366173 0.034078379564712
0.452945843340743 0.033921194816847
0.458161078333842 0.033752004217425
0.463380901436184 0.033572009108894
0.468604740235343 0.033382548883472
0.473832021878528 0.033185093426447
0.479062173135400 0.032981126911194
0.484294620460935 0.032772141558032
0.489528790058321 0.032559583203643
0.494764107941877 0.032344367505017
0.500000000000000 0.032127110064848
0.505235892058122 0.031908423512852
0.510471209941678 0.031688921620832
0.515705379539064 0.031469080361982
0.520937826864600 0.031248612886115
0.526167978121472 0.031026970110803
0.531395259764656 0.030803602839598
0.536619098563816 0.030577966301954
0.541838921666157 0.030349569720885
0.547054156659257 0.030118087798042
0.552264231633827 0.029883230847341
0.557468575246433 0.029644711969230
0.562666616782152 0.029402248073850
0.567857786217152 0.029155515205813
0.573041514281206 0.028904120333977
0.578217232520115 0.028647668361327
0.583384373358051 0.028385769889148
0.588542370159791 0.028118052523573
0.593690657292862 0.027844305042777
0.598828670189563 0.027564456559822
0.603955845408879 0.027278442987515
0.609071620698271 0.026986206902058
0.614175435055328 0.026687742906878
0.619266728789290 0.026383336782814
0.624344943582427 0.026073372454653
0.629409522551260 0.025758232432045
0.634459910307633 0.025438295653773
0.639495553019614 0.025113909261092
0.644515898472235 0.024785373843012
0.649520396128043 0.024452976065178
0.654508497187474 0.024117009008039
0.659479654649035 0.023777758128057
0.664433323369291 0.023435524105905
0.669368960122646 0.023090609520726
0.674286023660907 0.022743315109676
0.679183974772650 0.022393935293373
0.684062276342339 0.022042763061211
0.688920393409233 0.021690079381475
0.693757793226051 0.021336166702291
0.698573945317390 0.020981300676324
0.703368321537900 0.020625745965160
0.708140396130200 0.020269752914606
0.712889645782536 0.019913565421014
0.717615549686163 0.019557419482866
0.722317589592464 0.019201549384077
0.726995249869773 0.018846183569656
0.731648017559930 0.018491540727070
0.736275382434527 0.018137839159295
0.740876837050857 0.017785290541805
0.745451876807570 0.017434103178995
0.750000000000000 0.017084476609854
0.754520707875185 0.016736611839516
0.759013504686565 0.016390696759044
0.763477897748338 0.016046918178466
0.767913397489498 0.015705448803105
0.772319517507513 0.015366462560331
0.776695774621672 0.015030126568667
0.781041688926065 0.014696612886987
0.785356783842216 0.014366088053783
0.789640586171339 0.014038708016062
0.793892626146236 0.013714606540589
0.798112437482808 0.013393879679058
0.802299557431187 0.013076622588476
0.806453526826488 0.012762893496726
0.810573890139155 0.012452577560273
0.814660195524918 0.012145514334231
0.818711994874345 0.011841551698465
0.822728843861975 0.011540558163615
0.826710301995052 0.011242424209256
0.830655932661826 0.010947048524426
0.834565303179429 0.010654332215745
0.838437984841330 0.010364180332441
0.842273552964344 0.010076504782963
0.846071586935203 0.009791219817308
0.849831670256683 0.009508256113626
0.853553390593274 0.009227544030358
0.857236339816401 0.008949024719923
0.860880114049181 0.008672645754706
0.864484313710706 0.008398358922879
0.868048543559867 0.008126125550802
0.871572412738697 0.007855910064817
0.875055534815230 0.007587684245278
0.878497527825878 0.007321427964580
0.881898014317321 0.007057126559151
0.885256621387894 0.006794773040150
0.888572980728485 0.006534360880541
0.891846728662920 0.006275886464734
0.895077506187845 0.006019355611446
0.898264959012098 0.005764797093563
0.901408737595557 0.005512258966956
0.904508497187474 0.005262013085746
0.907563897864277 0.005014687923569
0.910574604566852 0.004770890372606
0.913540287137281 0.004531164394189
0.916460620355049 0.004296001210321
0.919335283972712 0.004065847946015
0.922163962751007 0.003841115491590
0.924946346493432 0.003622165087438
0.927682130080253 0.003409320546214
0.930371013501972 0.003202863475776
0.933012701892219 0.003003034863240
0.935606905560095 0.002810039516019
0.938153340021932 0.002624048863914
0.940651726032496 0.002445194881502
0.943101789615607 0.002273578536383
0.945503262094184 0.002109269450233
0.947855880119706 0.001952306275477
0.950159385701097 0.001802698297472
0.952413526233010 0.001660429428884
0.954618054523534 0.001525454362212
0.956772728821300 0.001397708459994
0.958877312841991 0.001277099044827
0.960931575794250 0.001163516142821
0.962935292404997 0.001056828592388
0.964888242944126 0.000956887027735
0.966790213248601 0.000863525553381
0.968640994745946 0.000776564179583
0.970440384477113 0.000695806837303
0.972188185118740 0.000621046729830
0.973884205004793 0.000552066103016
0.975528258147577 0.000488638821043
0.977120164258138 0.000430527765249
0.978659748766034 0.000377492594700
0.980146842838471 0.000329284757089
0.981581283398829 0.000285653856818
0.982962913144534 0.000246345666956
0.984291580564316 0.000211105309587
0.985567139954818 0.000179676107983
0.986789451436580 0.000151803792395
0.987958380969374 0.000127235900006
0.989073800366903 0.000105722543853
0.990135587310861 0.000087018558012
0.991143625364344 0.000070883756800
0.992097803984621 0.000057084465394
0.992998018535252 0.000045393949609
0.993844170297569 0.000035593729149
0.994636166481494 0.000027474071053
0.995373920235722 0.000020835064905
0.996057350657239 0.000015487150440
0.996686382800198 0.000011251901845
0.997260947684137 0.000007963048089
0.997780982301540 0.000005466248190
0.998246429624752 0.000003620620281
0.998657238612229 0.000002298497679
0.999013364214136 0.000001386203328
0.999314767377287 0.000000784371763
0.999561415049429 0.000000408439498
0.999753280182866 0.000000188754583
0.999890341737423 0.000000070853608
0.999972584682756 0.000000015755801
1.000000000000000 0.000000000000000
