1.000000000000000 0.000000000000000
0.999972584682756 0.000009468767749
0.999890341737423 0.000037872905993
0.999753280182866 0.000085199774490
0.999561415049429 0.000151432430808
0.999314767377287 0.000236549661551
0.999013364214136 0.000340519879899
0.998657238612229 0.000463301193064
0.998246429624752 0.000604853762611
0.997780982301540 0.000765127599506
0.997260947684137 0.000944062674088
0.996686382800198 0.001141595167632
0.996057350657239 0.001357651470166
0.995373920235722 0.001592166677659
0.994636166481494 0.001845048025712
0.993844170297569 0.002116217871302
0.992998018535252 0.002405577191092
0.992097803984621 0.002713030205321
0.991143625364344 0.003038478446862
0.990135587310861 0.003381808809080
0.989073800366903 0.003742905956626
0.987958380969374 0.004121658596964
0.986789451436580 0.004517947567566
0.985567139954818 0.004931646110831
0.984291580564316 0.005362632217085
0.982962913144534 0.005810770772370
0.981581283398829 0.006275925929173
0.980146842838472 0.006757967371278
0.978659748766034 0.007256752572679
0.977120164258138 0.007772145112409
0.975528258147577 0.008304002974588
0.973884205004793 0.008852184851347
0.972188185118741 0.009416550440630
0.970440384477113 0.009996948880844
0.968640994745946 0.010593242864013
0.966790213248601 0.011205291100320
0.964888242944126 0.011832942791861
0.962935292404997 0.012476061623735
0.960931575794250 0.013134514215493
0.958877312841991 0.013808152854811
0.956772728821300 0.014496845264313
0.954618054523534 0.015200463138760
0.952413526233010 0.015918864972076
0.950159385701097 0.016651943138902
0.947855880119706 0.017399554213243
0.945503262094184 0.018161595093832
0.943101789615607 0.018937945114688
0.940651726032496 0.019728489698935
0.938153340021932 0.020533138020416
0.935606905560095 0.021351788595588
0.933012701892219 0.022184341275080
0.930371013501972 0.023030720580105
0.927682130080253 0.023890835755964
0.924946346493432 0.024764632813042
0.922163962751008 0.025652031670517
0.919335283972712 0.026552989561821
0.916460620355050 0.027467444152104
0.913540287137281 0.028395371149874
0.910574604566852 0.029336732921271
0.907563897864277 0.030291506898058
0.904508497187474 0.031259686207327
0.901408737595557 0.032241270241714
0.898264959012098 0.033236265091076
0.895077506187845 0.034244697367712
0.891846728662920 0.035266585547972
0.888572980728485 0.036301958113244
0.885256621387895 0.037350690181325
0.881898014317321 0.038412486550212
0.878497527825878 0.039487014009685
0.875055534815230 0.040573938016974
0.871572412738697 0.041672914033560
0.868048543559867 0.042783578382223
0.864484313710706 0.043905541006467
0.860880114049181 0.045038409324696
0.857236339816402 0.046181771637583
0.853553390593274 0.047335185924718
0.849831670256683 0.048498219161166
0.846071586935203 0.049670396618134
0.842273552964344 0.050851241316452
0.838437984841330 0.052040262719653
0.834565303179429 0.053236950572077
0.830655932661826 0.054440767742993
0.826710301995053 0.055651179726848
0.822728843861975 0.056867611750469
0.818711994874345 0.058089509284784
0.814660195524919 0.059316280266336
0.810573890139155 0.060547330726949
0.806453526826488 0.061782037373064
0.802299557431188 0.063019732863541
0.798112437482808 0.064259735302039
0.793892626146237 0.065501377339698
0.789640586171339 0.066744081172584
0.785356783842216 0.067987309434595
0.781041688926065 0.069230509605902
0.776695774621672 0.070473227594332
0.772319517507513 0.071715132185527
0.767913397489498 0.072955917809007
0.763477897748339 0.074195291049643
0.759013504686565 0.075432914276027
0.754520707875186 0.076668453275436
0.750000000000000 0.077901560153290
0.745451876807570 0.079131899547777
0.740876837050858 0.080359128824461
0.736275382434527 0.081582931073311
0.731648017559931 0.082802972722368
0.726995249869773 0.084018942407781
0.722317589592464 0.085230514156225
0.717615549686164 0.086437375951214
0.712889645782536 0.087639218945304
0.708140396130201 0.088835737250164
0.703368321537900 0.090026614059054
0.698573945317390 0.091211518904735
0.693757793226052 0.092390137121517
0.688920393409234 0.093562148066489
0.684062276342339 0.094727327520648
0.679183974772650 0.095885779265929
0.674286023660908 0.097037676685037
0.669368960122646 0.098183200645176
0.664433323369292 0.099322553843679
0.659479654649035 0.100455962083614
0.654508497187474 0.101583697591265
0.649520396128043 0.102706027744625
0.644515898472236 0.103823243615691
0.639495553019615 0.104935629835342
0.634459910307633 0.106043448650338
0.629409522551260 0.107146968452111
0.624344943582428 0.108246462700696
0.619266728789291 0.109342206765145
0.614175435055328 0.110434565040511
0.609071620698271 0.111523989222365
0.603955845408880 0.112610964658818
0.598828670189563 0.113695978164783
0.593690657292862 0.114779507795236
0.588542370159792 0.115861582584733
0.583384373358051 0.116941826554100
0.578217232520115 0.118019852084728
0.573041514281206 0.119095255656866
0.567857786217152 0.120167626866818
0.562666616782152 0.121236254139598
0.557468575246433 0.122300223492609
0.552264231633827 0.123358624794108
0.547054156659257 0.124410532497227
0.541838921666158 0.125455037603323
0.536619098563816 0.126491289940615
0.531395259764657 0.127518468410778
0.526167978121472 0.128535773136618
0.520937826864600 0.129542388015571
0.515705379539064 0.130537518156995
0.510471209941678 0.131520408493922
0.505235892058123 0.132490316160994
0.500000000000000 0.133446521763095
0.494764107941877 0.134388301600813
0.489528790058322 0.135314931541482
0.484294620460936 0.136225387152750
0.479062173135400 0.137118414996832
0.473832021878528 0.137992767505236
0.468604740235343 0.138847214449158
0.463380901436184 0.139680541166516
0.458161078333842 0.140491468238075
0.452945843340743 0.141278648213169
0.447735768366173 0.142040752730623
0.442531424753567 0.142776480917744
0.437333383217848 0.143484556526445
0.432142213782848 0.144163741805836
0.426958485718794 0.144812848322171
0.421782767479885 0.145430712650179
0.416615626641949 0.146016205636290
0.411457629840209 0.146568223120480
0.406309342707138 0.147085688753039
0.401171329810437 0.147567535018481
0.396044154591120 0.148012725706082
0.390928379301729 0.148420253143223
0.385824564944672 0.148789139980725
0.380733271210710 0.149118916594358
0.375655056417573 0.149410570829513
0.370590477448740 0.149665356114793
0.365540089692367 0.149884515278232
0.360504446980385 0.150069277196540
0.355484101527764 0.150220865892361
0.350479603871957 0.150340518080465
0.345491502812526 0.150429466393166
0.340520345350965 0.150488931030092
0.335566676630708 0.150520121371982
0.330631039877354 0.150524228888546
0.325713976339092 0.150502414562502
0.320816025227350 0.150455822389895
0.315937723657661 0.150385584189103
0.311079606590766 0.150292819588343
0.306242206773949 0.150178647928580
0.301426054682610 0.150044228582482
0.296631678462100 0.149890716062284
0.291859603869799 0.149719250660604
0.287110354217464 0.149530953337907
0.282384450313836 0.149326301930471
0.277682410407536 0.149104113898456
0.273004750130227 0.148862983228188
0.268351982440069 0.148601560807441
0.263724617565473 0.148318551011385
0.259123162949143 0.148012669108181
0.254548123192430 0.147682618609544
0.250000000000000 0.147327152476054
0.245479292124815 0.146945088786198
0.240986495313435 0.146535297238553
0.236522102251661 0.146096721358486
0.232086602510502 0.145628357581869
0.227680482492487 0.145129263688524
0.223304225378328 0.144598551980686
0.218958311073935 0.144035380650389
0.214643216157784 0.143438950092205
0.210359413828661 0.142808511096376
0.206107373853763 0.142143361905015
0.201887562517192 0.141442859620055
0.197700442568813 0.140706468063109
0.193546473173512 0.139933743614733
0.189426109860845 0.139124276129231
0.185339804475081 0.138277701588317
0.181288005125655 0.137393996182877
0.177271156138025 0.136473574398572
0.173289698004947 0.135516916720573
0.169344067338174 0.134524507030748
0.165434696820571 0.133496830195433
0.161562015158670 0.132434338453689
0.157726447035656 0.131337487543252
0.153928413064797 0.130206757146854
0.150168329743317 0.129042642449156
0.146446609406726 0.127845612940489
0.142763660183598 0.126616174526711
0.139119885950819 0.125354837633446
0.135515686289294 0.124062573692237
0.131951456440133 0.122741063543252
0.128427587261303 0.121392092789353
0.124944465184770 0.120017404822709
0.121502472174122 0.118618794838386
0.118101985682679 0.117198103042386
0.114743378612105 0.115757145148408
0.111427019271515 0.114297695300273
0.108153271337080 0.112821421224434
0.104922493812155 0.111329933204784
0.101735040987902 0.109824877227986
0.098591262404443 0.108308134961392
0.095491502812526 0.106781862423409
0.092436102135723 0.105248163820562
0.089425395433148 0.103707375745053
0.086459712862719 0.102156071791253
0.083539379644950 0.100590503299494
0.080664716027288 0.099006910234194
0.077836037248993 0.097400831885797
0.075053653506568 0.095767699757846
0.072317869919747 0.094103203265588
0.069628986498028 0.092403843344961
0.066987298107781 0.090666299264003
0.064393094439905 0.088888681763899
0.061846659978068 0.087075419692930
0.059348273967504 0.085232737261766
0.056898210384393 0.083366657715636
0.054496737905816 0.081482736469644
0.052144119880294 0.079586418818470
0.049840614298903 0.077683657343026
0.047586473766990 0.075780767079679
0.045381945476466 0.073883287452235
0.043227271178700 0.071994108211861
0.041122687158010 0.070115332107731
0.039068424205750 0.068245791356046
0.037064707595003 0.066381707981460
0.035111757055874 0.064519784774749
0.033209786751399 0.062657639080238
0.031359005254054 0.060793094305668
0.029559615522887 0.058923756256447
0.027811814881260 0.057047261450321
0.026115794995207 0.055161461636615
0.024471741852423 0.053264139894207
0.022879835741862 0.051352719835894
0.021340251233966 0.049424342658582
0.019853157161529 0.047478425021021
0.018418716601171 0.045516391669605
0.017037086855466 0.043542218409446
0.015708419435685 0.041561262182024
0.014432860045182 0.039579017690754
0.013210548563420 0.037601443949837
0.012041619030626 0.035635189480324
0.010926199633097 0.033687810929558
0.009864412689139 0.031766612824388
0.008856374635656 0.029876804764453
0.007902196015379 0.028018135221573
0.007001981464748 0.026188032065208
0.006155829702431 0.024385098661662
0.005363833518506 0.022607986164168
0.004626079764278 0.020855467951894
0.003942649342761 0.019126603857085
0.003313617199802 0.017420556112440
0.002739052315863 0.015736508319369
0.002219017698460 0.014073897289991
0.001753570375248 0.012432175283904
0.001342761387771 0.010810766932530
0.000986635785864 0.009209355372083
0.000685232622713 0.007627468818762
0.000438584950571 0.006064677217859
0.000246719817134 0.004520880212903
0.000109658262577 0.002995700767114
0.000027415317244 0.001488591263140
0.000000000000000 0.000000000000000
0.000027415317244 -0.001470550893132
0.000109658262577 -0.002923962551299
0.000246719817134 -0.004359916744238
0.000438584950571 -0.005787923668110
0.000685232622713 -0.007216533122203
0.000986635785864 -0.008647634362121
0.001342761387771 -0.010081195752094
0.001753570375248 -0.011516425696474
0.002219017698460 -0.012952214213329
0.002739052315863 -0.014387131323387
0.003313617199802 -0.015819637274801
0.003942649342761 -0.017247901926353
0.004626079764278 -0.018670212629878
0.005363833518506 -0.020084513755663
0.006155829702431 -0.021488771430273
0.007001981464748 -0.022880758053850
0.007902196015379 -0.024258105712200
0.008856374635656 -0.025618352758123
0.009864412689139 -0.026958783884213
0.010926199633097 -0.028276635886773
0.012041619030626 -0.029568954252838
0.013210548563420 -0.030832328506146
0.014432860045182 -0.032063169948143
0.015708419435684 -0.033258970545749
0.017037086855466 -0.034417866914319
0.018418716601171 -0.035539674994432
0.019853157161528 -0.036624568213095
0.021340251233966 -0.037672544333491
0.022879835741862 -0.038683548903868
0.024471741852423 -0.039657704066565
0.026115794995207 -0.040595214128775
0.027811814881259 -0.041496162104504
0.029559615522887 -0.042360580448203
0.031359005254054 -0.043188380541271
0.033209786751399 -0.043979255377834
0.035111757055874 -0.044733000830173
0.037064707595003 -0.045449590049970
0.039068424205750 -0.046129134303378
0.041122687158009 -0.046771849049282
0.043227271178699 -0.047378094762122
0.045381945476466 -0.047948344260455
0.047586473766990 -0.048483050562720
0.049840614298903 -0.048982829979332
0.052144119880293 -0.049448696022548
0.054496737905816 -0.049882147969380
0.056898210384393 -0.050285161536658
0.059348273967504 -0.050661374371765
0.061846659978068 -0.051015566833899
0.064393094439905 -0.051353059374399
0.066987298107781 -0.051679448220892
0.069628986498028 -0.052000959399957
0.072317869919747 -0.052325269101860
0.075053653506568 -0.052662096375906
0.077836037248992 -0.053022023849186
0.080664716027288 -0.053409292268939
0.083539379644950 -0.053820839643092
0.086459712862719 -0.054252695585918
0.089425395433148 -0.054698244257151
0.092436102135723 -0.055148565605864
0.095491502812526 -0.055593912182109
0.098591262404443 -0.056024131152813
0.101735040987902 -0.056428577089788
0.104922493812155 -0.056796426837585
0.108153271337080 -0.057123238783911
0.111427019271514 -0.057409522067913
0.114743378612105 -0.057656021862422
0.118101985682679 -0.057863870404920
0.121502472174122 -0.058034623473484
0.124944465184770 -0.058170045281375
0.128427587261303 -0.058272012872562
0.131951456440133 -0.058342442448361
0.135515686289294 -0.058383433546221
0.139119885950819 -0.058397348396615
0.142763660183598 -0.058387066538227
0.146446609406726 -0.058355817934003
0.150168329743317 -0.058307050268725
0.153928413064796 -0.058243230815836
0.157726447035656 -0.058165556080927
0.161562015158669 -0.058075241686950
0.165434696820571 -0.057973445167701
0.169344067338174 -0.057860520260713
0.173289698004947 -0.057736540007823
0.177271156138025 -0.057601599348998
0.181288005125655 -0.057455928087010
0.185339804475081 -0.057300033423582
0.189426109860845 -0.057134492610695
0.193546473173511 -0.056959922497024
0.197700442568812 -0.056776843424055
0.201887562517192 -0.056585644877777
0.206107373853763 -0.056386732628400
0.210359413828660 -0.056180530900896
0.214643216157784 -0.055967251731537
0.218958311073935 -0.055746906175185
0.223304225378328 -0.055519505880749
0.227680482492486 -0.055285071533875
0.232086602510501 -0.055043666984456
0.236522102251661 -0.054795399479936
0.240986495313435 -0.054540387926004
0.245479292124814 -0.054278760306833
0.250000000000000 -0.054010646048524
0.254548123192429 -0.053736169352879
0.259123162949142 -0.053455465357209
0.263724617565473 -0.053168675223259
0.268351982440069 -0.052875951156096
0.273004750130227 -0.052577457984367
0.277682410407536 -0.052273370725410
0.282384450313836 -0.051963871366795
0.287110354217464 -0.051649151690162
0.291859603869799 -0.051329401712206
0.296631678462100 -0.051004821310220
0.301426054682609 -0.050675615254440
0.306242206773948 -0.050341995330711
0.311079606590766 -0.050004164146095
0.315937723657661 -0.049662306869786
0.320816025227350 -0.049316609291275
0.325713976339092 -0.048967265357130
0.330631039877354 -0.048614472074685
0.335566676630708 -0.048258436327124
0.340520345350965 -0.047899374597765
0.345491502812526 -0.047537504319374
0.350479603871956 -0.047173051856033
0.355484101527764 -0.046806244513743
0.360504446980385 -0.046437312389094
0.365540089692367 -0.046066489206221
0.370590477448739 -0.045694012696998
0.375655056417572 -0.045320125213293
0.380733271210709 -0.044945079013237
0.385824564944672 -0.044569133040981
0.390928379301728 -0.044192555058799
0.396044154591120 -0.043815613929069
0.401171329810437 -0.043438574899634
0.406309342707137 -0.043061566896540
0.411457629840208 -0.042684594527585
0.416615626641949 -0.042307655312366
0.421782767479884 -0.041930750544801
0.426958485718794 -0.041553874268935
0.432142213782848 -0.041177015344419
0.437333383217848 -0.040800153231533
0.442531424753567 -0.040423269782652
0.447735768366173 -0.040046343227972
0.452945843340743 -0.039669352222633
0.458161078333842 -0.039292277571472
0.463380901436184 -0.038915100098799
0.468604740235343 -0.038537801005816
0.473832021878528 -0.038160359620759
0.479062173135400 -0.037782756155262
0.484294620460935 -0.037404973443102
0.489528790058321 -0.037026993498277
0.494764107941877 -0.036648799105518
0.500000000000000 -0.036270372770048
0.505235892058122 -0.035891708702826
0.510471209941678 -0.035512851489218
0.515705379539064 -0.035133863116082
0.520937826864600 -0.034754804366900
0.526167978121472 -0.034375735914443
0.531395259764656 -0.033996718654855
0.536619098563816 -0.033617810840121
0.541838921666157 -0.033239068030986
0.547054156659257 -0.032860549726991
0.552264231633827 -0.032482312293355
0.557468575246433 -0.032104413442799
0.562666616782152 -0.031726910909867
0.567857786217152 -0.031349864429951
0.573041514281206 -0.030973331722485
0.578217232520115 -0.030597370433472
0.583384373358051 -0.030222038852279
0.588542370159791 -0.029847389809312
0.593690657292862 -0.029473479620728
0.598828670189563 -0.029100360975733
0.603955845408879 -0.028728089498362
0.609071620698271 -0.028356704967302
0.614175435055328 -0.027986247280150
0.619266728789290 -0.027616746994583
0.624344943582427 -0.027248241002739
0.629409522551260 -0.026880765054603
0.634459910307633 -0.026514354785768
0.639495553019614 -0.026149045066472
0.644515898472235 -0.025784875976141
0.649520396128043 -0.025421879413628
0.654508497187474 -0.025060094720175
0.659479654649035 -0.024699557659800
0.664433323369291 -0.024340302359190
0.669368960122646 -0.023982365836860
0.674286023660907 -0.023625783523605
0.679183974772650 -0.023270589277601
0.684062276342339 -0.022916821185299
0.688920393409233 -0.022564511792190
0.693757793226051 -0.022213696686794
0.698573945317390 -0.021864414320163
0.703368321537900 -0.021516700756001
0.708140396130200 -0.021170593728669
0.712889645782536 -0.020826129972143
0.717615549686163 -0.020483350557585
0.722317589592464 -0.020142289862769
0.726995249869773 -0.019802987751100
0.731648017559930 -0.019465480851824
0.736275382434527 -0.019129806303617
0.740876837050857 -0.018796002809906
0.745451876807570 -0.018464106181664
0.750000000000000 -0.018134152962573
0.754520707875185 -0.017806179363100
0.759013504686565 -0.017480222446680
0.763477897748338 -0.017156316938772
0.767913397489498 -0.016834499580518
0.772319517507513 -0.016514806955423
0.776695774621672 -0.016197272568067
0.781041688926065 -0.015881932100224
0.785356783842216 -0.015568819512295
0.789640586171339 -0.015257970308134
0.793892626146236 -0.014949419625395
0.798112437482808 -0.014643200355625
0.802299557431187 -0.014339348943708
0.806453526826488 -0.014037900088666
0.810573890139155 -0.013738889552798
0.814660195524918 -0.013442350521073
0.818711994874345 -0.013148318657378
0.822728843861975 -0.012856828784312
0.826710301995052 -0.012567913630845
0.830655932661826 -0.012281605676799
0.834565303179429 -0.011997938779111
0.838437984841330 -0.011716946658339
0.842273552964344 -0.011438658814512
0.846071586935203 -0.011163109309610
0.849831670256683 -0.010890328377274
0.853553390593274 -0.010620348192550
0.857236339816401 -0.010353196436203
0.860880114049181 -0.010088906864747
0.864484313710706 -0.009827506681118
0.868048543559867 -0.009569025724401
0.871572412738697 -0.009313494011191
0.875055534815230 -0.009060938510207
0.878497527825878 -0.008811387962499
0.881898014317321 -0.008564870806549
0.885256621387894 -0.008321413557895
0.888572980728485 -0.008081043458483
0.891846728662920 -0.007843787264977
0.895077506187845 -0.007609669127716
0.898264959012098 -0.007378714043877
0.901408737595557 -0.007150943565239
0.904508497187474 -0.006926378983007
0.907563897864277 -0.006705039325800
0.910574604566852 -0.006486948196915
0.913540287137281 -0.006272124157550
0.916460620355049 -0.006060589141017
0.919335283972712 -0.005852362481452
0.922163962751007 -0.005647466001549
0.924946346493432 -0.005445920034084
0.927682130080253 -0.005247744114029
0.930371013501972 -0.005052957597003
0.933012701892219 -0.004861581421903
0.935606905560095 -0.004673633742587
0.938153340021932 -0.004489135468980
0.940651726032496 -0.004308105020398
0.943101789615607 -0.004130563543374
0.945503262094184 -0.003956526206129
0.947855880119706 -0.003786014497027
0.950159385701097 -0.003619046721181
0.952413526233010 -0.003455639454550
0.954618054523534 -0.003295810466268
0.956772728821300 -0.003139579436148
0.958877312841991 -0.002986962540775
0.960931575794250 -0.002837977171188
0.962935292404997 -0.002692638783912
0.964888242944126 -0.002550965209528
0.966790213248601 -0.002412972577707
0.968640994745946 -0.002278677192674
0.970440384477113 -0.002148093818532
0.972188185118740 -0.002021236800846
0.973884205004793 -0.001898122101807
0.975528258147577 -0.001778764375330
0.977120164258138 -0.001663177859788
0.978659748766034 -0.001551374194624
0.980146842838471 -0.001443370410463
0.981581283398829 -0.001339176393683
0.982962913144534 -0.001238805591291
0.984291580564316 -0.001142271623358
0.985567139954818 -0.001049583472340
0.986789451436580 -0.000960754742709
0.987958380969374 -0.000875796015838
0.989073800366903 -0.000794716629800
0.990135587310861 -0.000717527912943
0.991143625364344 -0.000644238011940
0.992097803984621 -0.000574857987113
0.992998018535252 -0.000509395754405
0.993844170297569 -0.000447857913610
0.994636166481494 -0.000390254109565
0.995373920235722 -0.000336591106105
0.996057350657239 -0.000286876712105
0.996686382800198 -0.000241115117405
0.997260947684137 -0.000199313763866
0.997780982301540 -0.000161477253922
0.998246429624752 -0.000127609939176
0.998657238612229 -0.000097717253683
0.999013364214136 -0.000071801321953
0.999314767377287 -0.000049868237925
0.999561415049429 -0.000031918372162
0.999753280182866 -0.000017956228664
0.999890341737423 -0.000007980851999
0.999972584682756 -0.000001995222366
1.000000000000000 0.000000000000000
