1.000000000000000 0.000000000000000
0.999972584682756 0.000005383944869
0.999890341737423 0.000021526909138
0.999753280182866 0.000048430285681
0.999561415049429 0.000086070737365
0.999314767377287 0.000134438698769
0.999013364214136 0.000193510393442
0.998657238612229 0.000263254856235
0.998246429624752 0.000343640938571
0.997780982301540 0.000434630342367
0.997260947684137 0.000536181136580
0.996686382800198 0.000648244302967
0.996057350657239 0.000770770725661
0.995373920235722 0.000903700794418
0.994636166481494 0.001046974867775
0.993844170297569 0.001200519456775
0.992998018535252 0.001364271493721
0.992097803984621 0.001538150703808
0.991143625364344 0.001722073516761
0.990135587310861 0.001915959969422
0.989073800366903 0.002119719993284
0.987958380969374 0.002333256948411
0.986789451436580 0.002556471118623
0.985567139954818 0.002789263159856
0.984291580564316 0.003031523950892
0.982962913144534 0.003283144869143
0.981581283398829 0.003544011067859
0.980146842838472 0.003813998228527
0.978659748766034 0.004092992799001
0.977120164258138 0.004380858500875
0.975528258147577 0.004677473275027
0.973884205004793 0.004982699266852
0.972188185118741 0.005296399621523
0.970440384477113 0.005618431923025
0.968640994745946 0.005948658149216
0.966790213248601 0.006286925053366
0.964888242944126 0.006633087229028
0.962935292404997 0.006986990819957
0.960931575794250 0.007348476951791
0.958877312841991 0.007717391496363
0.956772728821300 0.008093569057406
0.954618054523534 0.008476849145018
0.952413526233010 0.008867060310793
0.950159385701097 0.009264042466084
0.947855880119706 0.009667618502093
0.945503262094184 0.010077619661862
0.943101789615607 0.010493866813692
0.940651726032496 0.010916189251574
0.938153340021932 0.011344403102325
0.935606905560095 0.011778333056277
0.933012701892219 0.012217797064005
0.930371013501972 0.012662612613698
0.927682130080253 0.013112596823448
0.924946346493432 0.013567563547491
0.922163962751008 0.014027326494226
0.919335283972712 0.014491699324928
0.916460620355050 0.014960495798684
0.913540287137281 0.015433529839373
0.910574604566852 0.015910609693858
0.907563897864277 0.016391546709461
0.904508497187474 0.016876152876006
0.901408737595557 0.017364241631058
0.898264959012098 0.017855625190369
0.895077506187845 0.018350187240066
0.891846728662920 0.018847888475869
0.888572980728485 0.019348692439827
0.885256621387895 0.019852579882568
0.881898014317321 0.020359543915906
0.878497527825878 0.020869582612599
0.875055534815230 0.021382718346086
0.871572412738697 0.021898981503922
0.868048543559867 0.022418410902331
0.864484313710706 0.022941067290686
0.860880114049181 0.023467020270686
0.857236339816402 0.023996354020982
0.853553390593274 0.024529167410232
0.849831670256683 0.025065574050681
0.846071586935203 0.025605702287537
0.842273552964344 0.026149695444718
0.838437984841330 0.026697709592735
0.834565303179429 0.027249919792871
0.830655932661826 0.027806514734113
0.826710301995053 0.028367698686755
0.822728843861975 0.028933688753471
0.818711994874345 0.029504717204745
0.814660195524919 0.030081026658301
0.810573890139155 0.030662886487648
0.806453526826488 0.031250589261451
0.802299557431188 0.031844456809151
0.798112437482808 0.032444785790806
0.793892626146237 0.033051612713934
0.789640586171339 0.033664800964180
0.785356783842216 0.034284212013047
0.781041688926065 0.034909692382255
0.776695774621672 0.035541067329547
0.772319517507513 0.036178144917485
0.767913397489498 0.036820734639210
0.763477897748339 0.037468632150664
0.759013504686565 0.038121640925101
0.754520707875186 0.038779550679136
0.750000000000000 0.039442142469298
0.745451876807570 0.040109201822860
0.740876837050858 0.040780492496820
0.736275382434527 0.041455788306294
0.731648017559931 0.042134841314037
0.726995249869773 0.042817402731789
0.722317589592464 0.043503216078644
0.717615549686164 0.044192014072023
0.712889645782536 0.044883527430262
0.708140396130201 0.045577493954586
0.703368321537900 0.046273657080915
0.698573945317390 0.046971751074959
0.693757793226052 0.047671514595991
0.688920393409234 0.048372706712369
0.684062276342339 0.049075138467037
0.679183974772650 0.049778615171938
0.674286023660908 0.050482945872530
0.669368960122646 0.051187936870391
0.664433323369292 0.051893382996410
0.659479654649035 0.052599079188997
0.654508497187474 0.053304821691099
0.649520396128043 0.054010400143999
0.644515898472236 0.054715597647510
0.639495553019615 0.055420194353742
0.634459910307633 0.056123969292532
0.629409522551260 0.056826698121695
0.624344943582428 0.057528164717877
0.619266728789291 0.058228184612904
0.614175435055328 0.058926583191462
0.609071620698271 0.059623183715597
0.603955845408880 0.060317808581922
0.598828670189563 0.061010124407300
0.593690657292862 0.061699603788879
0.588542370159792 0.062385698139346
0.583384373358051 0.063067856166477
0.578217232520115 0.063745519904594
0.573041514281206 0.064418068750558
0.567857786217152 0.065084840764451
0.562666616782152 0.065745171460946
0.557468575246433 0.066398401625196
0.552264231633827 0.067043866360534
0.547054156659257 0.067680930647367
0.541838921666158 0.068308965313692
0.536619098563816 0.068927348628936
0.531395259764657 0.069535452864666
0.526167978121472 0.070132653326291
0.520937826864600 0.070718302558872
0.515705379539064 0.071291749644277
0.510471209941678 0.071852351790672
0.505235892058123 0.072399471510123
0.500000000000000 0.072932544636652
0.494764107941877 0.073451165952883
0.489528790058322 0.073954958163936
0.484294620460936 0.074443554784049
0.479062173135400 0.074916593273958
0.473832021878528 0.075373739550624
0.468604740235343 0.075814702914428
0.463380901436184 0.076239200495704
0.458161078333842 0.076646958288835
0.452945843340743 0.077037712305474
0.447735768366173 0.077411206347835
0.442531424753567 0.077767189936653
0.437333383217848 0.078105423901375
0.432142213782848 0.078425678415243
0.426958485718794 0.078727729583553
0.421782767479885 0.079011339264906
0.416615626641949 0.079276253343105
0.411457629840209 0.079522227452987
0.406309342707138 0.079749027652940
0.401171329810437 0.079956461414655
0.396044154591120 0.080144662656468
0.390928379301729 0.080313971824998
0.385824564944672 0.080464733654593
0.380733271210710 0.080597297424194
0.375655056417573 0.080712029024411
0.370590477448740 0.080809368320980
0.365540089692367 0.080889782494675
0.360504446980385 0.080953738775129
0.355484101527764 0.081001704152675
0.350479603871957 0.081034129366929
0.345491502812526 0.081051425354151
0.340520345350965 0.081053998022271
0.335566676630708 0.081042253228081
0.330631039877354 0.081016600732168
0.325713976339092 0.080977522876449
0.320816025227350 0.080925565073714
0.315937723657661 0.080861270316574
0.311079606590766 0.080785177928631
0.306242206773949 0.080697709357310
0.301426054682610 0.080598842338601
0.296631678462100 0.080488453156922
0.291859603869799 0.080366431642159
0.287110354217464 0.080232658548563
0.282384450313836 0.080086703811159
0.277682410407536 0.079927885888843
0.273004750130227 0.079755544469864
0.268351982440069 0.079569053980949
0.263724617565473 0.079367857155025
0.259123162949143 0.079151505597813
0.254548123192430 0.078919589739121
0.250000000000000 0.078671727331701
0.245479292124815 0.078407558454697
0.240986495313435 0.078126737374615
0.236522102251661 0.077828944272467
0.232086602510502 0.077513888657661
0.227680482492487 0.077181299325628
0.223304225378328 0.076830905973756
0.218958311073935 0.076462458493375
0.214643216157784 0.076075736542795
0.210359413828661 0.075670591851442
0.206107373853763 0.075247053388352
0.201887562517192 0.074805206154291
0.197700442568813 0.074345160272481
0.193546473173512 0.073867500445931
0.189426109860845 0.073373819088876
0.185339804475081 0.072865808279500
0.181288005125655 0.072345102765534
0.177271156138025 0.071813170543378
0.173289698004947 0.071271310249214
0.169344067338174 0.070720775553125
0.165434696820571 0.070162850677767
0.161562015158670 0.069599060752067
0.157726447035656 0.069030955320274
0.153928413064797 0.068459985768333
0.150168329743317 0.067886485079183
0.146446609406726 0.067309767057559
0.142763660183598 0.066729139852048
0.139119885950819 0.066143634848390
0.135515686289294 0.065551511898066
0.131951456440133 0.064951045688949
0.128427587261303 0.064340679300371
0.124944465184770 0.063719194737404
0.121502472174122 0.063085530951483
0.118101985682679 0.062438735678222
0.114743378612105 0.061777933358339
0.111427019271515 0.061102348381981
0.108153271337080 0.060411280876578
0.104922493812155 0.059704081514647
0.101735040987902 0.058980167991354
0.098591262404443 0.058239463799983
0.095491502812526 0.057483553404551
0.092436102135723 0.056714382865234
0.089425395433148 0.055933840174165
0.086459712862719 0.055143702714493
0.083539379644950 0.054345723925196
0.080664716027288 0.053541825723060
0.077836037248993 0.052734071119079
0.075053653506568 0.051923811009379
0.072317869919747 0.051109464933075
0.069628986498028 0.050288818999381
0.066987298107781 0.049459414438977
0.064393094439905 0.048618552194034
0.061846659978068 0.047763921204729
0.059348273967504 0.046893948697740
0.056898210384393 0.046007364974295
0.054496737905816 0.045103125544020
0.052144119880294 0.044180413682327
0.049840614298903 0.043239435160520
0.047586473766990 0.042281460143499
0.045381945476466 0.041307968959759
0.043227271178700 0.040320719206080
0.041122687158010 0.039321336817711
0.039068424205750 0.038310898888622
0.037064707595003 0.037290413038113
0.035111757055874 0.036260619683215
0.033209786751399 0.035222164249957
0.031359005254054 0.034175296048686
0.029559615522887 0.033120271398575
0.027811814881260 0.032057448373480
0.026115794995207 0.030985997581302
0.024471741852423 0.029903142158680
0.022879835741862 0.028801616751083
0.021340251233966 0.027673746601909
0.019853157161529 0.026517036742870
0.018418716601171 0.025332877086059
0.017037086855466 0.024125807704024
0.015708419435685 0.022903031397458
0.014432860045182 0.021673189378348
0.013210548563420 0.020445242108724
0.012041619030626 0.019226836432678
0.010926199633097 0.018023673471585
0.009864412689139 0.016839597192754
0.008856374635656 0.015677461356195
0.007902196015379 0.014539715460842
0.007001981464748 0.013428162918744
0.006155829702431 0.012344326476925
0.005363833518506 0.011289538656861
0.004626079764278 0.010264873528103
0.003942649342761 0.009271290740818
0.003313617199802 0.008309635878739
0.002739052315863 0.007380582548288
0.002219017698460 0.006484813038850
0.001753570375248 0.005622934657116
0.001342761387771 0.004795440241940
0.000986635785864 0.004002750573153
0.000685232622713 0.003245377380725
0.000438584950571 0.002523681113236
0.000246719817134 0.001837976009563
0.000109658262577 0.001188543587402
0.000027415317244 0.000575943621815
0.000000000000000 0.000000000000000
0.000027415317244 -0.000538658547997
0.000109658262577 -0.001039938165517
0.000246719817134 -0.001503681812305
0.000438584950571 -0.001929585392227
0.000685232622713 -0.002317544164295
0.000986635785864 -0.002667403075743
0.001342761387771 -0.002979000857331
0.001753570375248 -0.003252927104282
0.002219017698460 -0.003493200341883
0.002739052315863 -0.003702462294400
0.003313617199802 -0.003882790661391
0.003942649342761 -0.004034945325712
0.004626079764278 -0.004159577786680
0.005363833518506 -0.004256990042726
0.006155829702431 -0.004327216303092
0.007001981464748 -0.004370329978357
0.007902196015379 -0.004386019003624
0.008856374635656 -0.004374139097299
0.009864412689139 -0.004334111554007
0.010926199633097 -0.004265480464927
0.012041619030626 -0.004167357868645
0.013210548563420 -0.004038786677858
0.014432860045182 -0.003877976431194
0.015708419435684 -0.003682994506635
0.017037086855466 -0.003451942126348
0.018418716601171 -0.003184205721344
0.019853157161528 -0.002881337198089
0.021340251233966 -0.002547774166594
0.022879835741862 -0.002191107451179
0.024471741852423 -0.001822629528597
0.026115794995207 -0.001456859936407
0.027811814881259 -0.001108233777394
0.029559615522887 -0.000779280841128
0.031359005254054 -0.000468475195259
0.033209786751399 -0.000173556279736
0.035111757055874 0.000107979392247
0.037064707595003 0.000378888235006
0.039068424205750 0.000642316627640
0.041122687158009 0.000901887632800
0.043227271178699 0.001161570938256
0.045381945476466 0.001425946494423
0.047586473766990 0.001700565755334
0.049840614298903 0.001991575257372
0.052144119880293 0.002304770839062
0.054496737905816 0.002645073090165
0.056898210384393 0.003011874911300
0.059348273967504 0.003402595821150
0.061846659978068 0.003814758028331
0.064393094439905 0.004245645421923
0.066987298107781 0.004691966195171
0.069628986498028 0.005149880716007
0.072317869919747 0.005614740911144
0.075053653506568 0.006081168841321
0.077836037248992 0.006544795304892
0.080664716027288 0.007003033811055
0.083539379644950 0.007453679643988
0.086459712862719 0.007895736531606
0.089425395433148 0.008328427007803
0.092436102135723 0.008750613348566
0.095491502812526 0.009160883994454
0.098591262404443 0.009557927690848
0.101735040987902 0.009940735991081
0.104922493812155 0.010308408744604
0.108153271337080 0.010661033085081
0.111427019271514 0.010999521528290
0.114743378612105 0.011324901467701
0.118101985682679 0.011638199359417
0.121502472174122 0.011940520090953
0.124944465184770 0.012233094583821
0.128427587261303 0.012517295725076
0.131951456440133 0.012794628868984
0.135515686289294 0.013066774503461
0.139119885950819 0.013335633955954
0.142763660183598 0.013603259285477
0.146446609406726 0.013871650011071
0.150168329743317 0.014142603780829
0.153928413064796 0.014417997709214
0.157726447035656 0.014698931295719
0.161562015158669 0.014984589857420
0.165434696820571 0.015273836733720
0.169344067338174 0.015565528174279
0.173289698004947 0.015858711685363
0.177271156138025 0.016152449696175
0.181288005125655 0.016445744018547
0.185339804475081 0.016737395110207
0.189426109860845 0.017026047245336
0.193546473173511 0.017310286398107
0.197700442568812 0.017588873432773
0.201887562517192 0.017861033844464
0.206107373853763 0.018126036666565
0.210359413828660 0.018383175962174
0.214643216157784 0.018632297018772
0.218958311073935 0.018873663063076
0.223304225378328 0.019107568759555
0.227680482492486 0.019334306711803
0.232086602510501 0.019554059273730
0.236522102251661 0.019766985072415
0.240986495313435 0.019973258036708
0.245479292124814 0.020173081051364
0.250000000000000 0.020366713548532
0.254548123192429 0.020554440180902
0.259123162949142 0.020736560583608
0.263724617565473 0.020913387492464
0.268351982440069 0.021085221017761
0.273004750130227 0.021252377429731
0.277682410407536 0.021415185561067
0.282384450313836 0.021574009382873
0.287110354217464 0.021729289794377
0.291859603869799 0.021881499121902
0.296631678462100 0.022031128465985
0.301426054682609 0.022178602600317
0.306242206773948 0.022323812025302
0.311079606590766 0.022466420546594
0.315937723657661 0.022606086223309
0.320816025227350 0.022742456189310
0.325713976339092 0.022875095854830
0.330631039877354 0.023003488092067
0.335566676630708 0.023127104023423
0.340520345350965 0.023245406967514
0.345491502812526 0.023357864730327
0.350479603871956 0.023463982395654
0.355484101527764 0.023563268302492
0.360504446980385 0.023655225191763
0.365540089692367 0.023739347446423
0.370590477448739 0.023815069462843
0.375655056417572 0.023881770023125
0.380733271210709 0.023938820924733
0.385824564944672 0.023985589399404
0.390928379301728 0.024021496025358
0.396044154591120 0.024046247218787
0.401171329810437 0.024059640130925
0.406309342707137 0.024061474788378
0.411457629840208 0.024051555940083
0.416615626641949 0.024029904320829
0.421782767479884 0.023996974995670
0.426958485718794 0.023953284568986
0.432142213782848 0.023899359909429
0.437333383217848 0.023835734680302
0.442531424753567 0.023762883549060
0.447735768366173 0.023681218726680
0.452945843340743 0.023591156092755
0.458161078333842 0.023493117943676
0.463380901436184 0.023387537920974
0.468604740235343 0.023274913754861
0.473832021878528 0.023155781165635
0.479062173135400 0.023030683780318
0.484294620460935 0.022900167388254
0.489528790058321 0.022764751433439
0.494764107941877 0.022624773894084
0.500000000000000 0.022480507455439
0.505235892058122 0.022332228367720
0.510471209941678 0.022180213337690
0.515705379539064 0.022024651294589
0.520937826864600 0.021865422426714
0.526167978121472 0.021702342823961
0.531395259764656 0.021535229848438
0.536619098563816 0.021363903436156
0.541838921666157 0.021188217811950
0.547054156659257 0.021008089486718
0.552264231633827 0.020823446353083
0.557468575246433 0.020634217967814
0.562666616782152 0.020440335913160
0.567857786217152 0.020241699884814
0.573041514281206 0.020038170990045
0.578217232520115 0.019829611848806
0.583384373358051 0.019615890605287
0.588542370159791 0.019396891994205
0.593690657292862 0.019172652450827
0.598828670189563 0.018943292243705
0.603955845408879 0.018708936541129
0.609071620698271 0.018469711099281
0.614175435055328 0.018225826618632
0.619266728789290 0.017977798274313
0.624344943582427 0.017726206589749
0.629409522551260 0.017471624557575
0.634459910307633 0.017214618334567
0.639495553019614 0.016955713847548
0.644515898472235 0.016695387967507
0.649520396128043 0.016434109254882
0.654508497187474 0.016172338858527
0.659479654649035 0.015910530507461
0.664433323369291 0.015649138305487
0.669368960122646 0.015388611049137
0.674286023660907 0.015129388332084
0.679183974772650 0.014871897862098
0.684062276342339 0.014616576811956
0.688920393409233 0.014363866422627
0.693757793226051 0.014114198238331
0.698573945317390 0.013867988594152
0.703368321537900 0.013625516509720
0.708140396130200 0.013386771046632
0.712889645782536 0.013151705118755
0.717615549686163 0.012920271098157
0.722317589592464 0.012692410461680
0.726995249869773 0.012468023743816
0.731648017559930 0.012247002495981
0.736275382434527 0.012029240988353
0.740876837050857 0.011814638821505
0.745451876807570 0.011603108241014
0.750000000000000 0.011394567868786
0.754520707875185 0.011188936697340
0.759013504686565 0.010986135893557
0.763477897748338 0.010786083879507
0.767913397489498 0.010588700454674
0.772319517507513 0.010393907869976
0.776695774621672 0.010201632498940
0.781041688926065 0.010011808450748
0.785356783842216 0.009824372224443
0.789640586171339 0.009639261037646
0.793892626146236 0.009456403593689
0.798112437482808 0.009275718757343
0.802299557431187 0.009097129921861
0.806453526826488 0.008920536932033
0.810573890139155 0.008745731721968
0.814660195524918 0.008572493262316
0.818711994874345 0.008400610165059
0.822728843861975 0.008229888491498
0.826710301995052 0.008060155627845
0.830655932661826 0.007891247905031
0.834565303179429 0.007723010130492
0.838437984841330 0.007555297221756
0.842273552964344 0.007387972220529
0.846071586935203 0.007220911178738
0.849831670256683 0.007054000221174
0.853553390593274 0.006887136622397
0.857236339816401 0.006720226200588
0.860880114049181 0.006553187263459
0.864484313710706 0.006385946692137
0.868048543559867 0.006218441574787
0.871572412738697 0.006050618379577
0.875055534815230 0.005882433780158
0.878497527825878 0.005713854164432
0.881898014317321 0.005544854415022
0.885256621387894 0.005375419550713
0.888572980728485 0.005205541708248
0.891846728662920 0.005035221045927
0.895077506187845 0.004864465862772
0.898264959012098 0.004693302558517
0.901408737595557 0.004521769829259
0.904508497187474 0.004350103592311
0.907563897864277 0.004178813073217
0.910574604566852 0.004008395738387
0.913540287137281 0.003839305616770
0.916460620355049 0.003671963654305
0.919335283972712 0.003506756728176
0.922163962751007 0.003344044542219
0.924946346493432 0.003184152289991
0.927682130080253 0.003027378399513
0.930371013501972 0.002873987773095
0.933012701892219 0.002724219800233
0.935606905560095 0.002578287307634
0.938153340021932 0.002436375212110
0.940651726032496 0.002298642339485
0.943101789615607 0.002165224709122
0.945503262094184 0.002036235235399
0.947855880119706 0.001911763178745
0.950159385701097 0.001791876739237
0.952413526233010 0.001676624668789
0.954618054523534 0.001566036002291
0.956772728821300 0.001460120324000
0.958877312841991 0.001358871884809
0.960931575794250 0.001262268083238
0.962935292404997 0.001170271071063
0.964888242944126 0.001082829662527
0.966790213248601 0.000999877347632
0.968640994745946 0.000921339060555
0.970440384477113 0.000847125780229
0.972188185118740 0.000777139863397
0.973884205004793 0.000711275075623
0.975528258147577 0.000649416637021
0.977120164258138 0.000591442709355
0.978659748766034 0.000537224309082
0.980146842838471 0.000486629420015
0.981581283398829 0.000439520664503
0.982962913144534 0.000395757025438
0.984291580564316 0.000355195464530
0.985567139954818 0.000317691068650
0.986789451436580 0.000283098259771
0.987958380969374 0.000251271775120
0.989073800366903 0.000222066374197
0.990135587310861 0.000195339228382
0.991143625364344 0.000170948789640
0.992097803984621 0.000148757766637
0.992998018535252 0.000128630290660
0.993844170297569 0.000110437653744
0.994636166481494 0.000094053027495
0.995373920235722 0.000079357285150
0.996057350657239 0.000066235688624
0.996686382800198 0.000054580440913
0.997260947684137 0.000044291341864
0.997780982301540 0.000035274179810
0.998246429624752 0.000027443575284
0.998657238612229 0.000020721596969
0.999013364214136 0.000015038513590
0.999314767377287 0.000010334241839
0.999561415049429 0.000006556478479
0.999753280182866 0.000003662835548
0.999890341737423 0.000001619906151
0.999972584682756 0.000000403764797
1.000000000000000 0.000000000000000
