1.000000000000000 0.000000000000000
0.999972584682756 0.000008381542066
0.999890341737423 0.000033522201167
0.999753280182866 0.000075410083584
0.999561415049429 0.000134009251644
0.999314767377287 0.000209292075996
0.999013364214136 0.000301207014710
0.998657238612229 0.000409700227895
0.998246429624752 0.000534699574866
0.997780982301540 0.000676136210670
0.997260947684137 0.000833912584059
0.996686382800198 0.001007940108365
0.996057350657239 0.001198107250301
0.995373920235722 0.001404301130396
0.994636166481494 0.001626407686466
0.993844170297569 0.001864274785227
0.992998018535252 0.002117781481398
0.992097803984621 0.002386769362502
0.991143625364344 0.002671079994733
0.990135587310861 0.002970560395732
0.989073800366903 0.003285026625390
0.987958380969374 0.003614316575747
0.986789451436580 0.003958243188403
0.985567139954818 0.004316610655141
0.984291580564316 0.004689235504616
0.982962913144534 0.005075910744426
0.981581283398829 0.005476447577747
0.980146842838472 0.005890624419152
0.978659748766034 0.006318248862214
0.977120164258138 0.006759091719126
0.975528258147577 0.007212953686487
0.973884205004793 0.007679609955804
0.972188185118741 0.008158846179879
0.970440384477113 0.008650448762640
0.968640994745946 0.009154195417046
0.966790213248601 0.009669870658460
0.964888242944126 0.010197256343903
0.962935292404997 0.010736137169672
0.960931575794250 0.011286306013853
0.958877312841991 0.011847549792337
0.956772728821300 0.012419664644199
0.954618054523534 0.013002441910654
0.952413526233010 0.013595687986002
0.950159385701097 0.014199205549085
0.947855880119706 0.014812808519249
0.945503262094184 0.015436317694820
0.943101789615607 0.016069556612179
0.940651726032496 0.016712352107874
0.938153340021932 0.017364548901533
0.935606905560095 0.018025991333187
0.933012701892219 0.018696542528737
0.930371013501972 0.019376061712025
0.927682130080253 0.020064423305091
0.924946346493432 0.020761521761440
0.922163962751008 0.021467244815872
0.919335283972712 0.022181505754830
0.916460620355050 0.022904225693825
0.913540287137281 0.023635334092139
0.910574604566852 0.024374778280585
0.907563897864277 0.025122515028792
0.904508497187474 0.025878519592900
0.901408737595557 0.026642772556293
0.898264959012098 0.027415278811698
0.895077506187845 0.028195960334560
0.891846728662920 0.028984670061171
0.888572980728485 0.029781260767347
0.885256621387895 0.030585579830967
0.881898014317321 0.031397486399083
0.878497527825878 0.032216833924042
0.875055534815230 0.033043487532950
0.871572412738697 0.033877302619203
0.868048543559867 0.034718146531029
0.864484313710706 0.035565885744313
0.860880114049181 0.036420385953656
0.857236339816402 0.037281524968017
0.853553390593274 0.038149175752041
0.849831670256683 0.039023214973893
0.846071586935203 0.039903518817114
0.842273552964344 0.040789979840991
0.838437984841330 0.041682477728622
0.834565303179429 0.042580909108090
0.830655932661826 0.043485162458891
0.826710301995053 0.044395134515996
0.822728843861975 0.045310729179479
0.818711994874345 0.046231848867147
0.814660195524919 0.047158391757094
0.810573890139155 0.048090274499054
0.806453526826488 0.049027416514185
0.802299557431188 0.049969743222011
0.798112437482808 0.050917174896692
0.793892626146237 0.051869485647794
0.789640586171339 0.052826318247769
0.785356783842216 0.053787313439606
0.781041688926065 0.054752094640038
0.776695774621672 0.055720274417083
0.772319517507513 0.056691452039758
0.767913397489498 0.057665219443977
0.763477897748339 0.058641161613161
0.759013504686565 0.059618852992281
0.754520707875186 0.060597861312318
0.750000000000000 0.061577751693425
0.745451876807570 0.062558081006380
0.740876837050858 0.063538398674538
0.736275382434527 0.064518248560494
0.731648017559931 0.065497180113864
0.726995249869773 0.066474704003118
0.722317589592464 0.067450332194683
0.717615549686164 0.068423559132722
0.712889645782536 0.069393878366751
0.708140396130201 0.070360807545458
0.703368321537900 0.071323924711605
0.698573945317390 0.072282799706646
0.693757793226052 0.073237007978142
0.688920393409234 0.074186169029589
0.684062276342339 0.075130076212908
0.679183974772650 0.076068560302272
0.674286023660908 0.077001456390381
0.669368960122646 0.077928595374094
0.664433323369292 0.078849807207329
0.659479654649035 0.079764897097364
0.654508497187474 0.080673680771888
0.649520396128043 0.081575984336627
0.644515898472236 0.082471623526447
0.639495553019615 0.083360428511087
0.634459910307633 0.084242220061551
0.629409522551260 0.085116829368233
0.624344943582428 0.085984099260420
0.619266728789291 0.086843889606494
0.614175435055328 0.087696092085839
0.609071620698271 0.088540606614620
0.603955845408880 0.089377337567453
0.598828670189563 0.090206121517527
0.593690657292862 0.091026438396896
0.588542370159792 0.091837613925521
0.583384373358051 0.092638985072160
0.578217232520115 0.093429883527870
0.573041514281206 0.094209625123251
0.567857786217152 0.094977469273985
0.562666616782152 0.095732667478624
0.557468575246433 0.096474475833272
0.552264231633827 0.097202148250555
0.547054156659257 0.097914960491157
0.541838921666158 0.098612204133806
0.536619098563816 0.099293189867624
0.531395259764657 0.099957224646471
0.526167978121472 0.100603626095396
0.520937826864600 0.101231703617990
0.515705379539064 0.101840730515989
0.510471209941678 0.102429987679108
0.505235892058123 0.102998764401811
0.500000000000000 0.103546367727969
0.494764107941877 0.104072533376607
0.489528790058322 0.104577730240285
0.484294620460936 0.105062502203629
0.479062173135400 0.105527404101887
0.473832021878528 0.105972985937842
0.468604740235343 0.106399830312912
0.463380901436184 0.106808552235295
0.458161078333842 0.107199776175794
0.452945843340743 0.107574129187880
0.447735768366173 0.107932238373609
0.442531424753567 0.108274737056272
0.437333383217848 0.108602268985163
0.432142213782848 0.108915478437222
0.426958485718794 0.109215008876655
0.421782767479885 0.109501503406427
0.416615626641949 0.109775560343169
0.411457629840209 0.110037709257990
0.406309342707138 0.110288472547257
0.401171329810437 0.110528369423982
0.396044154591120 0.110757907007054
0.390928379301729 0.110976997654229
0.385824564944672 0.111184705997034
0.380733271210710 0.111380046503281
0.375655056417573 0.111562056562003
0.370590477448740 0.111729796598580
0.365540089692367 0.111882387718244
0.360504446980385 0.112019018434641
0.355484101527764 0.112138901266330
0.350479603871957 0.112241272197203
0.345491502812526 0.112325392032698
0.340520345350965 0.112390537655547
0.335566676630708 0.112436005889045
0.330631039877354 0.112461119511678
0.325713976339092 0.112465227672935
0.320816025227350 0.112447703465073
0.315937723657661 0.112407930307600
0.311079606590766 0.112345313248647
0.306242206773949 0.112259284901910
0.301426054682610 0.112149306968360
0.296631678462100 0.112015033284914
0.291859603869799 0.111856507605794
0.287110354217464 0.111673840151349
0.282384450313836 0.111467153835752
0.277682410407536 0.111236584728139
0.273004750130227 0.110982312229839
0.268351982440069 0.110704546276255
0.263724617565473 0.110403506429879
0.259123162949143 0.110079428394152
0.254548123192430 0.109732552439662
0.250000000000000 0.109363126364335
0.245479292124815 0.108971404452049
0.240986495313435 0.108557655483877
0.236522102251661 0.108122158475103
0.232086602510502 0.107665194096504
0.227680482492487 0.107187051054470
0.223304225378328 0.106688028353832
0.218958311073935 0.106168441557853
0.214643216157784 0.105628659485089
0.210359413828661 0.105069082305191
0.206107373853763 0.104490127894633
0.201887562517192 0.103892198791061
0.197700442568813 0.103275439238830
0.193546473173512 0.102639763037818
0.189426109860845 0.101985106092811
0.185339804475081 0.101311431059781
0.181288005125655 0.100618626577595
0.177271156138025 0.099906540870093
0.173289698004947 0.099175055787228
0.169344067338174 0.098424106765203
0.165434696820571 0.097653788132193
0.161562015158670 0.096864285983649
0.157726447035656 0.096055819631071
0.153928413064797 0.095228488500958
0.150168329743317 0.094381966716485
0.146446609406726 0.093515891942000
0.142763660183598 0.092629944755262
0.139119885950819 0.091723403736596
0.135515686289294 0.090795204358990
0.131951456440133 0.089844335130008
0.128427587261303 0.088869925315440
0.124944465184770 0.087871294864391
0.121502472174122 0.086847862605747
0.118101985682679 0.085799121994535
0.114743378612105 0.084724584466463
0.111427019271515 0.083623807899379
0.108153271337080 0.082496437607364
0.104922493812155 0.081342245614340
0.101735040987902 0.080161108406779
0.098591262404443 0.078953031161573
0.095491502812526 0.077719283777599
0.092436102135723 0.076462265010737
0.089425395433148 0.075184365200560
0.086459712862719 0.073887888459838
0.083539379644950 0.072575038424982
0.080664716027288 0.071247997151853
0.077836037248993 0.069908886516230
0.075053653506568 0.068559772688890
0.072317869919747 0.067202693136773
0.069628986498028 0.065839649054201
0.066987298107781 0.064472590449604
0.064393094439905 0.063103484223051
0.061846659978068 0.061734273792446
0.059348273967504 0.060366918093442
0.056898210384393 0.059003389902748
0.054496737905816 0.057645608155100
0.052144119880294 0.056295355022256
0.049840614298903 0.054954208838641
0.047586473766990 0.053622740104574
0.045381945476466 0.052299537710970
0.043227271178700 0.050983168076736
0.041122687158010 0.049672478129598
0.039068424205750 0.048366540432567
0.037064707595003 0.047064504394355
0.035111757055874 0.045765640790780
0.033209786751399 0.044469320362638
0.031359005254054 0.043174958329815
0.029559615522887 0.041882260551253
0.027811814881260 0.040591091602902
0.026115794995207 0.039300927797048
0.024471741852423 0.038010703386285
0.022879835741862 0.036717259026931
0.021340251233966 0.035416054202911
0.019853157161529 0.034104165589980
0.018418716601171 0.032779951309386
0.017037086855466 0.031443127930879
0.015708419435685 0.030094448140273
0.014432860045182 0.028736039741871
0.013210548563420 0.027371045812012
0.012041619030626 0.026003333487386
0.010926199633097 0.024636279501447
0.009864412689139 0.023272838845850
0.008856374635656 0.021915360187389
0.007902196015379 0.020565887774102
0.007001981464748 0.019226220673963
0.006155829702431 0.017897842135427
0.005363833518506 0.016582176271120
0.004626079764278 0.015280378973797
0.003942649342761 0.013993525561481
0.003313617199802 0.012722656670386
0.002739052315863 0.011468560866703
0.002219017698460 0.010232098032605
0.001753570375248 0.009013929733000
0.001342761387771 0.007814838173023
0.000986635785864 0.006635349059605
0.000685232622713 0.005476073022867
0.000438584950571 0.004337543338276
0.000246719817134 0.003220274374424
0.000109658262577 0.002124585764845
0.000027415317244 0.001051204402891
0.000000000000000 0.000000000000000
0.000027415317244 -0.001028251136212
0.000109658262577 -0.002033036335009
0.000246719817134 -0.003014430637138
0.000438584950571 -0.003971969369644
0.000685232622713 -0.004905328860663
0.000986635785864 -0.005814283511242
0.001342761387771 -0.006698526634239
0.001753570375248 -0.007559921046375
0.002219017698460 -0.008404371277327
0.002739052315863 -0.009235762760930
0.003313617199802 -0.010056108331178
0.003942649342761 -0.010866320099839
0.004626079764278 -0.011666761696385
0.005363833518506 -0.012457267393243
0.006155829702431 -0.013237397640412
0.007001981464748 -0.014006385062040
0.007902196015379 -0.014763251346449
0.008856374635656 -0.015506750181066
0.009864412689139 -0.016235334612304
0.010926199633097 -0.016947238230374
0.012041619030626 -0.017640170798522
0.013210548563420 -0.018311566358927
0.014432860045182 -0.018958172555825
0.015708419435684 -0.019577263069957
0.017037086855466 -0.020167590468713
0.018418716601171 -0.020728791721693
0.019853157161528 -0.021261608545991
0.021340251233966 -0.021767607186493
0.022879835741862 -0.022249362601892
0.024471741852423 -0.022711033460615
0.026115794995207 -0.023158473399628
0.027811814881259 -0.023595503041230
0.029559615522887 -0.024023648027239
0.031359005254054 -0.024442918850120
0.033209786751399 -0.024851830360542
0.035111757055874 -0.025249300884940
0.037064707595003 -0.025634724543752
0.039068424205750 -0.026007495812922
0.041122687158009 -0.026366970047175
0.043227271178699 -0.026712600236977
0.045381945476466 -0.027043963716218
0.047586473766990 -0.027360727233987
0.049840614298903 -0.027662622851996
0.052144119880293 -0.027949498022602
0.054496737905816 -0.028221340159063
0.056898210384393 -0.028478279514561
0.059348273967504 -0.028720639402511
0.061846659978068 -0.028948938608583
0.064393094439905 -0.029163844336073
0.066987298107781 -0.029366167109072
0.069628986498028 -0.029556946573279
0.072317869919747 -0.029737653939056
0.075053653506568 -0.029910014623315
0.077836037248992 -0.030075149499243
0.080664716027288 -0.030233472477142
0.083539379644950 -0.030385278426300
0.086459712862719 -0.030530188202343
0.089425395433148 -0.030667616596410
0.092436102135723 -0.030797067376012
0.095491502812526 -0.030918184624829
0.098591262404443 -0.031030625962390
0.101735040987902 -0.031134012270843
0.104922493812155 -0.031227937255732
0.108153271337080 -0.031311997251479
0.111427019271514 -0.031385799398541
0.114743378612105 -0.031448957332614
0.118101985682679 -0.031501086453643
0.121502472174122 -0.031541795559559
0.124944465184770 -0.031570695121390
0.128427587261303 -0.031587407554074
0.131951456440133 -0.031591590964496
0.135515686289294 -0.031582917360287
0.139119885950819 -0.031561041004449
0.142763660183598 -0.031525508766432
0.146446609406726 -0.031475835079025
0.150168329743317 -0.031411612193595
0.153928413064796 -0.031333064522812
0.157726447035656 -0.031240752360070
0.161562015158669 -0.031135308538104
0.165434696820571 -0.031017648347728
0.169344067338174 -0.030888987830724
0.173289698004947 -0.030750643788342
0.177271156138025 -0.030604003859430
0.181288005125655 -0.030450495223459
0.185339804475081 -0.030291620298955
0.189426109860845 -0.030128965398938
0.193546473173511 -0.029964151395224
0.197700442568812 -0.029798837976259
0.201887562517192 -0.029634764679393
0.206107373853763 -0.029473463647828
0.210359413828660 -0.029315064998407
0.214643216157784 -0.029159225731950
0.218958311073935 -0.029005582414786
0.223304225378328 -0.028853778679338
0.227680482492486 -0.028703507113226
0.232086602510501 -0.028554454641297
0.236522102251661 -0.028406292510375
0.240986495313435 -0.028258664412682
0.245479292124814 -0.028111174310761
0.250000000000000 -0.027963409036569
0.254548123192429 -0.027814937368424
0.259123162949142 -0.027665322323753
0.263724617565473 -0.027514135520237
0.268351982440069 -0.027360936438959
0.273004750130227 -0.027205269931207
0.277682410407536 -0.027046640928833
0.282384450313836 -0.026884463825544
0.287110354217464 -0.026718123795075
0.291859603869799 -0.026546985880120
0.296631678462100 -0.026370459333604
0.301426054682609 -0.026188316683109
0.306242206773948 -0.026000484019239
0.311079606590766 -0.025806886774370
0.315937723657661 -0.025607458668550
0.320816025227350 -0.025402313974021
0.325713976339092 -0.025191766909070
0.330631039877354 -0.024976151942203
0.335566676630708 -0.024755815490860
0.340520345350965 -0.024531098067202
0.345491502812526 -0.024302286252484
0.350479603871956 -0.024069659123309
0.355484101527764 -0.023833504673786
0.360504446980385 -0.023594115755220
0.365540089692367 -0.023351810797306
0.370590477448739 -0.023106939925006
0.375655056417572 -0.022859858783188
0.380733271210709 -0.022610929477521
0.385824564944672 -0.022360516997320
0.390928379301728 -0.022108939245295
0.396044154591120 -0.021856496423316
0.401171329810437 -0.021603493531431
0.406309342707137 -0.021350237051173
0.411457629840208 -0.021096981720855
0.416615626641949 -0.020843787537465
0.421782767479884 -0.020590668213338
0.426958485718794 -0.020337637593439
0.432142213782848 -0.020084708927308
0.437333383217848 -0.019831910320512
0.442531424753567 -0.019579288599422
0.447735768366173 -0.019326896192999
0.452945843340743 -0.019074785137617
0.458161078333842 -0.018823006867030
0.463380901436184 -0.018571605462973
0.468604740235343 -0.018320616216541
0.473832021878528 -0.018070074990796
0.479062173135400 -0.017820016393234
0.484294620460935 -0.017570475465529
0.489528790058321 -0.017321501878107
0.494764107941877 -0.017073157913718
0.500000000000000 -0.016825502844421
0.505235892058122 -0.016578599086422
0.510471209941678 -0.016332511335408
0.515705379539064 -0.016087358944982
0.520937826864600 -0.015843290456813
0.526167978121472 -0.015600451867802
0.531395259764656 -0.015358990272228
0.536619098563816 -0.015119049010370
0.541838921666157 -0.014880764308638
0.547054156659257 -0.014644265197520
0.552264231633827 -0.014409683156456
0.557468575246433 -0.014177145735583
0.562666616782152 -0.013946781160776
0.567857786217152 -0.013718718046186
0.573041514281206 -0.013493083951468
0.578217232520115 -0.013270007349405
0.583384373358051 -0.013049609714575
0.588542370159791 -0.012832012241273
0.593690657292862 -0.012617326356714
0.598828670189563 -0.012405662995078
0.603955845408879 -0.012197129781384
0.609071620698271 -0.011991829641592
0.614175435055328 -0.011789850693978
0.619266728789290 -0.011591266224488
0.624344943582427 -0.011396147105849
0.629409522551260 -0.011204562023238
0.634459910307633 -0.011016578021343
0.639495553019614 -0.010832263548026
0.644515898472235 -0.010651687074651
0.649520396128043 -0.010474913356940
0.654508497187474 -0.010302003358130
0.659479654649035 -0.010133010731839
0.664433323369291 -0.009967979222523
0.669368960122646 -0.009806948106608
0.674286023660907 -0.009649955325839
0.679183974772650 -0.009497043349650
0.684062276342339 -0.009348284223550
0.688920393409233 -0.009203753134243
0.693757793226051 -0.009063521939990
0.698573945317390 -0.008927641507437
0.703368321537900 -0.008795958062251
0.708140396130200 -0.008668193703038
0.712889645782536 -0.008544074164083
0.717615549686163 -0.008423328910162
0.722317589592464 -0.008305644302066
0.726995249869773 -0.008190663314447
0.731648017559930 -0.008078033550701
0.736275382434527 -0.007967413920139
0.740876837050857 -0.007858484842919
0.745451876807570 -0.007750950103071
0.750000000000000 -0.007644525256849
0.754520707875185 -0.007538934815771
0.759013504686565 -0.007433911097400
0.763477897748338 -0.007329193590865
0.767913397489498 -0.007224532418245
0.772319517507513 -0.007119687195706
0.776695774621672 -0.007014427263328
0.781041688926065 -0.006908530370635
0.785356783842216 -0.006801785081397
0.789640586171339 -0.006693994864954
0.793892626146236 -0.006584987644048
0.798112437482808 -0.006474605790975
0.802299557431187 -0.006362707390132
0.806453526826488 -0.006249389586304
0.810573890139155 -0.006135101718980
0.814660195524918 -0.006020304753385
0.818711994874345 -0.005905438626146
0.822728843861975 -0.005790909267977
0.826710301995052 -0.005677099786129
0.830655932661826 -0.005564375837565
0.834565303179429 -0.005453084177172
0.838437984841330 -0.005343558561950
0.842273552964344 -0.005236110549383
0.846071586935203 -0.005131034177653
0.849831670256683 -0.005028603667114
0.853553390593274 -0.004929073981825
0.857236339816401 -0.004832682835450
0.860880114049181 -0.004739648711219
0.864484313710706 -0.004650173947132
0.868048543559867 -0.004564441082004
0.871572412738697 -0.004482615244921
0.875055534815230 -0.004404844236513
0.878497527825878 -0.004331260752530
0.881898014317321 -0.004261981620850
0.885256621387894 -0.004197106718817
0.888572980728485 -0.004136712109744
0.891846728662920 -0.004080854634042
0.895077506187845 -0.004029587437551
0.898264959012098 -0.003982977555432
0.901408737595557 -0.003941050562194
0.904508497187474 -0.003903299990883
0.907563897864277 -0.003868814464192
0.910574604566852 -0.003836722516996
0.913540287137281 -0.003806184086935
0.916460620355049 -0.003776421710654
0.919335283972712 -0.003746735064283
0.922163962751007 -0.003716493538312
0.924946346493432 -0.003685127033104
0.927682130080253 -0.003652125017568
0.930371013501972 -0.003617035196354
0.933012701892219 -0.003579464210550
0.935606905560095 -0.003539073141971
0.938153340021932 -0.003495575959415
0.940651726032496 -0.003448737364946
0.943101789615607 -0.003398371784638
0.945503262094184 -0.003344339486477
0.947855880119706 -0.003286546128043
0.950159385701097 -0.003224939752104
0.952413526233010 -0.003159508645746
0.954618054523534 -0.003090279928354
0.956772728821300 -0.003017316116931
0.958877312841991 -0.002940714957629
0.960931575794250 -0.002860604124317
0.962935292404997 -0.002777142451955
0.964888242944126 -0.002690517121189
0.966790213248601 -0.002600938482263
0.968640994745946 -0.002508642178703
0.970440384477113 -0.002413884336870
0.972188185118740 -0.002316940057736
0.973884205004793 -0.002218102217464
0.975528258147577 -0.002117677361201
0.977120164258138 -0.002015986647983
0.978659748766034 -0.001913361685180
0.980146842838471 -0.001810142486312
0.981581283398829 -0.001706676690025
0.982962913144534 -0.001603318544768
0.984291580564316 -0.001500423827204
0.985567139954818 -0.001398349452572
0.986789451436580 -0.001297454987106
0.987958380969374 -0.001198095546679
0.989073800366903 -0.001100623922745
0.990135587310861 -0.001005387467440
0.991143625364344 -0.000912727516463
0.992097803984621 -0.000822975992544
0.992998018535252 -0.000736457339379
0.993844170297569 -0.000653481819252
0.994636166481494 -0.000574352091846
0.995373920235722 -0.000499351979246
0.996057350657239 -0.000428757500641
0.996686382800198 -0.000362821782767
0.997260947684137 -0.000301783835280
0.997780982301540 -0.000245867975188
0.998246429624752 -0.000195275672924
0.998657238612229 -0.000150194484123
0.999013364214136 -0.000110785132811
0.999314767377287 -0.000077191347603
0.999561415049429 -0.000049538089783
0.999753280182866 -0.000027925088396
0.999890341737423 -0.000012429615609
0.999972584682756 -0.000003110119194
1.000000000000000 0.000000000000000
