1.000000000000000 0.000000000000000
0.999972584682756 0.000005813124253
0.999890341737423 0.000023249107825
0.999753280182866 0.000052309056501
0.999561415049429 0.000092991029819
0.999314767377287 0.000145293766437
0.999013364214136 0.000209212874420
0.998657238612229 0.000284748291052
0.998246429624752 0.000371892922275
0.997780982301540 0.000470647600644
0.997260947684137 0.000580998406532
0.996686382800198 0.000702946654850
0.996057350657239 0.000836474893726
0.995373920235722 0.000981584403591
0.994636166481494 0.001138257395239
0.993844170297569 0.001306483195827
0.992998018535252 0.001486246773038
0.992097803984621 0.001677532309109
0.991143625364344 0.001880319228774
0.990135587310861 0.002094589521569
0.989073800366903 0.002320316208279
0.987958380969374 0.002557474411914
0.986789451436580 0.002806029800265
0.985567139954818 0.003065953411028
0.984291580564316 0.003337206302334
0.982962913144534 0.003619743047261
0.981581283398829 0.003913522762706
0.980146842838472 0.004218489962389
0.978659748766034 0.004534593109938
0.977120164258138 0.004861765461688
0.975528258147577 0.005199947367709
0.973884205004793 0.005549059572985
0.972188185118741 0.005909029263294
0.970440384477113 0.006279767136790
0.968640994745946 0.006661178372783
0.966790213248601 0.007053169800465
0.964888242944126 0.007455630761001
0.962935292404997 0.007868440301378
0.960931575794250 0.008291481817844
0.958877312841991 0.008724620203360
0.956772728821300 0.009167712757296
0.954618054523534 0.009620608831457
0.952413526233010 0.010083145747214
0.950159385701097 0.010555155900672
0.947855880119706 0.011036455246664
0.945503262094184 0.011526850420192
0.943101789615607 0.012026142062849
0.940651726032496 0.012534106049424
0.938153340021932 0.013050526317576
0.935606905560095 0.013575154088250
0.933012701892219 0.014107744271856
0.930371013501972 0.014648025863075
0.927682130080253 0.015195727110976
0.924946346493432 0.015750553534774
0.922163962751008 0.016312202259346
0.919335283972712 0.016880357881142
0.916460620355050 0.017454680848872
0.913540287137281 0.018034825637117
0.910574604566852 0.018620435451744
0.907563897864277 0.019211131329625
0.904508497187474 0.019806527142740
0.901408737595557 0.020406199512765
0.898264959012098 0.021009737312582
0.895077506187845 0.021616860771211
0.891846728662920 0.022227365312659
0.888572980728485 0.022841060076049
0.885256621387895 0.023457771121015
0.881898014317321 0.024077321679604
0.878497527825878 0.024699545019068
0.875055534815230 0.025324281449827
0.871572412738697 0.025951367630345
0.868048543559867 0.026580653883442
0.864484313710706 0.027211994090941
0.860880114049181 0.027845242423132
0.857236339816402 0.028480272212070
0.853553390593274 0.029116954142599
0.849831670256683 0.029755162936708
0.846071586935203 0.030394786837567
0.842273552964344 0.031035718291455
0.838437984841330 0.031677857076188
0.834565303179429 0.032321107362208
0.830655932661826 0.032965383842591
0.826710301995053 0.033610605985110
0.822728843861975 0.034256701762358
0.818711994874345 0.034903607359356
0.814660195524919 0.035551266832785
0.810573890139155 0.036199630555477
0.806453526826488 0.036848652205763
0.802299557431188 0.037498296120532
0.798112437482808 0.038148535451666
0.793892626146237 0.038799383983978
0.789640586171339 0.039450859376415
0.785356783842216 0.040103000037828
0.781041688926065 0.040755851066574
0.776695774621672 0.041409464837528
0.772319517507513 0.042063914507980
0.767913397489498 0.042719272390808
0.763477897748339 0.043375627111826
0.759013504686565 0.044033077611560
0.754520707875186 0.044691727258383
0.750000000000000 0.045351692943604
0.745451876807570 0.046013091425974
0.740876837050858 0.046676043822127
0.736275382434527 0.047340685422981
0.731648017559931 0.048007161328969
0.726995249869773 0.048675653197091
0.722317589592464 0.049346365274471
0.717615549686164 0.050019506435052
0.712889645782536 0.050695277911218
0.708140396130201 0.051373790790067
0.703368321537900 0.052055117173256
0.698573945317390 0.052739336278891
0.693757793226052 0.053426484793066
0.688920393409234 0.054116028854989
0.684062276342339 0.054807046195285
0.679183974772650 0.055498585398354
0.674286023660908 0.056189676101580
0.669368960122646 0.056879361612423
0.664433323369292 0.057566703381913
0.659479654649035 0.058250756643046
0.654508497187474 0.058930565041676
0.649520396128043 0.059605153500233
0.644515898472236 0.060273568311675
0.639495553019615 0.060934850955576
0.634459910307633 0.061588031068896
0.629409522551260 0.062232130683361
0.624344943582428 0.062866079937012
0.619266728789291 0.063488658759720
0.614175435055328 0.064098638382941
0.609071620698271 0.064694773923462
0.603955845408880 0.065275897886728
0.598828670189563 0.065841692867341
0.593690657292862 0.066392355523447
0.588542370159792 0.066928103019096
0.583384373358051 0.067449160716194
0.578217232520115 0.067955856385107
0.573041514281206 0.068448942851254
0.567857786217152 0.068929303264221
0.562666616782152 0.069397830313135
0.557468575246433 0.069855431669988
0.552264231633827 0.070302967484627
0.547054156659257 0.070741173687470
0.541838921666158 0.071170772028935
0.536619098563816 0.071592494966265
0.531395259764657 0.072007080703588
0.526167978121472 0.072415371501714
0.520937826864600 0.072818375551507
0.515705379539064 0.073217118434610
0.510471209941678 0.073612631371856
0.505235892058123 0.074005927174355
0.500000000000000 0.074397356097501
0.494764107941877 0.074786475640462
0.489528790058322 0.075172802513323
0.484294620460936 0.075555849947595
0.479062173135400 0.075935122153874
0.473832021878528 0.076309830332070
0.468604740235343 0.076678923467984
0.463380901436184 0.077041348018549
0.458161078333842 0.077396058662265
0.452945843340743 0.077742026219723
0.447735768366173 0.078078327964966
0.442531424753567 0.078404120421808
0.437333383217848 0.078718567223730
0.432142213782848 0.079020848399204
0.426958485718794 0.079310141740519
0.421782767479885 0.079585540186908
0.416615626641949 0.079846107810302
0.411457629840209 0.080090924504381
0.406309342707138 0.080319086848275
0.401171329810437 0.080529838470143
0.396044154591120 0.080723023973888
0.390928379301729 0.080898665339871
0.385824564944672 0.081056792568605
0.380733271210710 0.081197443698729
0.375655056417573 0.081320735206899
0.370590477448740 0.081426958978028
0.365540089692367 0.081516434040415
0.360504446980385 0.081589483475962
0.355484101527764 0.081646430027276
0.350479603871957 0.081687554612061
0.345491502812526 0.081713093014473
0.340520345350965 0.081723282714912
0.335566676630708 0.081718364967642
0.330631039877354 0.081698599808098
0.325713976339092 0.081664344818542
0.320816025227350 0.081615994876461
0.315937723657661 0.081553944611381
0.311079606590766 0.081478585822957
0.306242206773949 0.081390102130856
0.301426054682610 0.081288355566074
0.296631678462100 0.081173192375016
0.291859603869799 0.081044472262430
0.287110354217464 0.080901968064183
0.282384450313836 0.080744925143160
0.277682410407536 0.080572440713836
0.273004750130227 0.080383651114211
0.268351982440069 0.080177735770957
0.263724617565473 0.079953996000633
0.259123162949143 0.079711831983538
0.254548123192430 0.079450681328367
0.250000000000000 0.079170017504578
0.245479292124815 0.078869325086574
0.240986495313435 0.078548104395556
0.236522102251661 0.078205886856345
0.232086602510502 0.077842241031509
0.227680482492487 0.077456779058021
0.223304225378328 0.077049157390934
0.218958311073935 0.076619065645728
0.214643216157784 0.076166234334582
0.210359413828661 0.075690420929625
0.206107373853763 0.075191418231209
0.201887562517192 0.074669054066386
0.197700442568813 0.074123226949774
0.193546473173512 0.073554437375662
0.189426109860845 0.072963608044841
0.185339804475081 0.072351656146953
0.181288005125655 0.071719493007261
0.177271156138025 0.071068017156145
0.173289698004947 0.070398106629238
0.169344067338174 0.069710643433293
0.165434696820571 0.069006536904327
0.161562015158670 0.068286740711636
0.157726447035656 0.067552190344640
0.153928413064797 0.066803743433388
0.150168329743317 0.066041980297979
0.146446609406726 0.065267414323819
0.142763660183598 0.064480527265549
0.139119885950819 0.063681381517542
0.135515686289294 0.062869858983422
0.131951456440133 0.062045895631982
0.128427587261303 0.061209530039916
0.124944465184770 0.060360913666788
0.121502472174122 0.059500212905318
0.118101985682679 0.058627645567307
0.114743378612105 0.057743436576332
0.111427019271515 0.056847858043194
0.108153271337080 0.055941197405181
0.104922493812155 0.055023777645644
0.101735040987902 0.054095964366889
0.098591262404443 0.053158313522298
0.095491502812526 0.052211438705850
0.092436102135723 0.051256025995776
0.089425395433148 0.050292839705746
0.086459712862719 0.049322680793632
0.083539379644950 0.048346358969323
0.080664716027288 0.047364736462846
0.077836037248993 0.046378557600304
0.075053653506568 0.045388247945198
0.072317869919747 0.044394067514947
0.069628986498028 0.043394864732700
0.066987298107781 0.042388635880502
0.064393094439905 0.041373765373731
0.061846659978068 0.040349112654658
0.059348273967504 0.039313777355875
0.056898210384393 0.038267251996458
0.054496737905816 0.037209152827994
0.052144119880294 0.036139132339426
0.049840614298903 0.035057290394719
0.047586473766990 0.033965776844923
0.045381945476466 0.032867589592682
0.043227271178700 0.031766189996614
0.041122687158010 0.030665076634781
0.039068424205750 0.029567148166797
0.037064707595003 0.028474961287288
0.035111757055874 0.027390921137003
0.033209786751399 0.026317207991958
0.031359005254054 0.025255854626014
0.029559615522887 0.024208641535691
0.027811814881260 0.023177200840791
0.026115794995207 0.022163441778148
0.024471741852423 0.021168407365001
0.022879835741862 0.020190845396306
0.021340251233966 0.019228346168174
0.019853157161529 0.018279030580978
0.018418716601171 0.017343056491841
0.017037086855466 0.016421911223146
0.015708419435685 0.015517773228520
0.014432860045182 0.014633275262978
0.013210548563420 0.013771708261035
0.012041619030626 0.012934984009281
0.010926199633097 0.012122790731961
0.009864412689139 0.011333657785396
0.008856374635656 0.010565971464616
0.007902196015379 0.009818806137116
0.007001981464748 0.009091663458772
0.006155829702431 0.008384024321749
0.005363833518506 0.007695565402505
0.004626079764278 0.007026078723271
0.003942649342761 0.006375315045419
0.003313617199802 0.005743187624363
0.002739052315863 0.005129567082762
0.002219017698460 0.004534347990460
0.001753570375248 0.003957521366205
0.001342761387771 0.003398999810349
0.000986635785864 0.002858724913541
0.000685232622713 0.002336720019198
0.000438584950571 0.001832964877268
0.000246719817134 0.001347405716834
0.000109658262577 0.000880089605429
0.000027415317244 0.000430926883430
0.000000000000000 0.000000000000000
0.000027415317244 -0.000412759357027
0.000109658262577 -0.000807287232436
0.000246719817134 -0.001183590369441
0.000438584950571 -0.001543436752257
0.000685232622713 -0.001891630700713
0.000986635785864 -0.002230771316549
0.001342761387771 -0.002561774780377
0.001753570375248 -0.002885109786973
0.002219017698460 -0.003201091449814
0.002739052315863 -0.003509715925238
0.003313617199802 -0.003811153531670
0.003942649342761 -0.004105428229837
0.004626079764278 -0.004392482088994
0.005363833518506 -0.004672444497824
0.006155829702431 -0.004945185307666
0.007001981464748 -0.005210834612087
0.007902196015379 -0.005469322355850
0.008856374635656 -0.005720750184451
0.009864412689139 -0.005965092189291
0.010926199633097 -0.006202553267842
0.012041619030626 -0.006433494707637
0.013210548563420 -0.006657801041023
0.014432860045182 -0.006874646606681
0.015708419435684 -0.007081149121634
0.017037086855466 -0.007273638583809
0.018418716601171 -0.007448966326190
0.019853157161528 -0.007604475314017
0.021340251233966 -0.007738201971475
0.022879835741862 -0.007849523674545
0.024471741852423 -0.007939613078591
0.026115794995207 -0.008011226400870
0.027811814881259 -0.008065945197963
0.029559615522887 -0.008104665506315
0.031359005254054 -0.008127732550316
0.033209786751399 -0.008135686943641
0.035111757055874 -0.008129330021262
0.037064707595003 -0.008109524843124
0.039068424205750 -0.008077304392631
0.041122687158009 -0.008033880082842
0.043227271178699 -0.007980646198429
0.045381945476466 -0.007919089119197
0.047586473766990 -0.007851130352915
0.049840614298903 -0.007779299205987
0.052144119880293 -0.007705032105280
0.054496737905816 -0.007627545462351
0.056898210384393 -0.007545235553667
0.059348273967504 -0.007455465246195
0.061846659978068 -0.007355328245794
0.064393094439905 -0.007241806649859
0.066987298107781 -0.007111552870927
0.069628986498028 -0.006960759821700
0.072317869919747 -0.006785360210134
0.075053653506568 -0.006581358744018
0.077836037248992 -0.006345144234693
0.080664716027288 -0.006077797980617
0.083539379644950 -0.005783054447636
0.086459712862719 -0.005464810975665
0.089425395433148 -0.005127076966934
0.092436102135723 -0.004774519951809
0.095491502812526 -0.004412982694558
0.098591262404443 -0.004048795185426
0.101735040987902 -0.003686184502402
0.104922493812155 -0.003327753188067
0.108153271337080 -0.002975474205041
0.111427019271514 -0.002628849741501
0.114743378612105 -0.002286785036095
0.118101985682679 -0.001948420719315
0.121502472174122 -0.001613252978154
0.124944465184770 -0.001280735883519
0.128427587261303 -0.000950169671253
0.131951456440133 -0.000620724244451
0.135515686289294 -0.000291475642653
0.139119885950819 0.000038691679235
0.142763660183598 0.000371024969526
0.146446609406726 0.000706758872518
0.150168329743317 0.001046561328947
0.153928413064796 0.001390886969139
0.157726447035656 0.001740084956736
0.161562015158669 0.002093465452298
0.165434696820571 0.002449800380290
0.169344067338174 0.002807799227128
0.173289698004947 0.003166298774014
0.177271156138025 0.003524240758045
0.181288005125655 0.003880510519540
0.185339804475081 0.004233840843360
0.189426109860845 0.004582716486719
0.193546473173511 0.004925539826419
0.197700442568812 0.005260778936001
0.201887562517192 0.005587652242638
0.206107373853763 0.005905666682203
0.210359413828660 0.006214329828759
0.214643216157784 0.006513421909672
0.218958311073935 0.006803220294640
0.223304225378328 0.007084075013506
0.227680482492486 0.007356356579282
0.232086602510501 0.007620365512746
0.236522102251661 0.007876349357145
0.240986495313435 0.008124575144815
0.245479292124814 0.008365334319552
0.250000000000000 0.008598973838510
0.254548123192429 0.008825876711291
0.259123162949142 0.009046446776904
0.263724617565473 0.009261110578716
0.268351982440069 0.009470298733907
0.273004750130227 0.009674459920138
0.277682410407536 0.009874061195814
0.282384450313836 0.010069595518287
0.287110354217464 0.010261598483136
0.291859603869799 0.010450639096834
0.296631678462100 0.010637307041085
0.301426054682609 0.010822189596338
0.306242206773948 0.011005536891384
0.311079606590766 0.011187314001369
0.315937723657661 0.011367480321115
0.320816025227350 0.011545996921493
0.325713976339092 0.011722810727597
0.330631039877354 0.011897843736770
0.335566676630708 0.012071015454160
0.340520345350965 0.012242245648884
0.345491502812526 0.012411454767158
0.350479603871956 0.012578565952115
0.355484101527764 0.012743504287152
0.360504446980385 0.012906193566246
0.365540089692367 0.013066559514775
0.370590477448739 0.013224538624770
0.375655056417572 0.013380083350844
0.380733271210709 0.013533148605628
0.385824564944672 0.013683691513989
0.390928379301728 0.013831659833381
0.396044154591120 0.013976920571088
0.401171329810437 0.014119295870341
0.406309342707137 0.014258607693003
0.411457629840208 0.014394676080204
0.416615626641949 0.014527288832335
0.421782767479884 0.014656119853067
0.426958485718794 0.014780815906384
0.432142213782848 0.014901024010456
0.437333383217848 0.015016389886846
0.442531424753567 0.015126577950873
0.447735768366173 0.015231283509494
0.452945843340743 0.015330205704417
0.458161078333842 0.015423044243144
0.463380901436184 0.015509497648697
0.468604740235343 0.015589224003580
0.473832021878528 0.015661843804775
0.479062173135400 0.015726977707738
0.484294620460935 0.015784248769802
0.489528790058321 0.015833303555445
0.494764107941877 0.015873993888998
0.500000000000000 0.015906287199023
0.505235892058122 0.015930155734595
0.510471209941678 0.015945575362037
0.515705379539064 0.015952581964017
0.520937826864600 0.015951515850579
0.526167978121472 0.015942819940544
0.531395259764656 0.015926939455563
0.536619098563816 0.015904321142122
0.541838921666157 0.015875389872787
0.547054156659257 0.015840501775209
0.552264231633827 0.015800001014339
0.557468575246433 0.015754231992490
0.562666616782152 0.015703540090273
0.567857786217152 0.015648301650921
0.573041514281206 0.015588943522848
0.578217232520115 0.015525895942172
0.583384373358051 0.015459586130828
0.588542370159791 0.015390430412880
0.593690657292862 0.015318691428560
0.598828670189563 0.015244508729598
0.603955845408879 0.015168017951974
0.609071620698271 0.015089355316986
0.614175435055328 0.015008600976046
0.619266728789290 0.014925548260187
0.624344943582427 0.014839901130093
0.629409522551260 0.014751368769514
0.634459910307633 0.014659667889758
0.639495553019614 0.014564549466955
0.644515898472235 0.014465818163983
0.649520396128043 0.014363289721924
0.654508497187474 0.014256784994548
0.659479654649035 0.014146130214211
0.664433323369291 0.014031148567277
0.669368960122646 0.013911665971467
0.674286023660907 0.013787515847475
0.679183974772650 0.013658539160996
0.684062276342339 0.013524572432492
0.688920393409233 0.013385448593842
0.693757793226051 0.013241007531593
0.698573945317390 0.013091097192153
0.703368321537900 0.012935676027997
0.708140396130200 0.012775012465862
0.712889645782536 0.012609430248987
0.717615549686163 0.012439248471895
0.722317589592464 0.012264786781476
0.726995249869773 0.012086388820018
0.731648017559930 0.011904400989999
0.736275382434527 0.011719162352786
0.740876837050857 0.011531006493856
0.745451876807570 0.011340249446039
0.750000000000000 0.011147201470356
0.754520707875185 0.010952162659670
0.759013504686565 0.010755429604378
0.763477897748338 0.010557289933814
0.767913397489498 0.010358027007772
0.772319517507513 0.010157915496102
0.776695774621672 0.009957222494693
0.781041688926065 0.009756210241310
0.785356783842216 0.009555132299169
0.789640586171339 0.009354233142782
0.793892626146236 0.009153745997071
0.798112437482808 0.008953888693991
0.802299557431187 0.008754870947143
0.806453526826488 0.008556886494669
0.810573890139155 0.008360082257606
0.814660195524918 0.008164585323973
0.818711994874345 0.007970518344847
0.822728843861975 0.007778002217042
0.826710301995052 0.007587156610946
0.830655932661826 0.007398095621093
0.834565303179429 0.007210927238174
0.838437984841330 0.007025754758532
0.842273552964344 0.006842674116929
0.846071586935203 0.006661777670646
0.849831670256683 0.006483152673616
0.853553390593274 0.006306880342369
0.857236339816401 0.006133039348072
0.860880114049181 0.005961701567731
0.864484313710706 0.005792934134942
0.868048543559867 0.005626799666560
0.871572412738697 0.005463355038716
0.875055534815230 0.005302655198205
0.878497527825878 0.005144746666389
0.881898014317321 0.004989674126643
0.885256621387894 0.004837476017822
0.888572980728485 0.004688188897975
0.891846728662920 0.004541842692336
0.895077506187845 0.004398466354973
0.898264959012098 0.004258078637309
0.901408737595557 0.004120691984486
0.904508497187474 0.003986278775461
0.907563897864277 0.003854747185027
0.910574604566852 0.003726003979105
0.913540287137281 0.003599964405033
0.916460620355049 0.003476551880257
0.919335283972712 0.003355693777190
0.922163962751007 0.003237320888237
0.924946346493432 0.003121370853848
0.927682130080253 0.003007785155415
0.930371013501972 0.002896509989466
0.933012701892219 0.002787496371310
0.935606905560095 0.002680700980406
0.938153340021932 0.002576081730950
0.940651726032496 0.002473603421423
0.943101789615607 0.002373234538427
0.945503262094184 0.002274945901091
0.947855880119706 0.002178712852621
0.950159385701097 0.002084515412869
0.952413526233010 0.001992334967696
0.954618054523534 0.001902156460400
0.956772728821300 0.001813969636955
0.958877312841991 0.001727766151149
0.960931575794250 0.001643538653348
0.962935292404997 0.001561284816415
0.964888242944126 0.001481003742066
0.966790213248601 0.001402696845583
0.968640994745946 0.001326367920240
0.970440384477113 0.001252022012375
0.972188185118740 0.001179665906555
0.973884205004793 0.001109309692178
0.975528258147577 0.001040962715705
0.977120164258138 0.000974637350551
0.978659748766034 0.000910346204961
0.980146842838471 0.000848102600439
0.981581283398829 0.000787922354882
0.982962913144534 0.000729821412793
0.984291580564316 0.000673814642802
0.985567139954818 0.000619920037351
0.986789451436580 0.000568153383096
0.987958380969374 0.000518533756301
0.989073800366903 0.000471077339132
0.990135587310861 0.000425802378649
0.991143625364344 0.000382725413725
0.992097803984621 0.000341864747634
0.992998018535252 0.000303236141760
0.993844170297569 0.000266857028151
0.994636166481494 0.000232742000901
0.995373920235722 0.000200908267986
0.996057350657239 0.000171368410084
0.996686382800198 0.000144138364892
0.997260947684137 0.000119229826481
0.997780982301540 0.000096655273588
0.998246429624752 0.000076425589874
0.998657238612229 0.000058551582163
0.999013364214136 0.000043042198724
0.999314767377287 0.000029904340651
0.999561415049429 0.000019146106165
0.999753280182866 0.000010773476591
0.999890341737423 0.000004789192779
0.999972584682756 0.000001197423611
1.000000000000000 0.000000000000000
