1.000000000000000 0.000000000000000
0.999972584682756 0.000006506291748
0.999890341737423 0.000026024198611
0.999753280182866 0.000058546614557
0.999561415049429 0.000104064483025
0.999314767377287 0.000162570973231
0.999013364214136 0.000234044671775
0.998657238612229 0.000318466335823
0.998246429624752 0.000415818845900
0.997780982301540 0.000526066201758
0.997260947684137 0.000649186999705
0.996686382800198 0.000785145034779
0.996057350657239 0.000933897626884
0.995373920235722 0.001095408096049
0.994636166481494 0.001269628944249
0.993844170297569 0.001456510139596
0.992998018535252 0.001655999018985
0.992097803984621 0.001868036017527
0.991143625364344 0.002092554576955
0.990135587310861 0.002329497680459
0.989073800366903 0.002578780288265
0.987958380969374 0.002840339122883
0.986789451436580 0.003114082677317
0.985567139954818 0.003399932601223
0.984291580564316 0.003697790399069
0.982962913144534 0.004007562146727
0.981581283398829 0.004329141805617
0.980146842838472 0.004662431685546
0.978659748766034 0.005007309348938
0.977120164258138 0.005363656297947
0.975528258147577 0.005731349557066
0.973884205004793 0.006110257421168
0.972188185118741 0.006500239322161
0.970440384477113 0.006901157878022
0.968640994745946 0.007312854317445
0.966790213248601 0.007735172732391
0.964888242944126 0.008167947710953
0.962935292404997 0.008611012236780
0.960931575794250 0.009064181428686
0.958877312841991 0.009527268501373
0.956772728821300 0.010000084517195
0.954618054523534 0.010482422277457
0.952413526233010 0.010974072135156
0.950159385701097 0.011474813881232
0.947855880119706 0.011984428382041
0.945503262094184 0.012502673833274
0.943101789615607 0.013029309206718
0.940651726032496 0.013564078446002
0.938153340021932 0.014106725849879
0.935606905560095 0.014656984249684
0.933012701892219 0.015214563486595
0.930371013501972 0.015779188541013
0.927682130080253 0.016350549702543
0.924946346493432 0.016928348243032
0.922163962751008 0.017512262315733
0.919335283972712 0.018101972981675
0.916460620355050 0.018697137285099
0.913540287137281 0.019297414656174
0.910574604566852 0.019902446859925
0.907563897864277 0.020511876237526
0.904508497187474 0.021125321895412
0.901408737595557 0.021742391448360
0.898264959012098 0.022362696585860
0.895077506187845 0.022986030107284
0.891846728662920 0.023612307984402
0.888572980728485 0.024241460435590
0.885256621387895 0.024873449534512
0.881898014317321 0.025508249526652
0.878497527825878 0.026145860372298
0.875055534815230 0.026786291102260
0.871572412738697 0.027429568915371
0.868048543559867 0.028075743841371
0.864484313710706 0.028724878704268
0.860880114049181 0.029377058877782
0.857236339816402 0.030032389555131
0.853553390593274 0.030690998985872
0.849831670256683 0.031353025703098
0.846071586935203 0.032018634296943
0.842273552964344 0.032688009606403
0.838437984841330 0.033361357738824
0.834565303179429 0.034038906230086
0.830655932661826 0.034720902124342
0.826710301995053 0.035407625450049
0.822728843861975 0.036099350822945
0.818711994874345 0.036796376200432
0.814660195524919 0.037499020847186
0.810573890139155 0.038207647092147
0.806453526826488 0.038922687035842
0.802299557431188 0.039644600588083
0.798112437482808 0.040373766341132
0.793892626146237 0.041110007418999
0.789640586171339 0.041852959866523
0.785356783842216 0.042602250868788
0.781041688926065 0.043357443157658
0.776695774621672 0.044118018645703
0.772319517507513 0.044883432643002
0.767913397489498 0.045653132639614
0.763477897748339 0.046426546541622
0.759013504686565 0.047203110391573
0.754520707875186 0.047982225224877
0.750000000000000 0.048763291710851
0.745451876807570 0.049545683854945
0.740876837050858 0.050328770237786
0.736275382434527 0.051111892243504
0.731648017559931 0.051894378996790
0.726995249869773 0.052675520648150
0.722317589592464 0.053454577342701
0.717615549686164 0.054230801050575
0.712889645782536 0.055003434986244
0.708140396130201 0.055771805592848
0.703368321537900 0.056535274349105
0.698573945317390 0.057293192126457
0.693757793226052 0.058044931165343
0.688920393409234 0.058790238875672
0.684062276342339 0.059529221965795
0.679183974772650 0.060262014782550
0.674286023660908 0.060988751142294
0.669368960122646 0.061709565308979
0.664433323369292 0.062424542530365
0.659479654649035 0.063133775878197
0.654508497187474 0.063837371710729
0.649520396128043 0.064535433687665
0.644515898472236 0.065228074192831
0.639495553019615 0.065915413380892
0.634459910307633 0.066597568886543
0.629409522551260 0.067274677867857
0.624344943582428 0.067946902226894
0.619266728789291 0.068614480575071
0.614175435055328 0.069277668599949
0.609071620698271 0.069936727300780
0.603955845408880 0.070591914949120
0.598828670189563 0.071243127744167
0.593690657292862 0.071889941760080
0.588542370159792 0.072531912213928
0.583384373358051 0.073168591203785
0.578217232520115 0.073799516995029
0.573041514281206 0.074424060476165
0.567857786217152 0.075041519150330
0.562666616782152 0.075651184207615
0.557468575246433 0.076252354152045
0.552264231633827 0.076844332148295
0.547054156659257 0.077426489240483
0.541838921666158 0.077998208486484
0.536619098563816 0.078558873259061
0.531395259764657 0.079107875088665
0.526167978121472 0.079644581590779
0.520937826864600 0.080168295226982
0.515705379539064 0.080678313709641
0.510471209941678 0.081173936520621
0.505235892058123 0.081654473353093
0.500000000000000 0.082119438436859
0.494764107941877 0.082568765024980
0.489528790058322 0.083002439290791
0.484294620460936 0.083420458018389
0.479062173135400 0.083822822947067
0.473832021878528 0.084209612824239
0.468604740235343 0.084581025838949
0.463380901436184 0.084937277116105
0.458161078333842 0.085278585770539
0.452945843340743 0.085605175948168
0.447735768366173 0.085917248944368
0.442531424753567 0.086214981441962
0.437333383217848 0.086498548540381
0.432142213782848 0.086768133658918
0.426958485718794 0.087023921770421
0.421782767479885 0.087266127131894
0.416615626641949 0.087494988107075
0.411457629840209 0.087710748954539
0.406309342707138 0.087913654110805
0.401171329810437 0.088103939085058
0.396044154591120 0.088281653964293
0.390928379301729 0.088446733901166
0.385824564944672 0.088599117369413
0.380733271210710 0.088738750868118
0.375655056417573 0.088865581702733
0.370590477448740 0.088979536650934
0.365540089692367 0.089080536913679
0.360504446980385 0.089168512957791
0.355484101527764 0.089243402887247
0.350479603871957 0.089305146079700
0.345491502812526 0.089353672248243
0.340520345350965 0.089388916944366
0.335566676630708 0.089410824029841
0.330631039877354 0.089419350163178
0.325713976339092 0.089414543141320
0.320816025227350 0.089396544425739
0.315937723657661 0.089365504920912
0.311079606590766 0.089321579924203
0.306242206773949 0.089264818686159
0.301426054682610 0.089194723266588
0.296631678462100 0.089110645620111
0.291859603869799 0.089011964055040
0.287110354217464 0.088898071062533
0.282384450313836 0.088768007087639
0.277682410407536 0.088620443944022
0.273004750130227 0.088454086310066
0.268351982440069 0.088267691475119
0.263724617565473 0.088060107018908
0.259123162949143 0.087830331908608
0.254548123192430 0.087577431265350
0.250000000000000 0.087300516188380
0.245479292124815 0.086998746365888
0.240986495313435 0.086671304041634
0.236522102251661 0.086317414375300
0.232086602510502 0.085936353331153
0.227680482492487 0.085527431576726
0.223304225378328 0.085089960011612
0.218958311073935 0.084623272664356
0.214643216157784 0.084126752675605
0.210359413828661 0.083599873567496
0.206107373853763 0.083042406756693
0.201887562517192 0.082454251969061
0.197700442568813 0.081835340974408
0.193546473173512 0.081186157450569
0.189426109860845 0.080508992124722
0.185339804475081 0.079806471693147
0.181288005125655 0.079081157683955
0.177271156138025 0.078335384734711
0.173289698004947 0.077571222804327
0.169344067338174 0.076790660863051
0.165434696820571 0.075995702823077
0.161562015158670 0.075188659229980
0.157726447035656 0.074371925679361
0.153928413064797 0.073547789480954
0.150168329743317 0.072717277814179
0.146446609406726 0.071879918169440
0.142763660183598 0.071035181794363
0.139119885950819 0.070182169102191
0.135515686289294 0.069318790194897
0.131951456440133 0.068442874895129
0.128427587261303 0.067552458032245
0.124944465184770 0.066645949942903
0.121502472174122 0.065721973938263
0.118101985682679 0.064779292440605
0.114743378612105 0.063816842516741
0.111427019271515 0.062833709252087
0.108153271337080 0.061828950865813
0.104922493812155 0.060801154450637
0.101735040987902 0.059748845928532
0.098591262404443 0.058672459662239
0.095491502812526 0.057577422740969
0.092436102135723 0.056469826899755
0.089425395433148 0.055356068476733
0.086459712862719 0.054242920674629
0.083539379644950 0.053136904167575
0.080664716027288 0.052044944695066
0.077836037248993 0.050973706030376
0.075053653506568 0.049926184342387
0.072317869919747 0.048900304405707
0.069628986498028 0.047892730639466
0.066987298107781 0.046894767183588
0.064393094439905 0.045896662946137
0.061846659978068 0.044890621516795
0.059348273967504 0.043870425409076
0.056898210384393 0.042830271664283
0.054496737905816 0.041764505700598
0.052144119880294 0.040668240613517
0.049840614298903 0.039538315842599
0.047586473766990 0.038373580162962
0.045381945476466 0.037180258502553
0.043227271178700 0.035966390776157
0.041122687158010 0.034738585476149
0.039068424205750 0.033502872862098
0.037064707595003 0.032264963838147
0.035111757055874 0.031030263840649
0.033209786751399 0.029803667982037
0.031359005254054 0.028589806451335
0.029559615522887 0.027392903702749
0.027811814881260 0.026217027851345
0.026115794995207 0.025065903979211
0.024471741852423 0.023942511314077
0.022879835741862 0.022845736218103
0.021340251233966 0.021770537480811
0.019853157161529 0.020713596329975
0.018418716601171 0.019673439111956
0.017037086855466 0.018650127809527
0.015708419435685 0.017645040379658
0.014432860045182 0.016660480235072
0.013210548563420 0.015699154709834
0.012041619030626 0.014763179546237
0.010926199633097 0.013852606176846
0.009864412689139 0.012965530098781
0.008856374635656 0.012100718702039
0.007902196015379 0.011257517586577
0.007001981464748 0.010435352898725
0.006155829702431 0.009633853606694
0.005363833518506 0.008852740323900
0.004626079764278 0.008091755617446
0.003942649342761 0.007350834861374
0.003313617199802 0.006629810540362
0.002739052315863 0.005928571310735
0.002219017698460 0.005247159259706
0.001753570375248 0.004585438732925
0.001342761387771 0.003943407278580
0.000986635785864 0.003321060300700
0.000685232622713 0.002718380335955
0.000438584950571 0.002135391109756
0.000246719817134 0.001572027691623
0.000109658262577 0.001028384072022
0.000027415317244 0.000504343680812
0.000000000000000 0.000000000000000
0.000027415317244 -0.000484720166577
0.000109658262577 -0.000949598788931
0.000246719817134 -0.001394825949040
0.000438584950571 -0.001820414823209
0.000685232622713 -0.002229061957273
0.000986635785864 -0.002625561513979
0.001342761387771 -0.003012154605864
0.001753570375248 -0.003389662963573
0.002219017698460 -0.003758475559911
0.002739052315863 -0.004118733894287
0.003313617199802 -0.004470265746937
0.003942649342761 -0.004812989335856
0.004626079764278 -0.005146562535118
0.005363833518506 -0.005470619769852
0.006155829702431 -0.005784792117901
0.007001981464748 -0.006088423648176
0.007902196015379 -0.006380983494209
0.008856374635656 -0.006661553286148
0.009864412689139 -0.006929235514710
0.010926199633097 -0.007182713829083
0.012041619030626 -0.007420394372949
0.013210548563420 -0.007639954727689
0.014432860045182 -0.007838345513179
0.015708419435684 -0.008011753399223
0.017037086855466 -0.008157084519903
0.018418716601171 -0.008272223693603
0.019853157161528 -0.008356839356966
0.021340251233966 -0.008412502704635
0.022879835741862 -0.008443287879021
0.024471741852423 -0.008457144748957
0.026115794995207 -0.008462604636106
0.027811814881259 -0.008465190376280
0.029559615522887 -0.008466407648093
0.031359005254054 -0.008464840349059
0.033209786751399 -0.008459984041032
0.035111757055874 -0.008451541986186
0.037064707595003 -0.008438882371520
0.039068424205750 -0.008421305130526
0.041122687158009 -0.008398106586067
0.043227271178699 -0.008368507363145
0.045381945476466 -0.008331635436086
0.047586473766990 -0.008286462140872
0.049840614298903 -0.008231814747118
0.052144119880293 -0.008166667865808
0.054496737905816 -0.008090137896855
0.056898210384393 -0.008001522352367
0.059348273967504 -0.007900285414959
0.061846659978068 -0.007785875321436
0.064393094439905 -0.007657720935062
0.066987298107781 -0.007515280705672
0.069628986498028 -0.007358058740877
0.072317869919747 -0.007185583999327
0.075053653506568 -0.006997430455379
0.077836037248992 -0.006793243854824
0.080664716027288 -0.006572928424159
0.083539379644950 -0.006336492380679
0.086459712862719 -0.006084013550982
0.089425395433148 -0.005815630580404
0.092436102135723 -0.005531500580150
0.095491502812526 -0.005231771393524
0.098591262404443 -0.004916677188029
0.101735040987902 -0.004586777240829
0.104922493812155 -0.004242848779418
0.108153271337080 -0.003885920991958
0.111427019271514 -0.003517457972542
0.114743378612105 -0.003139102503973
0.118101985682679 -0.002752613014953
0.121502472174122 -0.002359866346700
0.124944465184770 -0.001962871742386
0.128427587261303 -0.001563742270206
0.131951456440133 -0.001164711789045
0.135515686289294 -0.000768215724061
0.139119885950819 -0.000377113086270
0.142763660183598 0.000005496648824
0.146446609406726 0.000376633543048
0.150168329743317 0.000734289313478
0.153928413064796 0.001076657381752
0.157726447035656 0.001402336008789
0.161562015158669 0.001712266592102
0.165434696820571 0.002008229982872
0.169344067338174 0.002292092461272
0.173289698004947 0.002565423895054
0.177271156138025 0.002829674193074
0.181288005125655 0.003086396964615
0.185339804475081 0.003337462463672
0.189426109860845 0.003585136747603
0.193546473173511 0.003831826200175
0.197700442568812 0.004079784531085
0.201887562517192 0.004330118081913
0.206107373853763 0.004583639161564
0.210359413828660 0.004841182302587
0.214643216157784 0.005103020099523
0.218958311073935 0.005368646898905
0.223304225378328 0.005637478849448
0.227680482492486 0.005908924526208
0.232086602510501 0.006182554465757
0.236522102251661 0.006458037700005
0.240986495313435 0.006735026683533
0.245479292124814 0.007013154148997
0.250000000000000 0.007291983630160
0.254548123192429 0.007571042924046
0.259123162949142 0.007849845098155
0.263724617565473 0.008127893183332
0.268351982440069 0.008404697892095
0.273004750130227 0.008679761512518
0.277682410407536 0.008952578217705
0.282384450313836 0.009222621001799
0.287110354217464 0.009489321468740
0.291859603869799 0.009752090651408
0.296631678462100 0.010010324186197
0.301426054682609 0.010263435267663
0.306242206773948 0.010511160891539
0.311079606590766 0.010753453703645
0.315937723657661 0.010990274200724
0.320816025227350 0.011221588373401
0.325713976339092 0.011447385361553
0.330631039877354 0.011667691127678
0.335566676630708 0.011882537734047
0.340520345350965 0.012091964133963
0.345491502812526 0.012296010648473
0.350479603871956 0.012494711617421
0.355484101527764 0.012688102811301
0.360504446980385 0.012876226018170
0.365540089692367 0.013059126312698
0.370590477448739 0.013236857879560
0.375655056417572 0.013409489982585
0.380733271210709 0.013577093094476
0.385824564944672 0.013739745186077
0.390928379301728 0.013897522663164
0.396044154591120 0.014050477113650
0.401171329810437 0.014198650285712
0.406309342707137 0.014342088178693
0.411457629840208 0.014480838289652
0.416615626641949 0.014614940820697
0.421782767479884 0.014744401989111
0.426958485718794 0.014869225176373
0.432142213782848 0.014989416374149
0.437333383217848 0.015104982996154
0.442531424753567 0.015215936035761
0.447735768366173 0.015322287656833
0.452945843340743 0.015424052844259
0.458161078333842 0.015521248659574
0.463380901436184 0.015613895967819
0.468604740235343 0.015702039584386
0.473832021878528 0.015785744063562
0.479062173135400 0.015865076234198
0.484294620460935 0.015940105438607
0.489528790058321 0.016010887504644
0.494764107941877 0.016077361552437
0.500000000000000 0.016139412215975
0.505235892058122 0.016196925209085
0.510471209941678 0.016249789111677
0.515705379539064 0.016297851741796
0.520937826864600 0.016340774654869
0.526167978121472 0.016378169342244
0.531395259764656 0.016409650645654
0.536619098563816 0.016434837354845
0.541838921666157 0.016453371275276
0.547054156659257 0.016464946692564
0.552264231633827 0.016469270046945
0.557468575246433 0.016466052853277
0.562666616782152 0.016455011085852
0.567857786217152 0.016435829755405
0.573041514281206 0.016408148147379
0.578217232520115 0.016371608887395
0.583384373358051 0.016325861520659
0.588542370159791 0.016270578227253
0.593690657292862 0.016205628181523
0.598828670189563 0.016131023201277
0.603955845408879 0.016046781408616
0.609071620698271 0.015952926716505
0.614175435055328 0.015849568126847
0.619266728789290 0.015737191292961
0.624344943582427 0.015616388535584
0.629409522551260 0.015487746908135
0.634459910307633 0.015351848414071
0.639495553019614 0.015209230636369
0.644515898472235 0.015060367816735
0.649520396128043 0.014905723733752
0.654508497187474 0.014745759981138
0.659479654649035 0.014580933418829
0.664433323369291 0.014411712193192
0.669368960122646 0.014238563611901
0.674286023660907 0.014061948183302
0.679183974772650 0.013882319323466
0.684062276342339 0.013700127658048
0.688920393409233 0.013515814610870
0.693757793226051 0.013329817764428
0.698573945317390 0.013142563080998
0.703368321537900 0.012954421950823
0.708140396130200 0.012765633905021
0.712889645782536 0.012576411158598
0.717615549686163 0.012386964474049
0.722317589592464 0.012197493773061
0.726995249869773 0.012008183608168
0.731648017559930 0.011819207824948
0.736275382434527 0.011630736318016
0.740876837050857 0.011442935718099
0.745451876807570 0.011255973376507
0.750000000000000 0.011070010555529
0.754520707875185 0.010885206606059
0.759013504686565 0.010701712505505
0.763477897748338 0.010519671930038
0.767913397489498 0.010339222587217
0.772319517507513 0.010160496648290
0.776695774621672 0.009983625584614
0.781041688926065 0.009808743384258
0.785356783842216 0.009635982141818
0.789640586171339 0.009465464692379
0.793892626146236 0.009297283792632
0.798112437482808 0.009131499106515
0.802299557431187 0.008968168439492
0.806453526826488 0.008807302204990
0.810573890139155 0.008648713553050
0.814660195524918 0.008492163739690
0.818711994874345 0.008337425788903
0.822728843861975 0.008184299547725
0.826710301995052 0.008032611143867
0.830655932661826 0.007882195309101
0.834565303179429 0.007732896270819
0.838437984841330 0.007584559526690
0.842273552964344 0.007437043141717
0.846071586935203 0.007290211346878
0.849831670256683 0.007143944619423
0.853553390593274 0.006998128812595
0.857236339816401 0.006852661333356
0.860880114049181 0.006707450008818
0.864484313710706 0.006562409255365
0.868048543559867 0.006417464344199
0.871572412738697 0.006272548651758
0.875055534815230 0.006127605663778
0.878497527825878 0.005982585945899
0.881898014317321 0.005837451885080
0.885256621387894 0.005692172059343
0.888572980728485 0.005546723011671
0.891846728662920 0.005401087375439
0.895077506187845 0.005255257150563
0.898264959012098 0.005109239902148
0.901408737595557 0.004963054134385
0.904508497187474 0.004816800390133
0.907563897864277 0.004670711289646
0.910574604566852 0.004525018536685
0.913540287137281 0.004379934858335
0.916460620355049 0.004235659973204
0.919335283972712 0.004092382710899
0.922163962751007 0.003950285004831
0.924946346493432 0.003809534983351
0.927682130080253 0.003670290453075
0.930371013501972 0.003532700797087
0.933012701892219 0.003396903226256
0.935606905560095 0.003263026235475
0.938153340021932 0.003131190941479
0.940651726032496 0.003001506144060
0.943101789615607 0.002874074148230
0.945503262094184 0.002748988357249
0.947855880119706 0.002626332181820
0.950159385701097 0.002506184884371
0.952413526233010 0.002388614950456
0.954618054523534 0.002273685907482
0.956772728821300 0.002161452372734
0.958877312841991 0.002051964286744
0.960931575794250 0.001945263553846
0.962935292404997 0.001841387128646
0.964888242944126 0.001740368063056
0.966790213248601 0.001642229471362
0.968640994745946 0.001546994511399
0.970440384477113 0.001454678885054
0.972188185118740 0.001365294606745
0.973884205004793 0.001278849492887
0.975528258147577 0.001195347116139
0.977120164258138 0.001114788315668
0.978659748766034 0.001037171960649
0.980146842838471 0.000962490628072
0.981581283398829 0.000890737480278
0.982962913144534 0.000821901707598
0.984291580564316 0.000755971939473
0.985567139954818 0.000692932878203
0.986789451436580 0.000632768857690
0.987958380969374 0.000575463512797
0.989073800366903 0.000520999216280
0.990135587310861 0.000469355704007
0.991143625364344 0.000420514801389
0.992097803984621 0.000374456963121
0.992998018535252 0.000331161098747
0.993844170297569 0.000290608507503
0.994636166481494 0.000252778681066
0.995373920235722 0.000217652840894
0.996057350657239 0.000185213052868
0.996686382800198 0.000155440782546
0.997260947684137 0.000128317960423
0.997780982301540 0.000103830791287
0.998246429624752 0.000081961929049
0.998657238612229 0.000062700316028
0.999013364214136 0.000046032612400
0.999314767377287 0.000031946935632
0.999561415049429 0.000020435449778
0.999753280182866 0.000011490907420
0.999890341737423 0.000005105545393
0.999972584682756 0.000001276133901
1.000000000000000 0.000000000000000
