1.000000000000000 0.000000000000000
0.999972584682756 0.000006948503636
0.999890341737423 0.000027782819290
0.999753280182866 0.000062496091588
0.999561415049429 0.000111076906481
0.999314767377287 0.000173500410756
0.999013364214136 0.000249737252092
0.998657238612229 0.000339749174942
0.998246429624752 0.000443497960656
0.997780982301540 0.000560941027811
0.997260947684137 0.000692018199026
0.996686382800198 0.000836669539723
0.996057350657239 0.000994839833223
0.995373920235722 0.001166447710871
0.994636166481494 0.001351421150585
0.993844170297569 0.001549675482355
0.992998018535252 0.001761126742040
0.992097803984621 0.001985678593330
0.991143625364344 0.002223235658094
0.990135587310861 0.002473694867859
0.989073800366903 0.002736950000671
0.987958380969374 0.003012883122238
0.986789451436580 0.003301382192171
0.985567139954818 0.003602328130741
0.984291580564316 0.003915590707542
0.982962913144534 0.004241041741723
0.981581283398829 0.004578550924275
0.980146842838472 0.004927981707970
0.978659748766034 0.005289195821536
0.977120164258138 0.005662049195317
0.975528258147577 0.006046396464252
0.973884205004793 0.006442091165071
0.972188185118741 0.006848985937778
0.970440384477113 0.007266928517328
0.968640994745946 0.007695762007541
0.966790213248601 0.008135333529736
0.964888242944126 0.008585486027154
0.962935292404997 0.009046066864688
0.960931575794250 0.009516907269295
0.958877312841991 0.009997859979487
0.956772728821300 0.010488762100173
0.954618054523534 0.010989452003598
0.952413526233010 0.011499773645194
0.950159385701097 0.012019572642012
0.947855880119706 0.012548684349573
0.945503262094184 0.013086958532850
0.943101789615607 0.013634239262673
0.940651726032496 0.014190373305366
0.938153340021932 0.014755206363394
0.935606905560095 0.015328595296252
0.933012701892219 0.015910392352501
0.930371013501972 0.016500449504629
0.927682130080253 0.017098630558844
0.924946346493432 0.017704799401381
0.922163962751008 0.018318812445958
0.919335283972712 0.018940546418378
0.916460620355050 0.019569875392009
0.913540287137281 0.020206674591424
0.910574604566852 0.020850827104875
0.907563897864277 0.021502216827484
0.904508497187474 0.022160736265139
0.901408737595557 0.022826284766074
0.898264959012098 0.023498766619459
0.895077506187845 0.024178032438223
0.891846728662920 0.024863909601393
0.888572980728485 0.025556228338318
0.885256621387895 0.026254803974321
0.881898014317321 0.026959454991658
0.878497527825878 0.027669998074370
0.875055534815230 0.028386247395418
0.871572412738697 0.029108024508222
0.868048543559867 0.029835143101359
0.864484313710706 0.030567420550821
0.860880114049181 0.031304663634808
0.857236339816402 0.032046694250846
0.853553390593274 0.032793316573872
0.849831670256683 0.033544353070084
0.846071586935203 0.034299608291224
0.842273552964344 0.035058897996635
0.838437984841330 0.035822035395186
0.834565303179429 0.036588825100354
0.830655932661826 0.037359090333249
0.826710301995053 0.038132639881504
0.822728843861975 0.038909278377303
0.818711994874345 0.039688813147959
0.814660195524919 0.040471053406473
0.810573890139155 0.041255818119075
0.806453526826488 0.042042948474109
0.802299557431188 0.042832277225839
0.798112437482808 0.043623575910063
0.793892626146237 0.044416499386733
0.789640586171339 0.045210671405223
0.785356783842216 0.046005702943628
0.781041688926065 0.046801167938953
0.776695774621672 0.047596607702696
0.772319517507513 0.048391558004311
0.767913397489498 0.049185538647116
0.763477897748339 0.049978079658612
0.759013504686565 0.050768696291565
0.754520707875186 0.051556909337519
0.750000000000000 0.052342216443724
0.745451876807570 0.053124113705574
0.740876837050858 0.053902093645348
0.736275382434527 0.054675639500285
0.731648017559931 0.055444219609563
0.726995249869773 0.056207298799732
0.722317589592464 0.056964329472195
0.717615549686164 0.057714761705765
0.712889645782536 0.058458043782930
0.708140396130201 0.059193652965325
0.703368321537900 0.059921064538967
0.698573945317390 0.060639748114544
0.693757793226052 0.061349248866947
0.688920393409234 0.062049522839483
0.684062276342339 0.062740676890030
0.679183974772650 0.063422824276083
0.674286023660908 0.064096086594860
0.669368960122646 0.064760592752044
0.664433323369292 0.065416465451423
0.659479654649035 0.066063837614121
0.654508497187474 0.066702857028941
0.649520396128043 0.067333671071953
0.644515898472236 0.067956431656454
0.639495553019615 0.068571295952889
0.634459910307633 0.069178430205366
0.629409522551260 0.069778011862315
0.624344943582428 0.070370272825784
0.619266728789291 0.070955486195335
0.614175435055328 0.071533941986705
0.609071620698271 0.072105937040869
0.603955845408880 0.072671720226412
0.598828670189563 0.073231230456625
0.593690657292862 0.073784303682090
0.588542370159792 0.074330778270792
0.583384373358051 0.074870492749354
0.578217232520115 0.075403221244055
0.573041514281206 0.075928564975020
0.567857786217152 0.076446093190423
0.562666616782152 0.076955382718024
0.557468575246433 0.077456011367763
0.552264231633827 0.077947575677906
0.547054156659257 0.078429710735385
0.541838921666158 0.078902054380414
0.536619098563816 0.079364248396330
0.531395259764657 0.079815934824876
0.526167978121472 0.080256773792789
0.520937826864600 0.080686432143370
0.515705379539064 0.081104586107570
0.510471209941678 0.081510911941068
0.505235892058123 0.081905085597262
0.500000000000000 0.082286690073770
0.494764107941877 0.082655237528386
0.489528790058322 0.083010249594253
0.484294620460936 0.083351251626514
0.479062173135400 0.083677767889551
0.473832021878528 0.083989268975538
0.468604740235343 0.084285194053735
0.463380901436184 0.084564995283904
0.458161078333842 0.084828128956233
0.452945843340743 0.085074069868093
0.447735768366173 0.085302332015152
0.442531424753567 0.085512452507896
0.437333383217848 0.085703979598262
0.432142213782848 0.085876473886943
0.426958485718794 0.086029491605909
0.421782767479885 0.086162536202786
0.416615626641949 0.086275104057596
0.411457629840209 0.086366704912551
0.406309342707138 0.086436863932083
0.401171329810437 0.086485256341545
0.396044154591120 0.086511963369171
0.390928379301729 0.086517145068312
0.385824564944672 0.086500968594526
0.380733271210710 0.086463609645869
0.375655056417573 0.086405341260161
0.370590477448740 0.086326582394420
0.365540089692367 0.086227768528596
0.360504446980385 0.086109337726062
0.355484101527764 0.085971727256242
0.350479603871957 0.085815344031636
0.345491502812526 0.085640571070353
0.340520345350965 0.085447794502658
0.335566676630708 0.085237402797436
0.330631039877354 0.085009792728348
0.325713976339092 0.084765381634141
0.320816025227350 0.084504591434406
0.315937723657661 0.084227849897933
0.311079606590766 0.083935579378969
0.306242206773949 0.083628183259254
0.301426054682610 0.083306036782475
0.296631678462100 0.082969514441576
0.291859603869799 0.082618997958311
0.287110354217464 0.082254845875483
0.282384450313836 0.081877357335964
0.277682410407536 0.081486822127949
0.273004750130227 0.081083531076287
0.268351982440069 0.080667784698601
0.263724617565473 0.080239894100496
0.259123162949143 0.079800180180856
0.254548123192430 0.079348962279123
0.250000000000000 0.078886571062890
0.245479292124815 0.078413335755666
0.240986495313435 0.077929583705171
0.236522102251661 0.077435653623948
0.232086602510502 0.076931883325185
0.227680482492487 0.076418599180337
0.223304225378328 0.075896127962608
0.218958311073935 0.075364794354512
0.214643216157784 0.074824931176857
0.210359413828661 0.074276914115236
0.206107373853763 0.073721147902638
0.201887562517192 0.073158036275002
0.197700442568813 0.072587878375890
0.193546473173512 0.072010327685497
0.189426109860845 0.071424819556697
0.185339804475081 0.070830830073954
0.181288005125655 0.070227842199664
0.177271156138025 0.069615299692554
0.173289698004947 0.068992676858483
0.169344067338174 0.068359510153566
0.165434696820571 0.067715446779649
0.161562015158670 0.067060224156264
0.157726447035656 0.066393611204785
0.153928413064797 0.065715318140300
0.150168329743317 0.065024871404545
0.146446609406726 0.064321833620981
0.142763660183598 0.063605671140032
0.139119885950819 0.062875206407670
0.135515686289294 0.062129183353934
0.131951456440133 0.061366473508694
0.128427587261303 0.060586113233306
0.124944465184770 0.059787295818366
0.121502472174122 0.058969290199483
0.118101985682679 0.058131479421212
0.114743378612105 0.057273354202534
0.111427019271515 0.056394453328731
0.108153271337080 0.055494231687677
0.104922493812155 0.054572180633763
0.101735040987902 0.053628109109877
0.098591262404443 0.052662737587694
0.095491502812526 0.051677002698944
0.092436102135723 0.050672668556138
0.089425395433148 0.049652644125679
0.086459712862719 0.048619796686308
0.083539379644950 0.047576599955065
0.080664716027288 0.046525300617259
0.077836037248993 0.045468098502943
0.075053653506568 0.044407154508407
0.072317869919747 0.043344124923200
0.069628986498028 0.042278480863702
0.066987298107781 0.041209104326944
0.064393094439905 0.040135151895977
0.061846659978068 0.039056001944751
0.059348273967504 0.037971300904030
0.056898210384393 0.036880972525805
0.054496737905816 0.035785064053819
0.052144119880294 0.034683727206362
0.049840614298903 0.033577613769571
0.047586473766990 0.032468143401156
0.045381945476466 0.031357173931892
0.043227271178700 0.030247208593142
0.041122687158010 0.029140538650022
0.039068424205750 0.028038965997397
0.037064707595003 0.026944125288678
0.035111757055874 0.025857510694175
0.033209786751399 0.024780442576640
0.031359005254054 0.023714100055942
0.029559615522887 0.022659537206524
0.027811814881260 0.021617699992607
0.026115794995207 0.020589416318853
0.024471741852423 0.019575411105912
0.022879835741862 0.018576615235225
0.021340251233966 0.017594854906310
0.019853157161529 0.016632846555821
0.018418716601171 0.015693715128748
0.017037086855466 0.014780505527778
0.015708419435685 0.013895903677896
0.014432860045182 0.013042080963028
0.013210548563420 0.012220716576317
0.012041619030626 0.011432971600808
0.010926199633097 0.010676992604342
0.009864412689139 0.009948893986689
0.008856374635656 0.009245999408533
0.007902196015379 0.008566579285013
0.007001981464748 0.007909269369393
0.006155829702431 0.007273147378358
0.005363833518506 0.006657487775531
0.004626079764278 0.006061686623864
0.003942649342761 0.005485363453834
0.003313617199802 0.004928074810979
0.002739052315863 0.004389597294665
0.002219017698460 0.003869685482017
0.001753570375248 0.003368071713953
0.001342761387771 0.002884647284063
0.000986635785864 0.002419298971885
0.000685232622713 0.001971818181749
0.000438584950571 0.001542170483456
0.000246719817134 0.001130230376421
0.000109658262577 0.000735911252764
0.000027415317244 0.000359235695917
0.000000000000000 0.000000000000000
0.000027415317244 -0.000341755230402
0.000109658262577 -0.000666093368614
0.000246719817134 -0.000973332733599
0.000438584950571 -0.001267329458960
0.000685232622713 -0.001551613680766
0.000986635785864 -0.001827343726430
0.001342761387771 -0.002095190391839
0.001753570375248 -0.002355524745160
0.002219017698460 -0.002608504728725
0.002739052315863 -0.002854443660183
0.003313617199802 -0.003093596950749
0.003942649342761 -0.003326106107273
0.004626079764278 -0.003552395822929
0.005363833518506 -0.003772652180929
0.006155829702431 -0.003987383545001
0.007001981464748 -0.004196985522161
0.007902196015379 -0.004402107173608
0.008856374635656 -0.004603534489465
0.009864412689139 -0.004802220722771
0.010926199633097 -0.004999455054825
0.012041619030626 -0.005197516484052
0.013210548563420 -0.005399158340954
0.014432860045182 -0.005605171932663
0.015708419435684 -0.005815067506514
0.017037086855466 -0.006026728905213
0.018418716601171 -0.006237782583858
0.019853157161528 -0.006445719503722
0.021340251233966 -0.006647693915291
0.022879835741862 -0.006840874987731
0.024471741852423 -0.007022764342983
0.026115794995207 -0.007191719238074
0.027811814881259 -0.007347268587661
0.029559615522887 -0.007489952055535
0.031359005254054 -0.007620314713170
0.033209786751399 -0.007738990613091
0.035111757055874 -0.007846710982621
0.037064707595003 -0.007944301277617
0.039068424205750 -0.008032704021830
0.041122687158009 -0.008112983662301
0.043227271178699 -0.008186371347387
0.045381945476466 -0.008254193499812
0.047586473766990 -0.008318029768313
0.049840614298903 -0.008379906740774
0.052144119880293 -0.008441419209082
0.054496737905816 -0.008501813024318
0.056898210384393 -0.008559607056844
0.059348273967504 -0.008612770720880
0.061846659978068 -0.008659003882358
0.064393094439905 -0.008695875509902
0.066987298107781 -0.008720723696100
0.069628986498028 -0.008730529695523
0.072317869919747 -0.008722044729650
0.075053653506568 -0.008692283141365
0.077836037248992 -0.008638399741190
0.080664716027288 -0.008559365306444
0.083539379644950 -0.008455879922450
0.086459712862719 -0.008328703582487
0.089425395433148 -0.008178444449810
0.092436102135723 -0.008005839061935
0.095491502812526 -0.007811879467996
0.098591262404443 -0.007597755804270
0.101735040987902 -0.007364517624560
0.104922493812155 -0.007112953868132
0.108153271337080 -0.006843909648297
0.111427019271514 -0.006558121498433
0.114743378612105 -0.006256333935449
0.118101985682679 -0.005939423979892
0.121502472174122 -0.005608447347212
0.124944465184770 -0.005264582484593
0.128427587261303 -0.004909078671614
0.131951456440133 -0.004543250130771
0.135515686289294 -0.004168532536006
0.139119885950819 -0.003786634695919
0.142763660183598 -0.003399508184509
0.146446609406726 -0.003009177949128
0.150168329743317 -0.002617074755583
0.153928413064796 -0.002224232085125
0.157726447035656 -0.001831679061785
0.161562015158669 -0.001439669689491
0.165434696820571 -0.001047820282243
0.169344067338174 -0.000655703510976
0.173289698004947 -0.000263004326114
0.177271156138025 0.000130440078928
0.181288005125655 0.000524803322794
0.185339804475081 0.000920311646385
0.189426109860845 0.001317330928033
0.193546473173511 0.001716269484707
0.197700442568812 0.002117530568275
0.201887562517192 0.002521185017572
0.206107373853763 0.002927111346049
0.210359413828660 0.003335177455407
0.214643216157784 0.003745174900007
0.218958311073935 0.004156691942941
0.223304225378328 0.004569268462325
0.227680482492486 0.004982437040037
0.232086602510501 0.005395740542211
0.236522102251661 0.005808744515781
0.240986495313435 0.006221005784409
0.245479292124814 0.006632066654107
0.250000000000000 0.007041444561541
0.254548123192429 0.007448637774658
0.259123162949142 0.007853135889928
0.263724617565473 0.008254414384622
0.268351982440069 0.008651941748028
0.273004750130227 0.009045180480272
0.277682410407536 0.009433584395471
0.282384450313836 0.009816594824251
0.287110354217464 0.010193629110880
0.291859603869799 0.010564093697138
0.296631678462100 0.010927379875897
0.301426054682609 0.011282883233727
0.306242206773948 0.011630228558580
0.311079606590766 0.011969281007758
0.315937723657661 0.012299917783635
0.320816025227350 0.012622019603645
0.325713976339092 0.012935480732601
0.330631039877354 0.013240209599905
0.335566676630708 0.013536120250809
0.340520345350965 0.013823134039949
0.345491502812526 0.014101175390306
0.350479603871956 0.014370176731016
0.355484101527764 0.014630074900544
0.360504446980385 0.014880810914481
0.365540089692367 0.015122330880340
0.370590477448739 0.015354578618827
0.375655056417572 0.015577487928588
0.380733271210709 0.015790994894852
0.385824564944672 0.015995040295066
0.390928379301728 0.016189576358432
0.396044154591120 0.016374626935807
0.401171329810437 0.016550266146674
0.406309342707137 0.016716573001684
0.411457629840208 0.016873633409004
0.416615626641949 0.017021561950545
0.421782767479884 0.017160566087562
0.426958485718794 0.017290883354813
0.432142213782848 0.017412757921696
0.437333383217848 0.017526439076477
0.442531424753567 0.017632172307312
0.447735768366173 0.017730187953466
0.452945843340743 0.017820719788096
0.458161078333842 0.017904006023348
0.463380901436184 0.017980290289834
0.468604740235343 0.018049835927358
0.473832021878528 0.018112925646594
0.479062173135400 0.018169847355868
0.484294620460935 0.018220892287996
0.489528790058321 0.018266349568457
0.494764107941877 0.018306445307185
0.500000000000000 0.018341366795266
0.505235892058122 0.018371302870819
0.510471209941678 0.018396444884067
0.515705379539064 0.018416971430128
0.520937826864600 0.018432974453976
0.526167978121472 0.018444513652344
0.531395259764656 0.018451650580860
0.536619098563816 0.018454448395572
0.541838921666157 0.018452976053372
0.547054156659257 0.018447318132191
0.552264231633827 0.018437563635024
0.557468575246433 0.018423802977337
0.562666616782152 0.018406127703077
0.567857786217152 0.018384636491113
0.573041514281206 0.018359439044857
0.578217232520115 0.018330647394242
0.583384373358051 0.018298374115498
0.588542370159791 0.018262729761672
0.593690657292862 0.018223771681640
0.598828670189563 0.018181509776597
0.603955845408879 0.018135953398011
0.609071620698271 0.018087113757752
0.614175435055328 0.018034986559539
0.619266728789290 0.017979465729605
0.624344943582427 0.017920410169254
0.629409522551260 0.017857682202914
0.634459910307633 0.017791148622268
0.639495553019614 0.017720691507463
0.644515898472235 0.017646215723161
0.649520396128043 0.017567632373916
0.654508497187474 0.017484857499825
0.659479654649035 0.017397810160134
0.664433323369291 0.017306408402281
0.669368960122646 0.017210572431235
0.674286023660907 0.017110226151445
0.679183974772650 0.017005299700095
0.684062276342339 0.016895730683085
0.688920393409233 0.016781465508455
0.693757793226051 0.016662456028918
0.698573945317390 0.016538659774308
0.703368321537900 0.016410021465486
0.708140396130200 0.016276432438601
0.712889645782536 0.016137777680901
0.717615549686163 0.015993951321257
0.722317589592464 0.015844854155905
0.726995249869773 0.015690390763896
0.731648017559930 0.015530474131088
0.736275382434527 0.015365024943950
0.740876837050857 0.015193972096834
0.745451876807570 0.015017252666568
0.750000000000000 0.014834811939211
0.754520707875185 0.014646603243694
0.759013504686565 0.014452591114406
0.763477897748338 0.014252754664180
0.767913397489498 0.014047082798177
0.772319517507513 0.013835576948687
0.776695774621672 0.013618234618917
0.781041688926065 0.013395034465067
0.785356783842216 0.013165959753491
0.789640586171339 0.012931007475734
0.793892626146236 0.012690251557639
0.798112437482808 0.012443862853569
0.802299557431187 0.012192022533333
0.806453526826488 0.011934991657279
0.810573890139155 0.011673499087262
0.814660195524918 0.011408437341929
0.818711994874345 0.011140660033808
0.822728843861975 0.010870949010128
0.826710301995052 0.010600011056060
0.830655932661826 0.010328518211258
0.834565303179429 0.010057119574027
0.838437984841330 0.009786451925778
0.842273552964344 0.009517123199686
0.846071586935203 0.009249711802531
0.849831670256683 0.008984756906283
0.853553390593274 0.008722772838226
0.857236339816401 0.008464239076946
0.860880114049181 0.008209611701781
0.864484313710706 0.007959311962865
0.868048543559867 0.007713736301798
0.871572412738697 0.007473254411043
0.875055534815230 0.007238202979147
0.878497527825878 0.007008892173373
0.881898014317321 0.006785604734716
0.885256621387894 0.006568592806708
0.888572980728485 0.006358088683733
0.891846728662920 0.006154307785477
0.895077506187845 0.005957431506587
0.898264959012098 0.005767589690488
0.901408737595557 0.005584869498765
0.904508497187474 0.005409127133084
0.907563897864277 0.005239813758307
0.910574604566852 0.005076377982162
0.913540287137281 0.004918326171370
0.916460620355049 0.004765208558114
0.919335283972712 0.004616601719287
0.922163962751007 0.004472108111298
0.924946346493432 0.004331363421328
0.927682130080253 0.004194033196420
0.930371013501972 0.004059810922898
0.933012701892219 0.003928418723231
0.935606905560095 0.003799605427567
0.938153340021932 0.003673147100381
0.940651726032496 0.003548841852533
0.943101789615607 0.003426515520332
0.945503262094184 0.003306013775405
0.947855880119706 0.003187208246584
0.950159385701097 0.003069987860653
0.952413526233010 0.002954264696432
0.954618054523534 0.002839968469358
0.956772728821300 0.002727047150121
0.958877312841991 0.002615469553267
0.960931575794250 0.002505215059273
0.962935292404997 0.002396282772995
0.964888242944126 0.002288684921484
0.966790213248601 0.002182446288757
0.968640994745946 0.002077606465108
0.970440384477113 0.001974213709981
0.972188185118740 0.001872328542551
0.973884205004793 0.001772020933228
0.975528258147577 0.001673369700041
0.977120164258138 0.001576460676308
0.978659748766034 0.001481387525143
0.980146842838471 0.001388248575427
0.981581283398829 0.001297149645975
0.982962913144534 0.001208197617006
0.984291580564316 0.001121507140370
0.985567139954818 0.001037189389249
0.986789451436580 0.000955363110466
0.987958380969374 0.000876146618352
0.989073800366903 0.000799655090426
0.990135587310861 0.000726009009656
0.991143625364344 0.000655323287282
0.992097803984621 0.000587711891206
0.992998018535252 0.000523289098300
0.993844170297569 0.000462162355278
0.994636166481494 0.000404438986282
0.995373920235722 0.000350218277021
0.996057350657239 0.000299598505953
0.996686382800198 0.000252670655230
0.997260947684137 0.000209522177521
0.997780982301540 0.000170230514993
0.998246429624752 0.000134872018548
0.998657238612229 0.000103512502233
0.999013364214136 0.000076209714416
0.999314767377287 0.000053017613942
0.999561415049429 0.000033980162875
0.999753280182866 0.000019136306676
0.999890341737423 0.000008511770699
0.999972584682756 0.000002128916717
1.000000000000000 0.000000000000000
