1.000000000000000 0.000000000000000
0.999972584682756 0.000002027800990
0.999890341737423 0.000008113254324
0.999753280182866 0.000018267951101
0.999561415049429 0.000032506176580
0.999314767377287 0.000050851677683
0.999013364214136 0.000073332125693
0.998657238612229 0.000099981747332
0.998246429624752 0.000130841211856
0.997780982301540 0.000165958892934
0.997260947684137 0.000205386558148
0.996686382800198 0.000249180540140
0.996057350657239 0.000297405751594
0.995373920235722 0.000350131289250
0.994636166481494 0.000407427299299
0.993844170297569 0.000469376140673
0.992998018535252 0.000536056369881
0.992097803984621 0.000607558275409
0.991143625364344 0.000683969071877
0.990135587310861 0.000765382730212
0.989073800366903 0.000851896756553
0.987958380969374 0.000943610326170
0.986789451436580 0.001040626919501
0.985567139954818 0.001143046270844
0.984291580564316 0.001250977753047
0.982962913144534 0.001364524549225
0.981581283398829 0.001483795607800
0.980146842838472 0.001608897382414
0.978659748766034 0.001739936477775
0.977120164258138 0.001877019186454
0.975528258147577 0.002020247688473
0.973884205004793 0.002169727795075
0.972188185118741 0.002325560223783
0.970440384477113 0.002487839918582
0.968640994745946 0.002656662291675
0.966790213248601 0.002832117623178
0.964888242944126 0.003014290441439
0.962935292404997 0.003203262470562
0.960931575794250 0.003399108564661
0.958877312841991 0.003601896071375
0.956772728821300 0.003811687867530
0.954618054523534 0.004028536319564
0.952413526233010 0.004252488170801
0.950159385701097 0.004483582175087
0.947855880119706 0.004721844716385
0.945503262094184 0.004967294850219
0.943101789615607 0.005219939941049
0.940651726032496 0.005479778926206
0.938153340021932 0.005746793975091
0.935606905560095 0.006020957631928
0.933012701892219 0.006302234282958
0.930371013501972 0.006590567684008
0.927682130080253 0.006885888467061
0.924946346493432 0.007188119708490
0.922163962751008 0.007497161558241
0.919335283972712 0.007812900482696
0.916460620355050 0.008135206607233
0.913540287137281 0.008463941762265
0.910574604566852 0.008798942103398
0.907563897864277 0.009140020553526
0.904508497187474 0.009486959298113
0.901408737595557 0.009839562154017
0.898264959012098 0.010197654494093
0.895077506187845 0.010561091856316
0.891846728662920 0.010929913734942
0.888572980728485 0.011304219305333
0.885256621387895 0.011684099483744
0.881898014317321 0.012069635485226
0.878497527825878 0.012460908618758
0.875055534815230 0.012858019708753
0.871572412738697 0.013261076243377
0.868048543559867 0.013670193324653
0.864484313710706 0.014085492379629
0.860880114049181 0.014507100266426
0.857236339816402 0.014935156315300
0.853553390593274 0.015369804000993
0.849831670256683 0.015811197266635
0.846071586935203 0.016259492014122
0.842273552964344 0.016714861727517
0.838437984841330 0.017177484096909
0.834565303179429 0.017647540158284
0.830655932661826 0.018125223572070
0.826710301995053 0.018610729106117
0.822728843861975 0.019104267893420
0.818711994874345 0.019606061315825
0.814660195524919 0.020116347752577
0.810573890139155 0.020635369008038
0.806453526826488 0.021163353737425
0.802299557431188 0.021700513519618
0.798112437482808 0.022247062911371
0.793892626146237 0.022803138375375
0.789640586171339 0.023368584450508
0.785356783842216 0.023943158448897
0.781041688926065 0.024526608463200
0.776695774621672 0.025118681260310
0.772319517507513 0.025719127616776
0.767913397489498 0.026327681195471
0.763477897748339 0.026944072121007
0.759013504686565 0.027567995842497
0.754520707875186 0.028199141392331
0.750000000000000 0.028837182206708
0.745451876807570 0.029481772388585
0.740876837050858 0.030132568513782
0.736275382434527 0.030789212279141
0.731648017559931 0.031451333375276
0.726995249869773 0.032118545577430
0.722317589592464 0.032790427135037
0.717615549686164 0.033466542613443
0.712889645782536 0.034146431361366
0.708140396130201 0.034829646222915
0.703368321537900 0.035515807018245
0.698573945317390 0.036204567628242
0.693757793226052 0.036895569751083
0.688920393409234 0.037588462937530
0.684062276342339 0.038282988621979
0.679183974772650 0.038978985286905
0.674286023660908 0.039676287409735
0.669368960122646 0.040374723104123
0.664433323369292 0.041074120592296
0.659479654649035 0.041774267232848
0.654508497187474 0.042474953627441
0.649520396128043 0.043175966224698
0.644515898472236 0.043877091018628
0.639495553019615 0.044578123304199
0.634459910307633 0.045278856155536
0.629409522551260 0.045979086916581
0.624344943582428 0.046678604569620
0.619266728789291 0.047377201083173
0.614175435055328 0.048074656389588
0.609071620698271 0.048770743656556
0.603955845408880 0.049465243114694
0.598828670189563 0.050157933409617
0.593690657292862 0.050848723556165
0.588542370159792 0.051537626333967
0.583384373358051 0.052224670940981
0.578217232520115 0.052909879495455
0.573041514281206 0.053593282695901
0.567857786217152 0.054274927433411
0.562666616782152 0.054954861760275
0.557468575246433 0.055633137272109
0.552264231633827 0.056309806602289
0.547054156659257 0.056984928112320
0.541838921666158 0.057658543816441
0.536619098563816 0.058330707398576
0.531395259764657 0.059001459774880
0.526167978121472 0.059670857329129
0.520937826864600 0.060338953354984
0.515705379539064 0.061005833352347
0.510471209941678 0.061671580257776
0.505235892058123 0.062336285005374
0.500000000000000 0.063000030353415
0.494764107941877 0.063662615264546
0.489528790058322 0.064323223298119
0.484294620460936 0.064980962592583
0.479062173135400 0.065634933926055
0.473832021878528 0.066284252852278
0.468604740235343 0.066928020630396
0.463380901436184 0.067565327583820
0.458161078333842 0.068195264876981
0.452945843340743 0.068816934978717
0.447735768366173 0.069429449066919
0.442531424753567 0.070031928966127
0.437333383217848 0.070623513246678
0.432142213782848 0.071203347358941
0.426958485718794 0.071770598595193
0.421782767479885 0.072324440165509
0.416615626641949 0.072864071806370
0.411457629840209 0.073388711654749
0.406309342707138 0.073897597763538
0.401171329810437 0.074389984362835
0.396044154591120 0.074865165884608
0.390928379301729 0.075322775738786
0.385824564944672 0.075762693870080
0.380733271210710 0.076184812016493
0.375655056417573 0.076589036858214
0.370590477448740 0.076975279055956
0.365540089692367 0.077343456645826
0.360504446980385 0.077693493474298
0.355484101527764 0.078025323675165
0.350479603871957 0.078338893104679
0.345491502812526 0.078634153895054
0.340520345350965 0.078911060857852
0.335566676630708 0.079169578034828
0.330631039877354 0.079409678348314
0.325713976339092 0.079631347640523
0.320816025227350 0.079834608604797
0.315937723657661 0.080019529353302
0.311079606590766 0.080186191141540
0.306242206773949 0.080334683689339
0.301426054682610 0.080465068465175
0.296631678462100 0.080577119264143
0.291859603869799 0.080670483157789
0.287110354217464 0.080744829243159
0.282384450313836 0.080799849417203
0.277682410407536 0.080835212904620
0.273004750130227 0.080850531595691
0.268351982440069 0.080845435866028
0.263724617565473 0.080819583537068
0.259123162949143 0.080772661070961
0.254548123192430 0.080704386003007
0.250000000000000 0.080614504852516
0.245479292124815 0.080502791127974
0.240986495313435 0.080369048831599
0.236522102251661 0.080213147814113
0.232086602510502 0.080035013349699
0.227680482492487 0.079834595247673
0.223304225378328 0.079611862553752
0.218958311073935 0.079366666137835
0.214643216157784 0.079098729009461
0.210359413828661 0.078807802591585
0.206107373853763 0.078493693974796
0.201887562517192 0.078156913769747
0.197700442568813 0.077798780790046
0.193546473173512 0.077420631115098
0.189426109860845 0.077023805029866
0.185339804475081 0.076610297556342
0.181288005125655 0.076182660313228
0.177271156138025 0.075743385256076
0.173289698004947 0.075294849967304
0.169344067338174 0.074839235069629
0.165434696820571 0.074378578325397
0.161562015158670 0.073914821211130
0.157726447035656 0.073449739031413
0.153928413064797 0.072984745950602
0.150168329743317 0.072521137767982
0.146446609406726 0.072060034038061
0.142763660183598 0.071600331345299
0.139119885950819 0.071139133994714
0.135515686289294 0.070673664253308
0.131951456440133 0.070201407724547
0.128427587261303 0.069720223125418
0.124944465184770 0.069228166145262
0.121502472174122 0.068723445478748
0.118101985682679 0.068204418857989
0.114743378612105 0.067669580929947
0.111427019271515 0.067117562635130
0.108153271337080 0.066546998418958
0.104922493812155 0.065956542666315
0.101735040987902 0.065345015259974
0.098591262404443 0.064712209158204
0.095491502812526 0.064058908126577
0.092436102135723 0.063385976896322
0.089425395433148 0.062694586564567
0.086459712862719 0.061986248898375
0.083539379644950 0.061262473959551
0.080664716027288 0.060524936577058
0.077836037248993 0.059775444662408
0.075053653506568 0.059015521875345
0.072317869919747 0.058244290009433
0.069628986498028 0.057459681715950
0.066987298107781 0.056659663156684
0.064393094439905 0.055841517622744
0.061846659978068 0.055002593757513
0.059348273967504 0.054140683303077
0.056898210384393 0.053254046398164
0.054496737905816 0.052341187415672
0.052144119880294 0.051400680647961
0.049840614298903 0.050431239995834
0.047586473766990 0.049432992924863
0.045381945476466 0.048408318091715
0.043227271178700 0.047359806653578
0.041122687158010 0.046290116712322
0.039068424205750 0.045201937771436
0.037064707595003 0.044097831201783
0.035111757055874 0.042980282906421
0.033209786751399 0.041851741625508
0.031359005254054 0.040714564711669
0.029559615522887 0.039571184299344
0.027811814881260 0.038424037511062
0.026115794995207 0.037275452245110
0.024471741852423 0.036127327078929
0.022879835741862 0.034980010179004
0.021340251233966 0.033829954235049
0.019853157161529 0.032673694711739
0.018418716601171 0.031508769665756
0.017037086855466 0.030333353885739
0.015708419435685 0.029146245515722
0.014432860045182 0.027946853293839
0.013210548563420 0.026735282502202
0.012041619030626 0.025512534121426
0.010926199633097 0.024280322673440
0.009864412689139 0.023040975330508
0.008856374635656 0.021796709641127
0.007902196015379 0.020549331606584
0.007001981464748 0.019300483069323
0.006155829702431 0.018051681940207
0.005363833518506 0.016804192391157
0.004626079764278 0.015559262380863
0.003942649342761 0.014317961720236
0.003313617199802 0.013081267408730
0.002739052315863 0.011850093686682
0.002219017698460 0.010625274390202
0.001753570375248 0.009407636485444
0.001342761387771 0.008197799400778
0.000986635785864 0.006996536214650
0.000685232622713 0.005804401166709
0.000438584950571 0.004622016132437
0.000246719817134 0.003449815155248
0.000109658262577 0.002288578922746
0.000027415317244 0.001138309288258
0.000000000000000 0.000000000000000
0.000027415317244 -0.001138392331524
0.000109658262577 -0.002288524043433
0.000246719817134 -0.003449799303197
0.000438584950571 -0.004622013958057
0.000685232622713 -0.005804408391712
0.000986635785864 -0.006996544059191
0.001342761387771 -0.008197793662929
0.001753570375248 -0.009407623807586
0.002219017698460 -0.010625306968050
0.002739052315863 -0.011850094313531
0.003313617199802 -0.013081273194752
0.003942649342761 -0.014317954355882
0.004626079764278 -0.015559262465672
0.005363833518506 -0.016804226029909
0.006155829702431 -0.018051674343890
0.007001981464748 -0.019300501936127
0.007902196015379 -0.020549344489823
0.008856374635656 -0.021796709744173
0.009864412689139 -0.023040968501053
0.010926199633097 -0.024280333092640
0.012041619030626 -0.025512527464576
0.013210548563420 -0.026735284909165
0.014432860045182 -0.027946869293258
0.015708419435684 -0.029146255844022
0.017037086855466 -0.030333362139019
0.018418716601171 -0.031508773928429
0.019853157161528 -0.032673688852630
0.021340251233966 -0.033829955962346
0.022879835741862 -0.034980016850092
0.024471741852423 -0.036127335786650
0.026115794995207 -0.037275456382925
0.027811814881259 -0.038424040320724
0.029559615522887 -0.039571182212631
0.031359005254054 -0.040714565229365
0.033209786751399 -0.041851735064796
0.035111757055874 -0.042980286472283
0.037064707595003 -0.044097834305997
0.039068424205750 -0.045201937810510
0.041122687158009 -0.046290123890389
0.043227271178699 -0.047359806881721
0.045381945476466 -0.048408323339740
0.047586473766990 -0.049432995289820
0.049840614298903 -0.050431238008720
0.052144119880293 -0.051400680008392
0.054496737905816 -0.052341187575038
0.056898210384393 -0.053254049606313
0.059348273967504 -0.054140685015466
0.061846659978068 -0.055002598482351
0.064393094439905 -0.055841520262509
0.066987298107781 -0.056659666888809
0.069628986498028 -0.057459686352540
0.072317869919747 -0.058244295549931
0.075053653506568 -0.059015527274033
0.077836037248992 -0.059775451126531
0.080664716027288 -0.060524941597753
0.083539379644950 -0.061262477871390
0.086459712862719 -0.061986252562918
0.089425395433148 -0.062694589263760
0.092436102135723 -0.063385979942436
0.095491502812526 -0.064058910599318
0.098591262404443 -0.064712212857125
0.101735040987902 -0.065345019041771
0.104922493812155 -0.065956542378354
0.108153271337080 -0.066547003726211
0.111427019271514 -0.067117565925141
0.114743378612105 -0.067669583023653
0.118101985682679 -0.068204420889611
0.121502472174122 -0.068723449971435
0.124944465184770 -0.069228168424953
0.128427587261303 -0.069720227302810
0.131951456440133 -0.070201411253130
0.135515686289294 -0.070673666613361
0.139119885950819 -0.071139137200788
0.142763660183598 -0.071600334158920
0.146446609406726 -0.072060034979124
0.150168329743317 -0.072521141547438
0.153928413064796 -0.072984747631295
0.157726447035656 -0.073449741951288
0.161562015158669 -0.073914824134451
0.165434696820571 -0.074378581218216
0.169344067338174 -0.074839238404214
0.173289698004947 -0.075294851744530
0.177271156138025 -0.075743388341129
0.181288005125655 -0.076182664641860
0.185339804475081 -0.076610299229661
0.189426109860845 -0.077023808746346
0.193546473173511 -0.077420633284354
0.197700442568812 -0.077798783547653
0.201887562517192 -0.078156917080112
0.206107373853763 -0.078493696166221
0.210359413828660 -0.078807805576407
0.214643216157784 -0.079098732183050
0.218958311073935 -0.079366668129413
0.223304225378328 -0.079611865020078
0.227680482492486 -0.079834598136712
0.232086602510501 -0.080035015792550
0.236522102251661 -0.080213150289996
0.240986495313435 -0.080369051348045
0.245479292124814 -0.080502793352927
0.250000000000000 -0.080614507232654
0.254548123192429 -0.080704388538604
0.259123162949142 -0.080772663377961
0.263724617565473 -0.080819585943924
0.268351982440069 -0.080845438227977
0.273004750130227 -0.080850533945484
0.277682410407536 -0.080835215206286
0.282384450313836 -0.080799851769459
0.287110354217464 -0.080744831703723
0.291859603869799 -0.080670485308480
0.296631678462100 -0.080577121237891
0.301426054682609 -0.080465070860894
0.306242206773948 -0.080334685851906
0.311079606590766 -0.080186193761911
0.315937723657661 -0.080019532116362
0.320816025227350 -0.079834610805377
0.325713976339092 -0.079631350132236
0.330631039877354 -0.079409680014762
0.335566676630708 -0.079169579474860
0.340520345350965 -0.078911063337968
0.345491502812526 -0.078634156426826
0.350479603871956 -0.078338894864418
0.355484101527764 -0.078025325633268
0.360504446980385 -0.077693495369662
0.365540089692367 -0.077343459488174
0.370590477448739 -0.076975282060321
0.375655056417572 -0.076589039692427
0.380733271210709 -0.076184815094452
0.385824564944672 -0.075762695083924
0.390928379301728 -0.075322777794830
0.396044154591120 -0.074865166800414
0.401171329810437 -0.074389986935732
0.406309342707137 -0.073897600154080
0.411457629840208 -0.073388712427203
0.416615626641949 -0.072864073372692
0.421782767479884 -0.072324441524096
0.426958485718794 -0.071770599940153
0.432142213782848 -0.071203349433667
0.437333383217848 -0.070623515091223
0.442531424753567 -0.070031931377405
0.447735768366173 -0.069429450527239
0.452945843340743 -0.068816937965094
0.458161078333842 -0.068195266561206
0.463380901436184 -0.067565329015556
0.468604740235343 -0.066928022354904
0.473832021878528 -0.066284254693772
0.479062173135400 -0.065634936173730
0.484294620460935 -0.064980961914399
0.489528790058321 -0.064323225755519
0.494764107941877 -0.063662616432512
0.500000000000000 -0.063000032251620
0.505235892058122 -0.062336286190758
0.510471209941678 -0.061671582050229
0.515705379539064 -0.061005834713566
0.520937826864600 -0.060338956069077
0.526167978121472 -0.059670858723617
0.531395259764656 -0.059001461853623
0.536619098563816 -0.058330709019570
0.541838921666157 -0.057658547076489
0.547054156659257 -0.056984927868483
0.552264231633827 -0.056309808244580
0.557468575246433 -0.055633137510997
0.562666616782152 -0.054954862357524
0.567857786217152 -0.054274929685843
0.573041514281206 -0.053593285282852
0.578217232520115 -0.052909880886378
0.583384373358051 -0.052224672206837
0.588542370159791 -0.051537627977322
0.593690657292862 -0.050848724461065
0.598828670189563 -0.050157935973987
0.603955845408879 -0.049465245642620
0.609071620698271 -0.048770746703176
0.614175435055328 -0.048074656645767
0.619266728789290 -0.047377204087436
0.624344943582427 -0.046678606641375
0.629409522551260 -0.045979085594152
0.634459910307633 -0.045278857996675
0.639495553019614 -0.044578124641059
0.644515898472235 -0.043877092567920
0.649520396128043 -0.043175965794283
0.654508497187474 -0.042474955075960
0.659479654649035 -0.041774268550487
0.664433323369291 -0.041074122324646
0.669368960122646 -0.040374724787075
0.674286023660907 -0.039676288047962
0.679183974772650 -0.038978987419238
0.684062276342339 -0.038282990975425
0.688920393409233 -0.037588462906088
0.693757793226051 -0.036895571481498
0.698573945317390 -0.036204569044921
0.703368321537900 -0.035515807881094
0.708140396130200 -0.034829645703707
0.712889645782536 -0.034146433403619
0.717615549686163 -0.033466541005502
0.722317589592464 -0.032790428718177
0.726995249869773 -0.032118545137981
0.731648017559930 -0.031451332186212
0.736275382434527 -0.030789213264354
0.740876837050857 -0.030132568116096
0.745451876807570 -0.029481772822078
0.750000000000000 -0.028837181140731
0.754520707875185 -0.028199144671976
0.759013504686565 -0.027567998133763
0.763477897748338 -0.026944072389375
0.767913397489498 -0.026327684346560
0.772319517507513 -0.025719126026043
0.776695774621672 -0.025118681265342
0.781041688926065 -0.024526608569625
0.785356783842216 -0.023943158277053
0.789640586171339 -0.023368584813785
0.793892626146236 -0.022803140550069
0.798112437482808 -0.022247062749438
0.802299557431187 -0.021700513454768
0.806453526826488 -0.021163352595548
0.810573890139155 -0.020635367509363
0.814660195524918 -0.020116346504935
0.818711994874345 -0.019606062745606
0.822728843861975 -0.019104267752624
0.826710301995052 -0.018610731582749
0.830655932661826 -0.018125223172489
0.834565303179429 -0.017647541601764
0.838437984841330 -0.017177483196534
0.842273552964344 -0.016714862507212
0.846071586935203 -0.016259493504173
0.849831670256683 -0.015811196898820
0.853553390593274 -0.015369805516341
0.857236339816401 -0.014935158200163
0.860880114049181 -0.014507102092515
0.864484313710706 -0.014085490804219
0.868048543559867 -0.013670192595473
0.871572412738697 -0.013261076764076
0.875055534815230 -0.012858021426340
0.878497527825878 -0.012460908984917
0.881898014317321 -0.012069636371229
0.885256621387894 -0.011684101499795
0.888572980728485 -0.011304219898120
0.891846728662920 -0.010929914636080
0.895077506187845 -0.010561092444835
0.898264959012098 -0.010197654722205
0.901408737595557 -0.009839562993357
0.904508497187474 -0.009486960589878
0.907563897864277 -0.009140020915024
0.910574604566852 -0.008798943388139
0.913540287137281 -0.008463941704822
0.916460620355049 -0.008135206690067
0.919335283972712 -0.007812899886770
0.922163962751007 -0.007497161779726
0.924946346493432 -0.007188120114649
0.927682130080253 -0.006885888734047
0.930371013501972 -0.006590566759739
0.933012701892219 -0.006302234465136
0.935606905560095 -0.006020959513315
0.938153340021932 -0.005746793142815
0.940651726032496 -0.005479778354948
0.943101789615607 -0.005219941364266
0.945503262094184 -0.004967295582357
0.947855880119706 -0.004721844866755
0.950159385701097 -0.004483580958078
0.952413526233010 -0.004252488013786
0.954618054523534 -0.004028535749195
0.956772728821300 -0.003811686938929
0.958877312841991 -0.003601896887555
0.960931575794250 -0.003399107550908
0.962935292404997 -0.003203263083658
0.964888242944126 -0.003014290753253
0.966790213248601 -0.002832117429867
0.968640994745946 -0.002656661575302
0.970440384477113 -0.002487839583208
0.972188185118740 -0.002325559903141
0.973884205004793 -0.002169728365785
0.975528258147577 -0.002020248776380
0.977120164258138 -0.001877018546512
0.978659748766034 -0.001739936484348
0.980146842838471 -0.001608897413881
0.981581283398829 -0.001483797129700
0.982962913144534 -0.001364524740629
0.984291580564316 -0.001250978199110
0.985567139954818 -0.001143047119155
0.986789451436580 -0.001040626534719
0.987958380969374 -0.000943611002820
0.989073800366903 -0.000851896617740
0.990135587310861 -0.000765382914422
0.991143625364344 -0.000683968698806
0.992097803984621 -0.000607557906206
0.992998018535252 -0.000536057588078
0.993844170297569 -0.000469376700389
0.994636166481494 -0.000407428508067
0.995373920235722 -0.000350130394547
0.996057350657239 -0.000297405694839
0.996686382800198 -0.000249180177572
0.997260947684137 -0.000205385742831
0.997780982301540 -0.000165958516813
0.998246429624752 -0.000130841490714
0.998657238612229 -0.000099981691384
0.999013364214136 -0.000073331669173
0.999314767377287 -0.000050852462537
0.999561415049429 -0.000032507061814
0.999753280182866 -0.000018268331247
0.999890341737423 -0.000008113822254
0.999972584682756 -0.000002027602342
1.000000000000000 0.000000000000000
