1.000000000000000 0.000000000000000
0.999972584682756 0.000006412761673
0.999890341737423 0.000025645143065
0.999753280182866 0.000057695993484
0.999561415049429 0.000102548224332
0.999314767377287 0.000160181242804
0.999013364214136 0.000230579234299
0.998657238612229 0.000313706371717
0.998246429624752 0.000409535780783
0.997780982301540 0.000518024774291
0.997260947684137 0.000639135533174
0.996686382800198 0.000772814516328
0.996057350657239 0.000919009006939
0.995373920235722 0.001077667132502
0.994636166481494 0.001248721468997
0.993844170297569 0.001432105553490
0.992998018535252 0.001627749816907
0.992097803984621 0.001835577550237
0.991143625364344 0.002055500911645
0.990135587310861 0.002287445489870
0.989073800366903 0.002531317706220
0.987958380969374 0.002787021253065
0.986789451436580 0.003054457166203
0.985567139954818 0.003333527940907
0.984291580564316 0.003624125464894
0.982962913144534 0.003926139230046
0.981581283398829 0.004239456414831
0.980146842838472 0.004563961968130
0.978659748766034 0.004899530701968
0.977120164258138 0.005246043424126
0.975528258147577 0.005603367049015
0.973884205004793 0.005971374673227
0.972188185118741 0.006349933702888
0.970440384477113 0.006738906004017
0.968640994745946 0.007138151990470
0.966790213248601 0.007547530726423
0.964888242944126 0.007966896120775
0.962935292404997 0.008396104884657
0.960931575794250 0.008835004925442
0.958877312841991 0.009283443320571
0.956772728821300 0.009741270285753
0.954618054523534 0.010208335373975
0.952413526233010 0.010684472263294
0.950159385701097 0.011169525855591
0.947855880119706 0.011663340779951
0.945503262094184 0.012165753921325
0.943101789615607 0.012676606003089
0.940651726032496 0.013195730343512
0.938153340021932 0.013722964356679
0.935606905560095 0.014258142126678
0.933012701892219 0.014801105750064
0.930371013501972 0.015351683084774
0.927682130080253 0.015909713975392
0.924946346493432 0.016475028103836
0.922163962751008 0.017047467274780
0.919335283972712 0.017626859803894
0.916460620355050 0.018213046320916
0.913540287137281 0.018805857983199
0.910574604566852 0.019405134789820
0.907563897864277 0.020010714799880
0.904508497187474 0.020622430749304
0.901408737595557 0.021240131597617
0.898264959012098 0.021863650533459
0.895077506187845 0.022492830082364
0.891846728662920 0.023127518537793
0.888572980728485 0.023767552573630
0.885256621387895 0.024412788853981
0.881898014317321 0.025063069221644
0.878497527825878 0.025718245230237
0.875055534815230 0.026378171240402
0.871572412738697 0.027042697686089
0.868048543559867 0.027711688258505
0.864484313710706 0.028384999530256
0.860880114049181 0.029062491316670
0.857236339816402 0.029744030123813
0.853553390593274 0.030429482471000
0.849831670256683 0.031118718325945
0.846071586935203 0.031811611176094
0.842273552964344 0.032508034812056
0.838437984841330 0.033207873254145
0.834565303179429 0.033911001354639
0.830655932661826 0.034617310852750
0.826710301995053 0.035326687561244
0.822728843861975 0.036039024080831
0.818711994874345 0.036754213526223
0.814660195524919 0.037472153033859
0.810573890139155 0.038192751110440
0.806453526826488 0.038915909193692
0.802299557431188 0.039641539403099
0.798112437482808 0.040369557401428
0.793892626146237 0.041099857592556
0.789640586171339 0.041832325520470
0.785356783842216 0.042566862093894
0.781041688926065 0.043303363423261
0.776695774621672 0.044041717096983
0.772319517507513 0.044781828687387
0.767913397489498 0.045523594631113
0.763477897748339 0.046266915924517
0.759013504686565 0.047011706629556
0.754520707875186 0.047757874861276
0.750000000000000 0.048505331279574
0.745451876807570 0.049253991627157
0.740876837050858 0.050003761087253
0.736275382434527 0.050754556562990
0.731648017559931 0.051506300051160
0.726995249869773 0.052258924879133
0.722317589592464 0.053012376132504
0.717615549686164 0.053766602398551
0.712889645782536 0.054521549614476
0.708140396130201 0.055277110175675
0.703368321537900 0.056033158514110
0.698573945317390 0.056789561427365
0.693757793226052 0.057546183954337
0.688920393409234 0.058302663316713
0.684062276342339 0.059058443528230
0.679183974772650 0.059812944684913
0.674286023660908 0.060565584002412
0.669368960122646 0.061315776017902
0.664433323369292 0.062062960119943
0.659479654649035 0.062806566992774
0.654508497187474 0.063546018839126
0.649520396128043 0.064280738554820
0.644515898472236 0.065010147195024
0.639495553019615 0.065733664470666
0.634459910307633 0.066450708935851
0.629409522551260 0.067160693163736
0.624344943582428 0.067863001490899
0.619266728789291 0.068556966259471
0.614175435055328 0.069241912328905
0.609071620698271 0.069917157429144
0.603955845408880 0.070582037072782
0.598828670189563 0.071236161068638
0.593690657292862 0.071879404334574
0.588542370159792 0.072511650887675
0.583384373358051 0.073132785582039
0.578217232520115 0.073742726091741
0.573041514281206 0.074341514764519
0.567857786217152 0.074929259679723
0.562666616782152 0.075506072581690
0.557468575246433 0.076072078171207
0.552264231633827 0.076627388023019
0.547054156659257 0.077172082290558
0.541838921666158 0.077706233170729
0.536619098563816 0.078229918972831
0.531395259764657 0.078743223859020
0.526167978121472 0.079246254694490
0.520937826864600 0.079739164859605
0.515705379539064 0.080222123872707
0.510471209941678 0.080695304780295
0.505235892058123 0.081158883061581
0.500000000000000 0.081612909723463
0.494764107941877 0.082057185928064
0.489528790058322 0.082491486652457
0.484294620460936 0.082915589578429
0.479062173135400 0.083329279540489
0.473832021878528 0.083732297515275
0.468604740235343 0.084124321584208
0.463380901436184 0.084505028852548
0.458161078333842 0.084874099041557
0.452945843340743 0.085231226484830
0.447735768366173 0.085576115839681
0.442531424753567 0.085908502543651
0.437333383217848 0.086228123849575
0.432142213782848 0.086534725920586
0.426958485718794 0.086828065349534
0.421782767479885 0.087107905634661
0.416615626641949 0.087374020519585
0.411457629840209 0.087626192240406
0.406309342707138 0.087864211075040
0.401171329810437 0.088087872164144
0.396044154591120 0.088296928022209
0.390928379301729 0.088491111539407
0.385824564944672 0.088670165113449
0.380733271210710 0.088833841566488
0.375655056417573 0.088981902148170
0.370590477448740 0.089114110296920
0.365540089692367 0.089230233945145
0.360504446980385 0.089330055197936
0.355484101527764 0.089413367468376
0.350479603871957 0.089479975366245
0.345491502812526 0.089529692512254
0.340520345350965 0.089562344700214
0.335566676630708 0.089577771006351
0.330631039877354 0.089575824110975
0.325713976339092 0.089556387110646
0.320816025227350 0.089519371966847
0.315937723657661 0.089464704668881
0.311079606590766 0.089392323667332
0.306242206773949 0.089302155707480
0.301426054682610 0.089194028442143
0.296631678462100 0.089067756200962
0.291859603869799 0.088923168929904
0.287110354217464 0.088760111905149
0.282384450313836 0.088578364573938
0.277682410407536 0.088377646442410
0.273004750130227 0.088157696237289
0.268351982440069 0.087918276446541
0.263724617565473 0.087659184025774
0.259123162949143 0.087380260915017
0.254548123192430 0.087081377667638
0.250000000000000 0.086762424797717
0.245479292124815 0.086423313895334
0.240986495313435 0.086063973284691
0.236522102251661 0.085684351224395
0.232086602510502 0.085284418472173
0.227680482492487 0.084864170231180
0.223304225378328 0.084423637560634
0.218958311073935 0.083962884014556
0.214643216157784 0.083481990487789
0.210359413828661 0.082981048992450
0.206107373853763 0.082460150459006
0.201887562517192 0.081919392217517
0.197700442568813 0.081358893238228
0.193546473173512 0.080778700104436
0.189426109860845 0.080178582510963
0.185339804475081 0.079558297755840
0.181288005125655 0.078917638080290
0.177271156138025 0.078256450433883
0.173289698004947 0.077574629576193
0.169344067338174 0.076872106194739
0.165434696820571 0.076148844733923
0.161562015158670 0.075404837557882
0.157726447035656 0.074640105290639
0.153928413064797 0.073854704042882
0.150168329743317 0.073048727380325
0.146446609406726 0.072222298032086
0.142763660183598 0.071375579128050
0.139119885950819 0.070508759880661
0.135515686289294 0.069622080373160
0.131951456440133 0.068715800270060
0.128427587261303 0.067790222924775
0.124944465184770 0.066845660653407
0.121502472174122 0.065882451683299
0.118101985682679 0.064900983051592
0.114743378612105 0.063901766860943
0.111427019271515 0.062885355094396
0.108153271337080 0.061852277143598
0.104922493812155 0.060802788266107
0.101735040987902 0.059737101371486
0.098591262404443 0.058656374305242
0.095491502812526 0.057564022026951
0.092436102135723 0.056463703644586
0.089425395433148 0.055359164353503
0.086459712862719 0.054254251387468
0.083539379644950 0.053152729789474
0.080664716027288 0.052058787387054
0.077836037248993 0.050976549305647
0.075053653506568 0.049907584571763
0.072317869919747 0.048850128200589
0.069628986498028 0.047801460219954
0.066987298107781 0.046754916036402
0.064393094439905 0.045703209143604
0.061846659978068 0.044640536570929
0.059348273967504 0.043562223375448
0.056898210384393 0.042463929089547
0.054496737905816 0.041341515304428
0.052144119880294 0.040191506014719
0.049840614298903 0.039011501355033
0.047586473766990 0.037801600409358
0.045381945476466 0.036569278571651
0.043227271178700 0.035322972211292
0.041122687158010 0.034069962627613
0.039068424205750 0.032816997010495
0.037064707595003 0.031570369324640
0.035111757055874 0.030335953614706
0.033209786751399 0.029119069818641
0.031359005254054 0.027924674292849
0.029559615522887 0.026757288875096
0.027811814881260 0.025621031242485
0.026115794995207 0.024519649994934
0.024471741852423 0.023456341741938
0.022879835741862 0.022426848248095
0.021340251233966 0.021422044441331
0.019853157161529 0.020434590990485
0.018418716601171 0.019459800921880
0.017037086855466 0.018495409059571
0.015708419435685 0.017541302208356
0.014432860045182 0.016599006369653
0.013210548563420 0.015671000069734
0.012041619030626 0.014760002455864
0.010926199633097 0.013867346979492
0.009864412689139 0.012992934710814
0.008856374635656 0.012136796174916
0.007902196015379 0.011299121743562
0.007001981464748 0.010479972223591
0.006155829702431 0.009679519160220
0.005363833518506 0.008897908319598
0.004626079764278 0.008135228041999
0.003942649342761 0.007391694621370
0.003313617199802 0.006667346966656
0.002739052315863 0.005962342153113
0.002219017698460 0.005276862663039
0.001753570375248 0.004610924503442
0.001342761387771 0.003964661888368
0.000986635785864 0.003338191582897
0.000685232622713 0.002731614540831
0.000438584950571 0.002145028518898
0.000246719817134 0.001578484372957
0.000109658262577 0.001032042747858
0.000027415317244 0.000505862456237
0.000000000000000 0.000000000000000
0.000027415317244 -0.000485562694230
0.000109658262577 -0.000950631446868
0.000246719817134 -0.001395360017279
0.000438584950571 -0.001819519492370
0.000685232622713 -0.002225718372471
0.000986635785864 -0.002618965542518
0.001342761387771 -0.003001611142879
0.001753570375248 -0.003374697644941
0.002219017698460 -0.003738749247505
0.002739052315863 -0.004094091016581
0.003313617199802 -0.004440737899024
0.003942649342761 -0.004778819179486
0.004626079764278 -0.005108250193477
0.005363833518506 -0.005428934172157
0.006155829702431 -0.005740840046882
0.007001981464748 -0.006043715247288
0.007902196015379 -0.006337501394101
0.008856374635656 -0.006621883086056
0.009864412689139 -0.006896702121754
0.010926199633097 -0.007161558143413
0.012041619030626 -0.007416165863182
0.013210548563420 -0.007660129581458
0.014432860045182 -0.007891752153208
0.015708419435684 -0.008107753245168
0.017037086855466 -0.008304800621989
0.018418716601171 -0.008479838214037
0.019853157161528 -0.008630778066731
0.021340251233966 -0.008756625087989
0.022879835741862 -0.008857875587758
0.024471741852423 -0.008937505134209
0.026115794995207 -0.008999244862376
0.027811814881259 -0.009046090522498
0.029559615522887 -0.009079089170724
0.031359005254054 -0.009098030923430
0.033209786751399 -0.009103303594459
0.035111757055874 -0.009095542503658
0.037064707595003 -0.009075351733304
0.039068424205750 -0.009043504658779
0.041122687158009 -0.009000969030009
0.043227271178699 -0.008948817477180
0.045381945476466 -0.008888241773742
0.047586473766990 -0.008820927690861
0.049840614298903 -0.008748940634934
0.052144119880293 -0.008673110829472
0.054496737905816 -0.008593159825185
0.056898210384393 -0.008507579888761
0.059348273967504 -0.008413775629644
0.061846659978068 -0.008309054643104
0.064393094439905 -0.008190647754952
0.066987298107781 -0.008055498947849
0.069628986498028 -0.007900235807940
0.072317869919747 -0.007721137958873
0.075053653506568 -0.007514070285092
0.077836037248992 -0.007275742191707
0.080664716027288 -0.007007449280249
0.083539379644950 -0.006711967657342
0.086459712862719 -0.006392512919600
0.089425395433148 -0.006052747212667
0.092436102135723 -0.005696969854020
0.095491502812526 -0.005330283523356
0.098591262404443 -0.004958027008884
0.101735040987902 -0.004583946727474
0.104922493812155 -0.004211211020966
0.108153271337080 -0.003841965247529
0.111427019271514 -0.003476070435626
0.114743378612105 -0.003113111304332
0.118101985682679 -0.002753033497068
0.121502472174122 -0.002396090686377
0.124944465184770 -0.002042519629428
0.128427587261303 -0.001692413932842
0.131951456440133 -0.001345797608757
0.135515686289294 -0.001002685467586
0.139119885950819 -0.000663108829178
0.142763660183598 -0.000327089756741
0.146446609406726 0.000005365685849
0.150168329743317 0.000334282101359
0.153928413064796 0.000659699765847
0.157726447035656 0.000981680860831
0.161562015158669 0.001300307333211
0.165434696820571 0.001615675960080
0.169344067338174 0.001927907766489
0.173289698004947 0.002237129257861
0.177271156138025 0.002543484647965
0.181288005125655 0.002847136337316
0.185339804475081 0.003148291707749
0.189426109860845 0.003447204762272
0.193546473173511 0.003744157409857
0.197700442568812 0.004039408758258
0.201887562517192 0.004333049787628
0.206107373853763 0.004625138058551
0.210359413828660 0.004915733863769
0.214643216157784 0.005204812317730
0.218958311073935 0.005492231646117
0.223304225378328 0.005777844878385
0.227680482492486 0.006061504112126
0.232086602510501 0.006343092970187
0.236522102251661 0.006622512376171
0.240986495313435 0.006899662820335
0.245479292124814 0.007174447181706
0.250000000000000 0.007446760174647
0.254548123192429 0.007716492839786
0.259123162949142 0.007983540819934
0.263724617565473 0.008247799498595
0.268351982440069 0.008509168188203
0.273004750130227 0.008767548486158
0.277682410407536 0.009022843605792
0.282384450313836 0.009274958071235
0.287110354217464 0.009523795188722
0.291859603869799 0.009769261116259
0.296631678462100 0.010011259917289
0.301426054682609 0.010249702495802
0.306242206773948 0.010484515284920
0.311079606590766 0.010715636730109
0.315937723657661 0.010943007065033
0.320816025227350 0.011166570760231
0.325713976339092 0.011386274761743
0.330631039877354 0.011602070988277
0.335566676630708 0.011813916492133
0.340520345350965 0.012021766984797
0.345491502812526 0.012225582258057
0.350479603871956 0.012425319699612
0.355484101527764 0.012620938656773
0.360504446980385 0.012812399505696
0.365540089692367 0.012999666760051
0.370590477448739 0.013182714704704
0.375655056417572 0.013361534255267
0.380733271210709 0.013536117172025
0.385824564944672 0.013706459283382
0.390928379301728 0.013872550525981
0.396044154591120 0.014034322660203
0.401171329810437 0.014191683889118
0.406309342707137 0.014344543336776
0.411457629840208 0.014492812347209
0.416615626641949 0.014636372289226
0.421782767479884 0.014775023096615
0.426958485718794 0.014908552691806
0.432142213782848 0.015036747992346
0.437333383217848 0.015159398570820
0.442531424753567 0.015276308000218
0.447735768366173 0.015387299499332
0.452945843340743 0.015492198599247
0.458161078333842 0.015590833734092
0.463380901436184 0.015683032834620
0.468604740235343 0.015768603787187
0.473832021878528 0.015847339842632
0.479062173135400 0.015919036181580
0.484294620460935 0.015983490497804
0.489528790058321 0.016040515830865
0.494764107941877 0.016090023495388
0.500000000000000 0.016131972434540
0.505235892058122 0.016166324627829
0.510471209941678 0.016193045477997
0.515705379539064 0.016212137330331
0.520937826864600 0.016223752682406
0.526167978121472 0.016228086843267
0.531395259764656 0.016225337785237
0.536619098563816 0.016215705879743
0.541838921666157 0.016199381667181
0.547054156659257 0.016176527809639
0.552264231633827 0.016147304384688
0.557468575246433 0.016111873475532
0.562666616782152 0.016070398894459
0.567857786217152 0.016023058086844
0.573041514281206 0.015970045483082
0.578217232520115 0.015911557575237
0.583384373358051 0.015847791839057
0.588542370159791 0.015778943197417
0.593690657292862 0.015705162477163
0.598828670189563 0.015626571243405
0.603955845408879 0.015543291252231
0.609071620698271 0.015455445115353
0.614175435055328 0.015363137935155
0.619266728789290 0.015266391594359
0.624344943582427 0.015165207749429
0.629409522551260 0.015059589433554
0.634459910307633 0.014949543521953
0.639495553019614 0.014835087688358
0.644515898472235 0.014716253401586
0.649520396128043 0.014593077349757
0.654508497187474 0.014465595840951
0.659479654649035 0.014333849470025
0.664433323369291 0.014197880346464
0.669368960122646 0.014057732178928
0.674286023660907 0.013913452081724
0.679183974772650 0.013765088001204
0.684062276342339 0.013612680994303
0.688920393409233 0.013456264573733
0.693757793226051 0.013295874477364
0.698573945317390 0.013131548195408
0.703368321537900 0.012963403239113
0.708140396130200 0.012791760198944
0.712889645782536 0.012616965665929
0.717615549686163 0.012439362131081
0.722317589592464 0.012259289331923
0.726995249869773 0.012077101972500
0.731648017559930 0.011893152107065
0.736275382434527 0.011707784626635
0.740876837050857 0.011521334826186
0.745451876807570 0.011334125347753
0.750000000000000 0.011146466424109
0.754520707875185 0.010958661365207
0.759013504686565 0.010771002445585
0.763477897748338 0.010583773830429
0.767913397489498 0.010397249686417
0.772319517507513 0.010211695002365
0.776695774621672 0.010027367854385
0.781041688926065 0.009844526724825
0.785356783842216 0.009663420969091
0.789640586171339 0.009484288923672
0.793892626146236 0.009307331000308
0.798112437482808 0.009132713242472
0.802299557431187 0.008960592894432
0.806453526826488 0.008791075908965
0.810573890139155 0.008624061951552
0.814660195524918 0.008459394093917
0.818711994874345 0.008296922913326
0.822728843861975 0.008136522657293
0.826710301995052 0.007978087095123
0.830655932661826 0.007821518507716
0.834565303179429 0.007666719411671
0.838437984841330 0.007513594876738
0.842273552964344 0.007362052050696
0.846071586935203 0.007212005461577
0.849831670256683 0.007063378760806
0.853553390593274 0.006916098266409
0.857236339816401 0.006770097067238
0.860880114049181 0.006625314600325
0.864484313710706 0.006481692917848
0.868048543559867 0.006339181063131
0.871572412738697 0.006197733755940
0.875055534815230 0.006057309449409
0.878497527825878 0.005917872919051
0.881898014317321 0.005779393387901
0.885256621387894 0.005641845238778
0.888572980728485 0.005505206920013
0.891846728662920 0.005369462744823
0.895077506187845 0.005234600655873
0.898264959012098 0.005100613982518
0.901408737595557 0.004967498316105
0.904508497187474 0.004835257372761
0.907563897864277 0.004703894766462
0.910574604566852 0.004573421307965
0.913540287137281 0.004443850056159
0.916460620355049 0.004315197989645
0.919335283972712 0.004187486114330
0.922163962751007 0.004060738683078
0.924946346493432 0.003934983374280
0.927682130080253 0.003810250629121
0.930371013501972 0.003686574690212
0.933012701892219 0.003563991382776
0.935606905560095 0.003442540779863
0.938153340021932 0.003322265055512
0.940651726032496 0.003203208119486
0.943101789615607 0.003085417400962
0.945503262094184 0.002968940685272
0.947855880119706 0.002853829967241
0.950159385701097 0.002740136558841
0.952413526233010 0.002627914937842
0.954618054523534 0.002517221849615
0.956772728821300 0.002408113402141
0.958877312841991 0.002300648150055
0.960931575794250 0.002194884486726
0.962935292404997 0.002090883563200
0.964888242944126 0.001988705067771
0.966790213248601 0.001888411239411
0.968640994745946 0.001790063198825
0.970440384477113 0.001693722376592
0.972188185118740 0.001599452489540
0.973884205004793 0.001507313089978
0.975528258147577 0.001417367560698
0.977120164258138 0.001329675985199
0.978659748766034 0.001244300188234
0.980146842838471 0.001161300591071
0.981581283398829 0.001080734397237
0.982962913144534 0.001002662908873
0.984291580564316 0.000927142578035
0.985567139954818 0.000854228512797
0.986789451436580 0.000783977410267
0.987958380969374 0.000716441794702
0.989073800366903 0.000651673595224
0.990135587310861 0.000589723569858
0.991143625364344 0.000530640429001
0.992097803984621 0.000474470799903
0.992998018535252 0.000421260080909
0.993844170297569 0.000371050492380
0.994636166481494 0.000323881808256
0.995373920235722 0.000279795026972
0.996057350657239 0.000238823395799
0.996686382800198 0.000201003503701
0.997260947684137 0.000166364012507
0.997780982301540 0.000134935226527
0.998246429624752 0.000106743966674
0.998657238612229 0.000081812440082
0.999013364214136 0.000060162687752
0.999314767377287 0.000041812369600
0.999561415049429 0.000026776612678
0.999753280182866 0.000015069964372
0.999890341737423 0.000006700027164
0.999972584682756 0.000001675316074
1.000000000000000 0.000000000000000
