1.000000000000000 0.000000000000000
0.999972584682756 0.000007969543571
0.999890341737423 0.000031882384599
0.999753280182866 0.000071751141191
0.999561415049429 0.000127596800769
0.999314767377287 0.000199437921156
0.999013364214136 0.000287311979505
0.998657238612229 0.000391259163412
0.998246429624752 0.000511322195316
0.997780982301540 0.000647556904779
0.997260947684137 0.000800021258598
0.996686382800198 0.000968785910721
0.996057350657239 0.001153923151135
0.995373920235722 0.001355501141091
0.994636166481494 0.001573610711095
0.993844170297569 0.001808332456298
0.992998018535252 0.002059769014304
0.992097803984621 0.002328006483298
0.991143625364344 0.002613146731138
0.990135587310861 0.002915296071238
0.989073800366903 0.003234559273759
0.987958380969374 0.003571039003012
0.986789451436580 0.003924846357453
0.985567139954818 0.004296094841397
0.984291580564316 0.004684888611221
0.982962913144534 0.005091338583890
0.981581283398829 0.005515556294472
0.980146842838472 0.005957647624381
0.978659748766034 0.006417717753082
0.977120164258138 0.006895864805178
0.975528258147577 0.007392184802085
0.973884205004793 0.007906776719025
0.972188185118741 0.008439718836304
0.970440384477113 0.008991102411913
0.968640994745946 0.009560990640585
0.966790213248601 0.010149452433902
0.964888242944126 0.010756544350088
0.962935292404997 0.011382309715754
0.960931575794250 0.012026789524790
0.958877312841991 0.012690004046285
0.956772728821300 0.013371969593272
0.954618054523534 0.014072674078195
0.952413526233010 0.014792111664212
0.950159385701097 0.015530240423187
0.947855880119706 0.016287017112066
0.945503262094184 0.017062372529886
0.943101789615607 0.017856222568797
0.940651726032496 0.018668467450374
0.938153340021932 0.019498984838223
0.935606905560095 0.020347622937399
0.933012701892219 0.021214217788872
0.930371013501972 0.022098580413746
0.927682130080253 0.023000502070863
0.924946346493432 0.023919735262818
0.922163962751008 0.024856017177436
0.919335283972712 0.025809068971354
0.916460620355050 0.026778558428618
0.913540287137281 0.027764148984495
0.910574604566852 0.028765467935347
0.907563897864277 0.029782103605682
0.904508497187474 0.030813629253441
0.901408737595557 0.031859577061042
0.898264959012098 0.032919468793950
0.895077506187845 0.033992780865084
0.891846728662920 0.035078937198276
0.888572980728485 0.036177292159382
0.885256621387895 0.037287260746422
0.881898014317321 0.038408476216748
0.878497527825878 0.039540624284543
0.875055534815230 0.040683442479388
0.871572412738697 0.041836753478775
0.868048543559867 0.043000387123771
0.864484313710706 0.044174146577093
0.860880114049181 0.045357830364293
0.857236339816402 0.046551227379584
0.853553390593274 0.047754146054514
0.849831670256683 0.048966394247543
0.846071586935203 0.050187788348847
0.842273552964344 0.051418122462917
0.838437984841330 0.052657222331914
0.834565303179429 0.053904892847240
0.830655932661826 0.055160948048366
0.826710301995053 0.056425205160657
0.822728843861975 0.057697490209070
0.818711994874345 0.058977608867381
0.814660195524919 0.060265404810000
0.810573890139155 0.061560684062108
0.806453526826488 0.062863284830775
0.802299557431188 0.064173031069569
0.798112437482808 0.065489761459012
0.793892626146237 0.066813306364510
0.789640586171339 0.068143505458949
0.785356783842216 0.069480196254574
0.781041688926065 0.070823219587986
0.776695774621672 0.072172426220612
0.772319517507513 0.073527669866533
0.767913397489498 0.074888804049168
0.763477897748339 0.076255697270964
0.759013504686565 0.077628215151878
0.754520707875186 0.079006218897723
0.750000000000000 0.080389578430855
0.745451876807570 0.081778155952568
0.740876837050858 0.083171843315677
0.736275382434527 0.084570516215625
0.731648017559931 0.085974072042018
0.726995249869773 0.087382411929021
0.722317589592464 0.088795417555888
0.717615549686164 0.090212949878569
0.712889645782536 0.091634862318289
0.708140396130201 0.093061010625833
0.703368321537900 0.094491280578560
0.698573945317390 0.095925685882171
0.693757793226052 0.097364280944832
0.688920393409234 0.098807126756695
0.684062276342339 0.100254231821184
0.679183974772650 0.101705046354282
0.674286023660908 0.103158650802743
0.669368960122646 0.104614106999661
0.664433323369292 0.106070467662805
0.659479654649035 0.107526566766746
0.654508497187474 0.108980857356920
0.649520396128043 0.110431711621657
0.644515898472236 0.111877500609150
0.639495553019615 0.113316572869429
0.634459910307633 0.114747370891168
0.629409522551260 0.116168403497708
0.624344943582428 0.117578157706223
0.619266728789291 0.118975115934094
0.614175435055328 0.120357726361391
0.609071620698271 0.121724299612755
0.603955845408880 0.123073097268991
0.598828670189563 0.124402397810741
0.593690657292862 0.125710480189517
0.588542370159792 0.126995821139208
0.583384373358051 0.128257325721229
0.578217232520115 0.129493950542459
0.573041514281206 0.130704675225356
0.567857786217152 0.131888491519440
0.562666616782152 0.133045161428734
0.557468575246433 0.134175686091146
0.552264231633827 0.135281168118563
0.547054156659257 0.136362736002949
0.541838921666158 0.137421509857404
0.536619098563816 0.138458485043326
0.531395259764657 0.139474447866764
0.526167978121472 0.140470173931687
0.520937826864600 0.141446448376450
0.515705379539064 0.142404052873986
0.510471209941678 0.143343892520185
0.505235892058123 0.144267110251595
0.500000000000000 0.145174885974112
0.494764107941877 0.146068386648782
0.489528790058322 0.146948789087181
0.484294620460936 0.147816972644219
0.479062173135400 0.148672920499762
0.473832021878528 0.149516451041490
0.468604740235343 0.150347388103848
0.463380901436184 0.151165561131531
0.458161078333842 0.151970552278420
0.452945843340743 0.152760646218559
0.447735768366173 0.153533729149302
0.442531424753567 0.154287713904336
0.437333383217848 0.155020551874128
0.432142213782848 0.155730248798021
0.426958485718794 0.156415111528559
0.421782767479885 0.157073616941710
0.416615626641949 0.157704283543159
0.411457629840209 0.158305656698345
0.406309342707138 0.158876310220857
0.401171329810437 0.159414647030487
0.396044154591120 0.159918919588317
0.390928379301729 0.160387418322068
0.385824564944672 0.160818478661272
0.380733271210710 0.161210495957294
0.375655056417573 0.161562623742952
0.370590477448740 0.161875053523030
0.365540089692367 0.162148062923172
0.360504446980385 0.162381935898816
0.355484101527764 0.162576964862858
0.350479603871957 0.162733731026552
0.345491502812526 0.162853405395688
0.340520345350965 0.162937224069581
0.335566676630708 0.162986411303332
0.330631039877354 0.163002178587799
0.325713976339092 0.162985659158412
0.320816025227350 0.162937792905014
0.315937723657661 0.162859483260010
0.311079606590766 0.162751628573135
0.306242206773949 0.162615121645003
0.301426054682610 0.162450916258774
0.296631678462100 0.162260158245521
0.291859603869799 0.162044020432860
0.287110354217464 0.161803660595715
0.282384450313836 0.161540224237146
0.277682410407536 0.161254501714333
0.273004750130227 0.160946374596681
0.268351982440069 0.160615601361155
0.263724617565473 0.160261961855369
0.259123162949143 0.159885259418620
0.254548123192430 0.159485045283138
0.250000000000000 0.159060404729118
0.245479292124815 0.158610417346101
0.240986495313435 0.158134211947941
0.236522102251661 0.157630973218142
0.232086602510502 0.157100011752688
0.227680482492487 0.156540767975219
0.223304225378328 0.155952723206009
0.218958311073935 0.155335403004789
0.214643216157784 0.154688365391373
0.210359413828661 0.154011166880147
0.206107373853763 0.153303395257571
0.201887562517192 0.152564677225497
0.197700442568813 0.151794672921226
0.193546473173512 0.150993115456798
0.189426109860845 0.150159794782198
0.185339804475081 0.149294547272624
0.181288005125655 0.148397233824277
0.177271156138025 0.147467735370990
0.173289698004947 0.146505874462422
0.169344067338174 0.145511476108794
0.165434696820571 0.144484408400321
0.161562015158670 0.143424566546025
0.157726447035656 0.142331835244271
0.153928413064797 0.141206104832705
0.150168329743317 0.140047313273709
0.146446609406726 0.138855416199120
0.142763660183598 0.137630519274742
0.139119885950819 0.136372827374265
0.135515686289294 0.135082564961718
0.131951456440133 0.133759946315055
0.128427587261303 0.132404812127228
0.124944465184770 0.131016741368578
0.121502472174122 0.129595374420456
0.118101985682679 0.128140315923478
0.114743378612105 0.126650805909632
0.111427019271515 0.125125968110130
0.108153271337080 0.123564953556134
0.104922493812155 0.121967054794007
0.101735040987902 0.120331766873932
0.098591262404443 0.118658657955986
0.095491502812526 0.116947226183155
0.092436102135723 0.115196125830688
0.089425395433148 0.113403514871957
0.086459712862719 0.111567553813131
0.083539379644950 0.109689207469018
0.080664716027288 0.107773465129440
0.077836037248993 0.105825624189868
0.075053653506568 0.103852835680158
0.072317869919747 0.101865926494867
0.069628986498028 0.099875979282129
0.066987298107781 0.097894023776800
0.064393094439905 0.095931114055232
0.061846659978068 0.093997480462787
0.059348273967504 0.092096535453534
0.056898210384393 0.090222856439084
0.054496737905816 0.088370803099590
0.052144119880294 0.086532549793048
0.049840614298903 0.084698363628341
0.047586473766990 0.082859120678624
0.045381945476466 0.081006743912390
0.043227271178700 0.079133692519079
0.041122687158010 0.077232491207811
0.039068424205750 0.075295634070285
0.037064707595003 0.073315690710229
0.035111757055874 0.071292621604202
0.033209786751399 0.069232556865077
0.031359005254054 0.067141868961398
0.029559615522887 0.065026748829297
0.027811814881260 0.062893677981159
0.026115794995207 0.060749435273733
0.024471741852423 0.058601109357521
0.022879835741862 0.056455751639820
0.021340251233966 0.054320505942692
0.019853157161529 0.052202744416115
0.018418716601171 0.050109568437354
0.017037086855466 0.048047514210578
0.015708419435685 0.046019259130494
0.014432860045182 0.044019070359047
0.013210548563420 0.042040937247236
0.012041619030626 0.040079808271437
0.010926199633097 0.038131042109435
0.009864412689139 0.036190323981938
0.008856374635656 0.034253802116797
0.007902196015379 0.032317565616113
0.007001981464748 0.030378067921175
0.006155829702431 0.028435056020242
0.005363833518506 0.026490169979918
0.004626079764278 0.024545537253579
0.003942649342761 0.022602991739608
0.003313617199802 0.020664280115423
0.002739052315863 0.018731091889650
0.002219017698460 0.016804870225886
0.001753570375248 0.014887110343201
0.001342761387771 0.012979242203121
0.000986635785864 0.011082416052760
0.000685232622713 0.009198015678936
0.000438584950571 0.007327115407518
0.000246719817134 0.005470917443779
0.000109658262577 0.003630363924438
0.000027415317244 0.001806245007129
0.000000000000000 0.000000000000000
0.000027415317244 -0.001787511773020
0.000109658262577 -0.003556137122063
0.000246719817134 -0.005304278889528
0.000438584950571 -0.007031513907308
0.000685232622713 -0.008743885298220
0.000986635785864 -0.010451769037899
0.001342761387771 -0.012159995602172
0.001753570375248 -0.013870909230349
0.002219017698460 -0.015585677638377
0.002739052315863 -0.017304834418403
0.003313617199802 -0.019028732541166
0.003942649342761 -0.020757547373075
0.004626079764278 -0.022491351674030
0.005363833518506 -0.024230013863451
0.006155829702431 -0.025973520287149
0.007001981464748 -0.027721722534245
0.007902196015379 -0.029474477449650
0.008856374635656 -0.031231619783322
0.009864412689139 -0.032992916460411
0.010926199633097 -0.034758135918589
0.012041619030626 -0.036527096941172
0.013210548563420 -0.038299530342759
0.014432860045182 -0.040075042260653
0.015708419435684 -0.041853479789989
0.017037086855466 -0.043634938555152
0.018418716601171 -0.045418133511630
0.019853157161528 -0.047200390404700
0.021340251233966 -0.048973743207019
0.022879835741862 -0.050727891929320
0.024471741852423 -0.052453487605035
0.026115794995207 -0.054141844917138
0.027811814881259 -0.055784527084112
0.029559615522887 -0.057373529122074
0.031359005254054 -0.058901985818736
0.033209786751399 -0.060364019382250
0.035111757055874 -0.061757875117631
0.037064707595003 -0.063090756334088
0.039068424205750 -0.064370192144737
0.041122687158009 -0.065602971501759
0.043227271178699 -0.066795511483561
0.045381945476466 -0.067954061848716
0.047586473766990 -0.069084510156674
0.049840614298903 -0.070192920254289
0.052144119880293 -0.071286005326704
0.054496737905816 -0.072371559816627
0.056898210384393 -0.073458159536697
0.059348273967504 -0.074552725233799
0.061846659978068 -0.075658916479838
0.064393094439905 -0.076780425407092
0.066987298107781 -0.077918620968931
0.069628986498028 -0.079071363163835
0.072317869919747 -0.080236088113523
0.075053653506568 -0.081411034633361
0.077836037248992 -0.082595516502499
0.080664716027288 -0.083788857773737
0.083539379644950 -0.084989025452880
0.086459712862719 -0.086191960607412
0.089425395433148 -0.087393252805776
0.092436102135723 -0.088586132759223
0.095491502812526 -0.089759765743482
0.098591262404443 -0.090902446682757
0.101735040987902 -0.092001709892650
0.104922493812155 -0.093043327840887
0.108153271337080 -0.094012462946311
0.111427019271514 -0.094895042978386
0.114743378612105 -0.095686812193134
0.118101985682679 -0.096389303361957
0.121502472174122 -0.097003902157626
0.124944465184770 -0.097533405225786
0.128427587261303 -0.097984520665660
0.131951456440133 -0.098364762914347
0.135515686289294 -0.098681923292627
0.139119885950819 -0.098943352322074
0.142763660183598 -0.099156030687667
0.146446609406726 -0.099327381760985
0.150168329743317 -0.099465322094036
0.153928413064796 -0.099578195877770
0.157726447035656 -0.099674846621735
0.161562015158669 -0.099764687282185
0.165434696820571 -0.099856778928646
0.169344067338174 -0.099953067282528
0.173289698004947 -0.100051860049518
0.177271156138025 -0.100151341099235
0.181288005125655 -0.100249607227644
0.185339804475081 -0.100344757276995
0.189426109860845 -0.100434848132750
0.193546473173511 -0.100517845468420
0.197700442568812 -0.100591626616690
0.201887562517192 -0.100653999023399
0.206107373853763 -0.100702695526502
0.210359413828660 -0.100735361055408
0.214643216157784 -0.100749576953189
0.218958311073935 -0.100743587519962
0.223304225378328 -0.100716447440879
0.227680482492486 -0.100667241221457
0.232086602510501 -0.100595037370482
0.236522102251661 -0.100498864779420
0.240986495313435 -0.100377666901092
0.245479292124814 -0.100230355767482
0.250000000000000 -0.100055821150768
0.254548123192429 -0.099852939925430
0.259123162949142 -0.099620604179681
0.263724617565473 -0.099357712261174
0.268351982440069 -0.099063142146446
0.273004750130227 -0.098735755435501
0.277682410407536 -0.098374326327516
0.282384450313836 -0.097977422035305
0.287110354217464 -0.097543552296089
0.291859603869799 -0.097071197664211
0.296631678462100 -0.096558822173472
0.301426054682609 -0.096005361239094
0.306242206773948 -0.095410219241096
0.311079606590766 -0.094772819111537
0.315937723657661 -0.094092590375975
0.320816025227350 -0.093369195525127
0.325713976339092 -0.092604088835021
0.330631039877354 -0.091799571411600
0.335566676630708 -0.090958057105805
0.340520345350965 -0.090082055156817
0.345491502812526 -0.089174080838424
0.350479603871956 -0.088236411258973
0.355484101527764 -0.087271331523218
0.360504446980385 -0.086281214250549
0.365540089692367 -0.085268502578998
0.370590477448739 -0.084235825331657
0.375655056417572 -0.083186127898586
0.380733271210709 -0.082122458682902
0.385824564944672 -0.081047921377375
0.390928379301728 -0.079965690626184
0.396044154591120 -0.078878517220297
0.401171329810437 -0.077788546857001
0.406309342707137 -0.076697886717928
0.411457629840208 -0.075608677047490
0.416615626641949 -0.074523037414505
0.421782767479884 -0.073441812740854
0.426958485718794 -0.072364404597459
0.432142213782848 -0.071290124274186
0.437333383217848 -0.070218275077475
0.442531424753567 -0.069148169791620
0.447735768366173 -0.068079335462641
0.452945843340743 -0.067011528277002
0.458161078333842 -0.065944513245330
0.463380901436184 -0.064878045584109
0.468604740235343 -0.063811878297045
0.473832021878528 -0.062745640125593
0.479062173135400 -0.061678848618517
0.484294620460935 -0.060611012948111
0.489528790058321 -0.059541653772465
0.494764107941877 -0.058470298694375
0.500000000000000 -0.057396811422387
0.505235892058122 -0.056321328625772
0.510471209941678 -0.055243991607694
0.515705379539064 -0.054164942225073
0.520937826864600 -0.053084350972099
0.526167978121472 -0.052002627484426
0.531395259764656 -0.050920363890609
0.536619098563816 -0.049838153726878
0.541838921666157 -0.048756588198902
0.547054156659257 -0.047676245466060
0.552264231633827 -0.046597637360775
0.557468575246433 -0.045521229642867
0.562666616782152 -0.044447498162109
0.567857786217152 -0.043376898712282
0.573041514281206 -0.042309899870296
0.578217232520115 -0.041247017569719
0.583384373358051 -0.040188772933331
0.588542370159791 -0.039135686226973
0.593690657292862 -0.038088266094959
0.598828670189563 -0.037046936830331
0.603955845408879 -0.036011899628315
0.609071620698271 -0.034983306154711
0.614175435055328 -0.033961306238388
0.619266728789290 -0.032946050976315
0.624344943582427 -0.031937639450370
0.629409522551260 -0.030936095608595
0.634459910307633 -0.029941447003923
0.639495553019614 -0.028953727919076
0.644515898472235 -0.027972959851101
0.649520396128043 -0.026999220776099
0.654508497187474 -0.026032595558391
0.659479654649035 -0.025073174741783
0.664433323369291 -0.024121037652662
0.669368960122646 -0.023176209217304
0.674286023660907 -0.022238612019501
0.679183974772650 -0.021308173689491
0.684062276342339 -0.020384809466882
0.688920393409233 -0.019468547981558
0.693757793226051 -0.018559868085608
0.698573945317390 -0.017659386413023
0.703368321537900 -0.016767698801167
0.708140396130200 -0.015885429485906
0.712889645782536 -0.015013682045535
0.717615549686163 -0.014153850546927
0.722317589592464 -0.013307279772020
0.726995249869773 -0.012475264119161
0.731648017559930 -0.011658960089916
0.736275382434527 -0.010859393267674
0.740876837050857 -0.010077546623318
0.745451876807570 -0.009314347882510
0.750000000000000 -0.008570708277820
0.754520707875185 -0.007847514231763
0.759013504686565 -0.007145595433529
0.763477897748338 -0.006465740038330
0.767913397489498 -0.005808674033431
0.772319517507513 -0.005175073908882
0.776695774621672 -0.004565560761571
0.781041688926065 -0.003980712037375
0.785356783842216 -0.003421041835876
0.789640586171339 -0.002887021655756
0.793892626146236 -0.002379068885794
0.798112437482808 -0.001897255027705
0.802299557431187 -0.001441048128418
0.806453526826488 -0.001009849705177
0.810573890139155 -0.000603064456921
0.814660195524918 -0.000220105669982
0.818711994874345 0.000139605451592
0.822728843861975 0.000476645033734
0.826710301995052 0.000791585011212
0.830655932661826 0.001084999659234
0.834565303179429 0.001357453458856
0.838437984841330 0.001609511691503
0.842273552964344 0.001841734267540
0.846071586935203 0.002054677019508
0.849831670256683 0.002248892079416
0.853553390593274 0.002424929626808
0.857236339816401 0.002583335646198
0.860880114049181 0.002724652111652
0.864484313710706 0.002849414599204
0.868048543559867 0.002958153498019
0.871572412738697 0.003051399543318
0.875055534815230 0.003129687909413
0.878497527825878 0.003193553376804
0.881898014317321 0.003243508682290
0.885256621387894 0.003280026361614
0.888572980728485 0.003303578432362
0.891846728662920 0.003314769872147
0.895077506187845 0.003314333370606
0.898264959012098 0.003303012934152
0.901408737595557 0.003281686472617
0.904508497187474 0.003251251446707
0.907563897864277 0.003212542553555
0.910574604566852 0.003166327102887
0.913540287137281 0.003113335109039
0.916460620355049 0.003054272408762
0.919335283972712 0.002989810654145
0.922163962751007 0.002920586781163
0.924946346493432 0.002847200540008
0.927682130080253 0.002770220246824
0.930371013501972 0.002690182071727
0.933012701892219 0.002607590918041
0.935606905560095 0.002522920812305
0.938153340021932 0.002436616258568
0.940651726032496 0.002349092919331
0.943101789615607 0.002260737796439
0.945503262094184 0.002171912033409
0.947855880119706 0.002082950169670
0.950159385701097 0.001994160062377
0.952413526233010 0.001905826383157
0.954618054523534 0.001818211005355
0.956772728821300 0.001731552654970
0.958877312841991 0.001646067716195
0.960931575794250 0.001561952813064
0.962935292404997 0.001479384772201
0.964888242944126 0.001398522372398
0.966790213248601 0.001319505867956
0.968640994745946 0.001242457681283
0.970440384477113 0.001167487713820
0.972188185118740 0.001094686197634
0.973884205004793 0.001024133679688
0.975528258147577 0.000955895745826
0.977120164258138 0.000890024796884
0.978659748766034 0.000826563627223
0.980146842838471 0.000765543178670
0.981581283398829 0.000706986380960
0.982962913144534 0.000650906784678
0.984291580564316 0.000597308388438
0.985567139954818 0.000546190003683
0.986789451436580 0.000497544050624
0.987958380969374 0.000451356643952
0.989073800366903 0.000407609074489
0.990135587310861 0.000366278018845
0.991143625364344 0.000327339021339
0.992097803984621 0.000290761122159
0.992998018535252 0.000256515029521
0.993844170297569 0.000224567060018
0.994636166481494 0.000194883967119
0.995373920235722 0.000167431456265
0.996057350657239 0.000142175431673
0.996686382800198 0.000119082813317
0.997260947684137 0.000098121239882
0.997780982301540 0.000079258963294
0.998246429624752 0.000062467673991
0.998657238612229 0.000047719928471
0.999013364214136 0.000034990280719
0.999314767377287 0.000024258203395
0.999561415049429 0.000015503570763
0.999753280182866 0.000008711689892
0.999890341737423 0.000003868788467
0.999972584682756 0.000000966717138
1.000000000000000 0.000000000000000
