1.000000000000000 0.000000000000000
0.999972584682756 0.000010179776388
0.999890341737423 0.000040723608377
0.999753280182866 0.000091612651071
0.999561415049429 0.000162837076878
0.999314767377287 0.000254376675056
0.999013364214136 0.000366187947888
0.998657238612229 0.000498249402500
0.998246429624752 0.000650503400345
0.997780982301540 0.000822907908236
0.997260947684137 0.001015410684092
0.996686382800198 0.001227942891677
0.996057350657239 0.001460438520867
0.995373920235722 0.001712815110610
0.994636166481494 0.001984999587435
0.993844170297569 0.002276902574615
0.992998018535252 0.002588431358334
0.992097803984621 0.002919483551480
0.991143625364344 0.003269953613627
0.990135587310861 0.003639732937329
0.989073800366903 0.004028709937423
0.987958380969374 0.004436750997176
0.986789451436580 0.004863745305872
0.985567139954818 0.005309547508114
0.984291580564316 0.005774022519511
0.982962913144534 0.006257032856630
0.981581283398829 0.006758432413720
0.980146842838472 0.007278066628600
0.978659748766034 0.007815785286919
0.977120164258138 0.008371429985039
0.975528258147577 0.008944828016359
0.973884205004793 0.009535817744316
0.972188185118741 0.010144236082642
0.970440384477113 0.010769899851491
0.968640994745946 0.011412631082074
0.966790213248601 0.012072250865473
0.964888242944126 0.012748585715438
0.962935292404997 0.013441436606738
0.960931575794250 0.014150622747823
0.958877312841991 0.014875950622443
0.956772728821300 0.015617226611002
0.954618054523534 0.016374263293077
0.952413526233010 0.017146861112106
0.950159385701097 0.017934820913944
0.947855880119706 0.018737944107599
0.945503262094184 0.019556032811685
0.943101789615607 0.020388890014389
0.940651726032496 0.021236307583125
0.938153340021932 0.022098084734384
0.935606905560095 0.022974022063612
0.933012701892219 0.023863921703775
0.930371013501972 0.024767575459040
0.927682130080253 0.025684789104461
0.924946346493432 0.026615358419240
0.922163962751008 0.027559081388043
0.919335283972712 0.028515764355601
0.916460620355050 0.029485204537518
0.913540287137281 0.030467207864310
0.910574604566852 0.031461582408278
0.907563897864277 0.032468132720442
0.904508497187474 0.033486662022702
0.901408737595557 0.034516991815593
0.898264959012098 0.035558936366018
0.895077506187845 0.036612250569465
0.891846728662920 0.037676678401910
0.888572980728485 0.038751948229341
0.885256621387895 0.039837782178523
0.881898014317321 0.040933905454906
0.878497527825878 0.042040030422729
0.875055534815230 0.043155862438095
0.871572412738697 0.044281122048164
0.868048543559867 0.045415510267860
0.864484313710706 0.046558731747529
0.860880114049181 0.047710477918894
0.857236339816402 0.048870449760096
0.853553390593274 0.050038340785703
0.849831670256683 0.051213831527983
0.846071586935203 0.052396617447658
0.842273552964344 0.053586375540326
0.838437984841330 0.054782786903686
0.834565303179429 0.055985531406565
0.830655932661826 0.057194282079418
0.826710301995053 0.058408705050557
0.822728843861975 0.059628480189814
0.818711994874345 0.060853263479271
0.814660195524919 0.062082726063994
0.810573890139155 0.063316519483684
0.806453526826488 0.064554320164618
0.802299557431188 0.065795793407834
0.798112437482808 0.067040582511352
0.793892626146237 0.068288291353949
0.789640586171339 0.069538477365974
0.785356783842216 0.070790704880182
0.781041688926065 0.072044540116373
0.776695774621672 0.073299506979033
0.772319517507513 0.074555151031785
0.767913397489498 0.075811004090836
0.763477897748339 0.077066596507625
0.759013504686565 0.078321446934318
0.754520707875186 0.079575091418380
0.750000000000000 0.080827037997433
0.745451876807570 0.082076813853305
0.740876837050858 0.083323917395922
0.736275382434527 0.084567854914230
0.731648017559931 0.085808141356155
0.726995249869773 0.087044278954446
0.722317589592464 0.088275792310678
0.717615549686164 0.089502186274566
0.712889645782536 0.090722977390129
0.708140396130201 0.091937643200859
0.703368321537900 0.093145642623020
0.698573945317390 0.094346428359885
0.693757793226052 0.095539442278115
0.688920393409234 0.096724064366663
0.684062276342339 0.097899520723710
0.679183974772650 0.099065031729050
0.674286023660908 0.100219806016726
0.669368960122646 0.101363063870851
0.664433323369292 0.102494025923815
0.659479654649035 0.103611913684360
0.654508497187474 0.104715948071054
0.649520396128043 0.105805350214537
0.644515898472236 0.106879356804038
0.639495553019615 0.107937211269012
0.634459910307633 0.108978163363527
0.629409522551260 0.110001461441498
0.624344943582428 0.111006352741017
0.619266728789291 0.111992015361678
0.614175435055328 0.112957591446038
0.609071620698271 0.113902232997371
0.603955845408880 0.114825085887120
0.598828670189563 0.115725482507040
0.593690657292862 0.116603492860799
0.588542370159792 0.117459416008264
0.583384373358051 0.118293548809618
0.578217232520115 0.119106204358998
0.573041514281206 0.119897753166503
0.567857786217152 0.120668696470916
0.562666616782152 0.121419582734814
0.557468575246433 0.122150960365406
0.552264231633827 0.122863388383588
0.547054156659257 0.123557418786529
0.541838921666158 0.124233579655751
0.536619098563816 0.124892391283289
0.531395259764657 0.125534389397846
0.526167978121472 0.126160109271071
0.520937826864600 0.126770116660446
0.515705379539064 0.127365006704806
0.510471209941678 0.127945392893222
0.505235892058123 0.128511894554322
0.500000000000000 0.129065128928950
0.494764107941877 0.129605358962705
0.489528790058322 0.130131811836973
0.484294620460936 0.130643539830420
0.479062173135400 0.131139606111447
0.473832021878528 0.131619084145961
0.468604740235343 0.132081050688647
0.463380901436184 0.132524570386857
0.458161078333842 0.132948715857158
0.452945843340743 0.133352574691928
0.447735768366173 0.133735247005075
0.442531424753567 0.134095846410457
0.437333383217848 0.134433486113029
0.432142213782848 0.134747291242705
0.426958485718794 0.135036402997177
0.421782767479885 0.135299983815040
0.416615626641949 0.135537233705561
0.411457629840209 0.135747473127873
0.406309342707138 0.135930071748790
0.401171329810437 0.136084420045237
0.396044154591120 0.136209926400913
0.390928379301729 0.136306109215818
0.385824564944672 0.136373040635450
0.380733271210710 0.136410996534903
0.375655056417573 0.136420260474693
0.370590477448740 0.136401123294792
0.365540089692367 0.136353872542066
0.360504446980385 0.136278745671089
0.355484101527764 0.136175967794228
0.350479603871957 0.136045773149119
0.345491502812526 0.135888404400434
0.340520345350965 0.135704115741233
0.335566676630708 0.135493186285633
0.330631039877354 0.135255906118019
0.325713976339092 0.134992572431604
0.320816025227350 0.134703494681655
0.315937723657661 0.134388981261407
0.311079606590766 0.134049343936177
0.306242206773949 0.133684897498119
0.301426054682610 0.133295967105057
0.296631678462100 0.132882883982660
0.291859603869799 0.132445932535073
0.287110354217464 0.131985335857219
0.282384450313836 0.131501318300294
0.277682410407536 0.130994122513587
0.273004750130227 0.130463993564492
0.268351982440069 0.129911201113427
0.263724617565473 0.129336015666767
0.259123162949143 0.128738729077078
0.254548123192430 0.128119636274417
0.250000000000000 0.127479046864135
0.245479292124815 0.126817280428084
0.240986495313435 0.126134666531122
0.236522102251661 0.125431544660795
0.232086602510502 0.124708264781162
0.227680482492487 0.123965193295991
0.223304225378328 0.123202707871470
0.218958311073935 0.122421195807844
0.214643216157784 0.121621050839433
0.210359413828661 0.120802684137870
0.206107373853763 0.119966499154239
0.201887562517192 0.119112923541154
0.197700442568813 0.118242370690946
0.193546473173512 0.117354711403017
0.189426109860845 0.116449236159670
0.185339804475081 0.115525245921884
0.181288005125655 0.114582104038496
0.177271156138025 0.113619247262312
0.173289698004947 0.112636178217229
0.169344067338174 0.111632468921664
0.165434696820571 0.110607722405940
0.161562015158670 0.109561493238269
0.157726447035656 0.108493306606277
0.153928413064797 0.107402746700859
0.150168329743317 0.106289577535305
0.146446609406726 0.105154489035988
0.142763660183598 0.103998487560137
0.139119885950819 0.102822605025754
0.135515686289294 0.101628013717456
0.131951456440133 0.100416168169581
0.128427587261303 0.099188549596663
0.124944465184770 0.097946596971803
0.121502472174122 0.096691568760695
0.118101985682679 0.095424663379838
0.114743378612105 0.094147074793047
0.111427019271515 0.092860244048479
0.108153271337080 0.091565836127623
0.104922493812155 0.090265481437984
0.101735040987902 0.088960063641779
0.098591262404443 0.087649168168437
0.095491502812526 0.086332327261301
0.092436102135723 0.085008352642401
0.089425395433148 0.083674240750837
0.086459712862719 0.082326943828019
0.083539379644950 0.080963599282891
0.080664716027288 0.079581576996486
0.077836037248993 0.078178413156490
0.075053653506568 0.076752671164538
0.072317869919747 0.075304500560142
0.069628986498028 0.073834298160450
0.066987298107781 0.072343908811542
0.064393094439905 0.070836389652198
0.061846659978068 0.069314683871463
0.059348273967504 0.067781341269352
0.056898210384393 0.066238723233346
0.054496737905816 0.064689501012835
0.052144119880294 0.063136713733123
0.049840614298903 0.061582904708436
0.047586473766990 0.060028636801120
0.045381945476466 0.058473940809373
0.043227271178700 0.056918028006624
0.041122687158010 0.055359555072243
0.039068424205750 0.053797385453658
0.037064707595003 0.052230666092124
0.035111757055874 0.050658628849665
0.033209786751399 0.049080378672832
0.031359005254054 0.047495134264308
0.029559615522887 0.045902205460111
0.027811814881260 0.044300837961764
0.026115794995207 0.042689959794289
0.024471741852423 0.041069095467368
0.022879835741862 0.039439535399221
0.021340251233966 0.037803985168425
0.019853157161529 0.036166974799247
0.018418716601171 0.034533541436212
0.017037086855466 0.032909215512129
0.015708419435685 0.031299878516093
0.014432860045182 0.029711884480543
0.013210548563420 0.028151947407510
0.012041619030626 0.026624677580449
0.010926199633097 0.025131698919856
0.009864412689139 0.023669511236782
0.008856374635656 0.022235285498909
0.007902196015379 0.020827203420289
0.007001981464748 0.019443628929659
0.006155829702431 0.018083198212973
0.005363833518506 0.016744896215023
0.004626079764278 0.015427745144289
0.003942649342761 0.014131065164403
0.003313617199802 0.012854173821249
0.002739052315863 0.011596541666761
0.002219017698460 0.010357672085354
0.001753570375248 0.009137162857903
0.001342761387771 0.007934710677920
0.000986635785864 0.006749888136262
0.000685232622713 0.005582566311239
0.000438584950571 0.004432425813821
0.000246719817134 0.003299268299127
0.000109658262577 0.002182988272218
0.000027415317244 0.001083236440036
0.000000000000000 0.000000000000000
0.000027415317244 -0.001066953084470
0.000109658262577 -0.002117527058618
0.000246719817134 -0.003152032895156
0.000438584950571 -0.004170776585434
0.000685232622713 -0.005179909739823
0.000986635785864 -0.006186813441208
0.001342761387771 -0.007193796463728
0.001753570375248 -0.008201622213181
0.002219017698460 -0.009209966790199
0.002739052315863 -0.010218094630554
0.003313617199802 -0.011224958549520
0.003942649342761 -0.012229195561643
0.004626079764278 -0.013229330601274
0.005363833518506 -0.014223616954643
0.006155829702431 -0.015210108930150
0.007001981464748 -0.016186600245880
0.007902196015379 -0.017150741064746
0.008856374635656 -0.018099668574001
0.009864412689139 -0.019030380475474
0.010926199633097 -0.019939498514472
0.012041619030626 -0.020822841025572
0.013210548563420 -0.021675537634921
0.014432860045182 -0.022494893262968
0.015708419435684 -0.023279850747657
0.017037086855466 -0.024031033061313
0.018418716601171 -0.024749945582174
0.019853157161528 -0.025438724507623
0.021340251233966 -0.026100150269573
0.022879835741862 -0.026738262450420
0.024471741852423 -0.027357747181785
0.026115794995207 -0.027963093225952
0.027811814881259 -0.028558112059423
0.029559615522887 -0.029142031546934
0.031359005254054 -0.029712997665128
0.033209786751399 -0.030269830680202
0.035111757055874 -0.030811625909178
0.037064707595003 -0.031337423308792
0.039068424205750 -0.031846282590475
0.041122687158009 -0.032337388776482
0.043227271178699 -0.032810062518095
0.045381945476466 -0.033263695546007
0.047586473766990 -0.033697766850059
0.049840614298903 -0.034111870415907
0.052144119880293 -0.034505731528220
0.054496737905816 -0.034879227481327
0.056898210384393 -0.035232478569749
0.059348273967504 -0.035565822874248
0.061846659978068 -0.035879765739309
0.064393094439905 -0.036174994708873
0.066987298107781 -0.036452444818206
0.069628986498028 -0.036713418379524
0.072317869919747 -0.036959474974202
0.075053653506568 -0.037192005702137
0.077836037248992 -0.037412240723916
0.080664716027288 -0.037621336054422
0.083539379644950 -0.037819457191348
0.086459712862719 -0.038006516918662
0.089425395433148 -0.038182593794731
0.092436102135723 -0.038348045149542
0.095491502812526 -0.038503321940163
0.098591262404443 -0.038648821309015
0.101735040987902 -0.038784902977711
0.104922493812155 -0.038911948415966
0.108153271337080 -0.039030004574866
0.111427019271514 -0.039138946317104
0.114743378612105 -0.039238676602825
0.118101985682679 -0.039329181171316
0.121502472174122 -0.039410500057249
0.124944465184770 -0.039482700297855
0.128427587261303 -0.039545859617833
0.131951456440133 -0.039600078122612
0.135515686289294 -0.039645490381802
0.139119885950819 -0.039682295770958
0.142763660183598 -0.039710747751532
0.146446609406726 -0.039731132728080
0.150168329743317 -0.039743661601944
0.153928413064796 -0.039748460401591
0.157726447035656 -0.039745673899848
0.161562015158669 -0.039735416459032
0.165434696820571 -0.039717688286728
0.169344067338174 -0.039692482675611
0.173289698004947 -0.039659808437817
0.177271156138025 -0.039619715075805
0.181288005125655 -0.039572282072565
0.185339804475081 -0.039517604625603
0.189426109860845 -0.039455790198128
0.193546473173511 -0.039386953747255
0.197700442568812 -0.039311224277728
0.201887562517192 -0.039228746981022
0.206107373853763 -0.039139693785975
0.210359413828660 -0.039044267516198
0.214643216157784 -0.038942686603349
0.218958311073935 -0.038835188142256
0.223304225378328 -0.038722021544739
0.227680482492486 -0.038603455059218
0.232086602510501 -0.038479770873851
0.236522102251661 -0.038351269083187
0.240986495313435 -0.038218272781344
0.245479292124814 -0.038081122555388
0.250000000000000 -0.037940176923280
0.254548123192429 -0.037795808396925
0.259123162949142 -0.037648383379456
0.263724617565473 -0.037498272574823
0.268351982440069 -0.037345860179729
0.273004750130227 -0.037191549766049
0.277682410407536 -0.037035821411985
0.282384450313836 -0.036879230559149
0.287110354217464 -0.036722351023592
0.291859603869799 -0.036565770124880
0.296631678462100 -0.036409892361969
0.301426054682609 -0.036254755290147
0.306242206773948 -0.036100356440012
0.311079606590766 -0.035946690521915
0.315937723657661 -0.035793692128707
0.320816025227350 -0.035640939126350
0.325713976339092 -0.035487868422636
0.330631039877354 -0.035333902400765
0.335566676630708 -0.035178450742797
0.340520345350965 -0.035020962895714
0.345491502812526 -0.034860951132039
0.350479603871956 -0.034697924279627
0.355484101527764 -0.034531381516489
0.360504446980385 -0.034360806430652
0.365540089692367 -0.034185612348725
0.370590477448739 -0.034005176520262
0.375655056417572 -0.033818865863622
0.380733271210709 -0.033626038998777
0.385824564944672 -0.033426104620128
0.390928379301728 -0.033218640536933
0.396044154591120 -0.033003251521879
0.401171329810437 -0.032779541225635
0.406309342707137 -0.032547121984578
0.411457629840208 -0.032306142771440
0.416615626641949 -0.032057557185195
0.421782767479884 -0.031802400170327
0.426958485718794 -0.031541720582994
0.432142213782848 -0.031276573378554
0.437333383217848 -0.031007938318105
0.442531424753567 -0.030736723972086
0.447735768366173 -0.030463843971868
0.452945843340743 -0.030190220475098
0.458161078333842 -0.029916790901351
0.463380901436184 -0.029644583283714
0.468604740235343 -0.029374685657865
0.473832021878528 -0.029108188903916
0.479062173135400 -0.028846184190156
0.484294620460935 -0.028589723713645
0.489528790058321 -0.028339575805648
0.494764107941877 -0.028096392980252
0.500000000000000 -0.027860826763209
0.505235892058122 -0.027633522457504
0.510471209941678 -0.027414841098989
0.515705379539064 -0.027203874192775
0.520937826864600 -0.026999363869413
0.526167978121472 -0.026800053051712
0.531395259764656 -0.026604684123070
0.536619098563816 -0.026412059580278
0.541838921666157 -0.026221152806337
0.547054156659257 -0.026030968544900
0.552264231633827 -0.025840520217638
0.557468575246433 -0.025648823893344
0.562666616782152 -0.025454852165164
0.567857786217152 -0.025257492153843
0.573041514281206 -0.025055629836811
0.578217232520115 -0.024848162316952
0.583384373358051 -0.024634008630212
0.588542370159791 -0.024412285913478
0.593690657292862 -0.024182315791129
0.598828670189563 -0.023943439797876
0.603955845408879 -0.023695012897947
0.609071620698271 -0.023436524703690
0.614175435055328 -0.023168492174799
0.619266728789290 -0.022891923374688
0.624344943582427 -0.022607823650598
0.629409522551260 -0.022317185511828
0.634459910307633 -0.022020946809967
0.639495553019614 -0.021719908753480
0.644515898472235 -0.021414842194057
0.649520396128043 -0.021106506850894
0.654508497187474 -0.020795653955092
0.659479654649035 -0.020483035496953
0.664433323369291 -0.020169394515592
0.669368960122646 -0.019855468441554
0.674286023660907 -0.019541973984690
0.679183974772650 -0.019229642845368
0.684062276342339 -0.018919257530183
0.688920393409233 -0.018611595515036
0.693757793226051 -0.018307410042987
0.698573945317390 -0.018007365417026
0.703368321537900 -0.017711578145616
0.708140396130200 -0.017419933091407
0.712889645782536 -0.017132319621133
0.717615549686163 -0.016848612845991
0.722317589592464 -0.016568542598773
0.726995249869773 -0.016291723236581
0.731648017559930 -0.016017778851438
0.736275382434527 -0.015746345339218
0.740876837050857 -0.015477107775865
0.745451876807570 -0.015209794661520
0.750000000000000 -0.014944144580426
0.754520707875185 -0.014679907137173
0.759013504686565 -0.014416830384208
0.763477897748338 -0.014154666092762
0.767913397489498 -0.013893176747187
0.772319517507513 -0.013632134631334
0.776695774621672 -0.013371324166028
0.781041688926065 -0.013110547463266
0.785356783842216 -0.012849611742279
0.789640586171339 -0.012588339952262
0.793892626146236 -0.012326568852284
0.798112437482808 -0.012064145364399
0.802299557431187 -0.011800931856353
0.806453526826488 -0.011536932200560
0.810573890139155 -0.011272305530850
0.814660195524918 -0.011007211067569
0.818711994874345 -0.010741810621938
0.822728843861975 -0.010476254187028
0.826710301995052 -0.010210693149478
0.830655932661826 -0.009945273378628
0.834565303179429 -0.009680137655938
0.838437984841330 -0.009415428214286
0.842273552964344 -0.009151286192757
0.846071586935203 -0.008887844905300
0.849831670256683 -0.008625240673950
0.853553390593274 -0.008363600011089
0.857236339816401 -0.008103051530022
0.860880114049181 -0.007843720803782
0.864484313710706 -0.007585725827384
0.868048543559867 -0.007329187244631
0.871572412738697 -0.007074220053452
0.875055534815230 -0.006820936008542
0.878497527825878 -0.006569446051850
0.881898014317321 -0.006319853116315
0.885256621387894 -0.006072258835055
0.888572980728485 -0.005826770174887
0.891846728662920 -0.005583491679724
0.895077506187845 -0.005342512934082
0.898264959012098 -0.005103903593689
0.901408737595557 -0.004867753850077
0.904508497187474 -0.004634434659441
0.907563897864277 -0.004404465522643
0.910574604566852 -0.004178345699152
0.913540287137281 -0.003956552927931
0.916460620355049 -0.003739529111393
0.919335283972712 -0.003527661181357
0.922163962751007 -0.003321298423972
0.924946346493432 -0.003120746831569
0.927682130080253 -0.002926280570680
0.930371013501972 -0.002738133701674
0.933012701892219 -0.002556504793492
0.935606905560095 -0.002381557985904
0.938153340021932 -0.002213425099079
0.940651726032496 -0.002052205288922
0.943101789615607 -0.001897969083220
0.945503262094184 -0.001750754881106
0.947855880119706 -0.001610578161453
0.950159385701097 -0.001477423463498
0.952413526233010 -0.001351253311770
0.954618054523534 -0.001232005773408
0.956772728821300 -0.001119599203786
0.958877312841991 -0.001013927397115
0.960931575794250 -0.000914868420156
0.962935292404997 -0.000822280415310
0.964888242944126 -0.000736007753184
0.966790213248601 -0.000655876588259
0.968640994745946 -0.000581702247115
0.970440384477113 -0.000513286343957
0.972188185118740 -0.000450420173271
0.973884205004793 -0.000392885818427
0.975528258147577 -0.000340455465078
0.977120164258138 -0.000292896599235
0.978659748766034 -0.000249969786265
0.980146842838471 -0.000211431514583
0.981581283398829 -0.000177034445127
0.982962913144534 -0.000146530000879
0.984291580564316 -0.000119668157967
0.985567139954818 -0.000096199966928
0.986789451436580 -0.000075876651580
0.987958380969374 -0.000058452715643
0.989073800366903 -0.000043685789112
0.990135587310861 -0.000031337903666
0.991143625364344 -0.000021176734920
0.992097803984621 -0.000012975675257
0.992998018535252 -0.000006515748734
0.993844170297569 -0.000001585842848
0.994636166481494 0.000002016476611
0.995373920235722 0.000004484108874
0.996057350657239 0.000005999720033
0.996686382800198 0.000006735099800
0.997260947684137 0.000006850605037
0.997780982301540 0.000006494550575
0.998246429624752 0.000005802673287
0.998657238612229 0.000004897728190
0.999013364214136 0.000003889011519
0.999314767377287 0.000002871972279
0.999561415049429 0.000001927917150
0.999753280182866 0.000001123832677
0.999890341737423 0.000000511994688
0.999972584682756 0.000000129874908
1.000000000000000 0.000000000000000
