1.000000000000000 0.000000000000000
0.999972584682756 0.000009789550908
0.999890341737423 0.000039164226619
0.999753280182866 0.000088111026059
0.999561415049429 0.000156635157628
0.999314767377287 0.000244716499030
0.999013364214136 0.000352346782712
0.998657238612229 0.000479517065035
0.998246429624752 0.000626198964347
0.997780982301540 0.000792375561222
0.997260947684137 0.000978022589364
0.996686382800198 0.001183120654660
0.996057350657239 0.001407623970413
0.995373920235722 0.001651497368829
0.994636166481494 0.001914709820444
0.993844170297569 0.002197209322699
0.992998018535252 0.002498947420427
0.992097803984621 0.002819866467828
0.991143625364344 0.003159905486472
0.990135587310861 0.003518993600216
0.989073800366903 0.003897062046956
0.987958380969374 0.004294018995900
0.986789451436580 0.004709786294107
0.985567139954818 0.005144255690139
0.984291580564316 0.005597325529222
0.982962913144534 0.006068881717458
0.981581283398829 0.006558797256421
0.980146842838472 0.007066937933289
0.978659748766034 0.007593161808734
0.977120164258138 0.008137300236323
0.975528258147577 0.008699188150362
0.973884205004793 0.009278651179439
0.972188185118741 0.009875492830243
0.970440384477113 0.010489494012401
0.968640994745946 0.011120449210004
0.966790213248601 0.011768110834274
0.964888242944126 0.012432225424291
0.962935292404997 0.013112526932373
0.960931575794250 0.013808730081672
0.958877312841991 0.014520535895083
0.956772728821300 0.015247619036301
0.954618054523534 0.015989645435878
0.952413526233010 0.016746259605021
0.950159385701097 0.017517078220194
0.947855880119706 0.018301713486132
0.945503262094184 0.019099736860716
0.943101789615607 0.019910720203296
0.940651726032496 0.020734205514257
0.938153340021932 0.021569704618415
0.935606905560095 0.022416722233675
0.933012701892219 0.023274720446256
0.930371013501972 0.024143164742545
0.927682130080253 0.025021471264751
0.924946346493432 0.025909053264094
0.922163962751008 0.026805280795434
0.919335283972712 0.027709519366449
0.916460620355050 0.028621087368445
0.913540287137281 0.029539298504081
0.910574604566852 0.030463436503916
0.907563897864277 0.031392773802531
0.904508497187474 0.032326533962252
0.901408737595557 0.033263873630622
0.898264959012098 0.034203989066184
0.895077506187845 0.035146390206023
0.891846728662920 0.036090727031242
0.888572980728485 0.037036688543959
0.885256621387895 0.037984043723626
0.881898014317321 0.038932588685488
0.878497527825878 0.039882124086331
0.875055534815230 0.040832454736429
0.871572412738697 0.041783404347068
0.868048543559867 0.042734825709674
0.864484313710706 0.043686592390053
0.860880114049181 0.044638587905401
0.857236339816402 0.045590729961529
0.853553390593274 0.046542946798603
0.849831670256683 0.047495191689973
0.846071586935203 0.048447429877543
0.842273552964344 0.049399661144063
0.838437984841330 0.050351897974792
0.834565303179429 0.051304178280329
0.830655932661826 0.052256571633961
0.826710301995053 0.053209155351768
0.822728843861975 0.054162027723477
0.818711994874345 0.055115298576293
0.814660195524919 0.056069099621969
0.810573890139155 0.057023613398278
0.806453526826488 0.057979083324396
0.802299557431188 0.058935780692416
0.798112437482808 0.059893933791873
0.793892626146237 0.060853370043524
0.789640586171339 0.061813760803148
0.785356783842216 0.062774762780933
0.781041688926065 0.063736010748717
0.776695774621672 0.064697057535575
0.772319517507513 0.065657442279026
0.767913397489498 0.066616695023024
0.763477897748339 0.067574355132989
0.759013504686565 0.068529972572553
0.754520707875186 0.069483085923180
0.750000000000000 0.070433226272653
0.745451876807570 0.071379938318790
0.740876837050858 0.072322749861251
0.736275382434527 0.073261193156438
0.731648017559931 0.074194792577529
0.726995249869773 0.075123043744880
0.722317589592464 0.076045423268587
0.717615549686164 0.076961403701172
0.712889645782536 0.077870452701112
0.708140396130201 0.078772108797250
0.703368321537900 0.079666010113296
0.698573945317390 0.080551799543353
0.693757793226052 0.081429125478082
0.688920393409234 0.082297770239484
0.684062276342339 0.083157968016842
0.679183974772650 0.084010035568183
0.674286023660908 0.084854305326656
0.669368960122646 0.085691130811977
0.664433323369292 0.086520828128702
0.659479654649035 0.087343707983549
0.654508497187474 0.088160084507294
0.649520396128043 0.088970293461227
0.644515898472236 0.089774676951032
0.639495553019615 0.090573575401170
0.634459910307633 0.091367342280581
0.629409522551260 0.092156344861712
0.624344943582428 0.092940963069529
0.619266728789291 0.093721635232433
0.614175435055328 0.094498882346985
0.609071620698271 0.095273236509761
0.603955845408880 0.096045240313136
0.598828670189563 0.096815356319374
0.593690657292862 0.097583263877194
0.588542370159792 0.098348191684881
0.583384373358051 0.099109353292949
0.578217232520115 0.099865968749237
0.573041514281206 0.100617219357729
0.567857786217152 0.101362148217719
0.562666616782152 0.102099746163740
0.557468575246433 0.102829003702964
0.552264231633827 0.103548905120128
0.547054156659257 0.104258449783283
0.541838921666158 0.104956680626831
0.536619098563816 0.105642661015177
0.531395259764657 0.106315452797677
0.526167978121472 0.106974122284638
0.520937826864600 0.107617731075623
0.515705379539064 0.108245290729312
0.510471209941678 0.108855815140201
0.505235892058123 0.109448322048692
0.500000000000000 0.110021840171549
0.494764107941877 0.110575677995358
0.489528790058322 0.111110185955698
0.484294620460936 0.111625962126287
0.479062173135400 0.112123609419688
0.473832021878528 0.112603736292590
0.468604740235343 0.113066960219912
0.463380901436184 0.113513942249062
0.458161078333842 0.113945353719414
0.452945843340743 0.114361869145783
0.447735768366173 0.114764160764054
0.442531424753567 0.115152909567054
0.437333383217848 0.115528819131588
0.432142213782848 0.115892600780701
0.426958485718794 0.116244963314039
0.421782767479885 0.116586611571766
0.416615626641949 0.116918220264596
0.411457629840209 0.117240320572850
0.406309342707138 0.117553400088408
0.401171329810437 0.117857943697365
0.396044154591120 0.118154432447259
0.390928379301729 0.118443074431541
0.385824564944672 0.118722796054586
0.380733271210710 0.118992170711679
0.375655056417573 0.119249797005330
0.370590477448740 0.119494301923444
0.365540089692367 0.119724367378043
0.360504446980385 0.119938795070115
0.355484101527764 0.120136441448027
0.350479603871957 0.120316191189786
0.345491502812526 0.120476961437895
0.340520345350965 0.120617694827630
0.335566676630708 0.120737345058066
0.330631039877354 0.120834896166635
0.325713976339092 0.120909367973865
0.320816025227350 0.120959815104498
0.315937723657661 0.120985319108449
0.311079606590766 0.120984981047085
0.306242206773949 0.120957937472764
0.301426054682610 0.120903361840733
0.296631678462100 0.120820522593784
0.291859603869799 0.120709496469636
0.287110354217464 0.120570929419718
0.282384450313836 0.120405481765978
0.277682410407536 0.120213810517398
0.273004750130227 0.119996583538526
0.268351982440069 0.119754497764703
0.263724617565473 0.119488256132032
0.259123162949143 0.119198561289650
0.254548123192430 0.118886113522522
0.250000000000000 0.118551610823107
0.245479292124815 0.118195756422177
0.240986495313435 0.117819246431035
0.236522102251661 0.117422777522720
0.232086602510502 0.117007025324560
0.227680482492487 0.116572621067824
0.223304225378328 0.116120188323385
0.218958311073935 0.115650350160802
0.214643216157784 0.115163755824354
0.210359413828661 0.114661215188949
0.206107373853763 0.114143588072692
0.201887562517192 0.113611727061026
0.197700442568813 0.113066245481470
0.193546473173512 0.112505676218043
0.189426109860845 0.111927493571784
0.185339804475081 0.111329284203690
0.181288005125655 0.110708752268267
0.177271156138025 0.110063572761822
0.173289698004947 0.109391449333702
0.169344067338174 0.108690211915936
0.165434696820571 0.107957778586952
0.161562015158670 0.107191944099474
0.157726447035656 0.106390506613368
0.153928413064797 0.105551387098646
0.150168329743317 0.104673150941371
0.146446609406726 0.103756269871691
0.142763660183598 0.102801589206083
0.139119885950819 0.101809987448428
0.135515686289294 0.100783074848189
0.131951456440133 0.099723253397810
0.128427587261303 0.098632940101990
0.124944465184770 0.097514408929529
0.121502472174122 0.096369600575151
0.118101985682679 0.095200351376154
0.114743378612105 0.094008490563509
0.111427019271515 0.092796059194666
0.108153271337080 0.091565235947568
0.104922493812155 0.090318129732394
0.101735040987902 0.089056192773530
0.098591262404443 0.087780127937943
0.095491502812526 0.086490613092898
0.092436102135723 0.085186986890037
0.089425395433148 0.083866740439728
0.086459712862719 0.082527397626389
0.083539379644950 0.081166727322361
0.080664716027288 0.079782769967174
0.077836037248993 0.078373711136009
0.075053653506568 0.076938356264304
0.072317869919747 0.075476018397810
0.069628986498028 0.073986326661997
0.066987298107781 0.072470468266267
0.064393094439905 0.070930267958426
0.061846659978068 0.069367469335594
0.059348273967504 0.067783717201493
0.056898210384393 0.066180660289982
0.054496737905816 0.064560268711502
0.052144119880294 0.062924594592668
0.049840614298903 0.061275591892429
0.047586473766990 0.059615003500068
0.045381945476466 0.057944344996951
0.043227271178700 0.056264430165235
0.041122687158010 0.054575944975420
0.039068424205750 0.052879464427605
0.037064707595003 0.051175547597945
0.035111757055874 0.049464453826309
0.033209786751399 0.047746448296390
0.031359005254054 0.046021514132988
0.029559615522887 0.044289587108971
0.027811814881260 0.042550380009022
0.026115794995207 0.040803384757078
0.024471741852423 0.039047924759959
0.022879835741862 0.037286577238554
0.021340251233966 0.035525779949952
0.019853157161529 0.033773899146619
0.018418716601171 0.032040145300619
0.017037086855466 0.030334065915441
0.015708419435685 0.028664511792628
0.014432860045182 0.027039942807585
0.013210548563420 0.025467602919005
0.012041619030626 0.023950102885712
0.010926199633097 0.022484552127295
0.009864412689139 0.021063984511621
0.008856374635656 0.019684028769533
0.007902196015379 0.018341663732231
0.007001981464748 0.017034362826351
0.006155829702431 0.015760163676301
0.005363833518506 0.014517541496261
0.004626079764278 0.013305275609185
0.003942649342761 0.012122332270361
0.003313617199802 0.010967823207930
0.002739052315863 0.009841083313786
0.002219017698460 0.008741457108300
0.001753570375248 0.007668485968737
0.001342761387771 0.006621658709811
0.000986635785864 0.005600660412247
0.000685232622713 0.004605096942431
0.000438584950571 0.003634667204588
0.000246719817134 0.002689244474515
0.000109658262577 0.001768348959177
0.000027415317244 0.000871975160634
0.000000000000000 0.000000000000000
0.000027415317244 -0.000848081706258
0.000109658262577 -0.001671847590929
0.000246719817134 -0.002472047826619
0.000438584950571 -0.003248464669828
0.000685232622713 -0.004001298480039
0.000986635785864 -0.004730459900266
0.001342761387771 -0.005437352733775
0.001753570375248 -0.006126804851367
0.002219017698460 -0.006804150801341
0.002739052315863 -0.007471972290724
0.003313617199802 -0.008131777544133
0.003942649342761 -0.008784444838675
0.004626079764278 -0.009430486413577
0.005363833518506 -0.010070049760785
0.006155829702431 -0.010703247689654
0.007001981464748 -0.011329958942886
0.007902196015379 -0.011949970727467
0.008856374635656 -0.012562985350932
0.009864412689139 -0.013168528082718
0.010926199633097 -0.013766106681200
0.012041619030626 -0.014355035615317
0.013210548563420 -0.014934543851407
0.014432860045182 -0.015503195082224
0.015708419435684 -0.016059017773681
0.017037086855466 -0.016599034327937
0.018418716601171 -0.017120796676553
0.019853157161528 -0.017622726967879
0.021340251233966 -0.018104004830903
0.022879835741862 -0.018564634455870
0.024471741852423 -0.019006065336988
0.026115794995207 -0.019430536544180
0.027811814881259 -0.019839910680656
0.029559615522887 -0.020235515364972
0.031359005254054 -0.020616790635331
0.033209786751399 -0.020983121717113
0.035111757055874 -0.021334421066643
0.037064707595003 -0.021670770592095
0.039068424205750 -0.021992291344712
0.041122687158009 -0.022299279272880
0.043227271178699 -0.022592196195132
0.045381945476466 -0.022871728851734
0.047586473766990 -0.023138772449129
0.049840614298903 -0.023394414642070
0.052144119880293 -0.023639762889673
0.054496737905816 -0.023876005665745
0.056898210384393 -0.024103843983026
0.059348273967504 -0.024323885946942
0.061846659978068 -0.024537017248948
0.064393094439905 -0.024744393664645
0.066987298107781 -0.024947354345521
0.069628986498028 -0.025147421377912
0.072317869919747 -0.025346352722536
0.075053653506568 -0.025546221372359
0.077836037248992 -0.025749185325695
0.080664716027288 -0.025955001965560
0.083539379644950 -0.026161396156804
0.086459712862719 -0.026365839046198
0.089425395433148 -0.026565615054980
0.092436102135723 -0.026757771284747
0.095491502812526 -0.026938826033137
0.098591262404443 -0.027104770533123
0.101735040987902 -0.027251777731208
0.104922493812155 -0.027378409438325
0.108153271337080 -0.027484082397008
0.111427019271514 -0.027568614617282
0.114743378612105 -0.027632848556638
0.118101985682679 -0.027677909143382
0.121502472174122 -0.027704944001652
0.124944465184770 -0.027715039363104
0.128427587261303 -0.027709389763261
0.131951456440133 -0.027689314673736
0.135515686289294 -0.027656259748627
0.139119885950819 -0.027611805459025
0.142763660183598 -0.027557800014723
0.146446609406726 -0.027496450562588
0.150168329743317 -0.027430140180750
0.153928413064796 -0.027360323919557
0.157726447035656 -0.027285887442646
0.161562015158669 -0.027205253697230
0.165434696820571 -0.027116694407460
0.169344067338174 -0.027018031437648
0.173289698004947 -0.026906852516730
0.177271156138025 -0.026780624247712
0.181288005125655 -0.026636618791674
0.185339804475081 -0.026471909953488
0.189426109860845 -0.026283438842597
0.193546473173511 -0.026068209740805
0.197700442568812 -0.025823859212552
0.201887562517192 -0.025548109388273
0.206107373853763 -0.025238651551271
0.210359413828660 -0.024895171244003
0.214643216157784 -0.024520088857989
0.218958311073935 -0.024116161625560
0.223304225378328 -0.023686289055417
0.227680482492486 -0.023233172205745
0.232086602510501 -0.022759428150717
0.236522102251661 -0.022267803503729
0.240986495313435 -0.021761209857645
0.245479292124814 -0.021242821990391
0.250000000000000 -0.020716012745537
0.254548123192429 -0.020184293240865
0.259123162949142 -0.019651278229022
0.263724617565473 -0.019120533125189
0.268351982440069 -0.018595665891910
0.273004750130227 -0.018080388628116
0.277682410407536 -0.017578570758399
0.282384450313836 -0.017094724862819
0.287110354217464 -0.016633767184435
0.291859603869799 -0.016200723243782
0.296631678462100 -0.015800617622661
0.301426054682609 -0.015436101983110
0.306242206773948 -0.015107419839727
0.311079606590766 -0.014814695935523
0.315937723657661 -0.014558043655271
0.320816025227350 -0.014336966969745
0.325713976339092 -0.014149438101920
0.330631039877354 -0.013993134882102
0.335566676630708 -0.013865669206809
0.340520345350965 -0.013764622716609
0.345491502812526 -0.013687882048505
0.350479603871956 -0.013633495630502
0.355484101527764 -0.013599464193437
0.360504446980385 -0.013583737649587
0.365540089692367 -0.013584129548749
0.370590477448739 -0.013598163961925
0.375655056417572 -0.013623273030143
0.380733271210709 -0.013656838882551
0.385824564944672 -0.013696214839053
0.390928379301728 -0.013739176649127
0.396044154591120 -0.013783960911654
0.401171329810437 -0.013828801971035
0.406309342707137 -0.013871910754409
0.411457629840208 -0.013911668212070
0.416615626641949 -0.013948094559568
0.421782767479884 -0.013982059441290
0.426958485718794 -0.014014450016433
0.432142213782848 -0.014046163246635
0.437333383217848 -0.014078039783548
0.442531424753567 -0.014110645914739
0.447735768366173 -0.014144475655978
0.452945843340743 -0.014180026040344
0.458161078333842 -0.014217796929882
0.463380901436184 -0.014258340621128
0.468604740235343 -0.014302339829283
0.473832021878528 -0.014350499666333
0.479062173135400 -0.014403526063870
0.484294620460935 -0.014462123096902
0.489528790058321 -0.014526851451072
0.494764107941877 -0.014598032847182
0.500000000000000 -0.014675965128925
0.505235892058122 -0.014760942893012
0.510471209941678 -0.014853242073711
0.515705379539064 -0.014952689235988
0.520937826864600 -0.015058610975106
0.526167978121472 -0.015170306612969
0.531395259764656 -0.015287074644479
0.536619098563816 -0.015408219590003
0.541838921666157 -0.015533130626903
0.547054156659257 -0.015661258040310
0.552264231633827 -0.015792056802922
0.557468575246433 -0.015924981361624
0.562666616782152 -0.016059486414774
0.567857786217152 -0.016195000380782
0.573041514281206 -0.016330945928613
0.578217232520115 -0.016466747805809
0.583384373358051 -0.016601837580820
0.588542370159791 -0.016735656327806
0.593690657292862 -0.016867668973339
0.598828670189563 -0.016997349706361
0.603955845408879 -0.017124180199378
0.609071620698271 -0.017247651508575
0.614175435055328 -0.017367276229106
0.619266728789290 -0.017482598037892
0.624344943582427 -0.017593171838207
0.629409522551260 -0.017698561257368
0.634459910307633 -0.017798338889418
0.639495553019614 -0.017892080525160
0.644515898472235 -0.017979368703980
0.649520396128043 -0.018059796616639
0.654508497187474 -0.018132969291461
0.659479654649035 -0.018198509270234
0.664433323369291 -0.018256065160571
0.669368960122646 -0.018305300231313
0.674286023660907 -0.018345888988174
0.679183974772650 -0.018377513842432
0.684062276342339 -0.018399820909547
0.688920393409233 -0.018412446374882
0.693757793226051 -0.018415041387137
0.698573945317390 -0.018407281685812
0.703368321537900 -0.018389151536306
0.708140396130200 -0.018360993870373
0.712889645782536 -0.018323170837169
0.717615549686163 -0.018276041887393
0.722317589592464 -0.018220009199170
0.726995249869773 -0.018155564879609
0.731648017559930 -0.018083204946082
0.736275382434527 -0.018003417384292
0.740876837050857 -0.017916671897359
0.745451876807570 -0.017823404469511
0.750000000000000 -0.017724038923062
0.754520707875185 -0.017618991598879
0.759013504686565 -0.017508671567724
0.763477897748338 -0.017393483311871
0.767913397489498 -0.017273823678901
0.772319517507513 -0.017150080123838
0.776695774621672 -0.017022635599885
0.781041688926065 -0.016891869463936
0.785356783842216 -0.016758153209255
0.789640586171339 -0.016621842857507
0.793892626146236 -0.016483252085368
0.798112437482808 -0.016342663992648
0.802299557431187 -0.016200352224103
0.806453526826488 -0.016056439695049
0.810573890139155 -0.015910622715871
0.814660195524918 -0.015762538001461
0.818711994874345 -0.015611848548725
0.822728843861975 -0.015458263474454
0.826710301995052 -0.015301532232364
0.830655932661826 -0.015141423495719
0.834565303179429 -0.014977722039614
0.838437984841330 -0.014810225864133
0.842273552964344 -0.014638755324049
0.846071586935203 -0.014463150106111
0.849831670256683 -0.014283273801159
0.853553390593274 -0.014099008410483
0.857236339816401 -0.013910259124870
0.860880114049181 -0.013716945744830
0.864484313710706 -0.013519011149433
0.868048543559867 -0.013316414970142
0.871572412738697 -0.013109135412557
0.875055534815230 -0.012897172660095
0.878497527825878 -0.012680539387159
0.881898014317321 -0.012459271146576
0.885256621387894 -0.012233417380231
0.888572980728485 -0.012003045953777
0.891846728662920 -0.011768240154132
0.895077506187845 -0.011529099948898
0.898264959012098 -0.011285741538903
0.901408737595557 -0.011038300521354
0.904508497187474 -0.010787030636586
0.907563897864277 -0.010532348411568
0.910574604566852 -0.010274675913586
0.913540287137281 -0.010014423616184
0.916460620355049 -0.009751994973860
0.919335283972712 -0.009487778385253
0.922163962751007 -0.009222157286174
0.924946346493432 -0.008955502998401
0.927682130080253 -0.008688179986500
0.930371013501972 -0.008420543093834
0.933012701892219 -0.008152933275819
0.935606905560095 -0.007885688987522
0.938153340021932 -0.007619133394376
0.940651726032496 -0.007353584076828
0.943101789615607 -0.007089350646970
0.945503262094184 -0.006826732828881
0.947855880119706 -0.006566016040206
0.950159385701097 -0.006307484903121
0.952413526233010 -0.006051412663971
0.954618054523534 -0.005798063224113
0.956772728821300 -0.005547693006962
0.958877312841991 -0.005300545374600
0.960931575794250 -0.005056865270350
0.962935292404997 -0.004816881582164
0.964888242944126 -0.004580817481889
0.966790213248601 -0.004348888463454
0.968640994745946 -0.004121301177703
0.970440384477113 -0.003898258583250
0.972188185118740 -0.003679951680503
0.973884205004793 -0.003466565818825
0.975528258147577 -0.003258279459211
0.977120164258138 -0.003055262374356
0.978659748766034 -0.002857680786497
0.980146842838471 -0.002665690978609
0.981581283398829 -0.002479440900746
0.982962913144534 -0.002299078191157
0.984291580564316 -0.002124737983013
0.985567139954818 -0.001956552573732
0.986789451436580 -0.001794642415546
0.987958380969374 -0.001639131301996
0.989073800366903 -0.001490130581002
0.990135587310861 -0.001347742566066
0.991143625364344 -0.001212071013735
0.992097803984621 -0.001083208881364
0.992998018535252 -0.000961246634740
0.993844170297569 -0.000846266536360
0.994636166481494 -0.000738349425282
0.995373920235722 -0.000637563503690
0.996057350657239 -0.000543978533524
0.996686382800198 -0.000457655079116
0.997260947684137 -0.000378652380657
0.997780982301540 -0.000307017304254
0.998246429624752 -0.000242801408073
0.998657238612229 -0.000186042532724
0.999013364214136 -0.000136777872416
0.999314767377287 -0.000095039577356
0.999561415049429 -0.000060853024240
0.999753280182866 -0.000034243769097
0.999890341737423 -0.000015223162748
0.999972584682756 -0.000003806277247
1.000000000000000 0.000000000000000
