1.000000000000000 0.000000000000000
0.999972584682756 0.000006673872223
0.999890341737423 0.000026699021224
0.999753280182866 0.000060068630343
0.999561415049429 0.000106778594310
0.999314767377287 0.000166805759992
0.999013364214136 0.000240151448242
0.998657238612229 0.000326789235455
0.998246429624752 0.000426695423492
0.997780982301540 0.000539853383998
0.997260947684137 0.000666231822081
0.996686382800198 0.000805802175084
0.996057350657239 0.000958529925912
0.995373920235722 0.001124378955520
0.994636166481494 0.001303311547370
0.993844170297569 0.001495279724778
0.992998018535252 0.001700242605280
0.992097803984621 0.001918149067610
0.991143625364344 0.002148946435695
0.990135587310861 0.002392580485566
0.989073800366903 0.002648991134193
0.987958380969374 0.002918116778420
0.986789451436580 0.003199898613372
0.985567139954818 0.003494263394803
0.984291580564316 0.003801140716417
0.982962913144534 0.004120462999022
0.981581283398829 0.004452148303710
0.980146842838472 0.004796121852429
0.978659748766034 0.005152298856496
0.977120164258138 0.005520593132889
0.975528258147577 0.005900921389368
0.973884205004793 0.006293190405083
0.972188185118741 0.006697305620838
0.970440384477113 0.007113175408654
0.968640994745946 0.007540694052216
0.966790213248601 0.007979767316695
0.964888242944126 0.008430286940876
0.962935292404997 0.008892147671739
0.960931575794250 0.009365243021779
0.958877312841991 0.009849452627724
0.956772728821300 0.010344671848204
0.954618054523534 0.010850778005836
0.952413526233010 0.011367647332738
0.950159385701097 0.011895171746094
0.947855880119706 0.012433212714745
0.945503262094184 0.012981651630552
0.943101789615607 0.013540356304698
0.940651726032496 0.014109197735349
0.938153340021932 0.014688041786561
0.935606905560095 0.015276753389405
0.933012701892219 0.015875192428828
0.930371013501972 0.016483222053454
0.927682130080253 0.017100696308577
0.924946346493432 0.017727472561785
0.922163962751008 0.018363411477669
0.919335283972712 0.019008356561554
0.916460620355050 0.019662158828806
0.913540287137281 0.020324668598499
0.910574604566852 0.020995735515448
0.907563897864277 0.021675200479246
0.904508497187474 0.022362903841604
0.901408737595557 0.023058693479865
0.898264959012098 0.023762408658254
0.895077506187845 0.024473880157917
0.891846728662920 0.025192954364647
0.888572980728485 0.025919461225237
0.885256621387895 0.026653234342826
0.881898014317321 0.027394106989346
0.878497527825878 0.028141908185334
0.875055534815230 0.028896474586921
0.871572412738697 0.029657626859630
0.868048543559867 0.030425201227199
0.864484313710706 0.031199018070164
0.860880114049181 0.031978901629484
0.857236339816402 0.032764679972935
0.853553390593274 0.033556177239467
0.849831670256683 0.034353213731451
0.846071586935203 0.035155613669214
0.842273552964344 0.035963193691559
0.838437984841330 0.036775782061378
0.834565303179429 0.037593188159171
0.830655932661826 0.038415240657157
0.826710301995053 0.039241753296165
0.822728843861975 0.040072543910660
0.818711994874345 0.040907434325844
0.814660195524919 0.041746235504456
0.810573890139155 0.042588770110449
0.806453526826488 0.043434854156011
0.802299557431188 0.044284304354267
0.798112437482808 0.045136934548601
0.793892626146237 0.045992577452997
0.789640586171339 0.046851075808441
0.785356783842216 0.047712282869150
0.781041688926065 0.048576042988704
0.776695774621672 0.049442209739201
0.772319517507513 0.050310635094641
0.767913397489498 0.051181173123455
0.763477897748339 0.052053683372731
0.759013504686565 0.052928019731622
0.754520707875186 0.053804038104811
0.750000000000000 0.054681600075351
0.745451876807570 0.055560566958191
0.740876837050858 0.056440805015867
0.736275382434527 0.057322186716406
0.731648017559931 0.058204579932460
0.726995249869773 0.059087857777203
0.722317589592464 0.059971875395389
0.717615549686164 0.060856495274151
0.712889645782536 0.061741578415357
0.708140396130201 0.062627002990515
0.703368321537900 0.063512684985602
0.698573945317390 0.064398566677056
0.693757793226052 0.065284577236848
0.688920393409234 0.066170672571567
0.684062276342339 0.067056885201564
0.679183974772650 0.067943289061255
0.674286023660908 0.068829964596685
0.669368960122646 0.069716998241048
0.664433323369292 0.070604482599634
0.659479654649035 0.071492494812390
0.654508497187474 0.072381123383747
0.649520396128043 0.073270461992886
0.644515898472236 0.074160610743072
0.639495553019615 0.075051655483422
0.634459910307633 0.075943689929098
0.629409522551260 0.076836808815137
0.624344943582428 0.077731114514877
0.619266728789291 0.078626735860287
0.614175435055328 0.079523851131269
0.609071620698271 0.080422647010221
0.603955845408880 0.081323314499269
0.598828670189563 0.082225998229157
0.593690657292862 0.083130179003335
0.588542370159792 0.084034832771394
0.583384373358051 0.084938927836044
0.578217232520115 0.085841414357155
0.573041514281206 0.086741230617588
0.567857786217152 0.087637235155964
0.562666616782152 0.088528259963847
0.557468575246433 0.089413132671613
0.552264231633827 0.090290675163486
0.547054156659257 0.091159715909783
0.541838921666158 0.092019108146216
0.536619098563816 0.092867705539030
0.531395259764657 0.093704373015168
0.526167978121472 0.094527968907342
0.520937826864600 0.095337361115211
0.515705379539064 0.096131393708053
0.510471209941678 0.096908916191449
0.505235892058123 0.097668787265911
0.500000000000000 0.098409879221603
0.494764107941877 0.099131347775425
0.489528790058322 0.099833035831888
0.484294620460936 0.100514895083671
0.479062173135400 0.101176885668523
0.473832021878528 0.101818972314934
0.468604740235343 0.102441141949771
0.463380901436184 0.103043399214847
0.458161078333842 0.103625766440798
0.452945843340743 0.104188266993132
0.447735768366173 0.104730933884334
0.442531424753567 0.105253807249771
0.437333383217848 0.105756932183445
0.432142213782848 0.106240359909492
0.426958485718794 0.106704151714992
0.421782767479885 0.107148372275614
0.416615626641949 0.107573084977262
0.411457629840209 0.107978339045135
0.406309342707138 0.108364190210287
0.401171329810437 0.108730700693509
0.396044154591120 0.109077939124488
0.390928379301729 0.109405838988949
0.385824564944672 0.109714116195790
0.380733271210710 0.110002478429639
0.375655056417573 0.110270644551266
0.370590477448740 0.110518350875471
0.365540089692367 0.110745359390291
0.360504446980385 0.110951464332589
0.355484101527764 0.111136474373123
0.350479603871957 0.111300212016104
0.345491502812526 0.111442514679087
0.340520345350965 0.111563224786887
0.335566676630708 0.111662193870605
0.330631039877354 0.111739287793841
0.325713976339092 0.111794387135674
0.320816025227350 0.111827394925968
0.315937723657661 0.111838269707839
0.311079606590766 0.111827000681539
0.306242206773949 0.111793590921631
0.301426054682610 0.111738056469641
0.296631678462100 0.111660233935691
0.291859603869799 0.111559521497073
0.287110354217464 0.111435281128729
0.282384450313836 0.111286909401742
0.277682410407536 0.111113832089415
0.273004750130227 0.110915461543635
0.268351982440069 0.110691207452787
0.263724617565473 0.110440514971926
0.259123162949143 0.110162865139738
0.254548123192430 0.109857771753006
0.250000000000000 0.109524771301389
0.245479292124815 0.109163434355829
0.240986495313435 0.108773365659825
0.236522102251661 0.108354214112079
0.232086602510502 0.107905707872501
0.227680482492487 0.107427627196561
0.223304225378328 0.106919781389486
0.218958311073935 0.106382004474080
0.214643216157784 0.105813985744951
0.210359413828661 0.105215330523436
0.206107373853763 0.104585672519066
0.201887562517192 0.103924754456195
0.197700442568813 0.103233516801067
0.193546473173512 0.102513939907822
0.189426109860845 0.101767987903624
0.185339804475081 0.100997620497493
0.181288005125655 0.100205063085921
0.177271156138025 0.099392712147410
0.173289698004947 0.098562913948546
0.169344067338174 0.097717981035208
0.165434696820571 0.096860436464836
0.161562015158670 0.095992823780081
0.157726447035656 0.095117607709719
0.153928413064797 0.094236526988212
0.150168329743317 0.093349634303594
0.146446609406726 0.092456744528092
0.142763660183598 0.091557570825490
0.139119885950819 0.090649659920769
0.135515686289294 0.089728972850983
0.131951456440133 0.088791656985096
0.128427587261303 0.087834274551263
0.124944465184770 0.086854041678277
0.121502472174122 0.085848416434781
0.118101985682679 0.084815001097667
0.114743378612105 0.083751428728238
0.111427019271515 0.082655415347874
0.108153271337080 0.081524797234474
0.104922493812155 0.080357481312691
0.101735040987902 0.079151396737020
0.098591262404443 0.077904894848656
0.095491502812526 0.076620718812849
0.092436102135723 0.075304727917783
0.089425395433148 0.073962710036217
0.086459712862719 0.072600397061239
0.083539379644950 0.071223433399896
0.080664716027288 0.069837306250948
0.077836037248993 0.068447348080434
0.075053653506568 0.067058672039721
0.072317869919747 0.065674638213543
0.069628986498028 0.064295844321069
0.066987298107781 0.062922634781372
0.064393094439905 0.061555243172868
0.061846659978068 0.060193870456893
0.059348273967504 0.058838811540798
0.056898210384393 0.057490477964563
0.054496737905816 0.056149394214784
0.052144119880294 0.054816308196836
0.049840614298903 0.053492047114388
0.047586473766990 0.052175950676091
0.045381945476466 0.050865817133504
0.043227271178700 0.049559539991873
0.041122687158010 0.048254947585507
0.039068424205750 0.046950067234187
0.037064707595003 0.045643154689569
0.035111757055874 0.044332630550449
0.033209786751399 0.043017002655660
0.031359005254054 0.041694855283227
0.029559615522887 0.040364906610065
0.027811814881260 0.039025940639758
0.026115794995207 0.037676598824477
0.024471741852423 0.036315743292103
0.022879835741862 0.034943601483151
0.021340251233966 0.033561354364976
0.019853157161529 0.032171586034457
0.018418716601171 0.030777689036549
0.017037086855466 0.029383919982894
0.015708419435685 0.027995021373970
0.014432860045182 0.026616351379289
0.013210548563420 0.025254171374046
0.012041619030626 0.023912648279399
0.010926199633097 0.022593227113518
0.009864412689139 0.021294871611365
0.008856374635656 0.020016209642008
0.007902196015379 0.018756631693540
0.007001981464748 0.017515594105251
0.006155829702431 0.016292690188245
0.005363833518506 0.015087531884779
0.004626079764278 0.013899853796730
0.003942649342761 0.012729522051471
0.003313617199802 0.011576309880446
0.002739052315863 0.010440097207414
0.002219017698460 0.009320777931278
0.001753570375248 0.008218308977663
0.001342761387771 0.007132585894421
0.000986635785864 0.006063658239022
0.000685232622713 0.005011376500307
0.000438584950571 0.003975811678655
0.000246719817134 0.002956871461144
0.000109658262577 0.001954657088766
0.000027415317244 0.000968792601032
0.000000000000000 0.000000000000000
0.000027415317244 -0.000952233242949
0.000109658262577 -0.001887875723607
0.000246719817134 -0.002806825837274
0.000438584950571 -0.003709170542670
0.000685232622713 -0.004595231802671
0.000986635785864 -0.005470889130354
0.001342761387771 -0.006341146421038
0.001753570375248 -0.007207686087250
0.002219017698460 -0.008070701507029
0.002739052315863 -0.008929518691813
0.003313617199802 -0.009783022851703
0.003942649342761 -0.010629707247882
0.004626079764278 -0.011467711343382
0.005363833518506 -0.012294934751921
0.006155829702431 -0.013108947885892
0.007001981464748 -0.013906940838223
0.007902196015379 -0.014685828416741
0.008856374635656 -0.015441898164533
0.009864412689139 -0.016171106503372
0.010926199633097 -0.016868877113389
0.012041619030626 -0.017529361726525
0.013210548563420 -0.018145419981233
0.014432860045182 -0.018712903330304
0.015708419435684 -0.019230070548641
0.017037086855466 -0.019698011911717
0.018418716601171 -0.020119559258794
0.019853157161528 -0.020498478834030
0.021340251233966 -0.020839688692335
0.022879835741862 -0.021150092005453
0.024471741852423 -0.021438119821788
0.026115794995207 -0.021712546221562
0.027811814881259 -0.021981548899954
0.029559615522887 -0.022245987581935
0.031359005254054 -0.022504871320184
0.033209786751399 -0.022758205668589
0.035111757055874 -0.023006371495641
0.037064707595003 -0.023249674042814
0.039068424205750 -0.023488532385326
0.041122687158009 -0.023723599936460
0.043227271178699 -0.023955752877878
0.045381945476466 -0.024186129605549
0.047586473766990 -0.024416106237406
0.049840614298903 -0.024647086878876
0.052144119880293 -0.024880503307756
0.054496737905816 -0.025116311887050
0.056898210384393 -0.025352421243208
0.059348273967504 -0.025586447770491
0.061846659978068 -0.025815927492247
0.064393094439905 -0.026038184386592
0.066987298107781 -0.026250326894879
0.069628986498028 -0.026449212036549
0.072317869919747 -0.026631235442402
0.075053653506568 -0.026792293229050
0.077836037248992 -0.026929268556165
0.080664716027288 -0.027043143026127
0.083539379644950 -0.027136001666726
0.086459712862719 -0.027210455168078
0.089425395433148 -0.027269649499654
0.092436102135723 -0.027317191200312
0.095491502812526 -0.027357473839055
0.098591262404443 -0.027395421318567
0.101735040987902 -0.027434844637042
0.104922493812155 -0.027477083358434
0.108153271337080 -0.027523243952282
0.111427019271514 -0.027573402252625
0.114743378612105 -0.027626559569220
0.118101985682679 -0.027681612505223
0.121502472174122 -0.027737673886202
0.124944465184770 -0.027793991595276
0.128427587261303 -0.027849755294843
0.131951456440133 -0.027904037597714
0.135515686289294 -0.027955813730588
0.139119885950819 -0.028003988302335
0.142763660183598 -0.028047329427260
0.146446609406726 -0.028084484339929
0.150168329743317 -0.028114052492636
0.153928413064796 -0.028135258686557
0.157726447035656 -0.028148040648045
0.161562015158669 -0.028152385663013
0.165434696820571 -0.028148377512229
0.169344067338174 -0.028136302529599
0.173289698004947 -0.028116503174006
0.177271156138025 -0.028089350390135
0.181288005125655 -0.028055218839882
0.185339804475081 -0.028014501334784
0.189426109860845 -0.027967621440427
0.193546473173511 -0.027915000077756
0.197700442568812 -0.027857029295120
0.201887562517192 -0.027794121707665
0.206107373853763 -0.027726689294710
0.210359413828660 -0.027654838198107
0.214643216157784 -0.027578457420516
0.218958311073935 -0.027497431336741
0.223304225378328 -0.027411652443713
0.227680482492486 -0.027321055147198
0.232086602510501 -0.027225591022703
0.236522102251661 -0.027125214112370
0.240986495313435 -0.027019878552840
0.245479292124814 -0.026909531298699
0.250000000000000 -0.026794119420888
0.254548123192429 -0.026673592042617
0.259123162949142 -0.026547898821628
0.263724617565473 -0.026416987670303
0.268351982440069 -0.026280807320558
0.273004750130227 -0.026139308415238
0.277682410407536 -0.025992448850800
0.282384450313836 -0.025840212781731
0.287110354217464 -0.025682598371397
0.291859603869799 -0.025519607711622
0.296631678462100 -0.025351235226095
0.301426054682609 -0.025177347884727
0.306242206773948 -0.024997708415203
0.311079606590766 -0.024812073539400
0.315937723657661 -0.024620198547290
0.320816025227350 -0.024421796183757
0.325713976339092 -0.024216504409819
0.330631039877354 -0.024003945596594
0.335566676630708 -0.023783738376623
0.340520345350965 -0.023555498824723
0.345491502812526 -0.023318873094153
0.350479603871956 -0.023073517142489
0.355484101527764 -0.022819088537355
0.360504446980385 -0.022555237429172
0.365540089692367 -0.022281584102630
0.370590477448739 -0.021997676996322
0.375655056417572 -0.021703056289247
0.380733271210709 -0.021397254602572
0.385824564944672 -0.021079815207342
0.390928379301728 -0.020750482838297
0.396044154591120 -0.020409180010814
0.401171329810437 -0.020055835038271
0.406309342707137 -0.019690384819183
0.411457629840208 -0.019312879821514
0.416615626641949 -0.018924106137119
0.421782767479884 -0.018525150089827
0.426958485718794 -0.018117121932749
0.432142213782848 -0.017701138979772
0.437333383217848 -0.017278299172919
0.442531424753567 -0.016849578037622
0.447735768366173 -0.016415935665970
0.452945843340743 -0.015978337963588
0.458161078333842 -0.015537765769650
0.463380901436184 -0.015095258767858
0.468604740235343 -0.014651968411238
0.473832021878528 -0.014209062164517
0.479062173135400 -0.013767714776592
0.484294620460935 -0.013329090655202
0.489528790058321 -0.012894132307853
0.494764107941877 -0.012463506357685
0.500000000000000 -0.012037860008695
0.505235892058122 -0.011617839048187
0.510471209941678 -0.011204037430699
0.515705379539064 -0.010796280898117
0.520937826864600 -0.010393784188889
0.526167978121472 -0.009995745439440
0.531395259764656 -0.009601363713869
0.536619098563816 -0.009209857598469
0.541838921666157 -0.008820600493549
0.547054156659257 -0.008433045738046
0.552264231633827 -0.008046648909114
0.557468575246433 -0.007660870858398
0.562666616782152 -0.007275147244561
0.567857786217152 -0.006888797688371
0.573041514281206 -0.006501115705116
0.578217232520115 -0.006111401163468
0.583384373358051 -0.005718959806184
0.588542370159791 -0.005323253510820
0.593690657292862 -0.004924071362449
0.598828670189563 -0.004521258021102
0.603955845408879 -0.004114653371146
0.609071620698271 -0.003704142342695
0.614175435055328 -0.003290342955889
0.619266728789290 -0.002874593264836
0.624344943582427 -0.002458241342427
0.629409522551260 -0.002042620358538
0.634459910307633 -0.001629016591186
0.639495553019614 -0.001218555550667
0.644515898472235 -0.000812296115704
0.649520396128043 -0.000411272539016
0.654508497187474 -0.000016502340734
0.659479654649035 0.000371011298492
0.664433323369291 0.000750276087272
0.669368960122646 0.001120321040196
0.674286023660907 0.001480204772105
0.679183974772650 0.001828996984859
0.684062276342339 0.002165717239381
0.688920393409233 0.002489397969861
0.693757793226051 0.002799102633837
0.698573945317390 0.003093969372543
0.703368321537900 0.003373726013811
0.708140396130200 0.003638512962246
0.712889645782536 0.003888485034995
0.717615549686163 0.004123804249694
0.722317589592464 0.004344755750924
0.726995249869773 0.004551762969178
0.731648017559930 0.004745254525960
0.736275382434527 0.004925656007346
0.740876837050857 0.005093361130705
0.745451876807570 0.005248720304801
0.750000000000000 0.005392079716943
0.754520707875185 0.005523782405851
0.759013504686565 0.005644177646406
0.763477897748338 0.005753620143549
0.767913397489498 0.005852461565147
0.772319517507513 0.005941051304371
0.776695774621672 0.006019731301342
0.781041688926065 0.006088838282250
0.785356783842216 0.006148704874723
0.789640586171339 0.006199659248779
0.793892626146236 0.006242023629432
0.798112437482808 0.006276115192933
0.802299557431187 0.006302246464818
0.806453526826488 0.006320700523193
0.810573890139155 0.006331715155214
0.814660195524918 0.006335523046177
0.818711994874345 0.006332356164388
0.822728843861975 0.006322447511535
0.826710301995052 0.006306029462001
0.830655932661826 0.006283332862053
0.834565303179429 0.006254586207326
0.838437984841330 0.006220016165560
0.842273552964344 0.006179847348659
0.846071586935203 0.006134302424036
0.849831670256683 0.006083603116531
0.853553390593274 0.006027968130532
0.857236339816401 0.005967614763304
0.860880114049181 0.005902757252419
0.864484313710706 0.005833609191138
0.868048543559867 0.005760379798029
0.871572412738697 0.005683277751132
0.875055534815230 0.005602508600857
0.878497527825878 0.005518275038692
0.881898014317321 0.005430778042566
0.885256621387894 0.005340215456678
0.888572980728485 0.005246782784405
0.891846728662920 0.005150672882085
0.895077506187845 0.005052076439897
0.898264959012098 0.004951179667404
0.901408737595557 0.004848167603031
0.904508497187474 0.004743222647055
0.907563897864277 0.004636523073542
0.910574604566852 0.004528244807914
0.913540287137281 0.004418562392833
0.916460620355049 0.004307644363460
0.919335283972712 0.004195659077202
0.922163962751007 0.004082771709503
0.924946346493432 0.003969141429913
0.927682130080253 0.003854928682311
0.930371013501972 0.003740287738916
0.933012701892219 0.003625371645188
0.935606905560095 0.003510329552504
0.938153340021932 0.003395307171200
0.940651726032496 0.003280448598675
0.943101789615607 0.003165892590630
0.945503262094184 0.003051777221892
0.947855880119706 0.002938236311835
0.950159385701097 0.002825400753018
0.952413526233010 0.002713397910765
0.954618054523534 0.002602352933942
0.956772728821300 0.002492387667124
0.958877312841991 0.002383619849204
0.960931575794250 0.002276165175543
0.962935292404997 0.002170136053631
0.964888242944126 0.002065641686851
0.966790213248601 0.001962788278486
0.968640994745946 0.001861679335903
0.970440384477113 0.001762414391901
0.972188185118740 0.001665090629617
0.973884205004793 0.001569802031296
0.975528258147577 0.001476639696418
0.977120164258138 0.001385690990286
0.978659748766034 0.001297041799695
0.980146842838471 0.001210773035776
0.981581283398829 0.001126963712161
0.982962913144534 0.001045691358397
0.984291580564316 0.000967025906666
0.985567139954818 0.000891040079855
0.986789451436580 0.000817798911553
0.987958380969374 0.000747368038704
0.989073800366903 0.000679806851972
0.990135587310861 0.000615175366761
0.991143625364344 0.000553528728035
0.992097803984621 0.000494917393211
0.992998018535252 0.000439392685674
0.993844170297569 0.000387000585262
0.994636166481494 0.000337784603941
0.995373920235722 0.000291786690853
0.996057350657239 0.000249042646477
0.996686382800198 0.000209590549627
0.997260947684137 0.000173459917101
0.997780982301540 0.000140681760640
0.998246429624752 0.000111283307479
0.998657238612229 0.000085286884057
0.999013364214136 0.000062714609520
0.999314767377287 0.000043584049714
0.999561415049429 0.000027910187293
0.999753280182866 0.000015707493790
0.999890341737423 0.000006983324370
0.999972584682756 0.000001746131486
1.000000000000000 0.000000000000000
