1.000000000000000 0.000000000000000
0.999972584682756 0.000010688624532
0.999890341737423 0.000042739099094
0.999753280182866 0.000096152306415
0.999561415049429 0.000170911760199
0.999314767377287 0.000266976864266
0.999013364214136 0.000384336658449
0.998657238612229 0.000522942541181
0.998246429624752 0.000682755264194
0.997780982301540 0.000863717987153
0.997260947684137 0.001065776343956
0.996686382800198 0.001288851518503
0.996057350657239 0.001532887081692
0.995373920235722 0.001797788550424
0.994636166481494 0.002083470188553
0.993844170297569 0.002389841453502
0.992998018535252 0.002716786825625
0.992097803984621 0.003064199077474
0.991143625364344 0.003431959061702
0.990135587310861 0.003819935569006
0.989073800366903 0.004227985182840
0.987958380969374 0.004655965392268
0.986789451436580 0.005103721100512
0.985567139954818 0.005571084461624
0.984291580564316 0.006057881314653
0.982962913144534 0.006563930959399
0.981581283398829 0.007089032774038
0.980146842838472 0.007632979226024
0.978659748766034 0.008195568728116
0.977120164258138 0.008776559518985
0.975528258147577 0.009375734946537
0.973884205004793 0.009992824818581
0.972188185118741 0.010627596479413
0.970440384477113 0.011279756962060
0.968640994745946 0.011949043699924
0.966790213248601 0.012635146557499
0.964888242944126 0.013337772231845
0.962935292404997 0.014056605253872
0.960931575794250 0.014791301550145
0.958877312841991 0.015541526579895
0.956772728821300 0.016306923109787
0.954618054523534 0.017087123798764
0.952413526233010 0.017881750901400
0.950159385701097 0.018690391065950
0.947855880119706 0.019512651519902
0.945503262094184 0.020348103477465
0.943101789615607 0.021196307077458
0.940651726032496 0.022056811127089
0.938153340021932 0.022929146798449
0.935606905560095 0.023812839691549
0.933012701892219 0.024707391401588
0.930371013501972 0.025612291473232
0.927682130080253 0.026527017175706
0.924946346493432 0.027451027892538
0.922163962751008 0.028383765282316
0.919335283972712 0.029324669707094
0.916460620355050 0.030273154680658
0.913540287137281 0.031228610367827
0.910574604566852 0.032190439652655
0.907563897864277 0.033158024478867
0.904508497187474 0.034130707404529
0.901408737595557 0.035107787041702
0.898264959012098 0.036088613972056
0.895077506187845 0.037072746671714
0.891846728662920 0.038059810254377
0.888572980728485 0.039049499075413
0.885256621387895 0.040041584801121
0.881898014317321 0.041035846934752
0.878497527825878 0.042032077185223
0.875055534815230 0.043030070974747
0.871572412738697 0.044029646861122
0.868048543559867 0.045030631198094
0.864484313710706 0.046032894802524
0.860880114049181 0.047036301319626
0.857236339816402 0.048040748026302
0.853553390593274 0.049046150627292
0.849831670256683 0.050052433999001
0.846071586935203 0.051059552203040
0.842273552964344 0.052067469029107
0.838437984841330 0.053076188020002
0.834565303179429 0.054085708923404
0.830655932661826 0.055096080919026
0.826710301995053 0.056107348517911
0.822728843861975 0.057119577860393
0.818711994874345 0.058132849159926
0.814660195524919 0.059147249925443
0.810573890139155 0.060162941019066
0.806453526826488 0.061180141849852
0.802299557431188 0.062199088987346
0.798112437482808 0.063219977204736
0.793892626146237 0.064242584624635
0.789640586171339 0.065266588407045
0.785356783842216 0.066291659032827
0.781041688926065 0.067317403075521
0.776695774621672 0.068343327090636
0.772319517507513 0.069368909913940
0.767913397489498 0.070393645692782
0.763477897748339 0.071417019705318
0.759013504686565 0.072438539868491
0.754520707875186 0.073457705395070
0.750000000000000 0.074474006513566
0.745451876807570 0.075486934794804
0.740876837050858 0.076495971898554
0.736275382434527 0.077500587454291
0.731648017559931 0.078500257958085
0.726995249869773 0.079494429220497
0.722317589592464 0.080482537002219
0.717615549686164 0.081464016986229
0.712889645782536 0.082438299641464
0.708140396130201 0.083404858341053
0.703368321537900 0.084363231337387
0.698573945317390 0.085312948244139
0.693757793226052 0.086253546966316
0.688920393409234 0.087184733928722
0.684062276342339 0.088106607255494
0.679183974772650 0.089019344571249
0.674286023660908 0.089923129416325
0.669368960122646 0.090818151192456
0.664433323369292 0.091704588459795
0.659479654649035 0.092582609731455
0.654508497187474 0.093452391370275
0.649520396128043 0.094314130136028
0.644515898472236 0.095168016071622
0.639495553019615 0.096014245884555
0.634459910307633 0.096853027787165
0.629409522551260 0.097684570360555
0.624344943582428 0.098509103863669
0.619266728789291 0.099326919762275
0.614175435055328 0.100138384535807
0.609071620698271 0.100943864626647
0.603955845408880 0.101743744719454
0.598828670189563 0.102538331428787
0.593690657292862 0.103327306159203
0.588542370159792 0.104110050482638
0.583384373358051 0.104885951427868
0.578217232520115 0.105654384167814
0.573041514281206 0.106414701515203
0.567857786217152 0.107166087310897
0.562666616782152 0.107907674106025
0.557468575246433 0.108638599685229
0.552264231633827 0.109358002594890
0.547054156659257 0.110065034769338
0.541838921666158 0.110758907731791
0.536619098563816 0.111438855382006
0.531395259764657 0.112104104611382
0.526167978121472 0.112753900825890
0.520937826864600 0.113387465578734
0.515705379539064 0.114003962907000
0.510471209941678 0.114602546314250
0.505235892058123 0.115182379279837
0.500000000000000 0.115742632445442
0.494764107941877 0.116282725667684
0.489528790058322 0.116802929452583
0.484294620460936 0.117303719552791
0.479062173135400 0.117785571007161
0.473832021878528 0.118248967001404
0.468604740235343 0.118694411390089
0.463380901436184 0.119122490196207
0.458161078333842 0.119533810367960
0.452945843340743 0.119928981663848
0.447735768366173 0.120308615968269
0.442531424753567 0.120673324439463
0.437333383217848 0.121023719480973
0.432142213782848 0.121360409060391
0.426958485718794 0.121684006931490
0.421782767479885 0.121995120827823
0.416615626641949 0.122294345221822
0.411457629840209 0.122582207924633
0.406309342707138 0.122859209584620
0.401171329810437 0.123125851212479
0.396044154591120 0.123382630718970
0.390928379301729 0.123629832167940
0.385824564944672 0.123866593617222
0.380733271210710 0.124091683603645
0.375655056417573 0.124303898144740
0.370590477448740 0.124502056550512
0.365540089692367 0.124685017270910
0.360504446980385 0.124851720824278
0.355484101527764 0.125001151293195
0.350479603871957 0.125132320590036
0.345491502812526 0.125244269498729
0.340520345350965 0.125336066069069
0.335566676630708 0.125406799244944
0.330631039877354 0.125455586975886
0.325713976339092 0.125481578353389
0.320816025227350 0.125483955043323
0.315937723657661 0.125461926259992
0.311079606590766 0.125414724244781
0.306242206773949 0.125341612342828
0.301426054682610 0.125241888284659
0.296631678462100 0.125114896139878
0.291859603869799 0.124960304556117
0.287110354217464 0.124778085043098
0.282384450313836 0.124568237253677
0.277682410407536 0.124330781110384
0.273004750130227 0.124065754414877
0.268351982440069 0.123773238856145
0.263724617565473 0.123453337267319
0.259123162949143 0.123106171332124
0.254548123192430 0.122731876353623
0.250000000000000 0.122330606539303
0.245479292124815 0.121902520330634
0.240986495313435 0.121447795287871
0.236522102251661 0.120966627479640
0.232086602510502 0.120459223403406
0.227680482492487 0.119925796717901
0.223304225378328 0.119366569102556
0.218958311073935 0.118781787415304
0.214643216157784 0.118171716900998
0.210359413828661 0.117536684995664
0.206107373853763 0.116877069105155
0.201887562517192 0.116193261494546
0.197700442568813 0.115485638535586
0.193546473173512 0.114754150570438
0.189426109860845 0.113998429473902
0.185339804475081 0.113218133866281
0.181288005125655 0.112412961493883
0.177271156138025 0.111582585019911
0.173289698004947 0.110726683735992
0.169344067338174 0.109844967160723
0.165434696820571 0.108937192477562
0.161562015158670 0.108003140902143
0.157726447035656 0.107042640493674
0.153928413064797 0.106055552247356
0.150168329743317 0.105041838446718
0.146446609406726 0.104001756271319
0.142763660183598 0.102935655895520
0.139119885950819 0.101843913370107
0.135515686289294 0.100727058623903
0.131951456440133 0.099585793813555
0.128427587261303 0.098420864480290
0.124944465184770 0.097233000474769
0.121502472174122 0.096022910361094
0.118101985682679 0.094791291615547
0.114743378612105 0.093538856116720
0.111427019271515 0.092266390045633
0.108153271337080 0.090974705410617
0.104922493812155 0.089664650314831
0.101735040987902 0.088337002870693
0.098591262404443 0.086992436406775
0.095491502812526 0.085631667897417
0.092436102135723 0.084254975019297
0.089425395433148 0.082861998869032
0.086459712862719 0.081452389235235
0.083539379644950 0.080026010184314
0.080664716027288 0.078582957097313
0.077836037248993 0.077123386266061
0.075053653506568 0.075647151502177
0.072317869919747 0.074153875832981
0.069628986498028 0.072642945046488
0.066987298107781 0.071111777065242
0.064393094439905 0.069557117867706
0.061846659978068 0.067975987450612
0.059348273967504 0.066365737396912
0.056898210384393 0.064723810677476
0.054496737905816 0.063047376409339
0.052144119880294 0.061333489563005
0.049840614298903 0.059579763809987
0.047586473766990 0.057784620781285
0.045381945476466 0.055949316007028
0.043227271178700 0.054081859759936
0.041122687158010 0.052191070090299
0.039068424205750 0.050284979065073
0.037064707595003 0.048371629878989
0.035111757055874 0.046458996149502
0.033209786751399 0.044554977142637
0.031359005254054 0.042667072648240
0.029559615522887 0.040802412524529
0.027811814881260 0.038967719617040
0.026115794995207 0.037169457421086
0.024471741852423 0.035413401618011
0.022879835741862 0.033703704193417
0.021340251233966 0.032042218809469
0.019853157161529 0.030428634811719
0.018418716601171 0.028863216747914
0.017037086855466 0.027346592923081
0.015708419435685 0.025879508695716
0.014432860045182 0.024462617042264
0.013210548563420 0.023097034139212
0.012041619030626 0.021784461680478
0.010926199633097 0.020521363279810
0.009864412689139 0.019301246953259
0.008856374635656 0.018117232795426
0.007902196015379 0.016964008262762
0.007001981464748 0.015837799009130
0.006155829702431 0.014735451465698
0.005363833518506 0.013654389503210
0.004626079764278 0.012592610798740
0.003942649342761 0.011548306378468
0.003313617199802 0.010519988240515
0.002739052315863 0.009506440148154
0.002219017698460 0.008506568422630
0.001753570375248 0.007519445431347
0.001342761387771 0.006544250716771
0.000986635785864 0.005580241784308
0.000685232622713 0.004626851102104
0.000438584950571 0.003683482927839
0.000246719817134 0.002749601709071
0.000109658262577 0.001824800184714
0.000027415317244 0.000908662645004
0.000000000000000 0.000000000000000
0.000027415317244 -0.000915489310436
0.000109658262577 -0.001844229462680
0.000246719817134 -0.002785072881265
0.000438584950571 -0.003737104686248
0.000685232622713 -0.004699265255557
0.000986635785864 -0.005670415246588
0.001342761387771 -0.006649184809847
0.001753570375248 -0.007634411133632
0.002219017698460 -0.008624562315227
0.002739052315863 -0.009618067647467
0.003313617199802 -0.010613287035336
0.003942649342761 -0.011608355782289
0.004626079764278 -0.012601262231871
0.005363833518506 -0.013589780342768
0.006155829702431 -0.014571440854649
0.007001981464748 -0.015543611628221
0.007902196015379 -0.016503200026886
0.008856374635656 -0.017446863570869
0.009864412689139 -0.018370814595125
0.010926199633097 -0.019270676836842
0.012041619030626 -0.020141437544935
0.013210548563420 -0.020977488740039
0.014432860045182 -0.021773153932946
0.015708419435684 -0.022525152377535
0.017037086855466 -0.023231151655122
0.018418716601171 -0.023889484489363
0.019853157161528 -0.024498759599887
0.021340251233966 -0.025058279287289
0.022879835741862 -0.025567728716684
0.024471741852423 -0.026027536804529
0.026115794995207 -0.026438321576098
0.027811814881259 -0.026800844378713
0.029559615522887 -0.027116101131380
0.031359005254054 -0.027385371169330
0.033209786751399 -0.027610411744373
0.035111757055874 -0.027793641497394
0.037064707595003 -0.027938168707671
0.039068424205750 -0.028047746039007
0.041122687158009 -0.028126918340074
0.043227271178699 -0.028180747479374
0.045381945476466 -0.028215086155758
0.047586473766990 -0.028237419451602
0.049840614298903 -0.028256980806950
0.052144119880293 -0.028281229618538
0.054496737905816 -0.028312263329760
0.056898210384393 -0.028351197818307
0.059348273967504 -0.028396932438719
0.061846659978068 -0.028447484477002
0.064393094439905 -0.028501076015294
0.066987298107781 -0.028556104054926
0.069628986498028 -0.028610647756311
0.072317869919747 -0.028662219020401
0.075053653506568 -0.028708116983248
0.077836037248992 -0.028746435391725
0.080664716027288 -0.028775752067789
0.083539379644950 -0.028794783735733
0.086459712862719 -0.028802771849878
0.089425395433148 -0.028799019929382
0.092436102135723 -0.028782636007365
0.095491502812526 -0.028752525127273
0.098591262404443 -0.028707591431117
0.101735040987902 -0.028647086426310
0.104922493812155 -0.028570417059379
0.108153271337080 -0.028477106812986
0.111427019271514 -0.028367125448257
0.114743378612105 -0.028240589998060
0.118101985682679 -0.028097641549884
0.121502472174122 -0.027938395392738
0.124944465184770 -0.027763002810078
0.128427587261303 -0.027571668702438
0.131951456440133 -0.027364658228683
0.135515686289294 -0.027142289283184
0.139119885950819 -0.026904954196112
0.142763660183598 -0.026653154718191
0.146446609406726 -0.026387463452216
0.150168329743317 -0.026108447255743
0.153928413064796 -0.025816365329044
0.157726447035656 -0.025511387284736
0.161562015158669 -0.025193705372544
0.165434696820571 -0.024863412404614
0.169344067338174 -0.024520523450019
0.173289698004947 -0.024165067583910
0.177271156138025 -0.023797109041124
0.181288005125655 -0.023416757728080
0.185339804475081 -0.023024143054480
0.189426109860845 -0.022619424072635
0.193546473173511 -0.022202786686681
0.197700442568812 -0.021774448544055
0.201887562517192 -0.021334648607651
0.206107373853763 -0.020883752813366
0.210359413828660 -0.020422524264483
0.214643216157784 -0.019951851397258
0.218958311073935 -0.019472663286930
0.223304225378328 -0.018985933760842
0.227680482492486 -0.018492655370969
0.232086602510501 -0.017993868971809
0.236522102251661 -0.017490654996807
0.240986495313435 -0.016984153656812
0.245479292124814 -0.016475552233479
0.250000000000000 -0.015966084864566
0.254548123192429 -0.015457030351335
0.259123162949142 -0.014949679807397
0.263724617565473 -0.014445343766490
0.268351982440069 -0.013945369413265
0.273004750130227 -0.013451133710242
0.277682410407536 -0.012964111274124
0.282384450313836 -0.012485912186705
0.287110354217464 -0.012018195766998
0.291859603869799 -0.011562658061938
0.296631678462100 -0.011120866505697
0.301426054682609 -0.010693819803412
0.306242206773948 -0.010282392842125
0.311079606590766 -0.009887469189900
0.315937723657661 -0.009509913131104
0.320816025227350 -0.009150261751819
0.325713976339092 -0.008808833954584
0.330631039877354 -0.008485936611111
0.335566676630708 -0.008181872418444
0.340520345350965 -0.007896969239398
0.345491502812526 -0.007631623570168
0.350479603871956 -0.007386237834579
0.355484101527764 -0.007161211574844
0.360504446980385 -0.006956942426075
0.365540089692367 -0.006773846028141
0.370590477448739 -0.006612353412544
0.375655056417572 -0.006472891053984
0.380733271210709 -0.006355882124711
0.385824564944672 -0.006261708177650
0.390928379301728 -0.006190553578768
0.396044154591120 -0.006142536519210
0.401171329810437 -0.006117766651986
0.406309342707137 -0.006116343572043
0.411457629840208 -0.006138021783646
0.416615626641949 -0.006181759164683
0.421782767479884 -0.006246379799152
0.426958485718794 -0.006330687062274
0.432142213782848 -0.006433464222844
0.437333383217848 -0.006553541486943
0.442531424753567 -0.006689819905332
0.447735768366173 -0.006841189523290
0.452945843340743 -0.007006526155747
0.458161078333842 -0.007184687777756
0.463380901436184 -0.007374476871517
0.468604740235343 -0.007574643769874
0.473832021878528 -0.007783926590662
0.479062173135400 -0.008001054679585
0.484294620460935 -0.008224759106060
0.489528790058321 -0.008453882316127
0.494764107941877 -0.008687331542924
0.500000000000000 -0.008924010888086
0.505235892058122 -0.009162822291115
0.510471209941678 -0.009402731217974
0.515705379539064 -0.009643130956044
0.520937826864600 -0.009883595382222
0.526167978121472 -0.010123699154866
0.531395259764656 -0.010363018241018
0.536619098563816 -0.010601116853712
0.541838921666157 -0.010837503884392
0.547054156659257 -0.011071673029108
0.552264231633827 -0.011303125278814
0.557468575246433 -0.011531360886863
0.562666616782152 -0.011755893476957
0.567857786217152 -0.011976248846269
0.573041514281206 -0.012191961034706
0.578217232520115 -0.012402570030085
0.583384373358051 -0.012607622488299
0.588542370159791 -0.012806682178149
0.593690657292862 -0.012999336618088
0.598828670189563 -0.013185180362777
0.603955845408879 -0.013363815907215
0.609071620698271 -0.013534862130594
0.614175435055328 -0.013698019521321
0.619266728789290 -0.013853046222294
0.624344943582427 -0.013999708004244
0.629409522551260 -0.014137777557476
0.634459910307633 -0.014267032478486
0.639495553019614 -0.014387243258902
0.644515898472235 -0.014498185951253
0.649520396128043 -0.014599644269361
0.654508497187474 -0.014691413441174
0.659479654649035 -0.014773307449730
0.664433323369291 -0.014845161099744
0.669368960122646 -0.014906819237853
0.674286023660907 -0.014958135797800
0.679183974772650 -0.014998960808530
0.684062276342339 -0.015029107091612
0.688920393409233 -0.015048388282201
0.693757793226051 -0.015056629930195
0.698573945317390 -0.015053699526208
0.703368321537900 -0.015039775475888
0.708140396130200 -0.015015210771095
0.712889645782536 -0.014980358553973
0.717615549686163 -0.014935573089269
0.722317589592464 -0.014881281839654
0.726995249869773 -0.014817982681898
0.731648017559930 -0.014746170404066
0.736275382434527 -0.014666330204588
0.740876837050857 -0.014578923661128
0.745451876807570 -0.014484383023181
0.750000000000000 -0.014383130725544
0.754520707875185 -0.014275583779125
0.759013504686565 -0.014162154680955
0.763477897748338 -0.014043251858166
0.767913397489498 -0.013919277061267
0.772319517507513 -0.013790623142023
0.776695774621672 -0.013657673761683
0.781041688926065 -0.013520805050300
0.785356783842216 -0.013380384958036
0.789640586171339 -0.013236767088478
0.793892626146236 -0.013090286723290
0.798112437482808 -0.012941265887548
0.802299557431187 -0.012790013890664
0.806453526826488 -0.012636645066519
0.810573890139155 -0.012480990378415
0.814660195524918 -0.012322871223170
0.818711994874345 -0.012162125377218
0.822728843861975 -0.011998615373671
0.826710301995052 -0.011832221152092
0.830655932661826 -0.011662836237817
0.834565303179429 -0.011490364709443
0.838437984841330 -0.011314724453091
0.842273552964344 -0.011135844535875
0.846071586935203 -0.010953669327362
0.849831670256683 -0.010768155882363
0.853553390593274 -0.010579276921764
0.857236339816401 -0.010387014177926
0.860880114049181 -0.010191364713715
0.864484313710706 -0.009992337411123
0.868048543559867 -0.009789952260019
0.871572412738697 -0.009584244143750
0.875055534815230 -0.009375258660130
0.878497527825878 -0.009163051296300
0.881898014317321 -0.008947688370403
0.885256621387894 -0.008729248292228
0.888572980728485 -0.008507825286360
0.891846728662920 -0.008283523295832
0.895077506187845 -0.008056451820492
0.898264959012098 -0.007826717376533
0.901408737595557 -0.007594443306363
0.904508497187474 -0.007360061723255
0.907563897864277 -0.007124247097031
0.910574604566852 -0.006887644359161
0.913540287137281 -0.006650889525054
0.916460620355049 -0.006414578021235
0.919335283972712 -0.006179262776065
0.922163962751007 -0.005945458319157
0.924946346493432 -0.005713644354947
0.927682130080253 -0.005484265787806
0.930371013501972 -0.005257733094465
0.933012701892219 -0.005034423688769
0.935606905560095 -0.004814681236431
0.938153340021932 -0.004598821691089
0.940651726032496 -0.004387128145080
0.943101789615607 -0.004179855566911
0.945503262094184 -0.003977229149842
0.947855880119706 -0.003779452189119
0.950159385701097 -0.003586694559145
0.952413526233010 -0.003399107470768
0.954618054523534 -0.003216817756774
0.956772728821300 -0.003039926783738
0.958877312841991 -0.002868519458021
0.960931575794250 -0.002702655946827
0.962935292404997 -0.002542379139163
0.964888242944126 -0.002387716835713
0.966790213248601 -0.002238674478809
0.968640994745946 -0.002095248183609
0.970440384477113 -0.001957414371584
0.972188185118740 -0.001825140774315
0.973884205004793 -0.001698378234822
0.975528258147577 -0.001577071014399
0.977120164258138 -0.001461149393309
0.978659748766034 -0.001350537746628
0.980146842838471 -0.001245151500643
0.981581283398829 -0.001144898798953
0.982962913144534 -0.001049681238820
0.984291580564316 -0.000959396438046
0.985567139954818 -0.000873938462324
0.986789451436580 -0.000793196400715
0.987958380969374 -0.000717059110594
0.989073800366903 -0.000645413778581
0.990135587310861 -0.000578145990965
0.991143625364344 -0.000515140445930
0.992097803984621 -0.000456287609724
0.992998018535252 -0.000401475966146
0.993844170297569 -0.000350595838089
0.994636166481494 -0.000303542938670
0.995373920235722 -0.000260216950268
0.996057350657239 -0.000220519344758
0.996686382800198 -0.000184359681191
0.997260947684137 -0.000151649744714
0.997780982301540 -0.000122309459105
0.998246429624752 -0.000096265184714
0.998657238612229 -0.000073448896250
0.999013364214136 -0.000053799520570
0.999314767377287 -0.000037265314787
0.999561415049429 -0.000023799226820
0.999753280182866 -0.000013364871030
0.999890341737423 -0.000005932833975
0.999972584682756 -0.000001482113664
1.000000000000000 0.000000000000000
