1.000000000000000 0.000000000000000
0.999972584682756 0.000015394667289
0.999890341737423 0.000061551745660
0.999753280182866 0.000138345434123
0.999561415049429 0.000245605566375
0.999314767377287 0.000383064087120
0.999013364214136 0.000550391965268
0.998657238612229 0.000747200121143
0.998246429624752 0.000973022768442
0.997780982301540 0.001227327915754
0.997260947684137 0.001509519112692
0.996686382800198 0.001818946160413
0.996057350657239 0.002154889729342
0.995373920235722 0.002516607112372
0.994636166481494 0.002903273889748
0.993844170297569 0.003314038594657
0.992998018535252 0.003747991252839
0.992097803984621 0.004204208637709
0.991143625364344 0.004681723352442
0.990135587310861 0.005179527591201
0.989073800366903 0.005696601273636
0.987958380969374 0.006231914837493
0.986789451436580 0.006784400765838
0.985567139954818 0.007353005053408
0.984291580564316 0.007936651284551
0.982962913144534 0.008534267925712
0.981581283398829 0.009144791627041
0.980146842838472 0.009767156319361
0.978659748766034 0.010400319232735
0.977120164258138 0.011043249550218
0.975528258147577 0.011694939995651
0.973884205004793 0.012354410213163
0.972188185118741 0.013020703366731
0.970440384477113 0.013692904411466
0.968640994745946 0.014370129366504
0.966790213248601 0.015051542440188
0.964888242944126 0.015736347266653
0.962935292404997 0.016423789633507
0.960931575794250 0.017113187236595
0.958877312841991 0.017803900404313
0.956772728821300 0.018495343699611
0.954618054523534 0.019187006035775
0.952413526233010 0.019878436170785
0.950159385701097 0.020569247405312
0.947855880119706 0.021259130376876
0.945503262094184 0.021947852234014
0.943101789615607 0.022635247750698
0.940651726032496 0.023321240174950
0.938153340021932 0.024005841882960
0.935606905560095 0.024689134686617
0.933012701892219 0.025371306157427
0.930371013501972 0.026052629755393
0.927682130080253 0.026733477402663
0.924946346493432 0.027414316335821
0.922163962751008 0.028095721607755
0.919335283972712 0.028778370390645
0.916460620355050 0.029463059866397
0.913540287137281 0.030150704466896
0.910574604566852 0.030842301236373
0.907563897864277 0.031538963528609
0.904508497187474 0.032241992833754
0.901408737595557 0.032952933070844
0.898264959012098 0.033673271878708
0.895077506187845 0.034403464208834
0.891846728662920 0.035143605369066
0.888572980728485 0.035893721954224
0.885256621387895 0.036653652305859
0.881898014317321 0.037423231497437
0.878497527825878 0.038202305989938
0.875055534815230 0.038990773685055
0.871572412738697 0.039788505187494
0.868048543559867 0.040595369386784
0.864484313710706 0.041411226821526
0.860880114049181 0.042235923098649
0.857236339816402 0.043069316380238
0.853553390593274 0.043911246580080
0.849831670256683 0.044761562887417
0.846071586935203 0.045620102390187
0.842273552964344 0.046486702941451
0.838437984841330 0.047361195289664
0.834565303179429 0.048243399297004
0.830655932661826 0.049133148372427
0.826710301995053 0.050030248322226
0.822728843861975 0.050934526114483
0.818711994874345 0.051845784868342
0.814660195524919 0.052763832835702
0.810573890139155 0.053688471891231
0.806453526826488 0.054619498756054
0.802299557431188 0.055556715739241
0.798112437482808 0.056499915977128
0.793892626146237 0.057448850104595
0.789640586171339 0.058403254569210
0.785356783842216 0.059362860626473
0.781041688926065 0.060327386117255
0.776695774621672 0.061296546225228
0.772319517507513 0.062270050928475
0.767913397489498 0.063247597505741
0.763477897748339 0.064228882154542
0.759013504686565 0.065213599608555
0.754520707875186 0.066201432100037
0.750000000000000 0.067192057642062
0.745451876807570 0.068185149169227
0.740876837050858 0.069180391438264
0.736275382434527 0.070177453970285
0.731648017559931 0.071176006408198
0.726995249869773 0.072175695317448
0.722317589592464 0.073176158852803
0.717615549686164 0.074177014569540
0.712889645782536 0.075177884231284
0.708140396130201 0.076178424518581
0.703368321537900 0.077178357815678
0.698573945317390 0.078177415104076
0.693757793226052 0.079175331101159
0.688920393409234 0.080171882057322
0.684062276342339 0.081167047842007
0.679183974772650 0.082160871269273
0.674286023660908 0.083153405733805
0.669368960122646 0.084144706632797
0.664433323369292 0.085134815933823
0.659479654649035 0.086123763671388
0.654508497187474 0.087111584738527
0.649520396128043 0.088098315793452
0.644515898472236 0.089084001460847
0.639495553019615 0.090068688223106
0.634459910307633 0.091052419580127
0.629409522551260 0.092035250828670
0.624344943582428 0.093017242376870
0.619266728789291 0.093998476784202
0.614175435055328 0.094979084510415
0.609071620698271 0.095959199585703
0.603955845408880 0.096938953757262
0.598828670189563 0.097918451998172
0.593690657292862 0.098897295540479
0.588542370159792 0.099874769144758
0.583384373358051 0.100850147741468
0.578217232520115 0.101822702129814
0.573041514281206 0.102791683209811
0.567857786217152 0.103756289118376
0.562666616782152 0.104715687806090
0.557468575246433 0.105669040473202
0.552264231633827 0.106615514023638
0.547054156659257 0.107554281704177
0.541838921666158 0.108484525254938
0.536619098563816 0.109405441199199
0.531395259764657 0.110316222478882
0.526167978121472 0.111216071532488
0.520937826864600 0.112104189297389
0.515705379539064 0.112979775039725
0.510471209941678 0.113842034602802
0.505235892058123 0.114690180467315
0.500000000000000 0.115523432674969
0.494764107941877 0.116341062601108
0.489528790058322 0.117142471793141
0.484294620460936 0.117927102036055
0.479062173135400 0.118694401550112
0.473832021878528 0.119443828166691
0.468604740235343 0.120174856016649
0.463380901436184 0.120886968413465
0.458161078333842 0.121579655196891
0.452945843340743 0.122252427386561
0.447735768366173 0.122904801491296
0.442531424753567 0.123536311988018
0.437333383217848 0.124146512864128
0.432142213782848 0.124734980336684
0.426958485718794 0.125301296487692
0.421782767479885 0.125845059874255
0.416615626641949 0.126365877014676
0.411457629840209 0.126863338293745
0.406309342707138 0.127337047643931
0.401171329810437 0.127786618732170
0.396044154591120 0.128211687542280
0.390928379301729 0.128611817019942
0.385824564944672 0.128986319733670
0.380733271210710 0.129334471840774
0.375655056417573 0.129655577399806
0.370590477448740 0.129948960485056
0.365540089692367 0.130213978548991
0.360504446980385 0.130450020653303
0.355484101527764 0.130656502784091
0.350479603871957 0.130832867319067
0.345491502812526 0.130978579796940
0.340520345350965 0.131093129676909
0.335566676630708 0.131176025200719
0.330631039877354 0.131226797741975
0.325713976339092 0.131245005763168
0.320816025227350 0.131230232472197
0.315937723657661 0.131182078807665
0.311079606590766 0.131100161057557
0.306242206773949 0.130984120151911
0.301426054682610 0.130833621574454
0.296631678462100 0.130648423664230
0.291859603869799 0.130428925934263
0.287110354217464 0.130175873039488
0.282384450313836 0.129890009391528
0.277682410407536 0.129572081880265
0.273004750130227 0.129222842491427
0.268351982440069 0.128843069109582
0.263724617565473 0.128433534626140
0.259123162949143 0.127995018626521
0.254548123192430 0.127528297530364
0.250000000000000 0.127034162264323
0.245479292124815 0.126513417956794
0.240986495313435 0.125966866384620
0.236522102251661 0.125395304787102
0.232086602510502 0.124799501805322
0.227680482492487 0.124180169844859
0.223304225378328 0.123538006230127
0.218958311073935 0.122873720235317
0.214643216157784 0.122188085876228
0.210359413828661 0.121482130264368
0.206107373853763 0.120756938355657
0.201887562517192 0.120013576690582
0.197700442568813 0.119252494934185
0.193546473173512 0.118470781778569
0.189426109860845 0.117664497207241
0.185339804475081 0.116829863273451
0.181288005125655 0.115963219837898
0.177271156138025 0.115060786523283
0.173289698004947 0.114118831884603
0.169344067338174 0.113133755933240
0.165434696820571 0.112101875923991
0.161562015158670 0.111018916486619
0.157726447035656 0.109880529857745
0.153928413064797 0.108682471435204
0.150168329743317 0.107422948899606
0.146446609406726 0.106103496193795
0.142763660183598 0.104725808583183
0.139119885950819 0.103292124535251
0.135515686289294 0.101807765368531
0.131951456440133 0.100279143065518
0.128427587261303 0.098712552387973
0.124944465184770 0.097113647893548
0.121502472174122 0.095487496962860
0.118101985682679 0.093839102060719
0.114743378612105 0.092173447906932
0.111427019271515 0.090495540199645
0.108153271337080 0.088810248387337
0.104922493812155 0.087122289910125
0.101735040987902 0.085436183085392
0.098591262404443 0.083756140930398
0.095491502812526 0.082082840306301
0.092436102135723 0.080413327907029
0.089425395433148 0.078744716829124
0.086459712862719 0.077074298300813
0.083539379644950 0.075399599539567
0.080664716027288 0.073718191616184
0.077836037248993 0.072027314979681
0.075053653506568 0.070324351457962
0.072317869919747 0.068609740074405
0.069628986498028 0.066887644175823
0.066987298107781 0.065162600838515
0.064393094439905 0.063440047708284
0.061846659978068 0.061725484954782
0.059348273967504 0.060023743256823
0.056898210384393 0.058339164986799
0.054496737905816 0.056676226761916
0.052144119880294 0.055039794025980
0.049840614298903 0.053432938384524
0.047586473766990 0.051854543517400
0.045381945476466 0.050302343892067
0.043227271178700 0.048771306363475
0.041122687158010 0.047256151209819
0.039068424205750 0.045752727361673
0.037064707595003 0.044257516807425
0.035111757055874 0.042766900759981
0.033209786751399 0.041277468214312
0.031359005254054 0.039785813198469
0.029559615522887 0.038288600025629
0.027811814881260 0.036782409137388
0.026115794995207 0.035263604652167
0.024471741852423 0.033728302227870
0.022879835741862 0.032178892385005
0.021340251233966 0.030624365585488
0.019853157161529 0.029075745004722
0.018418716601171 0.027544539459679
0.017037086855466 0.026041766324558
0.015708419435685 0.024577122396912
0.014432860045182 0.023158944042652
0.013210548563420 0.021793765472365
0.012041619030626 0.020484421990418
0.010926199633097 0.019227093082762
0.009864412689139 0.018013469422769
0.008856374635656 0.016838046783263
0.007902196015379 0.015697007145592
0.007001981464748 0.014587233755408
0.006155829702431 0.013506318742975
0.005363833518506 0.012452479837860
0.004626079764278 0.011424108938296
0.003942649342761 0.010419982961614
0.003313617199802 0.009439086314429
0.002739052315863 0.008480512256421
0.002219017698460 0.007543484359411
0.001753570375248 0.006627447561842
0.001342761387771 0.005731828682326
0.000986635785864 0.004856097219325
0.000685232622713 0.003999886026824
0.000438584950571 0.003162837181343
0.000246719817134 0.002344544780515
0.000109658262577 0.001544854181046
0.000027415317244 0.000763345648088
0.000000000000000 0.000000000000000
0.000027415317244 -0.000745620917739
0.000109658262577 -0.001473562491525
0.000246719817134 -0.002183993015663
0.000438584950571 -0.002877146682057
0.000685232622713 -0.003553511125083
0.000986635785864 -0.004218064386213
0.001342761387771 -0.004875645481576
0.001753570375248 -0.005528182167549
0.002219017698460 -0.006176117859429
0.002739052315863 -0.006819243138492
0.003313617199802 -0.007456973812504
0.003942649342761 -0.008088297752280
0.004626079764278 -0.008711985029436
0.005363833518506 -0.009326578452612
0.006155829702431 -0.009930245144355
0.007001981464748 -0.010520973640665
0.007902196015379 -0.011096260411285
0.008856374635656 -0.011653237750490
0.009864412689139 -0.012188453351444
0.010926199633097 -0.012697686098556
0.012041619030626 -0.013175896470865
0.013210548563420 -0.013616427264031
0.014432860045182 -0.014012442965436
0.015708419435684 -0.014360285832160
0.017037086855466 -0.014657817675289
0.018418716601171 -0.014904852457382
0.019853157161528 -0.015102701696810
0.021340251233966 -0.015254675131201
0.022879835741862 -0.015366525719157
0.024471741852423 -0.015446552883527
0.026115794995207 -0.015503697344369
0.027811814881259 -0.015546571938486
0.029559615522887 -0.015576709177054
0.031359005254054 -0.015593514073361
0.033209786751399 -0.015597614934809
0.035111757055874 -0.015590041136251
0.037064707595003 -0.015571783299756
0.039068424205750 -0.015544094774688
0.041122687158009 -0.015508608120331
0.043227271178699 -0.015467247203503
0.045381945476466 -0.015422165666489
0.047586473766990 -0.015375971747061
0.049840614298903 -0.015331954685255
0.052144119880293 -0.015293063342445
0.054496737905816 -0.015260058215169
0.056898210384393 -0.015233126485337
0.059348273967504 -0.015211817666948
0.061846659978068 -0.015195425771274
0.064393094439905 -0.015183272075890
0.066987298107781 -0.015174636924999
0.069628986498028 -0.015168626955738
0.072317869919747 -0.015164168053301
0.075053653506568 -0.015160141162601
0.077836037248992 -0.015155485290037
0.080664716027288 -0.015149095487392
0.083539379644950 -0.015140041318902
0.086459712862719 -0.015127420744915
0.089425395433148 -0.015110213740388
0.092436102135723 -0.015087259767622
0.095491502812526 -0.015057318935051
0.098591262404443 -0.015019139404200
0.101735040987902 -0.014971419893930
0.104922493812155 -0.014913424089513
0.108153271337080 -0.014845744620219
0.111427019271514 -0.014769224031448
0.114743378612105 -0.014684759436671
0.118101985682679 -0.014593304773277
0.121502472174122 -0.014495905286438
0.124944465184770 -0.014393705137234
0.128427587261303 -0.014287948905218
0.131951456440133 -0.014179980856380
0.135515686289294 -0.014071276139996
0.139119885950819 -0.013963424464608
0.142763660183598 -0.013858104665665
0.146446609406726 -0.013756977494566
0.150168329743317 -0.013661740221084
0.153928413064796 -0.013574050981340
0.157726447035656 -0.013494015242597
0.161562015158669 -0.013420634019186
0.165434696820571 -0.013352818439782
0.169344067338174 -0.013289491947124
0.173289698004947 -0.013229617745808
0.177271156138025 -0.013172100541966
0.181288005125655 -0.013115728966975
0.185339804475081 -0.013059059204317
0.189426109860845 -0.013000535188524
0.193546473173511 -0.012938549941441
0.197700442568812 -0.012871882765296
0.201887562517192 -0.012799631643589
0.206107373853763 -0.012720869286524
0.210359413828660 -0.012634869377783
0.214643216157784 -0.012541896179018
0.218958311073935 -0.012442503783555
0.223304225378328 -0.012337278029719
0.227680482492486 -0.012226749640984
0.232086602510501 -0.012111310143450
0.236522102251661 -0.011991354776067
0.240986495313435 -0.011867297460056
0.245479292124814 -0.011739605049687
0.250000000000000 -0.011608808204159
0.254548123192429 -0.011475460770211
0.259123162949142 -0.011340139415002
0.263724617565473 -0.011203422927752
0.268351982440069 -0.011065886916837
0.273004750130227 -0.010928126494924
0.277682410407536 -0.010790755041597
0.282384450313836 -0.010654439840561
0.287110354217464 -0.010519923332689
0.291859603869799 -0.010387973256119
0.296631678462100 -0.010259377067254
0.301426054682609 -0.010134779106868
0.306242206773948 -0.010014351552383
0.311079606590766 -0.009898177444396
0.315937723657661 -0.009786338652787
0.320816025227350 -0.009678902624274
0.325713976339092 -0.009575828284469
0.330631039877354 -0.009477017710049
0.335566676630708 -0.009382366924652
0.340520345350965 -0.009291766624144
0.345491502812526 -0.009205117338691
0.350479603871956 -0.009122339468871
0.355484101527764 -0.009043350645871
0.360504446980385 -0.008968064891214
0.365540089692367 -0.008896391828674
0.370590477448739 -0.008828232309184
0.375655056417572 -0.008763481873550
0.380733271210709 -0.008702032146892
0.385824564944672 -0.008643771175204
0.390928379301728 -0.008588578086714
0.396044154591120 -0.008536316884855
0.401171329810437 -0.008486845383098
0.406309342707137 -0.008440018575103
0.411457629840208 -0.008395687036335
0.416615626641949 -0.008353678052349
0.421782767479884 -0.008313792774060
0.426958485718794 -0.008275827518055
0.432142213782848 -0.008239576033187
0.437333383217848 -0.008204829697977
0.442531424753567 -0.008171388198279
0.447735768366173 -0.008139055043916
0.452945843340743 -0.008107632124492
0.458161078333842 -0.008076919318549
0.463380901436184 -0.008046710444183
0.468604740235343 -0.008016771449084
0.473832021878528 -0.007986857872740
0.479062173135400 -0.007956724305632
0.484294620460935 -0.007926124495246
0.489528790058321 -0.007894843715869
0.494764107941877 -0.007862773806413
0.500000000000000 -0.007829829476817
0.505235892058122 -0.007795925453038
0.510471209941678 -0.007760977614750
0.515705379539064 -0.007724994171986
0.520937826864600 -0.007688174676902
0.526167978121472 -0.007650742868835
0.531395259764656 -0.007612922483131
0.536619098563816 -0.007574935772815
0.541838921666157 -0.007536979945138
0.547054156659257 -0.007499219557619
0.552264231633827 -0.007461816013486
0.557468575246433 -0.007424929926431
0.562666616782152 -0.007388721598362
0.567857786217152 -0.007353368334135
0.573041514281206 -0.007319059450570
0.578217232520115 -0.007285982577502
0.583384373358051 -0.007254323407196
0.588542370159791 -0.007224255912287
0.593690657292862 -0.007195897190396
0.598828670189563 -0.007169341360781
0.603955845408879 -0.007144680273650
0.609071620698271 -0.007122003533188
0.614175435055328 -0.007101354823502
0.619266728789290 -0.007082667162950
0.624344943582427 -0.007065857112456
0.629409522551260 -0.007050841655707
0.634459910307633 -0.007037538936161
0.639495553019614 -0.007025881921474
0.644515898472235 -0.007015816689975
0.649520396128043 -0.007007289685835
0.654508497187474 -0.007000247548730
0.659479654649035 -0.006994636000982
0.664433323369291 -0.006990396860681
0.669368960122646 -0.006987471399962
0.674286023660907 -0.006985801360928
0.679183974772650 -0.006985328836177
0.684062276342339 -0.006985994401390
0.688920393409233 -0.006987737726989
0.693757793226051 -0.006990499172240
0.698573945317390 -0.006994220144245
0.703368321537900 -0.006998864407755
0.708140396130200 -0.007004432782099
0.712889645782536 -0.007010928983778
0.717615549686163 -0.007018355817742
0.722317589592464 -0.007026717426297
0.726995249869773 -0.007036023401369
0.731648017559930 -0.007046283383908
0.736275382434527 -0.007057505847423
0.740876837050857 -0.007069697656118
0.745451876807570 -0.007082863208938
0.750000000000000 -0.007097005564739
0.754520707875185 -0.007112126456729
0.759013504686565 -0.007128226281035
0.763477897748338 -0.007145302945179
0.767913397489498 -0.007163353141415
0.772319517507513 -0.007182372454882
0.776695774621672 -0.007202358506488
0.781041688926065 -0.007223313507051
0.785356783842216 -0.007245238823868
0.789640586171339 -0.007268133309112
0.793892626146236 -0.007291974265302
0.798112437482808 -0.007316723124193
0.802299557431187 -0.007342340607599
0.806453526826488 -0.007368740512386
0.810573890139155 -0.007395663193149
0.814660195524918 -0.007422819283993
0.818711994874345 -0.007449933735687
0.822728843861975 -0.007476757544001
0.826710301995052 -0.007503064628422
0.830655932661826 -0.007528641022260
0.834565303179429 -0.007553282441299
0.838437984841330 -0.007576792842937
0.842273552964344 -0.007598988161050
0.846071586935203 -0.007619696765601
0.849831670256683 -0.007638760510301
0.853553390593274 -0.007656033118549
0.857236339816401 -0.007671380203211
0.860880114049181 -0.007684678666467
0.864484313710706 -0.007695816787254
0.868048543559867 -0.007704694489892
0.871572412738697 -0.007711223551096
0.875055534815230 -0.007715326889423
0.878497527825878 -0.007716937415799
0.881898014317321 -0.007715997255464
0.885256621387894 -0.007712459077143
0.888572980728485 -0.007706290660708
0.891846728662920 -0.007697474324086
0.895077506187845 -0.007685998033333
0.898264959012098 -0.007671835325515
0.901408737595557 -0.007654957542205
0.904508497187474 -0.007635038376967
0.907563897864277 -0.007611270159238
0.910574604566852 -0.007582880040088
0.913540287137281 -0.007549197226504
0.916460620355049 -0.007509637715130
0.919335283972712 -0.007463688908351
0.922163962751007 -0.007410906989334
0.924946346493432 -0.007350921059000
0.927682130080253 -0.007283430377158
0.930371013501972 -0.007208199785805
0.933012701892219 -0.007125059205869
0.935606905560095 -0.007033899423892
0.938153340021932 -0.006934670856686
0.940651726032496 -0.006827380964327
0.943101789615607 -0.006712090163637
0.945503262094184 -0.006588912371467
0.947855880119706 -0.006458010725218
0.950159385701097 -0.006319593877238
0.952413526233010 -0.006173914404991
0.954618054523534 -0.006021269288550
0.956772728821300 -0.005861991636287
0.958877312841991 -0.005696453667400
0.960931575794250 -0.005525059334644
0.962935292404997 -0.005348245388756
0.964888242944126 -0.005166475769437
0.966790213248601 -0.004980244338044
0.968640994745946 -0.004790064313478
0.970440384477113 -0.004596470329516
0.972188185118740 -0.004400020165236
0.973884205004793 -0.004201284126716
0.975528258147577 -0.004000846432962
0.977120164258138 -0.003799299219191
0.978659748766034 -0.003597248360443
0.980146842838471 -0.003395305588432
0.981581283398829 -0.003194078540276
0.982962913144534 -0.002994188619105
0.984291580564316 -0.002796241682769
0.985567139954818 -0.002600854461144
0.986789451436580 -0.002408625971154
0.987958380969374 -0.002220156482069
0.989073800366903 -0.002036027324566
0.990135587310861 -0.001856813695676
0.991143625364344 -0.001683080698147
0.992097803984621 -0.001515364353485
0.992998018535252 -0.001354196637293
0.993844170297569 -0.001200077225113
0.994636166481494 -0.001053495784033
0.995373920235722 -0.000914910389522
0.996057350657239 -0.000784757202866
0.996686382800198 -0.000663445267378
0.997260947684137 -0.000551358616094
0.997780982301540 -0.000448851778423
0.998246429624752 -0.000356242845126
0.998657238612229 -0.000273833981354
0.999013364214136 -0.000201875756691
0.999314767377287 -0.000140596433379
0.999561415049429 -0.000090194717274
0.999753280182866 -0.000050829569891
0.999890341737423 -0.000022619192332
0.999972584682756 -0.000005658937962
1.000000000000000 0.000000000000000
