1.000000000000000 0.000000000000000
0.999972584682756 0.000005955678905
0.999890341737423 0.000023824311444
0.999753280182866 0.000053595289859
0.999561415049429 0.000095249670295
0.999314767377287 0.000148771735669
0.999013364214136 0.000214129794237
0.998657238612229 0.000291295444934
0.998246429624752 0.000380228251638
0.997780982301540 0.000480883489663
0.997260947684137 0.000593212206122
0.996686382800198 0.000717157465413
0.996057350657239 0.000852654448819
0.995373920235722 0.000999641995178
0.994636166481494 0.001158047417808
0.993844170297569 0.001327786662322
0.992998018535252 0.001508783428467
0.992097803984621 0.001700950266558
0.991143625364344 0.001904192542554
0.990135587310861 0.002118416134804
0.989073800366903 0.002343516255828
0.987958380969374 0.002579385173389
0.986789451436580 0.002825919832083
0.985567139954818 0.003082999544135
0.984291580564316 0.003350512362236
0.982962913144534 0.003628336558508
0.981581283398829 0.003916340898236
0.980146842838472 0.004214403342880
0.978659748766034 0.004522392700995
0.977120164258138 0.004840172586822
0.975528258147577 0.005167608963222
0.973884205004793 0.005504559370220
0.972188185118741 0.005850887734602
0.970440384477113 0.006206453615733
0.968640994745946 0.006571105285018
0.966790213248601 0.006944701622668
0.964888242944126 0.007327097854227
0.962935292404997 0.007718142281662
0.960931575794250 0.008117690792445
0.958877312841991 0.008525592839297
0.956772728821300 0.008941698824774
0.954618054523534 0.009365863813957
0.952413526233010 0.009797937250203
0.950159385701097 0.010237770248867
0.947855880119706 0.010685219281973
0.945503262094184 0.011140136013632
0.943101789615607 0.011602381364783
0.940651726032496 0.012071808554572
0.938153340021932 0.012548280509031
0.935606905560095 0.013031659799857
0.933012701892219 0.013521805597511
0.930371013501972 0.014018590746684
0.927682130080253 0.014521881806921
0.924946346493432 0.015031556041337
0.922163962751008 0.015547488314981
0.919335283972712 0.016069554711728
0.916460620355050 0.016597649191342
0.913540287137281 0.017131650934912
0.910574604566852 0.017671460641575
0.907563897864277 0.018216971333047
0.904508497187474 0.018768084880572
0.901408737595557 0.019324715351975
0.898264959012098 0.019886766733984
0.895077506187845 0.020454165202599
0.891846728662920 0.021026833680636
0.888572980728485 0.021604695347954
0.885256621387895 0.022187695893182
0.881898014317321 0.022775772115485
0.878497527825878 0.023368874194314
0.875055534815230 0.023966956420154
0.871572412738697 0.024569983525722
0.868048543559867 0.025177924621452
0.864484313710706 0.025790753373460
0.860880114049181 0.026408454341351
0.857236339816402 0.027031020180528
0.853553390593274 0.027658448555923
0.849831670256683 0.028290745095912
0.846071586935203 0.028927920002122
0.842273552964344 0.029570000680198
0.838437984841330 0.030217011313014
0.834565303179429 0.030868996077582
0.830655932661826 0.031525996470945
0.826710301995053 0.032188073745145
0.822728843861975 0.032855283505535
0.818711994874345 0.033527682658278
0.814660195524919 0.034205340096302
0.810573890139155 0.034888355779908
0.806453526826488 0.035576864054153
0.802299557431188 0.036271008179081
0.798112437482808 0.036970854587386
0.793892626146237 0.037676151919596
0.789640586171339 0.038386563749003
0.785356783842216 0.039101746832678
0.781041688926065 0.039821299366516
0.776695774621672 0.040544765985052
0.772319517507513 0.041271675012030
0.767913397489498 0.042001539209529
0.763477897748339 0.042733875814670
0.759013504686565 0.043468182787070
0.754520707875186 0.044203954232459
0.750000000000000 0.044940668362998
0.745451876807570 0.045677786343822
0.740876837050858 0.046414756874685
0.736275382434527 0.047151017011682
0.731648017559931 0.047885990467171
0.726995249869773 0.048619082383018
0.722317589592464 0.049349679687865
0.717615549686164 0.050077167239245
0.712889645782536 0.050800917673704
0.708140396130201 0.051520328773590
0.703368321537900 0.052234798494136
0.698573945317390 0.052943709222177
0.693757793226052 0.053646473138279
0.688920393409234 0.054342700118205
0.684062276342339 0.055032111325174
0.679183974772650 0.055714435788167
0.674286023660908 0.056389401411930
0.669368960122646 0.057056719889518
0.664433323369292 0.057716085242430
0.659479654649035 0.058367196660679
0.654508497187474 0.059009747943127
0.649520396128043 0.059643444772643
0.644515898472236 0.060268017355697
0.639495553019615 0.060883198018216
0.634459910307633 0.061488735311277
0.629409522551260 0.062084366342975
0.624344943582428 0.062669793557419
0.619266728789291 0.063244666073569
0.614175435055328 0.063808633920357
0.609071620698271 0.064361343516938
0.603955845408880 0.064902497135242
0.598828670189563 0.065432173387278
0.593690657292862 0.065950630254602
0.588542370159792 0.066458139389295
0.583384373358051 0.066954980176934
0.578217232520115 0.067441497526974
0.573041514281206 0.067918237326945
0.567857786217152 0.068385803459216
0.562666616782152 0.068844801692554
0.557468575246433 0.069295851516786
0.552264231633827 0.069739535844485
0.547054156659257 0.070176362363360
0.541838921666158 0.070606839919229
0.536619098563816 0.071031480741473
0.531395259764657 0.071450808663094
0.526167978121472 0.071865459834824
0.520937826864600 0.072276218870402
0.515705379539064 0.072683878130947
0.510471209941678 0.073089237400177
0.505235892058123 0.073493055555207
0.500000000000000 0.073895318482501
0.494764107941877 0.074295335874106
0.489528790058322 0.074692385065097
0.484294620460936 0.075085754293892
0.479062173135400 0.075474697808031
0.473832021878528 0.075858095987357
0.468604740235343 0.076234584357009
0.463380901436184 0.076602801103797
0.458161078333842 0.076961397295250
0.452945843340743 0.077309051566740
0.447735768366173 0.077644586820939
0.442531424753567 0.077966904419326
0.437333383217848 0.078274920652495
0.432142213782848 0.078567565952147
0.426958485718794 0.078843754324022
0.421782767479885 0.079102237726946
0.416615626641949 0.079341732493563
0.411457629840209 0.079560977477516
0.406309342707138 0.079758734122008
0.401171329810437 0.079934125947601
0.396044154591120 0.080087301865265
0.390928379301729 0.080218607992953
0.385824564944672 0.080328395523539
0.380733271210710 0.080417021716570
0.375655056417573 0.080485048303468
0.370590477448740 0.080533349073403
0.365540089692367 0.080562820756606
0.360504446980385 0.080574353482882
0.355484101527764 0.080568824207452
0.350479603871957 0.080547010668656
0.345491502812526 0.080509620770713
0.340520345350965 0.080457356177303
0.335566676630708 0.080390913010654
0.330631039877354 0.080311013214503
0.325713976339092 0.080218487374565
0.320816025227350 0.080114183963434
0.315937723657661 0.079998939194072
0.311079606590766 0.079873564445793
0.306242206773949 0.079738565964686
0.301426054682610 0.079594153766271
0.296631678462100 0.079440529665357
0.291859603869799 0.079277896273205
0.287110354217464 0.079106232836568
0.282384450313836 0.078924838039941
0.277682410407536 0.078732906609493
0.273004750130227 0.078529665154128
0.268351982440069 0.078314389866965
0.263724617565473 0.078086495581512
0.259123162949143 0.077845479855026
0.254548123192430 0.077590870175037
0.250000000000000 0.077322217813278
0.245479292124815 0.077039068012463
0.240986495313435 0.076740965973603
0.236522102251661 0.076427488915406
0.232086602510502 0.076098244844358
0.227680482492487 0.075752868600372
0.223304225378328 0.075391024676184
0.218958311073935 0.075012407569500
0.214643216157784 0.074616744017197
0.210359413828661 0.074203784917644
0.206107373853763 0.073773309351431
0.201887562517192 0.073325129394631
0.197700442568813 0.072859057853665
0.193546473173512 0.072374762618708
0.189426109860845 0.071871881286825
0.185339804475081 0.071350100506544
0.181288005125655 0.070809148452765
0.177271156138025 0.070248817075796
0.173289698004947 0.069668933751676
0.169344067338174 0.069069377494770
0.165434696820571 0.068450093642568
0.161562015158670 0.067811087337677
0.157726447035656 0.067152398771332
0.153928413064797 0.066474122254199
0.150168329743317 0.065776422540665
0.146446609406726 0.065059498754740
0.142763660183598 0.064323587871285
0.139119885950819 0.063569013343192
0.135515686289294 0.062796112171519
0.131951456440133 0.062005277168395
0.128427587261303 0.061196951558812
0.124944465184770 0.060371616006328
0.121502472174122 0.059529786797345
0.118101985682679 0.058672049747421
0.114743378612105 0.057799030795920
0.111427019271515 0.056911366315803
0.108153271337080 0.056009691306253
0.104922493812155 0.055094656918950
0.101735040987902 0.054167030466335
0.098591262404443 0.053227856706472
0.095491502812526 0.052278227489604
0.092436102135723 0.051319369146522
0.089425395433148 0.050352629150432
0.086459712862719 0.049379364538941
0.083539379644950 0.048400695083591
0.080664716027288 0.047417636087046
0.077836037248993 0.046431162532192
0.075053653506568 0.045442150111523
0.072317869919747 0.044451480633536
0.069628986498028 0.043459902650666
0.066987298107781 0.042468150602216
0.064393094439905 0.041476911090942
0.061846659978068 0.040486857977966
0.059348273967504 0.039498581948161
0.056898210384393 0.038512479995915
0.054496737905816 0.037529102799890
0.052144119880294 0.036549396083824
0.049840614298903 0.035573588149162
0.047586473766990 0.034599360531992
0.045381945476466 0.033623535497970
0.043227271178700 0.032641923776331
0.041122687158010 0.031651745074505
0.039068424205750 0.030652121583039
0.037064707595003 0.029643439589641
0.035111757055874 0.028627064264067
0.033209786751399 0.027605403867017
0.031359005254054 0.026581261511107
0.029559615522887 0.025557813196671
0.027811814881260 0.024538415868290
0.026115794995207 0.023526522183241
0.024471741852423 0.022524877116955
0.022879835741862 0.021535534111968
0.021340251233966 0.020559594301020
0.019853157161529 0.019597583848743
0.018418716601171 0.018649994846372
0.017037086855466 0.017717394387041
0.015708419435685 0.016800150974908
0.014432860045182 0.015898657393537
0.013210548563420 0.015013203298639
0.012041619030626 0.014144105942378
0.010926199633097 0.013291606726233
0.009864412689139 0.012455979141684
0.008856374635656 0.011637400753636
0.007902196015379 0.010836124396785
0.007001981464748 0.010052283325495
0.006155829702431 0.009286116893532
0.005363833518506 0.008537724945373
0.004626079764278 0.007807273221501
0.003942649342761 0.007094972369487
0.003313617199802 0.006400836447444
0.002739052315863 0.005725092003874
0.002219017698460 0.005067819106235
0.001753570375248 0.004429131690223
0.001342761387771 0.003809121395420
0.000986635785864 0.003207901394275
0.000685232622713 0.002625589722204
0.000438584950571 0.002062212819308
0.000246719817134 0.001517898663155
0.000109658262577 0.000992707761799
0.000027415317244 0.000486793987914
0.000000000000000 0.000000000000000
0.000027415317244 -0.000467464249215
0.000109658262577 -0.000915377877498
0.000246719817134 -0.001343980827106
0.000438584950571 -0.001753019444805
0.000685232622713 -0.002144383295732
0.000986635785864 -0.002521480891590
0.001342761387771 -0.002886155039830
0.001753570375248 -0.003239224588540
0.002219017698460 -0.003581102241231
0.002739052315863 -0.003912140455616
0.003313617199802 -0.004232464455194
0.003942649342761 -0.004542132081226
0.004626079764278 -0.004841330714373
0.005363833518506 -0.005130013827395
0.006155829702431 -0.005408276889058
0.007001981464748 -0.005676148930543
0.007902196015379 -0.005933625470354
0.008856374635656 -0.006180806915078
0.009864412689139 -0.006417634933633
0.010926199633097 -0.006644237192828
0.012041619030626 -0.006860570351101
0.013210548563420 -0.007066764949658
0.014432860045182 -0.007262802733330
0.015708419435684 -0.007448822795211
0.017037086855466 -0.007624871320211
0.018418716601171 -0.007791120307849
0.019853157161528 -0.007947668148559
0.021340251233966 -0.008094696022343
0.022879835741862 -0.008232561999079
0.024471741852423 -0.008361810852560
0.026115794995207 -0.008482524505577
0.027811814881259 -0.008594248125159
0.029559615522887 -0.008695633598628
0.031359005254054 -0.008784421564395
0.033209786751399 -0.008858469861807
0.035111757055874 -0.008915749193500
0.037064707595003 -0.008954285080886
0.039068424205750 -0.008972208648772
0.041122687158009 -0.008968131673949
0.043227271178699 -0.008941088844798
0.045381945476466 -0.008890833415809
0.047586473766990 -0.008818020302876
0.049840614298903 -0.008724406221822
0.052144119880293 -0.008611578686963
0.054496737905816 -0.008480868424486
0.056898210384393 -0.008332894027127
0.059348273967504 -0.008167879031094
0.061846659978068 -0.007986242329601
0.064393094439905 -0.007788563219502
0.066987298107781 -0.007575422609845
0.069628986498028 -0.007347427876220
0.072317869919747 -0.007105255632472
0.075053653506568 -0.006849639396557
0.077836037248992 -0.006581396352331
0.080664716027288 -0.006301394057498
0.083539379644950 -0.006010594957876
0.086459712862719 -0.005709997006007
0.089425395433148 -0.005400674192007
0.092436102135723 -0.005083888200682
0.095491502812526 -0.004761093508056
0.098591262404443 -0.004433793636255
0.101735040987902 -0.004103098059289
0.104922493812155 -0.003770017638375
0.108153271337080 -0.003435296850594
0.111427019271514 -0.003099075311127
0.114743378612105 -0.002761436263113
0.118101985682679 -0.002422562828795
0.121502472174122 -0.002082734681049
0.124944465184770 -0.001742240873610
0.128427587261303 -0.001401345230554
0.131951456440133 -0.001060299516071
0.135515686289294 -0.000719360950704
0.139119885950819 -0.000378805954532
0.142763660183598 -0.000038916476306
0.146446609406726 0.000300018615492
0.150168329743317 0.000637706885624
0.153928413064796 0.000973858261541
0.157726447035656 0.001308169186308
0.161562015158669 0.001640338113400
0.165434696820571 0.001970057341619
0.169344067338174 0.002297014663380
0.173289698004947 0.002620899375406
0.177271156138025 0.002941406236873
0.181288005125655 0.003258222588453
0.185339804475081 0.003571026710893
0.189426109860845 0.003879489725580
0.193546473173511 0.004183277960713
0.197700442568812 0.004482074253273
0.201887562517192 0.004775640273243
0.206107373853763 0.005063760387739
0.210359413828660 0.005346221942645
0.214643216157784 0.005622850714532
0.218958311073935 0.005893523539570
0.223304225378328 0.006158122711008
0.227680482492486 0.006416534196084
0.232086602510501 0.006668633138112
0.236522102251661 0.006914291667225
0.240986495313435 0.007153385639364
0.245479292124814 0.007385796321170
0.250000000000000 0.007611407878326
0.254548123192429 0.007830106947248
0.259123162949142 0.008041786797830
0.263724617565473 0.008246342943145
0.268351982440069 0.008443673611247
0.273004750130227 0.008633679230716
0.277682410407536 0.008816264398698
0.282384450313836 0.008991338892857
0.287110354217464 0.009158801398258
0.291859603869799 0.009318551451475
0.296631678462100 0.009470493454716
0.301426054682609 0.009614543051297
0.306242206773948 0.009750711034384
0.311079606590766 0.009879068909562
0.315937723657661 0.009999695101579
0.320816025227350 0.010112677011394
0.325713976339092 0.010218119704627
0.330631039877354 0.010316147236512
0.335566676630708 0.010406893611798
0.340520345350965 0.010490500318413
0.345491502812526 0.010567116507005
0.350479603871956 0.010636893806807
0.355484101527764 0.010699990940611
0.360504446980385 0.010756573273384
0.365540089692367 0.010806814153062
0.370590477448739 0.010850904402267
0.375655056417572 0.010889053904236
0.380733271210709 0.010921480729752
0.385824564944672 0.010948409524228
0.390928379301728 0.010970062926803
0.396044154591120 0.010986612583969
0.401171329810437 0.010998211626121
0.406309342707137 0.011005017521112
0.411457629840208 0.011007192306068
0.416615626641949 0.011004873286610
0.421782767479884 0.010998126297783
0.426958485718794 0.010987007819311
0.432142213782848 0.010971577062102
0.437333383217848 0.010951895997569
0.442531424753567 0.010928034276149
0.447735768366173 0.010900070965511
0.452945843340743 0.010868088198176
0.458161078333842 0.010832170127693
0.463380901436184 0.010792404607402
0.468604740235343 0.010748898096832
0.473832021878528 0.010701771493884
0.479062173135400 0.010651147999856
0.484294620460935 0.010597153023348
0.489528790058321 0.010539899259480
0.494764107941877 0.010479401215509
0.500000000000000 0.010415629294557
0.505235892058122 0.010348555579233
0.510471209941678 0.010278153770661
0.515705379539064 0.010204359306420
0.520937826864600 0.010126943807327
0.526167978121472 0.010045638652629
0.531395259764656 0.009960176069713
0.536619098563816 0.009870292874179
0.541838921666157 0.009775747218636
0.547054156659257 0.009676347977575
0.552264231633827 0.009571914987102
0.557468575246433 0.009462270415672
0.562666616782152 0.009347239676759
0.567857786217152 0.009226603251850
0.573041514281206 0.009100082584771
0.578217232520115 0.008967399031266
0.583384373358051 0.008828280863065
0.588542370159791 0.008682482194122
0.593690657292862 0.008530023955277
0.598828670189563 0.008371101509662
0.603955845408879 0.008205914233780
0.609071620698271 0.008034661836077
0.614175435055328 0.007857669585291
0.619266728789290 0.007675777391480
0.624344943582427 0.007489950513401
0.629409522551260 0.007301144139294
0.634459910307633 0.007110296091361
0.639495553019614 0.006918278836131
0.644515898472235 0.006725873952307
0.649520396128043 0.006533845260938
0.654508497187474 0.006342942582129
0.659479654649035 0.006153903640660
0.664433323369291 0.005967460359664
0.669368960122646 0.005784332091149
0.674286023660907 0.005605222610718
0.679183974772650 0.005430816455260
0.684062276342339 0.005261818224942
0.688920393409233 0.005098946624894
0.693757793226051 0.004942902380801
0.698573945317390 0.004794363910952
0.703368321537900 0.004653690644868
0.708140396130200 0.004520523085249
0.712889645782536 0.004394404750249
0.717615549686163 0.004274886870189
0.722317589592464 0.004161508403172
0.726995249869773 0.004053734279851
0.731648017559930 0.003951018376056
0.736275382434527 0.003852830457266
0.740876837050857 0.003758657583136
0.745451876807570 0.003668022979799
0.750000000000000 0.003580470462665
0.754520707875185 0.003495557583710
0.759013504686565 0.003412855025442
0.763477897748338 0.003331945604965
0.767913397489498 0.003252426128116
0.772319517507513 0.003173908210656
0.776695774621672 0.003096012591632
0.781041688926065 0.003018364963715
0.785356783842216 0.002940603795215
0.789640586171339 0.002862386922009
0.793892626146236 0.002783427334995
0.798112437482808 0.002703490966147
0.802299557431187 0.002622356865187
0.806453526826488 0.002539891869499
0.810573890139155 0.002456294387078
0.814660195524918 0.002371844124627
0.818711994874345 0.002286808331994
0.822728843861975 0.002201418366158
0.826710301995052 0.002115873218772
0.830655932661826 0.002030363166076
0.834565303179429 0.001945074369327
0.838437984841330 0.001860192195633
0.842273552964344 0.001775894007307
0.846071586935203 0.001692347074034
0.849831670256683 0.001609707503676
0.853553390593274 0.001528121994463
0.857236339816401 0.001447729027977
0.860880114049181 0.001368658685776
0.864484313710706 0.001291032659128
0.868048543559867 0.001214964173922
0.871572412738697 0.001140557360590
0.875055534815230 0.001067909254505
0.878497527825878 0.000997107061310
0.881898014317321 0.000928231324275
0.885256621387894 0.000861353861459
0.888572980728485 0.000796538932159
0.891846728662920 0.000733843415114
0.895077506187845 0.000673316028368
0.898264959012098 0.000614999333167
0.901408737595557 0.000558927335683
0.904508497187474 0.000505128532746
0.907563897864277 0.000453623515721
0.910574604566852 0.000404426620403
0.913540287137281 0.000357546128607
0.916460620355049 0.000312984142754
0.919335283972712 0.000270736289392
0.922163962751007 0.000230792451129
0.924946346493432 0.000193137822707
0.927682130080253 0.000157751546760
0.930371013501972 0.000124607690788
0.933012701892219 0.000093675563021
0.935606905560095 0.000064919994301
0.938153340021932 0.000038300958633
0.940651726032496 0.000013774941982
0.943101789615607 -0.000008706054874
0.945503262094184 -0.000029193500320
0.947855880119706 -0.000047742511136
0.950159385701097 -0.000064411078926
0.952413526233010 -0.000079260620333
0.954618054523534 -0.000092354880694
0.956772728821300 -0.000103760242872
0.958877312841991 -0.000113545347418
0.960931575794250 -0.000121781015496
0.962935292404997 -0.000128539562182
0.964888242944126 -0.000133894909522
0.966790213248601 -0.000137922412699
0.968640994745946 -0.000140698307487
0.970440384477113 -0.000142299811460
0.972188185118740 -0.000142804641920
0.973884205004793 -0.000142290942917
0.975528258147577 -0.000140836995871
0.977120164258138 -0.000138520979687
0.978659748766034 -0.000135420887312
0.980146842838471 -0.000131614136562
0.981581283398829 -0.000127177403016
0.982962913144534 -0.000122186539906
0.984291580564316 -0.000116716359431
0.985567139954818 -0.000110840137243
0.986789451436580 -0.000104630037846
0.987958380969374 -0.000098156123596
0.989073800366903 -0.000091487053134
0.990135587310861 -0.000084689233019
0.991143625364344 -0.000077826814274
0.992097803984621 -0.000070961809996
0.992998018535252 -0.000064153779314
0.993844170297569 -0.000057459631323
0.994636166481494 -0.000050933232359
0.995373920235722 -0.000044626180149
0.996057350657239 -0.000038586302555
0.996686382800198 -0.000032859004580
0.997260947684137 -0.000027486212743
0.997780982301540 -0.000022506427197
0.998246429624752 -0.000017954768651
0.998657238612229 -0.000013863087045
0.999013364214136 -0.000010259500461
0.999314767377287 -0.000007168438394
0.999561415049429 -0.000004610684190
0.999753280182866 -0.000002603531504
0.999890341737423 -0.000001160299837
0.999972584682756 -0.000000290546117
1.000000000000000 0.000000000000000
