1.000000000000000 0.000000000000000
0.999972584682756 0.000004408369379
0.999890341737423 0.000017635824552
0.999753280182866 0.000039686512737
0.999561415049429 0.000070575030800
0.999314767377287 0.000110309060028
0.999013364214136 0.000158906657823
0.998657238612229 0.000216390434123
0.998246429624752 0.000282784590946
0.997780982301540 0.000358117741580
0.997260947684137 0.000442419917402
0.996686382800198 0.000535725368768
0.996057350657239 0.000638075383964
0.995373920235722 0.000749506489637
0.994636166481494 0.000870067849396
0.993844170297569 0.000999806514823
0.992998018535252 0.001138767214859
0.992097803984621 0.001287006916172
0.991143625364344 0.001444576977650
0.990135587310861 0.001611537731894
0.989073800366903 0.001787946451851
0.987958380969374 0.001973863058515
0.986789451436580 0.002169349919901
0.985567139954818 0.002374474657179
0.984291580564316 0.002589294856038
0.982962913144534 0.002813881917513
0.981581283398829 0.003048299712034
0.980146842838472 0.003292613349628
0.978659748766034 0.003546892001950
0.977120164258138 0.003811196377153
0.975528258147577 0.004085599942382
0.973884205004793 0.004370164043603
0.972188185118741 0.004664952985629
0.970440384477113 0.004970027549484
0.968640994745946 0.005285450937378
0.966790213248601 0.005611279071420
0.964888242944126 0.005947572859294
0.962935292404997 0.006294382102055
0.960931575794250 0.006651757788895
0.958877312841991 0.007019751862878
0.956772728821300 0.007398404074396
0.954618054523534 0.007787754430074
0.952413526233010 0.008187842951785
0.950159385701097 0.008598696358595
0.947855880119706 0.009020337399489
0.945503262094184 0.009452794413966
0.943101789615607 0.009896078076561
0.940651726032496 0.010350194086917
0.938153340021932 0.010815152872839
0.935606905560095 0.011290942685139
0.933012701892219 0.011777555857047
0.930371013501972 0.012274971808507
0.927682130080253 0.012783163407051
0.924946346493432 0.013302096640024
0.922163962751008 0.013831730341857
0.919335283972712 0.014372012456060
0.916460620355050 0.014922876279901
0.913540287137281 0.015484257255575
0.910574604566852 0.016056075599520
0.907563897864277 0.016638235949212
0.904508497187474 0.017230644294219
0.901408737595557 0.017833187051127
0.898264959012098 0.018445741082510
0.895077506187845 0.019068173478645
0.891846728662920 0.019700344819854
0.888572980728485 0.020342094936132
0.885256621387895 0.020993256673266
0.881898014317321 0.021653648647442
0.878497527825878 0.022323085575382
0.875055534815230 0.023001357035547
0.871572412738697 0.023688244785800
0.868048543559867 0.024383526154481
0.864484313710706 0.025086949242938
0.860880114049181 0.025798267962267
0.857236339816402 0.026517203183787
0.853553390593274 0.027243481350428
0.849831670256683 0.027976799173024
0.846071586935203 0.028716848122466
0.842273552964344 0.029463310856692
0.838437984841330 0.030215843670707
0.834565303179429 0.030974100981925
0.830655932661826 0.031737714323300
0.826710301995053 0.032506309823768
0.822728843861975 0.033279497341909
0.818711994874345 0.034056863653124
0.814660195524919 0.034837997085116
0.810573890139155 0.035622463763278
0.806453526826488 0.036409821943825
0.802299557431188 0.037199611208720
0.798112437482808 0.037991365510231
0.793892626146237 0.038784588996378
0.789640586171339 0.039578788859853
0.785356783842216 0.040373447245893
0.781041688926065 0.041168042187502
0.776695774621672 0.041962061800163
0.772319517507513 0.042754975988687
0.767913397489498 0.043546252140324
0.763477897748339 0.044335289288398
0.759013504686565 0.045121441613325
0.754520707875186 0.045904049708309
0.750000000000000 0.046682479890388
0.745451876807570 0.047456556868110
0.740876837050858 0.048226354978001
0.736275382434527 0.048991966916110
0.731648017559931 0.049753507670774
0.726995249869773 0.050511214580899
0.722317589592464 0.051265389040011
0.717615549686164 0.052016353001434
0.712889645782536 0.052764442619046
0.708140396130201 0.053509970591991
0.703368321537900 0.054253256512683
0.698573945317390 0.054994625966845
0.693757793226052 0.055734420183973
0.688920393409234 0.056473027931368
0.684062276342339 0.057210886903225
0.679183974772650 0.057948451805972
0.674286023660908 0.058686194872467
0.669368960122646 0.059424542639754
0.664433323369292 0.060163805513289
0.659479654649035 0.060904265355746
0.654508497187474 0.061646218169713
0.649520396128043 0.062389892940302
0.644515898472236 0.063134657203828
0.639495553019615 0.063879288467798
0.634459910307633 0.064622543849788
0.629409522551260 0.065363162717188
0.624344943582428 0.066099896185372
0.619266728789291 0.066831601084272
0.614175435055328 0.067557126076026
0.609071620698271 0.068275325531528
0.603955845408880 0.068985032582835
0.598828670189563 0.069685008788426
0.593690657292862 0.070373929204874
0.588542370159792 0.071050461288682
0.583384373358051 0.071713263346368
0.578217232520115 0.072361026022614
0.573041514281206 0.072992702577416
0.567857786217152 0.073607399190107
0.562666616782152 0.074204227625574
0.557468575246433 0.074782300563014
0.552264231633827 0.075340986812999
0.547054156659257 0.075880929681584
0.541838921666158 0.076403183137176
0.536619098563816 0.076908808062249
0.531395259764657 0.077398877929454
0.526167978121472 0.077874412212716
0.520937826864600 0.078336252955823
0.515705379539064 0.078785203058111
0.510471209941678 0.079222073311430
0.505235892058123 0.079647680200339
0.500000000000000 0.080062921615431
0.494764107941877 0.080468882078421
0.489528790058322 0.080866679621711
0.484294620460936 0.081257431506078
0.479062173135400 0.081642253787699
0.473832021878528 0.082021899111541
0.468604740235343 0.082396417720983
0.463380901436184 0.082765775079713
0.458161078333842 0.083129944521648
0.452945843340743 0.083488893554474
0.447735768366173 0.083842227312699
0.442531424753567 0.084189004169746
0.437333383217848 0.084528241798051
0.432142213782848 0.084858970248023
0.426958485718794 0.085180234359312
0.421782767479885 0.085491189648641
0.416615626641949 0.085791111578252
0.411457629840209 0.086079294546093
0.406309342707138 0.086355047927761
0.401171329810437 0.086617690741464
0.396044154591120 0.086866522692161
0.390928379301729 0.087100829501394
0.385824564944672 0.087319913179831
0.380733271210710 0.087523093454064
0.375655056417573 0.087709718978397
0.370590477448740 0.087879233099307
0.365540089692367 0.088031128477978
0.360504446980385 0.088164918758167
0.355484101527764 0.088280132515268
0.350479603871957 0.088376322202111
0.345491502812526 0.088453067938759
0.340520345350965 0.088509971615248
0.335566676630708 0.088546653282697
0.330631039877354 0.088562752598060
0.325713976339092 0.088557930555027
0.320816025227350 0.088531869737009
0.315937723657661 0.088484272626648
0.311079606590766 0.088414861203084
0.306242206773949 0.088323374800446
0.301426054682610 0.088209553608778
0.296631678462100 0.088073152096548
0.291859603869799 0.087913945367121
0.287110354217464 0.087731732055626
0.282384450313836 0.087526412942984
0.277682410407536 0.087298008247392
0.273004750130227 0.087046562557199
0.268351982440069 0.086772133951388
0.263724617565473 0.086474821846197
0.259123162949143 0.086154814064707
0.254548123192430 0.085812329702886
0.250000000000000 0.085447598474975
0.245479292124815 0.085060856275347
0.240986495313435 0.084652333211607
0.236522102251661 0.084222257685796
0.232086602510502 0.083770874950669
0.227680482492487 0.083298446093184
0.223304225378328 0.082805256549832
0.218958311073935 0.082291605898222
0.214643216157784 0.081757810770068
0.210359413828661 0.081204191183183
0.206107373853763 0.080631048908555
0.201887562517192 0.080038681739277
0.197700442568813 0.079427401485134
0.193546473173512 0.078797576385330
0.189426109860845 0.078149719264227
0.185339804475081 0.077484395286182
0.181288005125655 0.076802174116274
0.177271156138025 0.076103817670800
0.173289698004947 0.075390397248361
0.169344067338174 0.074662995199031
0.165434696820571 0.073922656591388
0.161562015158670 0.073170357658810
0.157726447035656 0.072407019329603
0.153928413064797 0.071633549245961
0.150168329743317 0.070850901070603
0.146446609406726 0.070060088345122
0.142763660183598 0.069262117413143
0.139119885950819 0.068457776705130
0.135515686289294 0.067647207778214
0.131951456440133 0.066830423816065
0.128427587261303 0.066007444737025
0.124944465184770 0.065178170698404
0.121502472174122 0.064342476693702
0.118101985682679 0.063500283914282
0.114743378612105 0.062651580570425
0.111427019271515 0.061796389782967
0.108153271337080 0.060934799835256
0.104922493812155 0.060066916180642
0.101735040987902 0.059192884722752
0.098591262404443 0.058312879994658
0.095491502812526 0.057427011068404
0.092436102135723 0.056535406495516
0.089425395433148 0.055637709590256
0.086459712862719 0.054732500631955
0.083539379644950 0.053818361157159
0.080664716027288 0.052894123218754
0.077836037248993 0.051958848197224
0.075053653506568 0.051011734598101
0.072317869919747 0.050052165191109
0.069628986498028 0.049079679482973
0.066987298107781 0.048093971607054
0.064393094439905 0.047094919131523
0.061846659978068 0.046082538741112
0.059348273967504 0.045057032228521
0.056898210384393 0.044018724639329
0.054496737905816 0.042968060821889
0.052144119880294 0.041905603858086
0.049840614298903 0.040832223494884
0.047586473766990 0.039748970265508
0.045381945476466 0.038656315898569
0.043227271178700 0.037554187350685
0.041122687158010 0.036442098160516
0.039068424205750 0.035319031743747
0.037064707595003 0.034183936031191
0.035111757055874 0.033035755159331
0.033209786751399 0.031873279636565
0.031359005254054 0.030695095199054
0.029559615522887 0.029499469136009
0.027811814881260 0.028284417148437
0.026115794995207 0.027047779435499
0.024471741852423 0.025786546075012
0.022879835741862 0.024496697566055
0.021340251233966 0.023184459541932
0.019853157161529 0.021865446996884
0.018418716601171 0.020559421058242
0.017037086855466 0.019284239754249
0.015708419435685 0.018054084955261
0.014432860045182 0.016878723924071
0.013210548563420 0.015763572744900
0.012041619030626 0.014712082361345
0.010926199633097 0.013721731584954
0.009864412689139 0.012783014549756
0.008856374635656 0.011887323098810
0.007902196015379 0.011028048420104
0.007001981464748 0.010200962964458
0.006155829702431 0.009402947963561
0.005363833518506 0.008631600412680
0.004626079764278 0.007884984195492
0.003942649342761 0.007161646197748
0.003313617199802 0.006460363705636
0.002739052315863 0.005780093535217
0.002219017698460 0.005120065124580
0.001753570375248 0.004479565809434
0.001342761387771 0.003857918215669
0.000986635785864 0.003254694718644
0.000685232622713 0.002669427777626
0.000438584950571 0.002101682000804
0.000246719817134 0.001551163857428
0.000109658262577 0.001017518335510
0.000027415317244 0.000500583717019
0.000000000000000 0.000000000000000
0.000027415317244 -0.000484429245089
0.000109658262577 -0.000952781755145
0.000246719817134 -0.001405462177565
0.000438584950571 -0.001843268294070
0.000685232622713 -0.002271493267628
0.000986635785864 -0.002693310051563
0.001342761387771 -0.003109674720494
0.001753570375248 -0.003520660855521
0.002219017698460 -0.003925991578128
0.002739052315863 -0.004325095572992
0.003313617199802 -0.004717141727289
0.003942649342761 -0.005101304841019
0.004626079764278 -0.005476338682812
0.005363833518506 -0.005840955289567
0.006155829702431 -0.006193541026341
0.007001981464748 -0.006532113039000
0.007902196015379 -0.006854374181673
0.008856374635656 -0.007157324833233
0.009864412689139 -0.007437350395126
0.010926199633097 -0.007689295757473
0.012041619030626 -0.007906760828312
0.013210548563420 -0.008081562495767
0.014432860045182 -0.008206807135812
0.015708419435684 -0.008278000674241
0.017037086855466 -0.008292830760860
0.018418716601171 -0.008251534355206
0.019853157161528 -0.008158449329611
0.021340251233966 -0.008022503175350
0.022879835741862 -0.007857615562385
0.024471741852423 -0.007681010665105
0.026115794995207 -0.007505224721838
0.027811814881259 -0.007330388906263
0.029559615522887 -0.007156016178226
0.031359005254054 -0.006982071532559
0.033209786751399 -0.006808195934280
0.035111757055874 -0.006633860891952
0.037064707595003 -0.006458508022129
0.039068424205750 -0.006281472999221
0.041122687158009 -0.006101973322020
0.043227271178699 -0.005919040493221
0.045381945476466 -0.005731514722689
0.047586473766990 -0.005538316347388
0.049840614298903 -0.005338490056967
0.052144119880293 -0.005131714456872
0.054496737905816 -0.004918216033933
0.056898210384393 -0.004698159838935
0.059348273967504 -0.004471663464043
0.061846659978068 -0.004238897272267
0.064393094439905 -0.004000098411786
0.066987298107781 -0.003755531261879
0.069628986498028 -0.003505489456400
0.072317869919747 -0.003250314548572
0.075053653506568 -0.002990387684660
0.077836037248992 -0.002726137535586
0.080664716027288 -0.002458013607609
0.083539379644950 -0.002186506118479
0.086459712862719 -0.001912214062100
0.089425395433148 -0.001635813960185
0.092436102135723 -0.001357897698152
0.095491502812526 -0.001078847236935
0.098591262404443 -0.000798925977711
0.101735040987902 -0.000517596326337
0.104922493812155 -0.000233922820880
0.108153271337080 0.000053054646794
0.111427019271514 0.000344275449956
0.114743378612105 0.000640747099795
0.118101985682679 0.000943554751342
0.121502472174122 0.001253866148422
0.124944465184770 0.001572946100560
0.128427587261303 0.001902242989507
0.131951456440133 0.002243334103562
0.135515686289294 0.002597808970863
0.139119885950819 0.002966940147188
0.142763660183598 0.003351960098348
0.146446609406726 0.003753573987960
0.150168329743317 0.004170198805591
0.153928413064796 0.004599547884782
0.157726447035656 0.005039229496462
0.161562015158669 0.005487009377952
0.165434696820571 0.005940598529937
0.169344067338174 0.006397543124344
0.173289698004947 0.006854914973346
0.177271156138025 0.007309461580753
0.181288005125655 0.007757792118519
0.185339804475081 0.008197196842039
0.189426109860845 0.008625851708404
0.193546473173511 0.009041920801070
0.197700442568812 0.009443968515665
0.201887562517192 0.009832353338982
0.206107373853763 0.010207928148655
0.210359413828660 0.010571598666719
0.214643216157784 0.010924101681914
0.218958311073935 0.011265954717312
0.223304225378328 0.011597700155788
0.227680482492486 0.011919926934631
0.232086602510501 0.012233352535797
0.236522102251661 0.012538784591373
0.240986495313435 0.012837069458232
0.245479292124814 0.013129091561693
0.250000000000000 0.013415717148669
0.254548123192429 0.013697831121480
0.259123162949142 0.013976360926120
0.263724617565473 0.014252302611260
0.268351982440069 0.014526815070242
0.273004750130227 0.014801137726040
0.277682410407536 0.015076556673753
0.282384450313836 0.015354184071311
0.287110354217464 0.015633994511845
0.291859603869799 0.015915546646501
0.296631678462100 0.016198387241886
0.301426054682609 0.016482033532156
0.306242206773948 0.016765803685849
0.311079606590766 0.017048886009716
0.315937723657661 0.017330444825988
0.320816025227350 0.017609632343249
0.325713976339092 0.017885630353057
0.330631039877354 0.018157680987776
0.335566676630708 0.018425019233396
0.340520345350965 0.018686863479479
0.345491502812526 0.018942390322187
0.350479603871956 0.019190612637054
0.355484101527764 0.019430486795296
0.360504446980385 0.019660953431097
0.365540089692367 0.019880954958106
0.370590477448739 0.020089840523209
0.375655056417572 0.020287457906753
0.380733271210709 0.020473687338945
0.385824564944672 0.020648413072773
0.390928379301728 0.020811616645675
0.396044154591120 0.020963911779187
0.401171329810437 0.021106189219624
0.406309342707137 0.021239358033936
0.411457629840208 0.021364342747638
0.416615626641949 0.021482020769952
0.421782767479884 0.021593114023498
0.426958485718794 0.021698328819025
0.432142213782848 0.021798381096478
0.437333383217848 0.021893998592659
0.442531424753567 0.021986022178050
0.447735768366173 0.022075441004371
0.452945843340743 0.022163262164764
0.458161078333842 0.022250500031045
0.463380901436184 0.022338132536717
0.468604740235343 0.022426492323651
0.473832021878528 0.022515413497915
0.479062173135400 0.022604716300852
0.484294620460935 0.022694220346458
0.489528790058321 0.022783698670840
0.494764107941877 0.022872563994745
0.500000000000000 0.022960061540778
0.505235892058122 0.023045434223887
0.510471209941678 0.023127926537424
0.515705379539064 0.023206805755517
0.520937826864600 0.023281436376251
0.526167978121472 0.023351212087956
0.531395259764656 0.023415531161494
0.536619098563816 0.023473795533567
0.541838921666157 0.023525399568567
0.547054156659257 0.023569708822817
0.552264231633827 0.023606090206133
0.557468575246433 0.023633917855823
0.562666616782152 0.023652576407720
0.567857786217152 0.023661595953454
0.573041514281206 0.023660712073079
0.578217232520115 0.023649682697107
0.583384373358051 0.023628272545333
0.588542370159791 0.023596254088196
0.593690657292862 0.023553415703003
0.598828670189563 0.023499559759377
0.603955845408879 0.023434496284828
0.609071620698271 0.023358043037098
0.614175435055328 0.023270026251164
0.619266728789290 0.023170280696531
0.624344943582427 0.023058650627885
0.629409522551260 0.022934988181925
0.634459910307633 0.022799153975499
0.639495553019614 0.022651009944715
0.644515898472235 0.022490413526397
0.649520396128043 0.022317229880098
0.654508497187474 0.022131335037404
0.659479654649035 0.021932697997327
0.664433323369291 0.021721881295207
0.669368960122646 0.021499690801946
0.674286023660907 0.021266924321451
0.679183974772650 0.021024370391036
0.684062276342339 0.020772822123622
0.688920393409233 0.020513076905203
0.693757793226051 0.020245920128144
0.698573945317390 0.019972126619765
0.703368321537900 0.019692452903816
0.708140396130200 0.019407628909339
0.712889645782536 0.019118369649168
0.717615549686163 0.018825374799799
0.722317589592464 0.018529335367496
0.726995249869773 0.018230950857212
0.731648017559930 0.017930910845052
0.736275382434527 0.017629888672635
0.740876837050857 0.017328520553582
0.745451876807570 0.017027329615610
0.750000000000000 0.016726788922304
0.754520707875185 0.016427353916545
0.759013504686565 0.016129409149749
0.763477897748338 0.015833044859528
0.767913397489498 0.015538263985861
0.772319517507513 0.015245070001618
0.776695774621672 0.014953485262081
0.781041688926065 0.014663571884333
0.785356783842216 0.014375399153042
0.789640586171339 0.014089035147183
0.793892626146236 0.013804537510210
0.798112437482808 0.013521954810097
0.802299557431187 0.013241334405272
0.806453526826488 0.012962722829432
0.810573890139155 0.012686170756977
0.814660195524918 0.012411726885971
0.818711994874345 0.012139440160325
0.822728843861975 0.011869357730696
0.826710301995052 0.011601524416023
0.830655932661826 0.011335987009910
0.834565303179429 0.011072787423375
0.838437984841330 0.010811968698270
0.842273552964344 0.010553574758372
0.846071586935203 0.010297646504488
0.849831670256683 0.010044224637180
0.853553390593274 0.009793347368190
0.857236339816401 0.009545055508991
0.860880114049181 0.009299384202194
0.864484313710706 0.009056372628375
0.868048543559867 0.008816054866525
0.871572412738697 0.008578466986225
0.875055534815230 0.008343643799412
0.878497527825878 0.008111618117583
0.881898014317321 0.007882421130308
0.885256621387894 0.007656085601908
0.888572980728485 0.007432641179781
0.891846728662920 0.007212118549892
0.895077506187845 0.006994547708592
0.898264959012098 0.006779954005696
0.901408737595557 0.006568365546031
0.904508497187474 0.006359810613050
0.907563897864277 0.006154313236996
0.910574604566852 0.005951897776637
0.913540287137281 0.005752589123382
0.916460620355049 0.005556410794253
0.919335283972712 0.005363384085956
0.922163962751007 0.005173531974318
0.924946346493432 0.004986874170576
0.927682130080253 0.004803431624424
0.930371013501972 0.004623224369659
0.933012701892219 0.004446269846906
0.935606905560095 0.004272587015612
0.938153340021932 0.004102192425031
0.940651726032496 0.003935104118782
0.943101789615607 0.003771337139866
0.945503262094184 0.003610907403645
0.947855880119706 0.003453829536588
0.950159385701097 0.003300118622989
0.952413526233010 0.003149786843778
0.954618054523534 0.003002848649006
0.956772728821300 0.002859315315690
0.958877312841991 0.002719199287473
0.960931575794250 0.002582512266079
0.962935292404997 0.002449265169126
0.964888242944126 0.002319467085037
0.966790213248601 0.002193130300685
0.968640994745946 0.002070262379448
0.970440384477113 0.001950872781832
0.972188185118740 0.001834970212492
0.973884205004793 0.001722562760094
0.975528258147577 0.001613658280536
0.977120164258138 0.001508263410310
0.978659748766034 0.001406385462739
0.980146842838471 0.001308031325813
0.981581283398829 0.001213207162041
0.982962913144534 0.001121918156574
0.984291580564316 0.001034170058439
0.985567139954818 0.000949967760899
0.986789451436580 0.000869317032612
0.987958380969374 0.000792221317964
0.989073800366903 0.000718685610993
0.990135587310861 0.000648713498016
0.991143625364344 0.000582309481930
0.992097803984621 0.000519477287332
0.992998018535252 0.000460217497253
0.993844170297569 0.000404536760205
0.994636166481494 0.000352435480444
0.995373920235722 0.000303916775457
0.996057350657239 0.000258982769773
0.996686382800198 0.000217636216051
0.997260947684137 0.000179879182664
0.997780982301540 0.000145711414424
0.998246429624752 0.000115138210952
0.998657238612229 0.000088157793749
0.999013364214136 0.000064771261273
0.999314767377287 0.000044982170283
0.999561415049429 0.000028789202341
0.999753280182866 0.000016195062188
0.999890341737423 0.000007197827634
0.999972584682756 0.000001799427275
1.000000000000000 0.000000000000000
