1.000000000000000 0.000000000000000
0.999972584682756 0.000006829884058
0.999890341737423 0.000027312685696
0.999753280182866 0.000061459361475
0.999561415049429 0.000109276138964
0.999314767377287 0.000170777987646
0.999013364214136 0.000245966022971
0.998657238612229 0.000334872515988
0.998246429624752 0.000437502177012
0.997780982301540 0.000553886184563
0.997260947684137 0.000684045960000
0.996686382800198 0.000828006562598
0.996057350657239 0.000985801074306
0.995373920235722 0.001157461381421
0.994636166481494 0.001343013423519
0.993844170297569 0.001542495151214
0.992998018535252 0.001755942700779
0.992097803984621 0.001983394707542
0.991143625364344 0.002224887496510
0.990135587310861 0.002480463960508
0.989073800366903 0.002750154976214
0.987958380969374 0.003034006598241
0.986789451436580 0.003332052252615
0.985567139954818 0.003644335387586
0.984291580564316 0.003970890749725
0.982962913144534 0.004311753238745
0.981581283398829 0.004666957571377
0.980146842838472 0.005036537935334
0.978659748766034 0.005420518309379
0.977120164258138 0.005818935360732
0.975528258147577 0.006231805443045
0.973884205004793 0.006659147476383
0.972188185118741 0.007100982602650
0.970440384477113 0.007557319701684
0.968640994745946 0.008028169050220
0.966790213248601 0.008513523032905
0.964888242944126 0.009013379280855
0.962935292404997 0.009527730843063
0.960931575794250 0.010056556237936
0.958877312841991 0.010599833233634
0.956772728821300 0.011157524121792
0.954618054523534 0.011729584766936
0.952413526233010 0.012315968952785
0.950159385701097 0.012916618384170
0.947855880119706 0.013531457390379
0.945503262094184 0.014160416486788
0.943101789615607 0.014803388640709
0.940651726032496 0.015460286566584
0.938153340021932 0.016130989311111
0.935606905560095 0.016815370701802
0.933012701892219 0.017513298936074
0.930371013501972 0.018224611944710
0.927682130080253 0.018949150871026
0.924946346493432 0.019686740313416
0.922163962751008 0.020437178083504
0.919335283972712 0.021200258986936
0.916460620355050 0.021975760154514
0.913540287137281 0.022763445968103
0.910574604566852 0.023563052525910
0.907563897864277 0.024374314470358
0.904508497187474 0.025196931525593
0.901408737595557 0.026030612447426
0.898264959012098 0.026875034017183
0.895077506187845 0.027729884190034
0.891846728662920 0.028594942112765
0.888572980728485 0.029470002588925
0.885256621387895 0.030354868510956
0.881898014317321 0.031249324074233
0.878497527825878 0.032153148990137
0.875055534815230 0.033066115395292
0.871572412738697 0.033987997146440
0.868048543559867 0.034918559303035
0.864484313710706 0.035857557732739
0.860880114049181 0.036804744128616
0.857236339816402 0.037759875613785
0.853553390593274 0.038722686406812
0.849831670256683 0.039692920886490
0.846071586935203 0.040670305289715
0.842273552964344 0.041654571162516
0.838437984841330 0.042645441348299
0.834565303179429 0.043642625433510
0.830655932661826 0.044645838279592
0.826710301995053 0.045654781558060
0.822728843861975 0.046669166953049
0.818711994874345 0.047688679408774
0.814660195524919 0.048713018591731
0.810573890139155 0.049741866776277
0.806453526826488 0.050774906803805
0.802299557431188 0.051811812665450
0.798112437482808 0.052852254830683
0.793892626146237 0.053895923214033
0.789640586171339 0.054942601933697
0.785356783842216 0.055992134827444
0.781041688926065 0.057044374380521
0.776695774621672 0.058099164194528
0.772319517507513 0.059156365967226
0.767913397489498 0.060215836829017
0.763477897748339 0.061277438079237
0.759013504686565 0.062341035243462
0.754520707875186 0.063406502376973
0.750000000000000 0.064473713357536
0.745451876807570 0.065542537699751
0.740876837050858 0.066612865897066
0.736275382434527 0.067684579531065
0.731648017559931 0.068757564334664
0.726995249869773 0.069831710237548
0.722317589592464 0.070906921056359
0.717615549686164 0.071983089485490
0.712889645782536 0.073060124949194
0.708140396130201 0.074137940834960
0.703368321537900 0.075216442133216
0.698573945317390 0.076295535287153
0.693757793226052 0.077375125773295
0.688920393409234 0.078455122750161
0.684062276342339 0.079535442220784
0.679183974772650 0.080615977893354
0.674286023660908 0.081696614496615
0.669368960122646 0.082777251739000
0.664433323369292 0.083857788408182
0.659479654649035 0.084938129847941
0.654508497187474 0.086018179146927
0.649520396128043 0.087097854248749
0.644515898472236 0.088177068027389
0.639495553019615 0.089255734097193
0.634459910307633 0.090333769878996
0.629409522551260 0.091411078400491
0.624344943582428 0.092487576906784
0.619266728789291 0.093563181637476
0.614175435055328 0.094637829832823
0.609071620698271 0.095711471569758
0.603955845408880 0.096784064632282
0.598828670189563 0.097855577096155
0.593690657292862 0.098925943373580
0.588542370159792 0.099994810728590
0.583384373358051 0.101061650970763
0.578217232520115 0.102125919834726
0.573041514281206 0.103187082764219
0.567857786217152 0.104244588272904
0.562666616782152 0.105297865302081
0.557468575246433 0.106346319239908
0.552264231633827 0.107389364454157
0.547054156659257 0.108426411817996
0.541838921666158 0.109456874138472
0.536619098563816 0.110480170965735
0.531395259764657 0.111495732249961
0.526167978121472 0.112502986903920
0.520937826864600 0.113501366922103
0.515705379539064 0.114490308999211
0.510471209941678 0.115469264814314
0.505235892058123 0.116437691663934
0.500000000000000 0.117395045838796
0.494764107941877 0.118340798405290
0.489528790058322 0.119274364508643
0.484294620460936 0.120194924631734
0.479062173135400 0.121101592283499
0.473832021878528 0.121993488956713
0.468604740235343 0.122869758384795
0.463380901436184 0.123729541362985
0.458161078333842 0.124571998153961
0.452945843340743 0.125396286664602
0.447735768366173 0.126201594197062
0.442531424753567 0.126987109708182
0.437333383217848 0.127752050195621
0.432142213782848 0.128495632888328
0.426958485718794 0.129217089416194
0.421782767479885 0.129915669997941
0.416615626641949 0.130590647889065
0.411457629840209 0.131241318222238
0.406309342707138 0.131867031401828
0.401171329810437 0.132467174277939
0.396044154591120 0.133041153566409
0.390928379301729 0.133588399226930
0.385824564944672 0.134108390765000
0.380733271210710 0.134600928261881
0.375655056417573 0.135065957308305
0.370590477448740 0.135503447398739
0.365540089692367 0.135913372820071
0.360504446980385 0.136295724126126
0.355484101527764 0.136650482142026
0.350479603871957 0.136977638196504
0.345491502812526 0.137277193983388
0.340520345350965 0.137549162636755
0.335566676630708 0.137793573834814
0.330631039877354 0.138010486719563
0.325713976339092 0.138199975463204
0.320816025227350 0.138362128150814
0.315937723657661 0.138497045978806
0.311079606590766 0.138604842232768
0.306242206773949 0.138685651077245
0.301426054682610 0.138739620221568
0.296631678462100 0.138766909775692
0.291859603869799 0.138767691426995
0.287110354217464 0.138741799178666
0.282384450313836 0.138688150480980
0.277682410407536 0.138605556482782
0.273004750130227 0.138492880679508
0.268351982440069 0.138349041911440
0.263724617565473 0.138172990221636
0.259123162949143 0.137963705026782
0.254548123192430 0.137720213884691
0.250000000000000 0.137441597840926
0.245479292124815 0.137126987119387
0.240986495313435 0.136775544776616
0.236522102251661 0.136386473227904
0.232086602510502 0.135959020818487
0.227680482492487 0.135492488549766
0.223304225378328 0.134986204857981
0.218958311073935 0.134439523130714
0.214643216157784 0.133851835237960
0.210359413828661 0.133222576534571
0.206107373853763 0.132551240471365
0.201887562517192 0.131837455038072
0.197700442568813 0.131080895035346
0.193546473173512 0.130281267568934
0.189426109860845 0.129438580696961
0.185339804475081 0.128555202521757
0.181288005125655 0.127634689502762
0.177271156138025 0.126680528186376
0.173289698004947 0.125696127331813
0.169344067338174 0.124684668244965
0.165434696820571 0.123649174143879
0.161562015158670 0.122592598906226
0.157726447035656 0.121517867381779
0.153928413064797 0.120428198149978
0.150168329743317 0.119326910044251
0.146446609406726 0.118217200552848
0.142763660183598 0.117101369605807
0.139119885950819 0.115977856799389
0.135515686289294 0.114844111670524
0.131951456440133 0.113697753249429
0.128427587261303 0.112536173814312
0.124944465184770 0.111356242782172
0.121502472174122 0.110154917343297
0.118101985682679 0.108929358086939
0.114743378612105 0.107677074895187
0.111427019271515 0.106395803933725
0.108153271337080 0.105083412638548
0.104922493812155 0.103737724911801
0.101735040987902 0.102356428473140
0.098591262404443 0.100937246311153
0.095491502812526 0.099478353392368
0.092436102135723 0.097979537439540
0.089425395433148 0.096441014292382
0.086459712862719 0.094863091029098
0.083539379644950 0.093246995344293
0.080664716027288 0.091594231933688
0.077836037248993 0.089906213862167
0.075053653506568 0.088183749151205
0.072317869919747 0.086427462453277
0.069628986498028 0.084638624617867
0.066987298107781 0.082820465615900
0.064393094439905 0.080976712101261
0.061846659978068 0.079111572217429
0.059348273967504 0.077229976153905
0.056898210384393 0.075336790677200
0.054496737905816 0.073436659940265
0.052144119880294 0.071534090000559
0.049840614298903 0.069633867549731
0.047586473766990 0.067741129269168
0.045381945476466 0.065859462480035
0.043227271178700 0.063988177235113
0.041122687158010 0.062125891009716
0.039068424205750 0.060270248835803
0.037064707595003 0.058418721121230
0.035111757055874 0.056569067517251
0.033209786751399 0.054719310575297
0.031359005254054 0.052867306833793
0.029559615522887 0.051010901360206
0.027811814881260 0.049147977540680
0.026115794995207 0.047276367036311
0.024471741852423 0.045393124428266
0.022879835741862 0.043495257228059
0.021340251233966 0.041583502776329
0.019853157161529 0.039661898317435
0.018418716601171 0.037739195257638
0.017037086855466 0.035825064458118
0.015708419435685 0.033929575677379
0.014432860045182 0.032063194165080
0.013210548563420 0.030236054937562
0.012041619030626 0.028457589820125
0.010926199633097 0.026736313216536
0.009864412689139 0.025071447732927
0.008856374635656 0.023456724897071
0.007902196015379 0.021886811116324
0.007001981464748 0.020357684095379
0.006155829702431 0.018866196715260
0.005363833518506 0.017409893730254
0.004626079764278 0.015986718718248
0.003942649342761 0.014595024529302
0.003313617199802 0.013233424689394
0.002739052315863 0.011900738963919
0.002219017698460 0.010595955690324
0.001753570375248 0.009318297133011
0.001342761387771 0.008066939095412
0.000986635785864 0.006841331954817
0.000685232622713 0.005640821000106
0.000438584950571 0.004464948208727
0.000246719817134 0.003313237576483
0.000109658262577 0.002185462797822
0.000027415317244 0.001081248578584
0.000000000000000 0.000000000000000
0.000027415317244 -0.001058273693234
0.000109658262577 -0.002093982356045
0.000246719817134 -0.003107124294229
0.000438584950571 -0.004098148458216
0.000685232622713 -0.005067092523362
0.000986635785864 -0.006014658427104
0.001342761387771 -0.006946121969655
0.001753570375248 -0.007868282564093
0.002219017698460 -0.008784321040942
0.002739052315863 -0.009695873986958
0.003313617199802 -0.010603646385605
0.003942649342761 -0.011507828741243
0.004626079764278 -0.012408291585805
0.005363833518506 -0.013304607264409
0.006155829702431 -0.014196110184364
0.007001981464748 -0.015082071387026
0.007902196015379 -0.015961463059010
0.008856374635656 -0.016833144724385
0.009864412689139 -0.017695758904751
0.010926199633097 -0.018547673553438
0.012041619030626 -0.019387107470020
0.013210548563420 -0.020211669814234
0.014432860045182 -0.021018817101032
0.015708419435684 -0.021805958899866
0.017037086855466 -0.022571023225597
0.018418716601171 -0.023313095918964
0.019853157161528 -0.024031939983530
0.021340251233966 -0.024728138416048
0.022879835741862 -0.025403051340888
0.024471741852423 -0.026058952761942
0.026115794995207 -0.026699068191713
0.027811814881259 -0.027327553606374
0.029559615522887 -0.027946264349081
0.031359005254054 -0.028554844692752
0.033209786751399 -0.029152887581997
0.035111757055874 -0.029740004705199
0.037064707595003 -0.030316001840433
0.039068424205750 -0.030880862080441
0.041122687158009 -0.031434741061136
0.043227271178699 -0.031977936960007
0.045381945476466 -0.032510941334147
0.047586473766990 -0.033034460689927
0.049840614298903 -0.033549408551622
0.052144119880293 -0.034056739701610
0.054496737905816 -0.034557502254849
0.056898210384393 -0.035051838692451
0.059348273967504 -0.035539178504160
0.061846659978068 -0.036019038791144
0.064393094439905 -0.036491088327439
0.066987298107781 -0.036955076632342
0.069628986498028 -0.037410824240090
0.072317869919747 -0.037858235585830
0.075053653506568 -0.038297227165134
0.077836037248992 -0.038727734332785
0.080664716027288 -0.039149526796600
0.083539379644950 -0.039561087005347
0.086459712862719 -0.039960291405327
0.089425395433148 -0.040344941491506
0.092436102135723 -0.040712788252636
0.095491502812526 -0.041061478255816
0.098591262404443 -0.041388508795062
0.101735040987902 -0.041691209932085
0.104922493812155 -0.041966988041914
0.108153271337080 -0.042215241401437
0.111427019271514 -0.042436682318254
0.114743378612105 -0.042632176173758
0.118101985682679 -0.042802776877449
0.121502472174122 -0.042949709437110
0.124944465184770 -0.043074344724475
0.128427587261303 -0.043178149153452
0.131951456440133 -0.043262718880801
0.135515686289294 -0.043329827593993
0.139119885950819 -0.043381599333813
0.142763660183598 -0.043420457489547
0.146446609406726 -0.043448999537250
0.150168329743317 -0.043469396109848
0.153928413064796 -0.043483276538845
0.157726447035656 -0.043492348862042
0.161562015158669 -0.043497773353838
0.165434696820571 -0.043498962671939
0.169344067338174 -0.043494992141270
0.173289698004947 -0.043484919872764
0.177271156138025 -0.043468054880819
0.181288005125655 -0.043443859291937
0.185339804475081 -0.043411779626207
0.189426109860845 -0.043371190884264
0.193546473173511 -0.043321298309981
0.197700442568812 -0.043261254662256
0.201887562517192 -0.043190198570114
0.206107373853763 -0.043107672795075
0.210359413828660 -0.043013701155602
0.214643216157784 -0.042908349824563
0.218958311073935 -0.042791708344259
0.223304225378328 -0.042663980188686
0.227680482492486 -0.042525455667364
0.232086602510501 -0.042376448747746
0.236522102251661 -0.042217294842139
0.240986495313435 -0.042048330300185
0.245479292124814 -0.041869897795667
0.250000000000000 -0.041682363671341
0.254548123192429 -0.041486116412955
0.259123162949142 -0.041281560062484
0.263724617565473 -0.041069120015786
0.268351982440069 -0.040849242465265
0.273004750130227 -0.040622396408885
0.277682410407536 -0.040389096259253
0.282384450313836 -0.040149908072785
0.287110354217464 -0.039905417446879
0.291859603869799 -0.039656231139871
0.296631678462100 -0.039402894346500
0.301426054682609 -0.039145803851862
0.306242206773948 -0.038885352782489
0.311079606590766 -0.038621942994818
0.315937723657661 -0.038355954083617
0.320816025227350 -0.038087541976896
0.325713976339092 -0.037816781094967
0.330631039877354 -0.037543746602628
0.335566676630708 -0.037268516081315
0.340520345350965 -0.036991195346898
0.345491502812526 -0.036711933045748
0.350479603871956 -0.036430879763320
0.355484101527764 -0.036148194365846
0.360504446980385 -0.035864034426009
0.365540089692367 -0.035578553516881
0.370590477448739 -0.035291900188095
0.375655056417572 -0.035004229481211
0.380733271210709 -0.034715696507210
0.385824564944672 -0.034426455678811
0.390928379301728 -0.034136657671782
0.396044154591120 -0.033846454885746
0.401171329810437 -0.033555998693808
0.406309342707137 -0.033265442275749
0.411457629840208 -0.032974874996105
0.416615626641949 -0.032684292270115
0.421782767479884 -0.032393676678075
0.426958485718794 -0.032103015594375
0.432142213782848 -0.031812291721562
0.437333383217848 -0.031521494738641
0.442531424753567 -0.031230620618673
0.447735768366173 -0.030939662825962
0.452945843340743 -0.030648615059002
0.458161078333842 -0.030357471888554
0.463380901436184 -0.030066222464701
0.468604740235343 -0.029774856367924
0.473832021878528 -0.029483359934015
0.479062173135400 -0.029191722601579
0.484294620460935 -0.028899930717880
0.489528790058321 -0.028607980918713
0.494764107941877 -0.028315866519270
0.500000000000000 -0.028023584940322
0.505235892058122 -0.027731131729208
0.510471209941678 -0.027438511324077
0.515705379539064 -0.027145763588182
0.520937826864600 -0.026852937164574
0.526167978121472 -0.026560083848292
0.531395259764656 -0.026267251298238
0.536619098563816 -0.025974489941856
0.541838921666157 -0.025681842922579
0.547054156659257 -0.025389356654491
0.552264231633827 -0.025097075889753
0.557468575246433 -0.024805043815733
0.562666616782152 -0.024513306490047
0.567857786217152 -0.024221910275634
0.573041514281206 -0.023930900125518
0.578217232520115 -0.023640323124604
0.583384373358051 -0.023350224770020
0.588542370159791 -0.023060649164879
0.593690657292862 -0.022771639058265
0.598828670189563 -0.022483237803742
0.603955845408879 -0.022195485345616
0.609071620698271 -0.021908425068286
0.614175435055328 -0.021622085695781
0.619266728789290 -0.021336494880035
0.624344943582427 -0.021051675974322
0.629409522551260 -0.020767655904219
0.634459910307633 -0.020484460992374
0.639495553019614 -0.020202117609207
0.644515898472235 -0.019920653873620
0.649520396128043 -0.019640097049113
0.654508497187474 -0.019360473039641
0.659479654649035 -0.019081808742159
0.664433323369291 -0.018804132028307
0.669368960122646 -0.018527468405349
0.674286023660907 -0.018251845640268
0.679183974772650 -0.017977290158423
0.684062276342339 -0.017703827931437
0.688920393409233 -0.017431483903654
0.693757793226051 -0.017160285303219
0.698573945317390 -0.016890257952844
0.703368321537900 -0.016621431513047
0.708140396130200 -0.016353837287361
0.712889645782536 -0.016087506733351
0.717615549686163 -0.015822470612842
0.722317589592464 -0.015558762248557
0.726995249869773 -0.015296413333529
0.731648017559930 -0.015035456807487
0.736275382434527 -0.014775925846081
0.740876837050857 -0.014517851807028
0.745451876807570 -0.014261266150210
0.750000000000000 -0.014006199868137
0.754520707875185 -0.013752684408716
0.759013504686565 -0.013500749290406
0.763477897748338 -0.013250424715326
0.767913397489498 -0.013001742266126
0.772319517507513 -0.012754731702758
0.776695774621672 -0.012509421124735
0.781041688926065 -0.012265839426446
0.785356783842216 -0.012024017021188
0.789640586171339 -0.011783981454903
0.793892626146236 -0.011545760596683
0.798112437482808 -0.011309383289727
0.802299557431187 -0.011074876492617
0.806453526826488 -0.010842264916142
0.810573890139155 -0.010611569607027
0.814660195524918 -0.010382812290247
0.818711994874345 -0.010156014890303
0.822728843861975 -0.009931195306007
0.826710301995052 -0.009708377464304
0.830655932661826 -0.009487581534272
0.834565303179429 -0.009268827841921
0.838437984841330 -0.009052135853898
0.842273552964344 -0.008837528692980
0.846071586935203 -0.008625025460345
0.849831670256683 -0.008414647978238
0.853553390593274 -0.008206414587340
0.857236339816401 -0.008000347533115
0.860880114049181 -0.007796466913655
0.864484313710706 -0.007594792001411
0.868048543559867 -0.007395343305158
0.871572412738697 -0.007198141686401
0.875055534815230 -0.007003205890892
0.878497527825878 -0.006810556314543
0.881898014317321 -0.006620213338446
0.885256621387894 -0.006432195148486
0.888572980728485 -0.006246522086006
0.891846728662920 -0.006063213548355
0.895077506187845 -0.005882288236706
0.898264959012098 -0.005703765789636
0.901408737595557 -0.005527665756636
0.904508497187474 -0.005354006661683
0.907563897864277 -0.005182811066147
0.910574604566852 -0.005014099419146
0.913540287137281 -0.004847891922100
0.916460620355049 -0.004684209799085
0.919335283972712 -0.004523073083115
0.922163962751007 -0.004364500034862
0.924946346493432 -0.004208509860606
0.927682130080253 -0.004055121876511
0.930371013501972 -0.003904354842107
0.933012701892219 -0.003756225543588
0.935606905560095 -0.003610752228457
0.938153340021932 -0.003467952168559
0.940651726032496 -0.003327841440773
0.943101789615607 -0.003190436419355
0.945503262094184 -0.003055753462858
0.947855880119706 -0.002923807987518
0.950159385701097 -0.002794615923308
0.952413526233010 -0.002668190878120
0.954618054523534 -0.002544547838819
0.956772728821300 -0.002423701159404
0.958877312841991 -0.002305664291568
0.960931575794250 -0.002190450806167
0.962935292404997 -0.002078072634316
0.964888242944126 -0.001968543408219
0.966790213248601 -0.001861876258165
0.968640994745946 -0.001758080575521
0.970440384477113 -0.001657170092125
0.972188185118740 -0.001559155148255
0.973884205004793 -0.001464045020938
0.975528258147577 -0.001371853340580
0.977120164258138 -0.001282587383162
0.978659748766034 -0.001196257952074
0.980146842838471 -0.001112874711609
0.981581283398829 -0.001032446668093
0.982962913144534 -0.000954981946257
0.984291580564316 -0.000880489087886
0.985567139954818 -0.000808975838851
0.986789451436580 -0.000740449839297
0.987958380969374 -0.000674919758351
0.989073800366903 -0.000612390849194
0.990135587310861 -0.000552870747181
0.991143625364344 -0.000496364644714
0.992097803984621 -0.000442879997435
0.992998018535252 -0.000392421014513
0.993844170297569 -0.000344993555958
0.994636166481494 -0.000300603117240
0.995373920235722 -0.000259253965607
0.996057350657239 -0.000220951217171
0.996686382800198 -0.000185697247917
0.997260947684137 -0.000153496991657
0.997780982301540 -0.000124352079818
0.998246429624752 -0.000098268718319
0.998657238612229 -0.000075246907649
0.999013364214136 -0.000055288931351
0.999314767377287 -0.000038398997714
0.999561415049429 -0.000024576978230
0.999753280182866 -0.000013825999989
0.999890341737423 -0.000006145060392
0.999972584682756 -0.000001536262691
1.000000000000000 0.000000000000000
