1.000000000000000 0.000000000000000
0.999972584682756 0.000003755096030
0.999890341737423 0.000015025612374
0.999753280182866 0.000033827214692
0.999561415049429 0.000060183484026
0.999314767377287 0.000094128265650
0.999013364214136 0.000135705524265
0.998657238612229 0.000184969161236
0.998246429624752 0.000241977810573
0.997780982301540 0.000306806991757
0.997260947684137 0.000379531368709
0.996686382800198 0.000460241858367
0.996057350657239 0.000549032739248
0.995373920235722 0.000646003658364
0.994636166481494 0.000751264222431
0.993844170297569 0.000864933565605
0.992998018535252 0.000987129516879
0.992097803984621 0.001117978230671
0.991143625364344 0.001257611025118
0.990135587310861 0.001406161088052
0.989073800366903 0.001563765368241
0.987958380969374 0.001730566542217
0.986789451436580 0.001906701538715
0.985567139954818 0.002092316813679
0.984291580564316 0.002287548606915
0.982962913144534 0.002492541061944
0.981581283398829 0.002707431712809
0.980146842838472 0.002932355990560
0.978659748766034 0.003167443454096
0.977120164258138 0.003412822439582
0.975528258147577 0.003668613426288
0.973884205004793 0.003934930822952
0.972188185118741 0.004211876087412
0.970440384477113 0.004499548251131
0.968640994745946 0.004798031190108
0.966790213248601 0.005107395315254
0.964888242944126 0.005427708424402
0.962935292404997 0.005759010624072
0.960931575794250 0.006101340188847
0.958877312841991 0.006454705142692
0.956772728821300 0.006819106399923
0.954618054523534 0.007194524432678
0.952413526233010 0.007580914911568
0.950159385701097 0.007978213642504
0.947855880119706 0.008386338618942
0.945503262094184 0.008805176187009
0.943101789615607 0.009234595685392
0.940651726032496 0.009674432364383
0.938153340021932 0.010124498962866
0.935606905560095 0.010584581409172
0.933012701892219 0.011054428080252
0.930371013501972 0.011533761373540
0.927682130080253 0.012022273356152
0.924946346493432 0.012519621780509
0.922163962751008 0.013025423126937
0.919335283972712 0.013539270011134
0.916460620355050 0.014060708394149
0.913540287137281 0.014589251710598
0.910574604566852 0.015124375673352
0.907563897864277 0.015665531955191
0.904508497187474 0.016212107441204
0.901408737595557 0.016763421659133
0.898264959012098 0.017318808399504
0.895077506187845 0.017878055460243
0.891846728662920 0.018441149565223
0.888572980728485 0.019008122032185
0.885256621387895 0.019579073896830
0.881898014317321 0.020154128870107
0.878497527825878 0.020733424456061
0.875055534815230 0.021317106857438
0.871572412738697 0.021905354373925
0.868048543559867 0.022498359802746
0.864484313710706 0.023096352478913
0.860880114049181 0.023699576460123
0.857236339816402 0.024308302712347
0.853553390593274 0.024922826642255
0.849831670256683 0.025543467701002
0.846071586935203 0.026170565638618
0.842273552964344 0.026804491138072
0.838437984841330 0.027445640237291
0.834565303179429 0.028094439603395
0.830655932661826 0.028751349752987
0.826710301995053 0.029416845375721
0.822728843861975 0.030091403950049
0.818711994874345 0.030775516881220
0.814660195524919 0.031469705941211
0.810573890139155 0.032174619298581
0.806453526826488 0.032891001621798
0.802299557431188 0.033619625461262
0.798112437482808 0.034360887094749
0.793892626146237 0.035114438096935
0.789640586171339 0.035879828362209
0.785356783842216 0.036656553215866
0.781041688926065 0.037443868304870
0.776695774621672 0.038240878034238
0.772319517507513 0.039046648689310
0.767913397489498 0.039860217888183
0.763477897748339 0.040680640831122
0.759013504686565 0.041506951398690
0.754520707875186 0.042338135643075
0.750000000000000 0.043173151694176
0.745451876807570 0.044010898755566
0.740876837050858 0.044850245296043
0.736275382434527 0.045690024640079
0.731648017559931 0.046529038563078
0.726995249869773 0.047366058084131
0.722317589592464 0.048199822357324
0.717615549686164 0.049029043322204
0.712889645782536 0.049852415673740
0.708140396130201 0.050668618001119
0.703368321537900 0.051476303384743
0.698573945317390 0.052274106922132
0.693757793226052 0.053060867735045
0.688920393409234 0.053835965129025
0.684062276342339 0.054598845412295
0.679183974772650 0.055348960505376
0.674286023660908 0.056085761847843
0.669368960122646 0.056808680005451
0.664433323369292 0.057517139319264
0.659479654649035 0.058210564677762
0.654508497187474 0.058888382330087
0.649520396128043 0.059550031129500
0.644515898472236 0.060194968630782
0.639495553019615 0.060822652741254
0.634459910307633 0.061432541818481
0.629409522551260 0.062024088955085
0.624344943582428 0.062596688955639
0.619266728789291 0.063149723988208
0.614175435055328 0.063682577009586
0.609071620698271 0.064194638637829
0.603955845408880 0.064685458712185
0.598828670189563 0.065154835541699
0.593690657292862 0.065602597970072
0.588542370159792 0.066028583305477
0.583384373358051 0.066432648978583
0.578217232520115 0.066814848166998
0.573041514281206 0.067175376537922
0.567857786217152 0.067514445852399
0.562666616782152 0.067832274754257
0.557468575246433 0.068129084953842
0.552264231633827 0.068405054824591
0.547054156659257 0.068660351239128
0.541838921666158 0.068895150246999
0.536619098563816 0.069109635507724
0.531395259764657 0.069304011657415
0.526167978121472 0.069478522835282
0.520937826864600 0.069633431120759
0.515705379539064 0.069769007615738
0.510471209941678 0.069885529408880
0.505235892058123 0.069983235341860
0.500000000000000 0.070062260812051
0.494764107941877 0.070122732798426
0.489528790058322 0.070164784649595
0.484294620460936 0.070188556550034
0.479062173135400 0.070194147001096
0.473832021878528 0.070181581726079
0.468604740235343 0.070150886323516
0.463380901436184 0.070102093116145
0.458161078333842 0.070035242690860
0.452945843340743 0.069950402773502
0.447735768366173 0.069847671120173
0.442531424753567 0.069727153182178
0.437333383217848 0.069588961767677
0.432142213782848 0.069433212978609
0.426958485718794 0.069259992527331
0.421782767479885 0.069069365752623
0.416615626641949 0.068861404520266
0.411457629840209 0.068636186726336
0.406309342707138 0.068393830819897
0.401171329810437 0.068134656815138
0.396044154591120 0.067859068314756
0.390928379301729 0.067567476190342
0.385824564944672 0.067260290138204
0.380733271210710 0.066937979669004
0.375655056417573 0.066601171127160
0.370590477448740 0.066250514685017
0.365540089692367 0.065886660156674
0.360504446980385 0.065510253857661
0.355484101527764 0.065121913419795
0.350479603871957 0.064722226454967
0.345491502812526 0.064311772863272
0.340520345350965 0.063891133626188
0.335566676630708 0.063460889475785
0.330631039877354 0.063021639096811
0.325713976339092 0.062573985445944
0.320816025227350 0.062118520307254
0.315937723657661 0.061655835315986
0.311079606590766 0.061186472543042
0.306242206773949 0.060710930467915
0.301426054682610 0.060229704124742
0.296631678462100 0.059743278948116
0.291859603869799 0.059251990046883
0.287110354217464 0.058755802131584
0.282384450313836 0.058254622231667
0.277682410407536 0.057748369217414
0.273004750130227 0.057236974745836
0.268351982440069 0.056720414691803
0.263724617565473 0.056198684425523
0.259123162949143 0.055671784776839
0.254548123192430 0.055139725305302
0.250000000000000 0.054602522778480
0.245479292124815 0.054060192763877
0.240986495313435 0.053512770052701
0.236522102251661 0.052960288359554
0.232086602510502 0.052402777786399
0.227680482492487 0.051840276569290
0.223304225378328 0.051272830511368
0.218958311073935 0.050700510428553
0.214643216157784 0.050123455089307
0.210359413828661 0.049541824031605
0.206107373853763 0.048955779243629
0.201887562517192 0.048365339964561
0.197700442568813 0.047770271461543
0.193546473173512 0.047170345422317
0.189426109860845 0.046565330713431
0.185339804475081 0.045954750979254
0.181288005125655 0.045338027184626
0.177271156138025 0.044714624776947
0.173289698004947 0.044084096771781
0.169344067338174 0.043446140011863
0.165434696820571 0.042800487505851
0.161562015158670 0.042146877990082
0.157726447035656 0.041484899977718
0.153928413064797 0.040814129169837
0.150168329743317 0.040134329435878
0.146446609406726 0.039446394446907
0.142763660183598 0.038751768367090
0.139119885950819 0.038051881794444
0.135515686289294 0.037348430283057
0.131951456440133 0.036643256768052
0.128427587261303 0.035938099809242
0.124944465184770 0.035234532997478
0.121502472174122 0.034534003686010
0.118101985682679 0.033837875601090
0.114743378612105 0.033147458392057
0.111427019271515 0.032463984588856
0.108153271337080 0.031788611819782
0.104922493812155 0.031122436712937
0.101735040987902 0.030466459926738
0.098591262404443 0.029821539511432
0.095491502812526 0.029188352448979
0.092436102135723 0.028567499908338
0.089425395433148 0.027959429720326
0.086459712862719 0.027364521130088
0.083539379644950 0.026783172910349
0.080664716027288 0.026215803303223
0.077836037248993 0.025662715163868
0.075053653506568 0.025123911626373
0.072317869919747 0.024599092032691
0.069628986498028 0.024085832390091
0.066987298107781 0.023580784485023
0.064393094439905 0.023081081346588
0.061846659978068 0.022584299095646
0.059348273967504 0.022088328253439
0.056898210384393 0.021591352391672
0.054496737905816 0.021091861658148
0.052144119880294 0.020588663704533
0.049840614298903 0.020080869427588
0.047586473766990 0.019567948880315
0.045381945476466 0.019049547682262
0.043227271178700 0.018525425745817
0.041122687158010 0.017995415720881
0.039068424205750 0.017459281878988
0.037064707595003 0.016916847840895
0.035111757055874 0.016367911354978
0.033209786751399 0.015812268464702
0.031359005254054 0.015249705154123
0.029559615522887 0.014680039619603
0.027811814881260 0.014103065396919
0.026115794995207 0.013518261278513
0.024471741852423 0.012925763265918
0.022879835741862 0.012327201496898
0.021340251233966 0.011727929440577
0.019853157161529 0.011134222462667
0.018418716601171 0.010551717741448
0.017037086855466 0.009985173054618
0.015708419435685 0.009438067825356
0.014432860045182 0.008912791804571
0.013210548563420 0.008411430978080
0.012041619030626 0.007933909821145
0.010926199633097 0.007477831785109
0.009864412689139 0.007039108060565
0.008856374635656 0.006613732267420
0.007902196015379 0.006199310760417
0.007001981464748 0.005794249863051
0.006155829702431 0.005397163318983
0.005363833518506 0.005007054418740
0.004626079764278 0.004623112019709
0.003942649342761 0.004244640480310
0.003313617199802 0.003871207000708
0.002739052315863 0.003502246620101
0.002219017698460 0.003137483953013
0.001753570375248 0.002776576703705
0.001342761387771 0.002419200069233
0.000986635785864 0.002065196621952
0.000685232622713 0.001714359090314
0.000438584950571 0.001366466552118
0.000246719817134 0.001021360314147
0.000109658262577 0.000678947150019
0.000027415317244 0.000339041689413
0.000000000000000 0.000000000000000
0.000027415317244 -0.000345265939511
0.000109658262577 -0.000697985939953
0.000246719817134 -0.001058010713882
0.000438584950571 -0.001425359663500
0.000685232622713 -0.001799915330640
0.000986635785864 -0.002181599118955
0.001342761387771 -0.002570326476257
0.001753570375248 -0.002966077133644
0.002219017698460 -0.003368657665528
0.002739052315863 -0.003777972952370
0.003313617199802 -0.004194004435203
0.003942649342761 -0.004616526313252
0.004626079764278 -0.005045468011135
0.005363833518506 -0.005480683344820
0.006155829702431 -0.005921978475047
0.007001981464748 -0.006369244413377
0.007902196015379 -0.006822222133462
0.008856374635656 -0.007280771429591
0.009864412689139 -0.007744532704071
0.010926199633097 -0.008213320251300
0.012041619030626 -0.008686986150215
0.013210548563420 -0.009164588902983
0.014432860045182 -0.009643929226788
0.015708419435684 -0.010121266800131
0.017037086855466 -0.010592206945314
0.018418716601171 -0.011052846273899
0.019853157161528 -0.011500025932691
0.021340251233966 -0.011931653359478
0.022879835741862 -0.012347512896881
0.024471741852423 -0.012750031918303
0.026115794995207 -0.013143064515875
0.027811814881259 -0.013529275717789
0.029559615522887 -0.013910466510856
0.031359005254054 -0.014287882367678
0.033209786751399 -0.014663099884187
0.035111757055874 -0.015037963629384
0.037064707595003 -0.015414392228721
0.039068424205750 -0.015794580515397
0.041122687158009 -0.016181017759853
0.043227271178699 -0.016576384008728
0.045381945476466 -0.016983617598598
0.047586473766990 -0.017406734557807
0.049840614298903 -0.017850502816073
0.052144119880293 -0.018316747041222
0.054496737905816 -0.018804899647006
0.056898210384393 -0.019311831063090
0.059348273967504 -0.019832397103070
0.061846659978068 -0.020361090275508
0.064393094439905 -0.020891984461911
0.066987298107781 -0.021418442717507
0.069628986498028 -0.021933117275847
0.072317869919747 -0.022427850119449
0.075053653506568 -0.022893617878145
0.077836037248992 -0.023324470811072
0.080664716027288 -0.023723157570374
0.083539379644950 -0.024094159256056
0.086459712862719 -0.024442626259856
0.089425395433148 -0.024774342766213
0.092436102135723 -0.025096042716812
0.095491502812526 -0.025415526597590
0.098591262404443 -0.025740579418139
0.101735040987902 -0.026076119925864
0.104922493812155 -0.026426404747005
0.108153271337080 -0.026793408104107
0.111427019271514 -0.027175489139998
0.114743378612105 -0.027570618793700
0.118101985682679 -0.027977346484854
0.121502472174122 -0.028394560344955
0.124944465184770 -0.028821016609447
0.128427587261303 -0.029255158458145
0.131951456440133 -0.029695254085303
0.135515686289294 -0.030139407097945
0.139119885950819 -0.030585495960745
0.142763660183598 -0.031031241346638
0.146446609406726 -0.031474443277594
0.150168329743317 -0.031913437280729
0.153928413064796 -0.032346603633265
0.157726447035656 -0.032772608314780
0.161562015158669 -0.033191510068399
0.165434696820571 -0.033603742682346
0.169344067338174 -0.034009754979222
0.173289698004947 -0.034409798861215
0.177271156138025 -0.034804048511032
0.181288005125655 -0.035192701879047
0.185339804475081 -0.035576075474164
0.189426109860845 -0.035954597902142
0.193546473173511 -0.036328746174890
0.197700442568812 -0.036698944800977
0.201887562517192 -0.037065340705417
0.206107373853763 -0.037428020584096
0.210359413828660 -0.037787085752736
0.214643216157784 -0.038142501549249
0.218958311073935 -0.038494069714772
0.223304225378328 -0.038841581602702
0.227680482492486 -0.039184836716444
0.232086602510501 -0.039523675279875
0.236522102251661 -0.039857965735970
0.240986495313435 -0.040187583056563
0.245479292124814 -0.040512398196884
0.250000000000000 -0.040832278176922
0.254548123192429 -0.041147083634298
0.259123162949142 -0.041456680909571
0.263724617565473 -0.041760940468354
0.268351982440069 -0.042059741025896
0.273004750130227 -0.042352962857203
0.277682410407536 -0.042640494389264
0.282384450313836 -0.042922223234297
0.287110354217464 -0.043198035488121
0.291859603869799 -0.043467818125624
0.296631678462100 -0.043731461448184
0.301426054682609 -0.043988863735373
0.306242206773948 -0.044240017597698
0.311079606590766 -0.044484986456686
0.315937723657661 -0.044723839881203
0.320816025227350 -0.044956656810528
0.325713976339092 -0.045183527865202
0.330631039877354 -0.045404560834455
0.335566676630708 -0.045619870176475
0.340520345350965 -0.045829578494441
0.345491502812526 -0.046033813722347
0.350479603871956 -0.046232699535913
0.355484101527764 -0.046426361173602
0.360504446980385 -0.046614930237077
0.365540089692367 -0.046798545461283
0.370590477448739 -0.046977370282317
0.375655056417572 -0.047151605183159
0.380733271210709 -0.047321461861240
0.385824564944672 -0.047487155838626
0.390928379301728 -0.047648896701333
0.396044154591120 -0.047806757915371
0.401171329810437 -0.047960728036875
0.406309342707137 -0.048110797175724
0.411457629840208 -0.048256957868076
0.416615626641949 -0.048399162629479
0.421782767479884 -0.048537185851297
0.426958485718794 -0.048670756594538
0.432142213782848 -0.048799603794301
0.437333383217848 -0.048923455762413
0.442531424753567 -0.049042056459241
0.447735768366173 -0.049155182475928
0.452945843340743 -0.049262615268691
0.458161078333842 -0.049364138070806
0.463380901436184 -0.049459534793179
0.468604740235343 -0.049548592129795
0.473832021878528 -0.049631097935530
0.479062173135400 -0.049706842590758
0.484294620460935 -0.049775618857197
0.489528790058321 -0.049837219501129
0.494764107941877 -0.049891408230373
0.500000000000000 -0.049937924145052
0.505235892058122 -0.049976509432687
0.510471209941678 -0.050006909287730
0.515705379539064 -0.050028867264826
0.520937826864600 -0.050042076946403
0.526167978121472 -0.050046208240327
0.531395259764656 -0.050040935404387
0.536619098563816 -0.050025937798194
0.541838921666157 -0.050000905682102
0.547054156659257 -0.049965563932427
0.552264231633827 -0.049919652844575
0.557468575246433 -0.049862918932717
0.562666616782152 -0.049795114957190
0.567857786217152 -0.049715976275495
0.573041514281206 -0.049625172298116
0.578217232520115 -0.049522366597173
0.583384373358051 -0.049407231539157
0.588542370159791 -0.049279450537205
0.593690657292862 -0.049138896880221
0.598828670189563 -0.048985728772494
0.603955845408879 -0.048820132326704
0.609071620698271 -0.048642298182282
0.614175435055328 -0.048452444417620
0.619266728789290 -0.048251122713027
0.624344943582427 -0.048039112815698
0.629409522551260 -0.047817192205431
0.634459910307633 -0.047586133951976
0.639495553019614 -0.047346683420471
0.644515898472235 -0.047099500356390
0.649520396128043 -0.046845216809995
0.654508497187474 -0.046584461323905
0.659479654649035 -0.046317854649349
0.664433323369291 -0.046046023645360
0.669368960122646 -0.045769602243706
0.674286023660907 -0.045489215620272
0.679183974772650 -0.045205478970207
0.684062276342339 -0.044918996346371
0.688920393409233 -0.044630358587742
0.693757793226051 -0.044340144695816
0.698573945317390 -0.044048923009857
0.703368321537900 -0.043757153041093
0.708140396130200 -0.043464384157558
0.712889645782536 -0.043169694680754
0.717615549686163 -0.042872181946664
0.722317589592464 -0.042570977920094
0.726995249869773 -0.042265236433935
0.731648017559930 -0.041954144984499
0.736275382434527 -0.041636918810675
0.740876837050857 -0.041312806943192
0.745451876807570 -0.040981085209582
0.750000000000000 -0.040641060777074
0.754520707875185 -0.040292071565699
0.759013504686565 -0.039933488488647
0.763477897748338 -0.039564733283115
0.767913397489498 -0.039185272984155
0.772319517507513 -0.038794607540354
0.776695774621672 -0.038392267682643
0.781041688926065 -0.037977746449999
0.785356783842216 -0.037550529414048
0.789640586171339 -0.037110141712229
0.793892626146236 -0.036656217759577
0.798112437482808 -0.036188759051627
0.802299557431187 -0.035707884465582
0.806453526826488 -0.035213737212495
0.810573890139155 -0.034706949613873
0.814660195524918 -0.034188745108541
0.818711994874345 -0.033660345971653
0.822728843861975 -0.033122915682350
0.826710301995052 -0.032577462468186
0.830655932661826 -0.032024928717335
0.834565303179429 -0.031466236567294
0.838437984841330 -0.030902315873726
0.842273552964344 -0.030334074267333
0.846071586935203 -0.029762402620664
0.849831670256683 -0.029188147257834
0.853553390593274 -0.028612125230290
0.857236339816401 -0.028035114939195
0.860880114049181 -0.027457879467705
0.864484313710706 -0.026881139090588
0.868048543559867 -0.026305593663982
0.871572412738697 -0.025731915746666
0.875055534815230 -0.025160748384790
0.878497527825878 -0.024592703689196
0.881898014317321 -0.024028356281374
0.885256621387894 -0.023468241535094
0.888572980728485 -0.022912882774640
0.891846728662920 -0.022362818650109
0.895077506187845 -0.021818572213824
0.898264959012098 -0.021280524431061
0.901408737595557 -0.020748890418316
0.904508497187474 -0.020223775671975
0.907563897864277 -0.019704785607961
0.910574604566852 -0.019191319887406
0.913540287137281 -0.018682889098053
0.916460620355049 -0.018179125469298
0.919335283972712 -0.017679707230251
0.922163962751007 -0.017184344154497
0.924946346493432 -0.016692774121409
0.927682130080253 -0.016204797695246
0.930371013501972 -0.015720257887009
0.933012701892219 -0.015239036492316
0.935606905560095 -0.014761057359086
0.938153340021932 -0.014286281597065
0.940651726032496 -0.013814705319329
0.943101789615607 -0.013346362549272
0.945503262094184 -0.012881322736315
0.947855880119706 -0.012419691076797
0.950159385701097 -0.011961588769037
0.952413526233010 -0.011507182758319
0.954618054523534 -0.011056663231368
0.956772728821300 -0.010610236384721
0.958877312841991 -0.010168149583692
0.960931575794250 -0.009730652264655
0.962935292404997 -0.009298036194807
0.964888242944126 -0.008870598940877
0.966790213248601 -0.008448660250663
0.968640994745946 -0.008032550124442
0.970440384477113 -0.007622624008625
0.972188185118740 -0.007219238280681
0.973884205004793 -0.006822767062920
0.975528258147577 -0.006433591230228
0.977120164258138 -0.006052105272611
0.978659748766034 -0.005678701383702
0.980146842838471 -0.005313779556499
0.981581283398829 -0.004957741648913
0.982962913144534 -0.004610997574977
0.984291580564316 -0.004273945764335
0.985567139954818 -0.003946990001976
0.986789451436580 -0.003630523749742
0.987958380969374 -0.003324953445875
0.989073800366903 -0.003030653824024
0.990135587310861 -0.002748011617474
0.991143625364344 -0.002477393754333
0.992097803984621 -0.002219163947041
0.992998018535252 -0.001973665629115
0.993844170297569 -0.001741241953254
0.994636166481494 -0.001522206565645
0.995373920235722 -0.001316875230020
0.996057350657239 -0.001125530626394
0.996686382800198 -0.000948448728781
0.997260947684137 -0.000785877720961
0.997780982301540 -0.000638065997392
0.998246429624752 -0.000505213600907
0.998657238612229 -0.000387530329170
0.999013364214136 -0.000285176661477
0.999314767377287 -0.000198310637027
0.999561415049429 -0.000127061928419
0.999753280182866 -0.000071533582407
0.999890341737423 -0.000031810675812
0.999972584682756 -0.000007955221059
1.000000000000000 0.000000000000000
