1.000000000000000 0.000000000000000
0.999972584682756 0.000001097117285
0.999890341737423 0.000004391647641
0.999753280182866 0.000009898313116
0.999561415049429 0.000017639659491
0.999314767377287 0.000027647516559
0.999013364214136 0.000039962211923
0.998657238612229 0.000054633272903
0.998246429624752 0.000071720930021
0.997780982301540 0.000091290671536
0.997260947684137 0.000113420895442
0.996686382800198 0.000138195854355
0.996057350657239 0.000165708638501
0.995373920235722 0.000196062746186
0.994636166481494 0.000229367915053
0.993844170297569 0.000265744112197
0.992998018535252 0.000305318086283
0.992097803984621 0.000348225776750
0.991143625364344 0.000394610466392
0.990135587310861 0.000444622573633
0.989073800366903 0.000498421322900
0.987958380969374 0.000556172770692
0.986789451436580 0.000618051544594
0.985567139954818 0.000684236754088
0.984291580564316 0.000754917719505
0.982962913144534 0.000830288857168
0.981581283398829 0.000910550363093
0.980146842838472 0.000995910139797
0.978659748766034 0.001086581467097
0.977120164258138 0.001182785026135
0.975528258147577 0.001284746458059
0.973884205004793 0.001392696032187
0.972188185118741 0.001506869559923
0.970440384477113 0.001627508190773
0.968640994745946 0.001754859532851
0.966790213248601 0.001889173535961
0.964888242944126 0.002030706126956
0.962935292404997 0.002179714881968
0.960931575794250 0.002336464311270
0.958877312841991 0.002501219993734
0.956772728821300 0.002674252602131
0.954618054523534 0.002855836286806
0.952413526233010 0.003046243605568
0.950159385701097 0.003245754634646
0.947855880119706 0.003454650544812
0.945503262094184 0.003673213173287
0.943101789615607 0.003901726358596
0.940651726032496 0.004140475708017
0.938153340021932 0.004389748350619
0.935606905560095 0.004649832703682
0.933012701892219 0.004921014336446
0.930371013501972 0.005203583302119
0.927682130080253 0.005497830212586
0.924946346493432 0.005804039695119
0.922163962751008 0.006122500183352
0.919335283972712 0.006453502302362
0.916460620355050 0.006797325338814
0.913540287137281 0.007154259838353
0.910574604566852 0.007524583135642
0.907563897864277 0.007908579495735
0.904508497187474 0.008306529200011
0.901408737595557 0.008718713974979
0.898264959012098 0.009145387769647
0.895077506187845 0.009586794277159
0.891846728662920 0.010043154022812
0.888572980728485 0.010514663453434
0.885256621387895 0.011001511145279
0.881898014317321 0.011503872513026
0.878497527825878 0.012021918938952
0.875055534815230 0.012555812162202
0.871572412738697 0.013105703136075
0.868048543559867 0.013671726443830
0.864484313710706 0.014254012091811
0.860880114049181 0.014852676892430
0.857236339816402 0.015467820316691
0.853553390593274 0.016099533381985
0.849831670256683 0.016747898811822
0.846071586935203 0.017412977644722
0.842273552964344 0.018094825009726
0.838437984841330 0.018793473815302
0.834565303179429 0.019508953810504
0.830655932661826 0.020241272089670
0.826710301995053 0.020990427017280
0.822728843861975 0.021756396441699
0.818711994874345 0.022539150751931
0.814660195524919 0.023338640960806
0.810573890139155 0.024154792215505
0.806453526826488 0.024987530169676
0.802299557431188 0.025836758110379
0.798112437482808 0.026702387107571
0.793892626146237 0.027584299200369
0.789640586171339 0.028482378177689
0.785356783842216 0.029396515000671
0.781041688926065 0.030326582882835
0.776695774621672 0.031272441621110
0.772319517507513 0.032233938787655
0.767913397489498 0.033210902238376
0.763477897748339 0.034203134053277
0.759013504686565 0.035210439305738
0.754520707875186 0.036232600411477
0.750000000000000 0.037269387412367
0.745451876807570 0.038320556935099
0.740876837050858 0.039385846754608
0.736275382434527 0.040464971988077
0.731648017559931 0.041557641507164
0.726995249869773 0.042663542297946
0.722317589592464 0.043782345269276
0.717615549686164 0.044913746777205
0.712889645782536 0.046057418509688
0.708140396130201 0.047213020180028
0.703368321537900 0.048380191080698
0.698573945317390 0.049558426043287
0.693757793226052 0.050747172639293
0.688920393409234 0.051945871545309
0.684062276342339 0.053153924101856
0.679183974772650 0.054370665196784
0.674286023660908 0.055595365849635
0.669368960122646 0.056827284683255
0.664433323369292 0.058065651196693
0.659479654649035 0.059309704695215
0.654508497187474 0.060558681776375
0.649520396128043 0.061811798069921
0.644515898472236 0.063068265891266
0.639495553019615 0.064327273549731
0.634459910307633 0.065587981134698
0.629409522551260 0.066849537343254
0.624344943582428 0.068111072312106
0.619266728789291 0.069371712547144
0.614175435055328 0.070630604435020
0.609071620698271 0.071886928403126
0.603955845408880 0.073139863004543
0.598828670189563 0.074388595698893
0.593690657292862 0.075632331447623
0.588542370159792 0.076870712907026
0.583384373358051 0.078103652797609
0.578217232520115 0.079331066565397
0.573041514281206 0.080552869090361
0.567857786217152 0.081768971337878
0.562666616782152 0.082979255403167
0.557468575246433 0.084183573784111
0.552264231633827 0.085381797465091
0.547054156659257 0.086573794972576
0.541838921666158 0.087759451197499
0.536619098563816 0.088938702301931
0.531395259764657 0.090111493518354
0.526167978121472 0.091277771800205
0.520937826864600 0.092437492832186
0.515705379539064 0.093590545650265
0.510471209941678 0.094736706291719
0.505235892058123 0.095875730847856
0.500000000000000 0.097007388266322
0.494764107941877 0.098131440197650
0.489528790058322 0.099247147662517
0.484294620460936 0.100352937601443
0.479062173135400 0.101447162121912
0.473832021878528 0.102528182176944
0.468604740235343 0.103594386765357
0.463380901436184 0.104644223302477
0.458161078333842 0.105676247201363
0.452945843340743 0.106689035529580
0.447735768366173 0.107681197568620
0.442531424753567 0.108651358481977
0.437333383217848 0.109598136324817
0.432142213782848 0.110520125634647
0.426958485718794 0.111415941682848
0.421782767479885 0.112284239034411
0.416615626641949 0.113123703358864
0.411457629840209 0.113933170220564
0.406309342707138 0.114711648407273
0.401171329810437 0.115458194886738
0.396044154591120 0.116171886369268
0.390928379301729 0.116851846665035
0.385824564944672 0.117497557700484
0.380733271210710 0.118108902972241
0.375655056417573 0.118685799282033
0.370590477448740 0.119228184395415
0.365540089692367 0.119735999369103
0.360504446980385 0.120209155805287
0.355484101527764 0.120647521337521
0.350479603871957 0.121050983583706
0.345491502812526 0.121419443941630
0.340520345350965 0.121752826456596
0.335566676630708 0.122051075243073
0.330631039877354 0.122314157559188
0.325713976339092 0.122542058932592
0.320816025227350 0.122734777989700
0.315937723657661 0.122892336737404
0.311079606590766 0.123014798793771
0.306242206773949 0.123102253001528
0.301426054682610 0.123154803688557
0.296631678462100 0.123172570446529
0.291859603869799 0.123155770160272
0.287110354217464 0.123104880156804
0.282384450313836 0.123020430180440
0.277682410407536 0.122902954769111
0.273004750130227 0.122752993297900
0.268351982440069 0.122571078995037
0.263724617565473 0.122357736917185
0.259123162949143 0.122113498209197
0.254548123192430 0.121838901723539
0.250000000000000 0.121534486663843
0.245479292124815 0.121200799626053
0.240986495313435 0.120838389457454
0.236522102251661 0.120447808759447
0.232086602510502 0.120029624404978
0.227680482492487 0.119584429362191
0.223304225378328 0.119112855481002
0.218958311073935 0.118615534008722
0.214643216157784 0.118093108172969
0.210359413828661 0.117546146942462
0.206107373853763 0.116975100883035
0.201887562517192 0.116380409460293
0.197700442568813 0.115762529610720
0.193546473173512 0.115121453560473
0.189426109860845 0.114455674242533
0.185339804475081 0.113763473387193
0.181288005125655 0.113043218193590
0.177271156138025 0.112293410046025
0.173289698004947 0.111512776661023
0.169344067338174 0.110700146975883
0.165434696820571 0.109854421200642
0.161562015158670 0.108974507099783
0.157726447035656 0.108059164800809
0.153928413064797 0.107107200392674
0.150168329743317 0.106117514876070
0.146446609406726 0.105090489275849
0.142763660183598 0.104028368864131
0.139119885950819 0.102933500920845
0.135515686289294 0.101808235229886
0.131951456440133 0.100655210910530
0.128427587261303 0.099477197466414
0.124944465184770 0.098276894597684
0.121502472174122 0.097056814938428
0.118101985682679 0.095819190028867
0.114743378612105 0.094566193000128
0.111427019271515 0.093300117722981
0.108153271337080 0.092023822801029
0.104922493812155 0.090740271608473
0.101735040987902 0.089451930721462
0.098591262404443 0.088158194000220
0.095491502812526 0.086857051433683
0.092436102135723 0.085546518397662
0.089425395433148 0.084222832715018
0.086459712862719 0.082881219981458
0.083539379644950 0.081517136359423
0.080664716027288 0.080126024810474
0.077836037248993 0.078703363877473
0.075053653506568 0.077245405987473
0.072317869919747 0.075753171480901
0.069628986498028 0.074229772192099
0.066987298107781 0.072679062002437
0.064393094439905 0.071107282458602
0.061846659978068 0.069521013608701
0.059348273967504 0.067926193356592
0.056898210384393 0.066328023854708
0.054496737905816 0.064731660957222
0.052144119880294 0.063142763517392
0.049840614298903 0.061566701846935
0.047586473766990 0.060004847644470
0.045381945476466 0.058455527687766
0.043227271178700 0.056916688934818
0.041122687158010 0.055385490597701
0.039068424205750 0.053859339889253
0.037064707595003 0.052336110284069
0.035111757055874 0.050814025245786
0.033209786751399 0.049291389143118
0.031359005254054 0.047766601614240
0.029559615522887 0.046238306308575
0.027811814881260 0.044705294753131
0.026115794995207 0.043166383631947
0.024471741852423 0.041620443593304
0.022879835741862 0.040067871883092
0.021340251233966 0.038510211247196
0.019853157161529 0.036949857363821
0.018418716601171 0.035389735055147
0.017037086855466 0.033833312197061
0.015708419435685 0.032284319282720
0.014432860045182 0.030746875060929
0.013210548563420 0.029225948560209
0.012041619030626 0.027726276453431
0.010926199633097 0.026248830230966
0.009864412689139 0.024792759557969
0.008856374635656 0.023356193319619
0.007902196015379 0.021937703262535
0.007001981464748 0.020536321476095
0.006155829702431 0.019151174603172
0.005363833518506 0.017781504242213
0.004626079764278 0.016426686177021
0.003942649342761 0.015086201690043
0.003313617199802 0.013759565908082
0.002739052315863 0.012446424491952
0.002219017698460 0.011146409750946
0.001753570375248 0.009859269381520
0.001342761387771 0.008584752846744
0.000986635785864 0.007322523714869
0.000685232622713 0.006072547653266
0.000438584950571 0.004834592782031
0.000246719817134 0.003608443469295
0.000109658262577 0.002394098892502
0.000027415317244 0.001191263691934
0.000000000000000 0.000000000000000
0.000027415317244 -0.001179872305957
0.000109658262577 -0.002348285232940
0.000246719817134 -0.003508796400389
0.000438584950571 -0.004670783918715
0.000685232622713 -0.005836964152697
0.000986635785864 -0.007006549119202
0.001342761387771 -0.008177964856436
0.001753570375248 -0.009349098505745
0.002219017698460 -0.010517572080754
0.002739052315863 -0.011680828019477
0.003313617199802 -0.012836039644208
0.003942649342761 -0.013980223676498
0.004626079764278 -0.015110244375784
0.005363833518506 -0.016222649411428
0.006155829702431 -0.017313859629446
0.007001981464748 -0.018380026507866
0.007902196015379 -0.019416938298012
0.008856374635656 -0.020420218144663
0.009864412689139 -0.021385253620933
0.010926199633097 -0.022306526668585
0.012041619030626 -0.023178310822182
0.013210548563420 -0.023996143675357
0.014432860045182 -0.024757287642497
0.015708419435684 -0.025465251367960
0.017037086855466 -0.026124574382247
0.018418716601171 -0.026739610460108
0.019853157161528 -0.027314904253854
0.021340251233966 -0.027855579844383
0.022879835741862 -0.028367543583729
0.024471741852423 -0.028857764256115
0.026115794995207 -0.029333868239565
0.027811814881259 -0.029798315022016
0.029559615522887 -0.030250593850573
0.031359005254054 -0.030689977355118
0.033209786751399 -0.031115587520105
0.035111757055874 -0.031526773358225
0.037064707595003 -0.031923208994931
0.039068424205750 -0.032304751570475
0.041122687158009 -0.032671405144991
0.043227271178699 -0.033023407470356
0.045381945476466 -0.033361356238299
0.047586473766990 -0.033686128886060
0.049840614298903 -0.033998473277887
0.052144119880293 -0.034299051108041
0.054496737905816 -0.034587941366535
0.056898210384393 -0.034863769648917
0.059348273967504 -0.035124977056346
0.061846659978068 -0.035370215815692
0.064393094439905 -0.035598221968870
0.066987298107781 -0.035807558072402
0.069628986498028 -0.035996533490930
0.072317869919747 -0.036163494275647
0.075053653506568 -0.036307455963181
0.077836037248992 -0.036427750927835
0.080664716027288 -0.036524723400879
0.083539379644950 -0.036600831336636
0.086459712862719 -0.036659101292718
0.089425395433148 -0.036702838641451
0.092436102135723 -0.036735645099080
0.095491502812526 -0.036761415213220
0.098591262404443 -0.036783771346055
0.101735040987902 -0.036806383354048
0.104922493812155 -0.036832348643746
0.108153271337080 -0.036861024033174
0.111427019271514 -0.036890591132692
0.114743378612105 -0.036919196649352
0.118101985682679 -0.036945266366713
0.121502472174122 -0.036967205243488
0.124944465184770 -0.036983302650434
0.128427587261303 -0.036991713059760
0.131951456440133 -0.036990470192796
0.135515686289294 -0.036977428660213
0.139119885950819 -0.036949976439480
0.142763660183598 -0.036905232833224
0.146446609406726 -0.036840288713576
0.150168329743317 -0.036753610846483
0.153928413064796 -0.036644605097744
0.157726447035656 -0.036512713022148
0.161562015158669 -0.036358397397280
0.165434696820571 -0.036183784731787
0.169344067338174 -0.035991310324610
0.173289698004947 -0.035783509207367
0.177271156138025 -0.035562677721210
0.181288005125655 -0.035331118915262
0.185339804475081 -0.035091278833376
0.189426109860845 -0.034845852197068
0.193546473173511 -0.034597857975740
0.197700442568812 -0.034350481889495
0.201887562517192 -0.034106920104061
0.206107373853763 -0.033868610500481
0.210359413828660 -0.033635714082790
0.214643216157784 -0.033408358362789
0.218958311073935 -0.033186653259394
0.223304225378328 -0.032970593455821
0.227680482492486 -0.032760117006431
0.232086602510501 -0.032555154642852
0.236522102251661 -0.032355625887092
0.240986495313435 -0.032161467813744
0.245479292124814 -0.031972615952948
0.250000000000000 -0.031788995796892
0.254548123192429 -0.031610523250769
0.259123162949142 -0.031437106840203
0.263724617565473 -0.031268646353180
0.268351982440069 -0.031105032616844
0.273004750130227 -0.030946144571685
0.277682410407536 -0.030791815944163
0.282384450313836 -0.030641852581006
0.287110354217464 -0.030496045943937
0.291859603869799 -0.030354181624318
0.296631678462100 -0.030216147895720
0.301426054682609 -0.030081984617955
0.306242206773948 -0.029951741258965
0.311079606590766 -0.029825463761767
0.315937723657661 -0.029703237070691
0.320816025227350 -0.029585325922624
0.325713976339092 -0.029472046820588
0.330631039877354 -0.029363719647817
0.335566676630708 -0.029260666325117
0.340520345350965 -0.029163180797400
0.345491502812526 -0.029071522812484
0.350479603871956 -0.028985952192671
0.355484101527764 -0.028906729995865
0.360504446980385 -0.028834126082019
0.365540089692367 -0.028768454416236
0.370590477448739 -0.028710047347364
0.375655056417572 -0.028659239174274
0.380733271210709 -0.028616364799966
0.385824564944672 -0.028581705595772
0.390928379301728 -0.028555412452687
0.396044154591120 -0.028537614144736
0.401171329810437 -0.028528437299390
0.406309342707137 -0.028527991956454
0.411457629840208 -0.028535893077399
0.416615626641949 -0.028551129914464
0.421782767479884 -0.028572637820582
0.426958485718794 -0.028599337434040
0.432142213782848 -0.028630141480972
0.437333383217848 -0.028664026202298
0.442531424753567 -0.028700016073507
0.447735768366173 -0.028737128879506
0.452945843340743 -0.028774373971493
0.458161078333842 -0.028810747060958
0.463380901436184 -0.028845166456954
0.468604740235343 -0.028876508609239
0.473832021878528 -0.028903645898944
0.479062173135400 -0.028925448156293
0.484294620460935 -0.028940819948093
0.489528790058321 -0.028948886589600
0.494764107941877 -0.028948857561075
0.500000000000000 -0.028939944898989
0.505235892058122 -0.028921363988638
0.510471209941678 -0.028892557119175
0.515705379539064 -0.028853926173130
0.520937826864600 -0.028806132100290
0.526167978121472 -0.028749838382271
0.531395259764656 -0.028685710926206
0.536619098563816 -0.028614376806978
0.541838921666157 -0.028536348539897
0.547054156659257 -0.028452117678547
0.552264231633827 -0.028362177422788
0.557468575246433 -0.028267019613151
0.562666616782152 -0.028167154731195
0.567857786217152 -0.028063126478940
0.573041514281206 -0.027955481288997
0.578217232520115 -0.027844760698780
0.583384373358051 -0.027731504395024
0.588542370159791 -0.027616219735725
0.593690657292862 -0.027499383356261
0.598828670189563 -0.027381465096316
0.603955845408879 -0.027262930624323
0.609071620698271 -0.027144227049423
0.614175435055328 -0.027025684943575
0.619266728789290 -0.026907571500325
0.624344943582427 -0.026790148334604
0.629409522551260 -0.026673674723451
0.634459910307633 -0.026558411525537
0.639495553019614 -0.026444638450375
0.644515898472235 -0.026332633720718
0.649520396128043 -0.026222668851320
0.654508497187474 -0.026115009555536
0.659479654649035 -0.026009890353006
0.664433323369291 -0.025907516068947
0.669368960122646 -0.025808085932663
0.674286023660907 -0.025711792983168
0.679183974772650 -0.025618858446032
0.684062276342339 -0.025529608012185
0.688920393409233 -0.025444378464733
0.693757793226051 -0.025363496671852
0.698573945317390 -0.025287199560130
0.703368321537900 -0.025214980339032
0.708140396130200 -0.025145941516151
0.712889645782536 -0.025079204197357
0.717615549686163 -0.025013906425454
0.722317589592464 -0.024949036121286
0.726995249869773 -0.024883438317838
0.731648017559930 -0.024815987078496
0.736275382434527 -0.024745594530128
0.740876837050857 -0.024671248756162
0.745451876807570 -0.024592023944201
0.750000000000000 -0.024507034153437
0.754520707875185 -0.024415430148443
0.759013504686565 -0.024316390210557
0.763477897748338 -0.024209119277691
0.767913397489498 -0.024092860563922
0.772319517507513 -0.023966894772251
0.776695774621672 -0.023830536444846
0.781041688926065 -0.023683135161348
0.785356783842216 -0.023524077577138
0.789640586171339 -0.023352800166846
0.793892626146236 -0.023168822127879
0.798112437482808 -0.022971717179161
0.802299557431187 -0.022761098043983
0.806453526826488 -0.022536961806602
0.810573890139155 -0.022299948179579
0.814660195524918 -0.022050754974738
0.818711994874345 -0.021790062798147
0.822728843861975 -0.021518503274157
0.826710301995052 -0.021236682199690
0.830655932661826 -0.020945197126977
0.834565303179429 -0.020644640924582
0.838437984841330 -0.020335606204914
0.842273552964344 -0.020018668853246
0.846071586935203 -0.019694395649822
0.849831670256683 -0.019363340142811
0.853553390593274 -0.019026042265924
0.857236339816401 -0.018683032138957
0.860880114049181 -0.018334828687738
0.864484313710706 -0.017981938027388
0.868048543559867 -0.017624856651658
0.871572412738697 -0.017264066453783
0.875055534815230 -0.016900038936587
0.878497527825878 -0.016533236963266
0.881898014317321 -0.016164106938265
0.885256621387894 -0.015793085999681
0.888572980728485 -0.015420598955241
0.891846728662920 -0.015047058891629
0.895077506187845 -0.014672867825070
0.898264959012098 -0.014298416978589
0.901408737595557 -0.013924083755685
0.904508497187474 -0.013550206455009
0.907563897864277 -0.013177085776414
0.910574604566852 -0.012805012032165
0.913540287137281 -0.012434270729249
0.916460620355049 -0.012065139155580
0.919335283972712 -0.011697893796212
0.922163962751007 -0.011332796766672
0.924946346493432 -0.010970114749121
0.927682130080253 -0.010610101989383
0.930371013501972 -0.010253004376810
0.933012701892219 -0.009899069811702
0.935606905560095 -0.009548532987924
0.938153340021932 -0.009201626051838
0.940651726032496 -0.008858573281547
0.943101789615607 -0.008519598679100
0.945503262094184 -0.008184913198329
0.947855880119706 -0.007854724837566
0.950159385701097 -0.007529239866893
0.952413526233010 -0.007208650286255
0.954618054523534 -0.006893150395310
0.956772728821300 -0.006582924860807
0.958877312841991 -0.006278154704123
0.960931575794250 -0.005979012145293
0.962935292404997 -0.005685669376577
0.964888242944126 -0.005398289728677
0.966790213248601 -0.005117028929581
0.968640994745946 -0.004842041309008
0.970440384477113 -0.004573477967511
0.972188185118740 -0.004311475208993
0.973884205004793 -0.004056177269400
0.975528258147577 -0.003807712918121
0.977120164258138 -0.003566213875991
0.978659748766034 -0.003331794724755
0.980146842838471 -0.003104581310396
0.981581283398829 -0.002884683403465
0.982962913144534 -0.002672210828001
0.984291580564316 -0.002467267507542
0.985567139954818 -0.002269949216196
0.986789451436580 -0.002080352866217
0.987958380969374 -0.001898566103356
0.989073800366903 -0.001724681820036
0.990135587310861 -0.001558772455553
0.991143625364344 -0.001400918930879
0.992097803984621 -0.001251192017364
0.992998018535252 -0.001109664323103
0.993844170297569 -0.000976395931199
0.994636166481494 -0.000851450472093
0.995373920235722 -0.000734879117175
0.996057350657239 -0.000626736967721
0.996686382800198 -0.000527072943444
0.997260947684137 -0.000435926883185
0.997780982301540 -0.000353342400400
0.998246429624752 -0.000279354132529
0.998657238612229 -0.000213996364688
0.999013364214136 -0.000157295093509
0.999314767377287 -0.000109275753270
0.999561415049429 -0.000069957801342
0.999753280182866 -0.000039362695511
0.999890341737423 -0.000017497337984
0.999972584682756 -0.000004374675269
1.000000000000000 0.000000000000000
