1.000000000000000 0.000000000000000
0.999972584682756 0.000004175896373
0.999890341737423 0.000016712908162
0.999753280182866 0.000037614441833
0.999561415049429 0.000066905186166
0.999314767377287 0.000104603708105
0.999013364214136 0.000150741381351
0.998657238612229 0.000205359467017
0.998246429624752 0.000268497880690
0.997780982301540 0.000340205832654
0.997260947684137 0.000420538740300
0.996686382800198 0.000509557832832
0.996057350657239 0.000607321361559
0.995373920235722 0.000713903526934
0.994636166481494 0.000829374515315
0.993844170297569 0.000953808219564
0.992998018535252 0.001087278794259
0.992097803984621 0.001229871285035
0.991143625364344 0.001381658314208
0.990135587310861 0.001542721929562
0.989073800366903 0.001713138636934
0.987958380969374 0.001892990003215
0.986789451436580 0.002082344529549
0.985567139954818 0.002281276890365
0.984291580564316 0.002489852569925
0.982962913144534 0.002708129709074
0.981581283398829 0.002936166906174
0.980146842838472 0.003174010458132
0.978659748766034 0.003421696154976
0.977120164258138 0.003679254120384
0.975528258147577 0.003946701757189
0.973884205004793 0.004224042554389
0.972188185118741 0.004511270929841
0.970440384477113 0.004808365033422
0.968640994745946 0.005115279407109
0.966790213248601 0.005431965007101
0.964888242944126 0.005758346721459
0.962935292404997 0.006094328230089
0.960931575794250 0.006439793576861
0.958877312841991 0.006794608887330
0.956772728821300 0.007158609927014
0.954618054523534 0.007531615665245
0.952413526233010 0.007913406869897
0.950159385701097 0.008303743766846
0.947855880119706 0.008702378208475
0.945503262094184 0.009109052073826
0.943101789615607 0.009523512453162
0.940651726032496 0.009945480156265
0.938153340021932 0.010374648874671
0.935606905560095 0.010810681024780
0.933012701892219 0.011253246041018
0.930371013501972 0.011701955539490
0.927682130080253 0.012156327229864
0.924946346493432 0.012615912814781
0.922163962751008 0.013080590802317
0.919335283972712 0.013550397861250
0.916460620355050 0.014025628430672
0.913540287137281 0.014506763850544
0.910574604566852 0.014994290194493
0.907563897864277 0.015488701007844
0.904508497187474 0.015990549419897
0.901408737595557 0.016500491738376
0.898264959012098 0.017019185912113
0.895077506187845 0.017546614774766
0.891846728662920 0.018082230850943
0.888572980728485 0.018625424194138
0.885256621387895 0.019175490330412
0.881898014317321 0.019731656277705
0.878497527825878 0.020293161958306
0.875055534815230 0.020859250713343
0.871572412738697 0.021429195286440
0.868048543559867 0.022002933338343
0.864484313710706 0.022580786600078
0.860880114049181 0.023163124690854
0.857236339816402 0.023750361959995
0.853553390593274 0.024342957487874
0.849831670256683 0.024941320769785
0.846071586935203 0.025545473845590
0.842273552964344 0.026155318052347
0.838437984841330 0.026770732496270
0.834565303179429 0.027391420997886
0.830655932661826 0.028017028688011
0.826710301995053 0.028647181814973
0.822728843861975 0.029281470295035
0.818711994874345 0.029919472259843
0.814660195524919 0.030560734658201
0.810573890139155 0.031204751958785
0.806453526826488 0.031850942070342
0.802299557431188 0.032498695934422
0.798112437482808 0.033147450605690
0.793892626146237 0.033796910467176
0.789640586171339 0.034446858902435
0.785356783842216 0.035097073504514
0.781041688926065 0.035747355669522
0.776695774621672 0.036397537374297
0.772319517507513 0.037047448355101
0.767913397489498 0.037696922858910
0.763477897748339 0.038345797321064
0.759013504686565 0.038993914348246
0.754520707875186 0.039641118338221
0.750000000000000 0.040287229526803
0.745451876807570 0.040931978679250
0.740876837050858 0.041575053845708
0.736275382434527 0.042216140057062
0.731648017559931 0.042854911315880
0.726995249869773 0.043491003259439
0.722317589592464 0.044124034059328
0.717615549686164 0.044753612942410
0.712889645782536 0.045379356589255
0.708140396130201 0.046000916410770
0.703368321537900 0.046617955551844
0.698573945317390 0.047230133184661
0.693757793226052 0.047837120914464
0.688920393409234 0.048438758074154
0.684062276342339 0.049034987633116
0.679183974772650 0.049625764384570
0.674286023660908 0.050211046562153
0.669368960122646 0.050790802398646
0.664433323369292 0.051365010461780
0.659479654649035 0.051933659762472
0.654508497187474 0.052496740739929
0.649520396128043 0.053054209126648
0.644515898472236 0.053605789226319
0.639495553019615 0.054151122810304
0.634459910307633 0.054689856845825
0.629409522551260 0.055221633162514
0.624344943582428 0.055746048569286
0.619266728789291 0.056262637272707
0.614175435055328 0.056770928954294
0.609071620698271 0.057270447118199
0.603955845408880 0.057760737434722
0.598828670189563 0.058241493394793
0.593690657292862 0.058712508381058
0.588542370159792 0.059173576773136
0.583384373358051 0.059624496393764
0.578217232520115 0.060065085504528
0.573041514281206 0.060495240037037
0.567857786217152 0.060914874921344
0.562666616782152 0.061323910667524
0.557468575246433 0.061722274447020
0.552264231633827 0.062109878494851
0.547054156659257 0.062486602300231
0.541838921666158 0.062852320214683
0.536619098563816 0.063206916477606
0.531395259764657 0.063550275421406
0.526167978121472 0.063882272819948
0.520937826864600 0.064202764480183
0.515705379539064 0.064511609614571
0.510471209941678 0.064808671733016
0.505235892058123 0.065093824594710
0.500000000000000 0.065367022972170
0.494764107941877 0.065628305703933
0.489528790058322 0.065877721274508
0.484294620460936 0.066115323835949
0.479062173135400 0.066341173313777
0.473832021878528 0.066555377913710
0.468604740235343 0.066758085009649
0.463380901436184 0.066949444677574
0.458161078333842 0.067129611775448
0.452945843340743 0.067298738880769
0.447735768366173 0.067456917355112
0.442531424753567 0.067604210319792
0.437333383217848 0.067740681164472
0.432142213782848 0.067866400884393
0.426958485718794 0.067981440893766
0.421782767479885 0.068085868373396
0.416615626641949 0.068179751596699
0.411457629840209 0.068263162586233
0.406309342707138 0.068336177023875
0.401171329810437 0.068398857993734
0.396044154591120 0.068451209602739
0.390928379301729 0.068493228766330
0.385824564944672 0.068524916891232
0.380733271210710 0.068546279672251
0.375655056417573 0.068557246529133
0.370590477448740 0.068557610387685
0.365540089692367 0.068547158596226
0.360504446980385 0.068525687717910
0.355484101527764 0.068492999020962
0.350479603871957 0.068448826082194
0.345491502812526 0.068392853982443
0.340520345350965 0.068324778981260
0.335566676630708 0.068244311469884
0.330631039877354 0.068151245499833
0.325713976339092 0.068045678752106
0.320816025227350 0.067927787522397
0.315937723657661 0.067797753342348
0.311079606590766 0.067655766192709
0.306242206773949 0.067502140059482
0.301426054682610 0.067337313110839
0.296631678462100 0.067161727231783
0.291859603869799 0.066975820531475
0.287110354217464 0.066779977200773
0.282384450313836 0.066574426129323
0.277682410407536 0.066359364681361
0.273004750130227 0.066134996337556
0.268351982440069 0.065901561605587
0.263724617565473 0.065659566575790
0.259123162949143 0.065409627111319
0.254548123192430 0.065152348654209
0.250000000000000 0.064888265269685
0.245479292124815 0.064617102992547
0.240986495313435 0.064338053659542
0.236522102251661 0.064050336644586
0.232086602510502 0.063753216222729
0.227680482492487 0.063446140164695
0.223304225378328 0.063128697304504
0.218958311073935 0.062800509581941
0.214643216157784 0.062461265598371
0.210359413828661 0.062111104365860
0.206107373853763 0.061750432693946
0.201887562517192 0.061379663944013
0.197700442568813 0.060999107214182
0.193546473173512 0.060608501077781
0.189426109860845 0.060207419016300
0.185339804475081 0.059795471680571
0.181288005125655 0.059372337652769
0.177271156138025 0.058937792893675
0.173289698004947 0.058491657118924
0.169344067338174 0.058033816506475
0.165434696820571 0.057564586830761
0.161562015158670 0.057084526814298
0.157726447035656 0.056594201509766
0.153928413064797 0.056094031883067
0.150168329743317 0.055584215154113
0.146446609406726 0.055064934889617
0.142763660183598 0.054536264870500
0.139119885950819 0.053997760768714
0.135515686289294 0.053448900219623
0.131951456440133 0.052889237439019
0.128427587261303 0.052318502248519
0.124944465184770 0.051736522453670
0.121502472174122 0.051143203652989
0.118101985682679 0.050538757969701
0.114743378612105 0.049923559535130
0.111427019271515 0.049298010781718
0.108153271337080 0.048662593598387
0.104922493812155 0.048017832596305
0.101735040987902 0.047364194658967
0.098591262404443 0.046701784891750
0.095491502812526 0.046030676482067
0.092436102135723 0.045350775423113
0.089425395433148 0.044661640647584
0.086459712862719 0.043962889459168
0.083539379644950 0.043254284663492
0.080664716027288 0.042535728579552
0.077836037248993 0.041807203765471
0.075053653506568 0.041068775619195
0.072317869919747 0.040320571899539
0.069628986498028 0.039562872070478
0.066987298107781 0.038796094393766
0.064393094439905 0.038020702686668
0.061846659978068 0.037237204306362
0.059348273967504 0.036446166434720
0.056898210384393 0.035648146732443
0.054496737905816 0.034843779061520
0.052144119880294 0.034033850634345
0.049840614298903 0.033219235802536
0.047586473766990 0.032399966549476
0.045381945476466 0.031575254252312
0.043227271178700 0.030744320942345
0.041122687158010 0.029906398238457
0.039068424205750 0.029060963262481
0.037064707595003 0.028207690218724
0.035111757055874 0.027347038609652
0.033209786751399 0.026480351974005
0.031359005254054 0.025609053854755
0.029559615522887 0.024734695636145
0.027811814881260 0.023858898440786
0.026115794995207 0.022983319904738
0.024471741852423 0.022109235356479
0.022879835741862 0.021236857523951
0.021340251233966 0.020363869087792
0.019853157161529 0.019488020477827
0.018418716601171 0.018607782375852
0.017037086855466 0.017723763783461
0.015708419435685 0.016837885698463
0.014432860045182 0.015952867023137
0.013210548563420 0.015071514267590
0.012041619030626 0.014196356314370
0.010926199633097 0.013329244827445
0.009864412689139 0.012471852564174
0.008856374635656 0.011626019396562
0.007902196015379 0.010793135803429
0.007001981464748 0.009969298772925
0.006155829702431 0.009149360386978
0.005363833518506 0.008327802749647
0.004626079764278 0.007499069163641
0.003942649342761 0.006675346239651
0.003313617199802 0.005881831194028
0.002739052315863 0.005144076629779
0.002219017698460 0.004472503164730
0.001753570375248 0.003858761117979
0.001342761387771 0.003286444658226
0.000986635785864 0.002746989500171
0.000685232622713 0.002235335744277
0.000438584950571 0.001747866814164
0.000246719817134 0.001282232909927
0.000109658262577 0.000836574579194
0.000027415317244 0.000409509823593
0.000000000000000 0.000000000000000
0.000027415317244 -0.000392694734349
0.000109658262577 -0.000770658294270
0.000246719817134 -0.001144963255405
0.000438584950571 -0.001522395450067
0.000685232622713 -0.001903837837225
0.000986635785864 -0.002288937016950
0.001342761387771 -0.002677130651002
0.001753570375248 -0.003067225492641
0.002219017698460 -0.003457697165642
0.002739052315863 -0.003846332171775
0.003313617199802 -0.004229702809544
0.003942649342761 -0.004606294570524
0.004626079764278 -0.004979906718410
0.005363833518506 -0.005360097526568
0.006155829702431 -0.005751990114812
0.007001981464748 -0.006154675636567
0.007902196015379 -0.006562810032884
0.008856374635656 -0.006971557713727
0.009864412689139 -0.007377110063407
0.010926199633097 -0.007777520803864
0.012041619030626 -0.008173472281888
0.013210548563420 -0.008565806884211
0.014432860045182 -0.008954007921842
0.015708419435684 -0.009334888169223
0.017037086855466 -0.009704998793601
0.018418716601171 -0.010060858236650
0.019853157161528 -0.010399195441251
0.021340251233966 -0.010720239089617
0.022879835741862 -0.011027530825399
0.024471741852423 -0.011326244452842
0.026115794995207 -0.011620807243102
0.027811814881259 -0.011913264188214
0.029559615522887 -0.012203310088430
0.031359005254054 -0.012489206982922
0.033209786751399 -0.012769818162598
0.035111757055874 -0.013044032015979
0.037064707595003 -0.013310385677751
0.039068424205750 -0.013567943149464
0.041122687158009 -0.013816594911150
0.043227271178699 -0.014056791297429
0.045381945476466 -0.014289477236992
0.047586473766990 -0.014515931356418
0.049840614298903 -0.014737643794965
0.052144119880293 -0.014955512179795
0.054496737905816 -0.015170064202382
0.056898210384393 -0.015381284487613
0.059348273967504 -0.015588859083471
0.061846659978068 -0.015792635894025
0.064393094439905 -0.015992585984760
0.066987298107781 -0.016188693710536
0.069628986498028 -0.016380953203522
0.072317869919747 -0.016569411674446
0.075053653506568 -0.016754173404052
0.077836037248992 -0.016935346413649
0.080664716027288 -0.017112955033424
0.083539379644950 -0.017287028160400
0.086459712862719 -0.017457619390874
0.089425395433148 -0.017624807854660
0.092436102135723 -0.017788727694645
0.095491502812526 -0.017949574833851
0.098591262404443 -0.018107561499155
0.101735040987902 -0.018262799635653
0.104922493812155 -0.018415379888037
0.108153271337080 -0.018565324342534
0.111427019271514 -0.018712522571167
0.114743378612105 -0.018856863574084
0.118101985682679 -0.018998280679062
0.121502472174122 -0.019136742976645
0.124944465184770 -0.019272219159803
0.128427587261303 -0.019404603607493
0.131951456440133 -0.019533770303598
0.135515686289294 -0.019659582307026
0.139119885950819 -0.019781867627362
0.142763660183598 -0.019900441564388
0.146446609406726 -0.020015133535249
0.150168329743317 -0.020125818151503
0.153928413064796 -0.020232383542927
0.157726447035656 -0.020334736709343
0.161562015158669 -0.020432856799044
0.165434696820571 -0.020526751120850
0.169344067338174 -0.020616439810259
0.173289698004947 -0.020701950421495
0.177271156138025 -0.020783322617612
0.181288005125655 -0.020860606998711
0.185339804475081 -0.020933895072129
0.189426109860845 -0.021003328986341
0.193546473173511 -0.021069068693475
0.197700442568812 -0.021131270933341
0.201887562517192 -0.021190026920512
0.206107373853763 -0.021245415271224
0.210359413828660 -0.021297523535917
0.214643216157784 -0.021346413030402
0.218958311073935 -0.021392105249591
0.223304225378328 -0.021434623345652
0.227680482492486 -0.021473999557289
0.232086602510501 -0.021510302621754
0.236522102251661 -0.021543628126237
0.240986495313435 -0.021574079541582
0.245479292124814 -0.021601754780857
0.250000000000000 -0.021626677301066
0.254548123192429 -0.021648843237718
0.259123162949142 -0.021668251502126
0.263724617565473 -0.021684883646331
0.268351982440069 -0.021698614251943
0.273004750130227 -0.021709278979449
0.277682410407536 -0.021716711108512
0.282384450313836 -0.021720717694666
0.287110354217464 -0.021720938257465
0.291859603869799 -0.021716934168007
0.296631678462100 -0.021708256840398
0.301426054682609 -0.021694457441787
0.306242206773948 -0.021675206859307
0.311079606590766 -0.021650265810489
0.315937723657661 -0.021619394368279
0.320816025227350 -0.021582350561729
0.325713976339092 -0.021538861752577
0.330631039877354 -0.021488605055238
0.335566676630708 -0.021431249800019
0.340520345350965 -0.021366461659321
0.345491502812526 -0.021293934529157
0.350479603871956 -0.021213537974876
0.355484101527764 -0.021125207424209
0.360504446980385 -0.021028881534440
0.365540089692367 -0.020924504298933
0.370590477448739 -0.020812173175640
0.375655056417572 -0.020692208524396
0.380733271210709 -0.020564957651495
0.385824564944672 -0.020430777235002
0.390928379301728 -0.020290019142300
0.396044154591120 -0.020142928350192
0.401171329810437 -0.019989695048300
0.406309342707137 -0.019830515210117
0.411457629840208 -0.019665589882188
0.416615626641949 -0.019495058023541
0.421782767479884 -0.019318843331756
0.426958485718794 -0.019136826024236
0.432142213782848 -0.018948887881821
0.437333383217848 -0.018754913784685
0.442531424753567 -0.018554833339277
0.447735768366173 -0.018348652146158
0.452945843340743 -0.018136382493243
0.458161078333842 -0.017918041030520
0.463380901436184 -0.017693648304125
0.468604740235343 -0.017463255254884
0.473832021878528 -0.017226938888200
0.479062173135400 -0.016984783983902
0.484294620460935 -0.016736873516491
0.489528790058321 -0.016483298296129
0.494764107941877 -0.016224164979274
0.500000000000000 -0.015959593237839
0.505235892058122 -0.015689704379712
0.510471209941678 -0.015414621916654
0.515705379539064 -0.015134477674575
0.520937826864600 -0.014849438611455
0.526167978121472 -0.014559681965157
0.531395259764656 -0.014265387458959
0.536619098563816 -0.013966735567762
0.541838921666157 -0.013663913226983
0.547054156659257 -0.013357105918784
0.552264231633827 -0.013046504765773
0.557468575246433 -0.012732299426762
0.562666616782152 -0.012414682647162
0.567857786217152 -0.012093838209878
0.573041514281206 -0.011769934693764
0.578217232520115 -0.011443143385473
0.583384373358051 -0.011113633627263
0.588542370159791 -0.010781581491594
0.593690657292862 -0.010447241578445
0.598828670189563 -0.010110929747760
0.603955845408879 -0.009772956717198
0.609071620698271 -0.009433634357770
0.614175435055328 -0.009093308979114
0.619266728789290 -0.008752505891525
0.624344943582427 -0.008411795808716
0.629409522551260 -0.008071743503805
0.634459910307633 -0.007732901683732
0.639495553019614 -0.007395764739079
0.644515898472235 -0.007060734813524
0.649520396128043 -0.006728205214601
0.654508497187474 -0.006398556366860
0.659479654649035 -0.006072133800010
0.664433323369291 -0.005749067761570
0.669368960122646 -0.005429408498568
0.674286023660907 -0.005113206763823
0.679183974772650 -0.004800506684141
0.684062276342339 -0.004491364908430
0.688920393409233 -0.004185846658195
0.693757793226051 -0.003884015434314
0.698573945317390 -0.003585931362627
0.703368321537900 -0.003291713265962
0.708140396130200 -0.003001620437651
0.712889645782536 -0.002715929000790
0.717615549686163 -0.002434905876929
0.722317589592464 -0.002158810340603
0.726995249869773 -0.001887908878335
0.731648017559930 -0.001622460029451
0.736275382434527 -0.001362712867328
0.740876837050857 -0.001108905589699
0.745451876807570 -0.000861273290399
0.750000000000000 -0.000620041513789
0.754520707875185 -0.000385423020275
0.759013504686565 -0.000157630023268
0.763477897748338 0.000063102160380
0.767913397489498 0.000276544025279
0.772319517507513 0.000482476921947
0.776695774621672 0.000680699427891
0.781041688926065 0.000871019892309
0.785356783842216 0.001053261426706
0.789640586171339 0.001227263232146
0.793892626146236 0.001392903205586
0.798112437482808 0.001550092220617
0.802299557431187 0.001698756208888
0.806453526826488 0.001838917271374
0.810573890139155 0.001970963893242
0.814660195524918 0.002095373131601
0.818711994874345 0.002212594905155
0.822728843861975 0.002322816988034
0.826710301995052 0.002426008894674
0.830655932661826 0.002522141784673
0.834565303179429 0.002610860143043
0.838437984841330 0.002691189796466
0.842273552964344 0.002762150176854
0.846071586935203 0.002823011053362
0.849831670256683 0.002873668458764
0.853553390593274 0.002914155463877
0.857236339816401 0.002944799638100
0.860880114049181 0.002966977508602
0.864484313710706 0.002982245792431
0.868048543559867 0.002992047021028
0.871572412738697 0.002997647745810
0.875055534815230 0.003000216971358
0.878497527825878 0.003000220602765
0.881898014317321 0.002996821249811
0.885256621387894 0.002989090327107
0.888572980728485 0.002976081534487
0.891846728662920 0.002956837404982
0.895077506187845 0.002930502842883
0.898264959012098 0.002896408991893
0.901408737595557 0.002854015307280
0.904508497187474 0.002803782276742
0.907563897864277 0.002747618213251
0.910574604566852 0.002687406392482
0.913540287137281 0.002624789326040
0.916460620355049 0.002561249700962
0.919335283972712 0.002498272995859
0.922163962751007 0.002437332449965
0.924946346493432 0.002379446755093
0.927682130080253 0.002324889513689
0.930371013501972 0.002273577172293
0.933012701892219 0.002224534267080
0.935606905560095 0.002176706813072
0.938153340021932 0.002129315071566
0.940651726032496 0.002081718099554
0.943101789615607 0.002033319667858
0.945503262094184 0.001983582488516
0.947855880119706 0.001932001923673
0.950159385701097 0.001878183716949
0.952413526233010 0.001822076625970
0.954618054523534 0.001763808649535
0.956772728821300 0.001703720455846
0.958877312841991 0.001642165355141
0.960931575794250 0.001579431774521
0.962935292404997 0.001515793591084
0.964888242944126 0.001451520113130
0.966790213248601 0.001386862270338
0.968640994745946 0.001322053805180
0.970440384477113 0.001257317462391
0.972188185118740 0.001192860058602
0.973884205004793 0.001128876235023
0.975528258147577 0.001065549252802
0.977120164258138 0.001003047464801
0.978659748766034 0.000941531314361
0.980146842838471 0.000881147979155
0.981581283398829 0.000822035021277
0.982962913144534 0.000764320474151
0.984291580564316 0.000708121990387
0.985567139954818 0.000653549487073
0.986789451436580 0.000600703869782
0.987958380969374 0.000549677524141
0.989073800366903 0.000500557566845
0.990135587310861 0.000453421101244
0.991143625364344 0.000408340171913
0.992097803984621 0.000365381557659
0.992998018535252 0.000324603868856
0.993844170297569 0.000286061228372
0.994636166481494 0.000249804533374
0.995373920235722 0.000215876712054
0.996057350657239 0.000184318142027
0.996686382800198 0.000155165003350
0.997260947684137 0.000128448656460
0.997780982301540 0.000104197674249
0.998246429624752 0.000082437343542
0.998657238612229 0.000063188216826
0.999013364214136 0.000046469774307
0.999314767377287 0.000032296664271
0.999561415049429 0.000020683394277
0.999753280182866 0.000011640919610
0.999890341737423 0.000005175558323
0.999972584682756 0.000001294137548
1.000000000000000 0.000000000000000
