1.000000000000000 0.000000000000000
0.999972584682756 0.000005194002954
0.999890341737423 0.000020787540529
0.999753280182866 0.000046784612468
0.999561415049429 0.000083212170078
0.999314767377287 0.000130103016502
0.999013364214136 0.000187488788596
0.998657238612229 0.000255416731792
0.998246429624752 0.000333946045725
0.997780982301540 0.000423133852452
0.997260947684137 0.000523051908019
0.996686382800198 0.000633768981848
0.996057350657239 0.000755367542778
0.995373920235722 0.000887936370877
0.994636166481494 0.001031566485430
0.993844170297569 0.001186350449797
0.992998018535252 0.001352385137192
0.992097803984621 0.001529774529227
0.991143625364344 0.001718618371973
0.990135587310861 0.001919021892548
0.989073800366903 0.002131091431430
0.987958380969374 0.002354926345541
0.986789451436580 0.002590621505455
0.985567139954818 0.002838287990933
0.984291580564316 0.003098005084844
0.982962913144534 0.003369869808977
0.981581283398829 0.003653959526796
0.980146842838472 0.003950348947099
0.978659748766034 0.004259105322347
0.977120164258138 0.004580279780608
0.975528258147577 0.004913917164009
0.973884205004793 0.005260047322537
0.972188185118741 0.005618683747329
0.970440384477113 0.005989829762499
0.968640994745946 0.006373465842533
0.966790213248601 0.006769555774065
0.964888242944126 0.007178045270077
0.962935292404997 0.007598856675142
0.960931575794250 0.008031887656537
0.958877312841991 0.008477009917827
0.956772728821300 0.008934078391229
0.954618054523534 0.009402910698461
0.952413526233010 0.009883297553459
0.950159385701097 0.010375004606909
0.947855880119706 0.010877740813354
0.945503262094184 0.011391170116599
0.943101789615607 0.011914897270809
0.940651726032496 0.012448469409856
0.938153340021932 0.012991395428184
0.935606905560095 0.013543139944559
0.933012701892219 0.014103151420536
0.930371013501972 0.014670809506326
0.927682130080253 0.015245314141723
0.924946346493432 0.015825896329150
0.922163962751008 0.016412331421393
0.919335283972712 0.017004678727946
0.916460620355050 0.017603353625107
0.913540287137281 0.018209055255279
0.910574604566852 0.018822529358182
0.907563897864277 0.019444514361041
0.904508497187474 0.020075838895991
0.901408737595557 0.020717426144590
0.898264959012098 0.021370238086101
0.895077506187845 0.022034411423139
0.891846728662920 0.022709253838350
0.888572980728485 0.023393961777823
0.885256621387895 0.024087645762384
0.881898014317321 0.024789343131994
0.878497527825878 0.025498097215396
0.875055534815230 0.026212991997218
0.871572412738697 0.026933125556226
0.868048543559867 0.027658293558751
0.864484313710706 0.028388865883878
0.860880114049181 0.029125260472954
0.857236339816402 0.029867920986596
0.853553390593274 0.030617331956099
0.849831670256683 0.031373946037593
0.846071586935203 0.032137821543996
0.842273552964344 0.032908823750397
0.838437984841330 0.033686810141023
0.834565303179429 0.034471510435890
0.830655932661826 0.035262584666149
0.826710301995053 0.036059668133370
0.822728843861975 0.036862303113727
0.818711994874345 0.037669930375474
0.814660195524919 0.038481963502125
0.810573890139155 0.039297753986503
0.806453526826488 0.040116519288041
0.802299557431188 0.040937438073276
0.798112437482808 0.041759720822452
0.793892626146237 0.042583004891667
0.789640586171339 0.043407125663609
0.785356783842216 0.044231908836962
0.781041688926065 0.045057214793646
0.776695774621672 0.045882922507923
0.772319517507513 0.046708926370392
0.767913397489498 0.047535126693124
0.763477897748339 0.048361439313453
0.759013504686565 0.049187801621633
0.754520707875186 0.050014151093663
0.750000000000000 0.050840416237717
0.745451876807570 0.051666298341920
0.740876837050858 0.052491359719956
0.736275382434527 0.053315151628120
0.731648017559931 0.054137218419268
0.726995249869773 0.054957022896455
0.722317589592464 0.055773988250234
0.717615549686164 0.056587525782270
0.712889645782536 0.057397044765876
0.708140396130201 0.058202026012553
0.703368321537900 0.059002003636698
0.698573945317390 0.059796500241249
0.693757793226052 0.060585044079192
0.688920393409234 0.061367365416373
0.684062276342339 0.062143452751132
0.679183974772650 0.062913314814715
0.674286023660908 0.063676968332075
0.669368960122646 0.064434433400874
0.664433323369292 0.065185740452774
0.659479654649035 0.065930915162608
0.654508497187474 0.066669998732725
0.649520396128043 0.067403008781235
0.644515898472236 0.068129629758504
0.639495553019615 0.068849280262853
0.634459910307633 0.069561376903112
0.629409522551260 0.070265318225724
0.624344943582428 0.070960489256729
0.619266728789291 0.071646181565851
0.614175435055328 0.072321653981519
0.609071620698271 0.072986177564916
0.603955845408880 0.073639013043996
0.598828670189563 0.074279592773839
0.593690657292862 0.074907589701292
0.588542370159792 0.075522699334095
0.583384373358051 0.076124625666708
0.578217232520115 0.076713075984994
0.573041514281206 0.077287823154059
0.567857786217152 0.077848695308798
0.562666616782152 0.078395524440257
0.557468575246433 0.078928151050256
0.552264231633827 0.079446413782441
0.547054156659257 0.079950136227817
0.541838921666158 0.080439132962242
0.536619098563816 0.080913223656588
0.531395259764657 0.081372236275067
0.526167978121472 0.081816000913710
0.520937826864600 0.082244336347944
0.515705379539064 0.082657063767688
0.510471209941678 0.083054007402672
0.505235892058123 0.083435001063555
0.500000000000000 0.083799917190092
0.494764107941877 0.084148784510617
0.489528790058322 0.084481673411866
0.484294620460936 0.084798663879031
0.479062173135400 0.085099839363554
0.473832021878528 0.085385300963500
0.468604740235343 0.085655187438222
0.463380901436184 0.085909652526291
0.458161078333842 0.086148854022712
0.452945843340743 0.086372956403351
0.447735768366173 0.086582121306038
0.442531424753567 0.086776500628638
0.437333383217848 0.086956248271175
0.432142213782848 0.087121522071672
0.426958485718794 0.087272485182217
0.421782767479885 0.087409310239073
0.416615626641949 0.087532186760150
0.411457629840209 0.087641309428601
0.406309342707138 0.087736877000246
0.401171329810437 0.087819090898553
0.396044154591120 0.087888071652450
0.390928379301729 0.087943804206751
0.385824564944672 0.087986267847683
0.380733271210710 0.088015448103465
0.375655056417573 0.088031332603838
0.370590477448740 0.088033801397981
0.365540089692367 0.088022625383594
0.360504446980385 0.087997580980188
0.355484101527764 0.087958456196272
0.350479603871957 0.087905023136952
0.345491502812526 0.087836819741756
0.340520345350965 0.087753269803811
0.335566676630708 0.087653816137977
0.330631039877354 0.087537921230611
0.325713976339092 0.087405276769793
0.320816025227350 0.087256268876895
0.315937723657661 0.087091422964787
0.311079606590766 0.086911263251851
0.306242206773949 0.086716313905846
0.301426054682610 0.086507148085548
0.296631678462100 0.086284385600730
0.291859603869799 0.086048641889882
0.287110354217464 0.085800530087425
0.282384450313836 0.085540579232939
0.277682410407536 0.085269031426907
0.273004750130227 0.084986069432886
0.268351982440069 0.084691883480152
0.263724617565473 0.084386650169358
0.259123162949143 0.084070391797403
0.254548123192430 0.083743034347535
0.250000000000000 0.083404519969407
0.245479292124815 0.083054789656468
0.240986495313435 0.082693465646425
0.236522102251661 0.082319789394785
0.232086602510502 0.081933023167703
0.227680482492487 0.081532474916978
0.223304225378328 0.081117711124904
0.218958311073935 0.080688668752379
0.214643216157784 0.080245341984734
0.210359413828661 0.079787741160622
0.206107373853763 0.079315925855941
0.201887562517192 0.078830008411493
0.197700442568813 0.078330126509529
0.193546473173512 0.077816429818256
0.189426109860845 0.077288935485467
0.185339804475081 0.076747548101001
0.181288005125655 0.076192183701312
0.177271156138025 0.075622818722106
0.173289698004947 0.075039697386647
0.169344067338174 0.074443199498807
0.165434696820571 0.073833717404198
0.161562015158670 0.073211744717819
0.157726447035656 0.072578001334406
0.153928413064797 0.071933246888630
0.150168329743317 0.071278163206603
0.146446609406726 0.070612673574774
0.142763660183598 0.069936253344264
0.139119885950819 0.069248426736518
0.135515686289294 0.068548656114463
0.131951456440133 0.067836254231076
0.128427587261303 0.067110590482205
0.124944465184770 0.066371220160127
0.121502472174122 0.065618077471983
0.118101985682679 0.064851222245857
0.114743378612105 0.064070784635308
0.111427019271515 0.063277066666525
0.108153271337080 0.062470454081938
0.104922493812155 0.061651329874998
0.101735040987902 0.060820024389793
0.098591262404443 0.059976864982993
0.095491502812526 0.059122113404572
0.092436102135723 0.058255645397519
0.089425395433148 0.057377296584800
0.086459712862719 0.056487012367343
0.083539379644950 0.055584841555831
0.080664716027288 0.054670908435446
0.077836037248993 0.053745399041146
0.075053653506568 0.052808552918957
0.072317869919747 0.051860666073572
0.069628986498028 0.050901953201418
0.066987298107781 0.049932673264806
0.064393094439905 0.048953144529459
0.061846659978068 0.047963761920623
0.059348273967504 0.046964994509759
0.056898210384393 0.045957345183263
0.054496737905816 0.044941413351797
0.052144119880294 0.043917874523919
0.049840614298903 0.042887471588556
0.047586473766990 0.041850831572261
0.045381945476466 0.040808302939933
0.043227271178700 0.039760305233056
0.041122687158010 0.038707339692925
0.039068424205750 0.037650005211261
0.037064707595003 0.036588943524963
0.035111757055874 0.035524814113740
0.033209786751399 0.034457994472827
0.031359005254054 0.033388902770050
0.029559615522887 0.032318049354493
0.027811814881260 0.031246122486437
0.026115794995207 0.030174222311862
0.024471741852423 0.029103170284143
0.022879835741862 0.028032652078990
0.021340251233966 0.026961870655159
0.019853157161529 0.025889489265555
0.018418716601171 0.024814997256315
0.017037086855466 0.023738828317630
0.015708419435685 0.022662599790560
0.014432860045182 0.021588654648345
0.013210548563420 0.020519716076461
0.012041619030626 0.019457187892965
0.010926199633097 0.018400398750829
0.009864412689139 0.017345033520102
0.008856374635656 0.016286800944949
0.007902196015379 0.015222676062844
0.007001981464748 0.014148210899460
0.006155829702431 0.013058069737866
0.005363833518506 0.011944314929559
0.004626079764278 0.010796874626166
0.003942649342761 0.009633110842211
0.003313617199802 0.008495138677798
0.002739052315863 0.007428603075316
0.002219017698460 0.006459361879863
0.001753570375248 0.005575903049158
0.001342761387771 0.004753599632618
0.000986635785864 0.003979429356332
0.000685232622713 0.003244570475434
0.000438584950571 0.002543153261613
0.000246719817134 0.001870778559217
0.000109658262577 0.001224375185665
0.000027415317244 0.000601475396252
0.000000000000000 0.000000000000000
0.000027415317244 -0.000581431793565
0.000109658262577 -0.001144606424642
0.000246719817134 -0.001700240544789
0.000438584950571 -0.002258938830297
0.000685232622713 -0.002822008095154
0.000986635785864 -0.003388267307063
0.001342761387771 -0.003955421019861
0.001753570375248 -0.004520568998563
0.002219017698460 -0.005079870134746
0.002739052315863 -0.005627778034289
0.003313617199802 -0.006162045763977
0.003942649342761 -0.006685510514219
0.004626079764278 -0.007206244413512
0.005363833518506 -0.007734684981832
0.006155829702431 -0.008278838504865
0.007001981464748 -0.008835084813049
0.007902196015379 -0.009398503422420
0.008856374635656 -0.009964629059490
0.009864412689139 -0.010529208994107
0.010926199633097 -0.011090151159985
0.012041619030626 -0.011647114162374
0.013210548563420 -0.012200021732207
0.014432860045182 -0.012747055800227
0.015708419435684 -0.013284648298107
0.017037086855466 -0.013808930639845
0.018418716601171 -0.014315897297069
0.019853157161528 -0.014801835192973
0.021340251233966 -0.015267166012741
0.022879835741862 -0.015715560946925
0.024471741852423 -0.016152479409530
0.026115794995207 -0.016582739334040
0.027811814881259 -0.017008025761487
0.029559615522887 -0.017428339447536
0.031359005254054 -0.017842049700748
0.033209786751399 -0.018247945458581
0.035111757055874 -0.018645164543050
0.037064707595003 -0.019032716664160
0.039068424205750 -0.019409732314377
0.041122687158009 -0.019776321090912
0.043227271178699 -0.020133086557172
0.045381945476466 -0.020480943459827
0.047586473766990 -0.020821103345805
0.049840614298903 -0.021155061913508
0.052144119880293 -0.021484308890471
0.054496737905816 -0.021809004307803
0.056898210384393 -0.022128922585701
0.059348273967504 -0.022443853564163
0.061846659978068 -0.022753630621609
0.064393094439905 -0.023058135866767
0.066987298107781 -0.023357311261336
0.069628986498028 -0.023651170192162
0.072317869919747 -0.023939803734194
0.075053653506568 -0.024223326987907
0.077836037248992 -0.024501808461082
0.080664716027288 -0.024775339320934
0.083539379644950 -0.025043956835909
0.086459712862719 -0.025307694982331
0.089425395433148 -0.025566643792386
0.092436102135723 -0.025820978375445
0.095491502812526 -0.026070913354481
0.098591262404443 -0.026316677445764
0.101735040987902 -0.026558526746446
0.104922493812155 -0.026796627301612
0.108153271337080 -0.027030852998616
0.111427019271514 -0.027261053580840
0.114743378612105 -0.027487122708254
0.118101985682679 -0.027709007160048
0.121502472174122 -0.027926665662091
0.124944465184770 -0.028139974177349
0.128427587261303 -0.028348753005073
0.131951456440133 -0.028552808892936
0.135515686289294 -0.028751786839079
0.139119885950819 -0.028945241077094
0.142763660183598 -0.029132724679223
0.146446609406726 -0.029313848339671
0.150168329743317 -0.029488253095521
0.153928413064796 -0.029655602636866
0.157726447035656 -0.029815888466231
0.161562015158669 -0.029969355866020
0.165434696820571 -0.030116283740028
0.169344067338174 -0.030256942931656
0.173289698004947 -0.030391578655474
0.177271156138025 -0.030520461701150
0.181288005125655 -0.030643816180067
0.185339804475081 -0.030761632622071
0.189426109860845 -0.030873854452374
0.193546473173511 -0.030980434090643
0.197700442568812 -0.031081381965604
0.201887562517192 -0.031176758412401
0.206107373853763 -0.031266638384864
0.210359413828660 -0.031351138295169
0.214643216157784 -0.031430523802806
0.218958311073935 -0.031505118415669
0.223304225378328 -0.031575266125880
0.227680482492486 -0.031641130287053
0.232086602510501 -0.031702466358378
0.236522102251661 -0.031758972207864
0.240986495313435 -0.031810342942563
0.245479292124814 -0.031856401943941
0.250000000000000 -0.031897161831044
0.254548123192429 -0.031932655978455
0.259123162949142 -0.031962931381809
0.263724617565473 -0.031988321621119
0.268351982440069 -0.032009555179312
0.273004750130227 -0.032027416380153
0.277682410407536 -0.032042714100942
0.282384450313836 -0.032055865434960
0.287110354217464 -0.032066548259820
0.291859603869799 -0.032074354004525
0.296631678462100 -0.032078864446838
0.301426054682609 -0.032079847143550
0.306242206773948 -0.032077732450210
0.311079606590766 -0.032073106906380
0.315937723657661 -0.032066574600106
0.320816025227350 -0.032058593688914
0.325713976339092 -0.032048027330761
0.330631039877354 -0.032032796468282
0.335566676630708 -0.032010765164073
0.340520345350965 -0.031979755789108
0.345491502812526 -0.031937818711516
0.350479603871956 -0.031883472925054
0.355484101527764 -0.031815269347727
0.360504446980385 -0.031731736116313
0.365540089692367 -0.031631547408400
0.370590477448739 -0.031514948555876
0.375655056417572 -0.031383084397505
0.380733271210709 -0.031237137175594
0.385824564944672 -0.031078317674418
0.390928379301728 -0.030907700935761
0.396044154591120 -0.030725899131256
0.401171329810437 -0.030533445947579
0.406309342707137 -0.030330886455198
0.411457629840208 -0.030118770744719
0.416615626641949 -0.029897298286466
0.421782767479884 -0.029666188673619
0.426958485718794 -0.029425131452245
0.432142213782848 -0.029173814427793
0.437333383217848 -0.028911942204607
0.442531424753567 -0.028639426906274
0.447735768366173 -0.028356325105344
0.452945843340743 -0.028062704611815
0.458161078333842 -0.027758635984097
0.463380901436184 -0.027444235713824
0.468604740235343 -0.027119900730598
0.473832021878528 -0.026786145530775
0.479062173135400 -0.026443493100827
0.484294620460935 -0.026092470998823
0.489528790058321 -0.025733574306660
0.494764107941877 -0.025367152629301
0.500000000000000 -0.024993520166790
0.505235892058122 -0.024612994377680
0.510471209941678 -0.024225899786734
0.515705379539064 -0.023832476457894
0.520937826864600 -0.023432766343430
0.526167978121472 -0.023026787599908
0.531395259764656 -0.022614562273076
0.536619098563816 -0.022196113409145
0.541838921666157 -0.021771543792837
0.547054156659257 -0.021341067509824
0.552264231633827 -0.020904905432966
0.557468575246433 -0.020463283663909
0.562666616782152 -0.020016435167025
0.567857786217152 -0.019564695558052
0.573041514281206 -0.019108487257920
0.578217232520115 -0.018648232324521
0.583384373358051 -0.018184354218415
0.588542370159791 -0.017717279302094
0.593690657292862 -0.017247454535813
0.598828670189563 -0.016775340770114
0.603955845408879 -0.016301391532996
0.609071620698271 -0.015826061689954
0.614175435055328 -0.015349849290786
0.619266728789290 -0.014873385797514
0.624344943582427 -0.014397309125805
0.629409522551260 -0.013922250103156
0.634459910307633 -0.013448826397306
0.639495553019614 -0.012977592262774
0.644515898472235 -0.012509042700748
0.649520396128043 -0.012043666021873
0.654508497187474 -0.011581940631668
0.659479654649035 -0.011124266788255
0.664433323369291 -0.010670808609173
0.669368960122646 -0.010221684630153
0.674286023660907 -0.009777008135591
0.679183974772650 -0.009336891389738
0.684062276342339 -0.008901448401109
0.688920393409233 -0.008470794164054
0.693757793226051 -0.008045040046122
0.698573945317390 -0.007624295636334
0.703368321537900 -0.007208762796322
0.708140396130200 -0.006798772437605
0.712889645782536 -0.006394659969158
0.717615549686163 -0.005996743668240
0.722317589592464 -0.005605345935950
0.726995249869773 -0.005220798779344
0.731648017559930 -0.004843426535495
0.736275382434527 -0.004473537835221
0.740876837050857 -0.004111431190880
0.745451876807570 -0.003757392849626
0.750000000000000 -0.003411699885251
0.754520707875185 -0.003074609787205
0.759013504686565 -0.002746389479295
0.763477897748338 -0.002427340564481
0.767913397489498 -0.002117752975881
0.772319517507513 -0.001817901501576
0.776695774621672 -0.001528037920308
0.781041688926065 -0.001248398740096
0.785356783842216 -0.000979200681952
0.789640586171339 -0.000720639147179
0.793892626146236 -0.000472874976610
0.798112437482808 -0.000236034648854
0.802299557431187 -0.000010231243777
0.806453526826488 0.000204613415544
0.810573890139155 0.000409036112631
0.814660195524918 0.000603630119498
0.818711994874345 0.000788936866504
0.822728843861975 0.000965191628281
0.826710301995052 0.001132468037126
0.830655932661826 0.001290826215992
0.834565303179429 0.001439769686774
0.838437984841330 0.001578144702797
0.842273552964344 0.001704835031121
0.846071586935203 0.001819078381985
0.849831670256683 0.001920719033653
0.853553390593274 0.002009697827288
0.857236339816401 0.002086514303005
0.860880114049181 0.002152943191535
0.864484313710706 0.002210857977531
0.868048543559867 0.002262010480429
0.871572412738697 0.002308016706267
0.875055534815230 0.002350367242009
0.878497527825878 0.002389371985456
0.881898014317321 0.002423825760729
0.885256621387894 0.002452492087268
0.888572980728485 0.002474024677638
0.891846728662920 0.002487047116414
0.895077506187845 0.002490322086563
0.898264959012098 0.002482798647921
0.901408737595557 0.002463610381777
0.904508497187474 0.002433586656944
0.907563897864277 0.002395315069691
0.910574604566852 0.002351284246130
0.913540287137281 0.002303744935293
0.916460620355049 0.002254770061035
0.919335283972712 0.002206421180731
0.922163962751007 0.002160681830377
0.924946346493432 0.002118870026659
0.927682130080253 0.002081451907872
0.930371013501972 0.002048281877443
0.933012701892219 0.002017896771899
0.935606905560095 0.001988812861041
0.938153340021932 0.001959937890473
0.940651726032496 0.001930348806517
0.943101789615607 0.001899185487757
0.945503262094184 0.001865670126969
0.947855880119706 0.001829071576894
0.950159385701097 0.001788835408538
0.952413526233010 0.001744868409264
0.954618054523534 0.001697323313270
0.956772728821300 0.001646690062141
0.958877312841991 0.001593453771646
0.960931575794250 0.001538007226565
0.962935292404997 0.001480724273084
0.964888242944126 0.001421972027606
0.966790213248601 0.001362089667302
0.968640994745946 0.001301391991511
0.970440384477113 0.001240176075606
0.972188185118740 0.001178717505073
0.973884205004793 0.001117275109548
0.975528258147577 0.001056086310628
0.977120164258138 0.000995375192492
0.978659748766034 0.000935345317019
0.980146842838471 0.000876188754372
0.981581283398829 0.000818079938129
0.982962913144534 0.000761179110646
0.984291580564316 0.000705636796411
0.985567139954818 0.000651586382142
0.986789451436580 0.000599153859892
0.987958380969374 0.000548451492230
0.989073800366903 0.000499581475424
0.990135587310861 0.000452637891049
0.991143625364344 0.000407705506522
0.992097803984621 0.000364858941795
0.992998018535252 0.000324167878688
0.993844170297569 0.000285693098643
0.994636166481494 0.000249489123392
0.995373920235722 0.000215604928591
0.996057350657239 0.000184084225286
0.996686382800198 0.000154962960203
0.997260947684137 0.000128276429835
0.997780982301540 0.000104053234673
0.998246429624752 0.000082319034083
0.998657238612229 0.000063094392264
0.999013364214136 0.000046398543214
0.999314767377287 0.000032246438426
0.999561415049429 0.000020650430728
0.999753280182866 0.000011621370232
0.999890341737423 0.000005166745869
0.999972584682756 0.000001291915471
1.000000000000000 0.000000000000000
