1.000000000000000 0.000000000000000
0.999972584682756 0.000005303576071
0.999890341737423 0.000021217180425
0.999753280182866 0.000047763291190
0.999561415049429 0.000084966504530
0.999314767377287 0.000132874198579
0.999013364214136 0.000191531894874
0.998657238612229 0.000261010797539
0.998246429624752 0.000341382953365
0.997780982301540 0.000432727669107
0.997260947684137 0.000535145026655
0.996686382800198 0.000648737673204
0.996057350657239 0.000773613546557
0.995373920235722 0.000909892173068
0.994636166481494 0.001057696686912
0.993844170297569 0.001217160048118
0.992998018535252 0.001388413226988
0.992097803984621 0.001571591256489
0.991143625364344 0.001766839435064
0.990135587310861 0.001974290156896
0.989073800366903 0.002194087236747
0.987958380969374 0.002426369940025
0.986789451436580 0.002671263965099
0.985567139954818 0.002928902338755
0.984291580564316 0.003199405213998
0.982962913144534 0.003482885727872
0.981581283398829 0.003779448373724
0.980146842838472 0.004089179582612
0.978659748766034 0.004412153560489
0.977120164258138 0.004748442249865
0.975528258147577 0.005098078436126
0.973884205004793 0.005461084889263
0.972188185118741 0.005837472669821
0.970440384477113 0.006227207477205
0.968640994745946 0.006630247220612
0.966790213248601 0.007046508151785
0.964888242944126 0.007475894835072
0.962935292404997 0.007918254178045
0.960931575794250 0.008373416986874
0.958877312841991 0.008841167132270
0.956772728821300 0.009321258837281
0.954618054523534 0.009813402052751
0.952413526233010 0.010317250218228
0.950159385701097 0.010832412182338
0.947855880119706 0.011358519985650
0.945503262094184 0.011895214706296
0.943101789615607 0.012442172692160
0.940651726032496 0.012999057883262
0.938153340021932 0.013565483021722
0.935606905560095 0.014141029392275
0.933012701892219 0.014725277083464
0.930371013501972 0.015317753758919
0.927682130080253 0.015917880888149
0.924946346493432 0.016525067209814
0.922163962751008 0.017139129834529
0.919335283972712 0.017760082539877
0.916460620355050 0.018388173527007
0.913540287137281 0.019023860070970
0.910574604566852 0.019667615779528
0.907563897864277 0.020319944188304
0.904508497187474 0.020981384224266
0.901408737595557 0.021652542849398
0.898264959012098 0.022334052490887
0.895077506187845 0.023025913015035
0.891846728662920 0.023727432973588
0.888572980728485 0.024437839035018
0.885256621387895 0.025156254112765
0.881898014317321 0.025881740517630
0.878497527825878 0.026613383510890
0.875055534815230 0.027350371988470
0.871572412738697 0.028091895920035
0.868048543559867 0.028837939727777
0.864484313710706 0.029589185702052
0.860880114049181 0.030346402338218
0.857236339816402 0.031110422176470
0.853553390593274 0.031882135530489
0.849831670256683 0.032662428935199
0.846071586935203 0.033451617642154
0.842273552964344 0.034249727224401
0.838437984841330 0.035056765455247
0.834565303179429 0.035872657388522
0.830655932661826 0.036697246731908
0.826710301995053 0.037530360750436
0.822728843861975 0.038371470177203
0.818711994874345 0.039219650167592
0.814660195524919 0.040073909556662
0.810573890139155 0.040933099480339
0.806453526826488 0.041795731382315
0.802299557431188 0.042660220392000
0.798112437482808 0.043525031050505
0.793892626146237 0.044389728602353
0.789640586171339 0.045254471594747
0.785356783842216 0.046119457092406
0.781041688926065 0.046984906585040
0.776695774621672 0.047851121294610
0.772319517507513 0.048718431282387
0.767913397489498 0.049587179647603
0.763477897748339 0.050457797249725
0.759013504686565 0.051330795320470
0.754520707875186 0.052206710078971
0.750000000000000 0.053086044941331
0.745451876807570 0.053968513757234
0.740876837050858 0.054853264471880
0.736275382434527 0.055739389450754
0.731648017559931 0.056625958767862
0.726995249869773 0.057511796096992
0.722317589592464 0.058395570628817
0.717615549686164 0.059275915755768
0.712889645782536 0.060151449486026
0.708140396130201 0.061021003324705
0.703368321537900 0.061883586791095
0.698573945317390 0.062738207909617
0.693757793226052 0.063583861174373
0.688920393409234 0.064420084888452
0.684062276342339 0.065247234950711
0.679183974772650 0.066065765324840
0.674286023660908 0.066876145164131
0.669368960122646 0.067678848368312
0.664433323369292 0.068474289473870
0.659479654649035 0.069262878047686
0.654508497187474 0.070045047173162
0.649520396128043 0.070821207749057
0.644515898472236 0.071591230165100
0.639495553019615 0.072354429940404
0.634459910307633 0.073110104215554
0.629409522551260 0.073857537647178
0.624344943582428 0.074595986694977
0.619266728789291 0.075324569231194
0.614175435055328 0.076042356981823
0.609071620698271 0.076748412573365
0.603955845408880 0.077441804949150
0.598828670189563 0.078121815115530
0.593690657292862 0.078788159006703
0.588542370159792 0.079440600596883
0.583384373358051 0.080078916079673
0.578217232520115 0.080702882636661
0.573041514281206 0.081312376727687
0.567857786217152 0.081907364110058
0.562666616782152 0.082487826672713
0.557468575246433 0.083053751771192
0.552264231633827 0.083605118250862
0.547054156659257 0.084141786183582
0.541838921666158 0.084663527143182
0.536619098563816 0.085170121307788
0.531395259764657 0.085661353803096
0.526167978121472 0.086137006597292
0.520937826864600 0.086596825315181
0.515705379539064 0.087040537375535
0.510471209941678 0.087467878416237
0.505235892058123 0.087878584869722
0.500000000000000 0.088272439370483
0.494764107941877 0.088649438238754
0.489528790058322 0.089009677594419
0.484294620460936 0.089353259389553
0.479062173135400 0.089680291151188
0.473832021878528 0.089990896374490
0.468604740235343 0.090285239586492
0.463380901436184 0.090563508700988
0.458161078333842 0.090825896367710
0.452945843340743 0.091072601247527
0.447735768366173 0.091303811075208
0.442531424753567 0.091519653438503
0.437333383217848 0.091720239413213
0.432142213782848 0.091905683514536
0.426958485718794 0.092076107857276
0.421782767479885 0.092231639873897
0.416615626641949 0.092372411423628
0.411457629840209 0.092498561427102
0.406309342707138 0.092610232966646
0.401171329810437 0.092707574415600
0.396044154591120 0.092790705984380
0.390928379301729 0.092859659143729
0.385824564944672 0.092914454048981
0.380733271210710 0.092955117059991
0.375655056417573 0.092981679808555
0.370590477448740 0.092994065067878
0.365540089692367 0.092991983826790
0.360504446980385 0.092975134602588
0.355484101527764 0.092943229039796
0.350479603871957 0.092895982262342
0.345491502812526 0.092832874276572
0.340520345350965 0.092753146651255
0.335566676630708 0.092656052839048
0.330631039877354 0.092540871589167
0.325713976339092 0.092407038466315
0.320816025227350 0.092254978631374
0.315937723657661 0.092085555251056
0.311079606590766 0.091899625004887
0.306242206773949 0.091698035426283
0.301426054682610 0.091481492065451
0.296631678462100 0.091250404490012
0.291859603869799 0.091005143152294
0.287110354217464 0.090746081601793
0.282384450313836 0.090473590564551
0.277682410407536 0.090187988846895
0.273004750130227 0.089889575700843
0.268351982440069 0.089578650760107
0.263724617565473 0.089255516649920
0.259123162949143 0.088920499804411
0.254548123192430 0.088573954194853
0.250000000000000 0.088216242089551
0.245479292124815 0.087847722320289
0.240986495313435 0.087468412458767
0.236522102251661 0.087077285033051
0.232086602510502 0.086673158277597
0.227680482492487 0.086254912483458
0.223304225378328 0.085821606188939
0.218958311073935 0.085372924307183
0.214643216157784 0.084908743922736
0.210359413828661 0.084428970587113
0.206107373853763 0.083933553315134
0.201887562517192 0.083422573683735
0.197700442568813 0.082896166028967
0.193546473173512 0.082354478297983
0.189426109860845 0.081797727173777
0.185339804475081 0.081226299311587
0.181288005125655 0.080640618184990
0.177271156138025 0.080041115956744
0.173289698004947 0.079428145540585
0.169344067338174 0.078801922989434
0.165434696820571 0.078162680020099
0.161562015158670 0.077510656342683
0.157726447035656 0.076846112813538
0.153928413064797 0.076169320762270
0.150168329743317 0.075480577488557
0.146446609406726 0.074779945782297
0.142763660183598 0.074066973486611
0.139119885950819 0.073341186664886
0.135515686289294 0.072602167700132
0.131951456440133 0.071849501607620
0.128427587261303 0.071082809464832
0.124944465184770 0.070301787982358
0.121502472174122 0.069506390652805
0.118101985682679 0.068696779851095
0.114743378612105 0.067873174486313
0.111427019271515 0.067035887585358
0.108153271337080 0.066185338442072
0.104922493812155 0.065321984102569
0.101735040987902 0.064446166793459
0.098591262404443 0.063558089615393
0.095491502812526 0.062657965093562
0.092436102135723 0.061745794627807
0.089425395433148 0.060821289319907
0.086459712862719 0.059884260359390
0.083539379644950 0.058934634909426
0.080664716027288 0.057972488205067
0.077836037248993 0.056997955185318
0.075053653506568 0.056011213169987
0.072317869919747 0.055012517070351
0.069628986498028 0.054002167233410
0.066987298107781 0.052980532629403
0.064393094439905 0.051948017047903
0.061846659978068 0.050905102689227
0.059348273967504 0.049852324337727
0.056898210384393 0.048790300972914
0.054496737905816 0.047719725353595
0.052144119880294 0.046641347608268
0.049840614298903 0.045555843046870
0.047586473766990 0.044463931614703
0.045381945476466 0.043365933841194
0.043227271178700 0.042262006019914
0.041122687158010 0.041152463380137
0.039068424205750 0.040037851057529
0.037064707595003 0.038918685970444
0.035111757055874 0.037795487849784
0.033209786751399 0.036668808978469
0.031359005254054 0.035539140922248
0.029559615522887 0.034407126600583
0.027811814881260 0.033273574051948
0.026115794995207 0.032139414059159
0.024471741852423 0.031005673612430
0.022879835741862 0.029872429570672
0.021340251233966 0.028738356280753
0.019853157161529 0.027602252818757
0.018418716601171 0.026463263350516
0.017037086855466 0.025322049814743
0.015708419435685 0.024180288258811
0.014432860045182 0.023040056412052
0.013210548563420 0.021903940414124
0.012041619030626 0.020774534110567
0.010926199633097 0.019649957183124
0.009864412689139 0.018526265262743
0.008856374635656 0.017399159903909
0.007902196015379 0.016264988850145
0.007001981464748 0.015120026881840
0.006155829702431 0.013959279152118
0.005363833518506 0.012774882102183
0.004626079764278 0.011559773160661
0.003942649342761 0.010327509209992
0.003313617199802 0.009121566237106
0.002739052315863 0.007986532762492
0.002219017698460 0.006951381298429
0.001753570375248 0.006004803306406
0.001342761387771 0.005122883335537
0.000986635785864 0.004291433828714
0.000685232622713 0.003501378857577
0.000438584950571 0.002746387368090
0.000246719817134 0.002021780366792
0.000109658262577 0.001324230983000
0.000027415317244 0.000650987109640
0.000000000000000 0.000000000000000
0.000027415317244 -0.000630570987087
0.000109658262577 -0.001242538523772
0.000246719817134 -0.001849323002333
0.000438584950571 -0.002460611850170
0.000685232622713 -0.003077187913157
0.000986635785864 -0.003697578122447
0.001342761387771 -0.004319400576586
0.001753570375248 -0.004939767207666
0.002219017698460 -0.005554481534643
0.002739052315863 -0.006158900812559
0.003313617199802 -0.006751016964748
0.003942649342761 -0.007334245450445
0.004626079764278 -0.007916870537692
0.005363833518506 -0.008510535528948
0.006155829702431 -0.009119459378738
0.007001981464748 -0.009741920738407
0.007902196015379 -0.010372383288835
0.008856374635656 -0.011005606167928
0.009864412689139 -0.011637675152836
0.010926199633097 -0.012266741797016
0.012041619030626 -0.012892703458154
0.013210548563420 -0.013515461321494
0.014432860045182 -0.014132925856504
0.015708419435684 -0.014741488062651
0.017037086855466 -0.015336391945894
0.018418716601171 -0.015912304406808
0.019853157161528 -0.016465877950706
0.021340251233966 -0.016997611130507
0.022879835741862 -0.017511434759277
0.024471741852423 -0.018013716346775
0.026115794995207 -0.018509429811735
0.027811814881259 -0.019001893334873
0.029559615522887 -0.019489710006654
0.031359005254054 -0.019970843036015
0.033209786751399 -0.020444017915051
0.035111757055874 -0.020907839148623
0.037064707595003 -0.021360593971538
0.039068424205750 -0.021801300666328
0.041122687158009 -0.022229900437804
0.043227271178699 -0.022646970079675
0.045381945476466 -0.023053745474143
0.047586473766990 -0.023451860920209
0.049840614298903 -0.023843335389988
0.052144119880293 -0.024229464218013
0.054496737905816 -0.024610535515468
0.056898210384393 -0.024986579071197
0.059348273967504 -0.025357200429875
0.061846659978068 -0.025722050305950
0.064393094439905 -0.026080969697959
0.066987298107781 -0.026433874123877
0.069628986498028 -0.026780714183787
0.072317869919747 -0.027121486627014
0.075053653506568 -0.027456227349564
0.077836037248992 -0.027785007667975
0.080664716027288 -0.028107916503771
0.083539379644950 -0.028424998410925
0.086459712862719 -0.028736339612440
0.089425395433148 -0.029042095454728
0.092436102135723 -0.029342486015489
0.095491502812526 -0.029637800495639
0.098591262404443 -0.029928384926375
0.101735040987902 -0.030214632610458
0.104922493812155 -0.030496641186389
0.108153271337080 -0.030774239967641
0.111427019271514 -0.031047262635699
0.114743378612105 -0.031315563855344
0.118101985682679 -0.031579010176804
0.121502472174122 -0.031837477405329
0.124944465184770 -0.032090805330148
0.128427587261303 -0.032338838614373
0.131951456440133 -0.032581392708390
0.135515686289294 -0.032818164846356
0.139119885950819 -0.033048831114990
0.142763660183598 -0.033273075559209
0.146446609406726 -0.033490604393681
0.150168329743317 -0.033701127931948
0.153928413064796 -0.033904392485078
0.157726447035656 -0.034100290746556
0.161562015158669 -0.034288776860496
0.165434696820571 -0.034469816012901
0.169344067338174 -0.034643390134369
0.173289698004947 -0.034809498030812
0.177271156138025 -0.034968152483394
0.181288005125655 -0.035119494153521
0.185339804475081 -0.035263859349445
0.189426109860845 -0.035401633779591
0.193546473173511 -0.035533212147257
0.197700442568812 -0.035658869510128
0.201887562517192 -0.035778841724355
0.206107373853763 -0.035893386168841
0.210359413828660 -0.036002649242324
0.214643216157784 -0.036106505756609
0.218958311073935 -0.036204795404837
0.223304225378328 -0.036297359895991
0.227680482492486 -0.036384075343664
0.232086602510501 -0.036464858691828
0.236522102251661 -0.036539631267870
0.240986495313435 -0.036608326129914
0.245479292124814 -0.036670980508933
0.250000000000000 -0.036727717555214
0.254548123192429 -0.036778673499836
0.259123162949142 -0.036824013169930
0.263724617565473 -0.036864166378247
0.268351982440069 -0.036899778180263
0.273004750130227 -0.036931524794055
0.277682410407536 -0.036960088546888
0.282384450313836 -0.036985673946321
0.287110354217464 -0.037007969723250
0.291859603869799 -0.037026633372165
0.296631678462100 -0.037041318158729
0.301426054682609 -0.037052021885911
0.306242206773948 -0.037059434579948
0.311079606590766 -0.037064347994916
0.315937723657661 -0.037067576913626
0.320816025227350 -0.037069637216351
0.325713976339092 -0.037069295342486
0.330631039877354 -0.037064687529507
0.335566676630708 -0.037053908275711
0.340520345350965 -0.037035009367559
0.345491502812526 -0.037005902879517
0.350479603871956 -0.036964342471145
0.355484101527764 -0.036908035180727
0.360504446980385 -0.036834649629747
0.365540089692367 -0.036742167716982
0.370590477448739 -0.036630534288093
0.375655056417572 -0.036500410276551
0.380733271210709 -0.036352478780588
0.385824564944672 -0.036187443661552
0.390928379301728 -0.036006077736626
0.396044154591120 -0.035809271997907
0.401171329810437 -0.035597953623740
0.406309342707137 -0.035373066313455
0.411457629840208 -0.035135543210605
0.416615626641949 -0.034885703873919
0.421782767479884 -0.034623293915104
0.426958485718794 -0.034348039295951
0.432142213782848 -0.034059667101801
0.437333383217848 -0.033757946345775
0.442531424753567 -0.033442933166145
0.447735768366173 -0.033114837761168
0.452945843340743 -0.032773876173631
0.458161078333842 -0.032420274363629
0.463380901436184 -0.032054344126385
0.468604740235343 -0.031676779129332
0.473832021878528 -0.031288388033120
0.479062173135400 -0.030889986628112
0.484294620460935 -0.030482402831194
0.489528790058321 -0.030066391809122
0.494764107941877 -0.029642514927103
0.500000000000000 -0.029211301156935
0.505235892058122 -0.028773286876705
0.510471209941678 -0.028329005653510
0.515705379539064 -0.027878823403472
0.520937826864600 -0.027422810073092
0.526167978121472 -0.026961010582955
0.531395259764656 -0.026493472370769
0.536619098563816 -0.026020248955857
0.541838921666157 -0.025541519748410
0.547054156659257 -0.025057598830871
0.552264231633827 -0.024568802652468
0.557468575246433 -0.024075455023807
0.562666616782152 -0.023577896472140
0.567857786217152 -0.023076679541836
0.573041514281206 -0.022572485795307
0.578217232520115 -0.022065996477337
0.583384373358051 -0.021557885047185
0.588542370159791 -0.021048797551579
0.593690657292862 -0.020539265331494
0.598828670189563 -0.020029777249842
0.603955845408879 -0.019520826109020
0.609071620698271 -0.019012890540619
0.614175435055328 -0.018506370728426
0.619266728789290 -0.018001522989290
0.624344943582427 -0.017498586356905
0.629409522551260 -0.016997797068882
0.634459910307633 -0.016499386453590
0.639495553019614 -0.016003601073721
0.644515898472235 -0.015510688062391
0.649520396128043 -0.015020894138336
0.654508497187474 -0.014534460876506
0.659479654649035 -0.014051605922408
0.664433323369291 -0.013572502767237
0.669368960122646 -0.013097314483113
0.674286023660907 -0.012626196314866
0.679183974772650 -0.012159303222021
0.684062276342339 -0.011696782905427
0.688920393409233 -0.011238780146556
0.693757793226051 -0.010785432060165
0.698573945317390 -0.010336876624332
0.703368321537900 -0.009893286086861
0.708140396130200 -0.009454876428502
0.712889645782536 -0.009021859325041
0.717615549686163 -0.008594436340645
0.722317589592464 -0.008172807448093
0.726995249869773 -0.007757163622511
0.731648017559930 -0.007347694959245
0.736275382434527 -0.006944576915532
0.740876837050857 -0.006547993688466
0.745451876807570 -0.006158144699576
0.750000000000000 -0.005775221397841
0.754520707875185 -0.005399407101739
0.759013504686565 -0.005030950758496
0.763477897748338 -0.004670227892052
0.767913397489498 -0.004317605546490
0.772319517507513 -0.003973433620141
0.776695774621672 -0.003638033421262
0.781041688926065 -0.003311689534499
0.785356783842216 -0.002994670880645
0.789640586171339 -0.002687225739808
0.793892626146236 -0.002389588629043
0.798112437482808 -0.002101975723692
0.802299557431187 -0.001824584345173
0.806453526826488 -0.001557455558246
0.810573890139155 -0.001300338526536
0.814660195524918 -0.001052947717508
0.818711994874345 -0.000815041130613
0.822728843861975 -0.000586664836288
0.826710301995052 -0.000367980366895
0.830655932661826 -0.000159159905965
0.834565303179429 0.000038932171807
0.838437984841330 0.000224773337656
0.842273552964344 0.000396912851882
0.846071586935203 0.000554361397049
0.849831670256683 0.000696797114048
0.853553390593274 0.000824002386370
0.857236339816401 0.000936622335076
0.860880114049181 0.001036918346827
0.864484313710706 0.001127224817702
0.868048543559867 0.001209723494531
0.871572412738697 0.001286434808127
0.875055534815230 0.001359207999479
0.878497527825878 0.001428420464973
0.881898014317321 0.001492856725859
0.885256621387894 0.001551279157898
0.888572980728485 0.001602254391806
0.891846728662920 0.001644298343211
0.895077506187845 0.001676071216660
0.898264959012098 0.001696408853335
0.901408737595557 0.001704361290255
0.904508497187474 0.001700865686727
0.907563897864277 0.001688531761263
0.910574604566852 0.001669854698508
0.913540287137281 0.001647143973940
0.916460620355049 0.001622540140426
0.919335283972712 0.001598156702418
0.922163962751007 0.001575998751216
0.924946346493432 0.001557388988825
0.927682130080253 0.001542869290568
0.930371013501972 0.001532283871867
0.933012701892219 0.001524118741888
0.935606905560095 0.001516879828616
0.938153340021932 0.001509469397706
0.940651726032496 0.001500949901724
0.943101789615607 0.001490445328772
0.945503262094184 0.001477163965831
0.947855880119706 0.001460366401451
0.950159385701097 0.001439498536974
0.952413526233010 0.001414440093578
0.954618054523534 0.001385318071026
0.956772728821300 0.001352600662435
0.958877312841991 0.001316746780427
0.960931575794250 0.001278127244889
0.962935292404997 0.001237101747365
0.964888242944126 0.001194023536395
0.966790213248601 0.001149222458207
0.968640994745946 0.001103006669772
0.970440384477113 0.001055670278818
0.972188185118740 0.001007487289612
0.973884205004793 0.000958717719097
0.975528258147577 0.000909603922514
0.977120164258138 0.000860373913524
0.978659748766034 0.000811241595523
0.980146842838471 0.000762405911701
0.981581283398829 0.000714052499994
0.982962913144534 0.000666356611272
0.984291580564316 0.000619478612112
0.985567139954818 0.000573568501177
0.986789451436580 0.000528766567290
0.987958380969374 0.000485200100949
0.989073800366903 0.000442990118819
0.990135587310861 0.000402245307273
0.991143625364344 0.000363067689890
0.992097803984621 0.000325548935181
0.992998018535252 0.000289775323307
0.993844170297569 0.000255824226166
0.994636166481494 0.000223766357942
0.995373920235722 0.000193666354730
0.996057350657239 0.000165582610275
0.996686382800198 0.000139566810337
0.997260947684137 0.000115666309483
0.997780982301540 0.000093923242520
0.998246429624752 0.000074375004773
0.998657238612229 0.000057053013381
0.999013364214136 0.000041986058091
0.999314767377287 0.000029197610356
0.999561415049429 0.000018707309847
0.999753280182866 0.000010532503796
0.999890341737423 0.000004683944953
0.999972584682756 0.000001171388669
1.000000000000000 0.000000000000000
