1.000000000000000 0.000000000000000
0.999972584682756 0.000002458165348
0.999890341737423 0.000009826430348
0.999753280182866 0.000022082893140
0.999561415049429 0.000039199839079
0.999314767377287 0.000061126099345
0.999013364214136 0.000087808381520
0.998657238612229 0.000119175441413
0.998246429624752 0.000155144999294
0.997780982301540 0.000195624236826
0.997260947684137 0.000240511924143
0.996686382800198 0.000289692794435
0.996057350657239 0.000343046120685
0.995373920235722 0.000400441796877
0.994636166481494 0.000461738254845
0.993844170297569 0.000526794023956
0.992998018535252 0.000595458109288
0.992097803984621 0.000667577094339
0.991143625364344 0.000742991880054
0.990135587310861 0.000821543277364
0.989073800366903 0.000903070373789
0.987958380969374 0.000987413297447
0.986789451436580 0.001074415912965
0.985567139954818 0.001163921837109
0.984291580564316 0.001255782718948
0.982962913144534 0.001349855704025
0.981581283398829 0.001446005103134
0.980146842838472 0.001544105339731
0.978659748766034 0.001644043811888
0.977120164258138 0.001745718905193
0.975528258147577 0.001849046613158
0.973884205004793 0.001953955199962
0.972188185118741 0.002060396448002
0.970440384477113 0.002168340429282
0.968640994745946 0.002277777557764
0.966790213248601 0.002388724970059
0.964888242944126 0.002501225078298
0.962935292404997 0.002615348639386
0.960931575794250 0.002731196717937
0.958877312841991 0.002848901630639
0.956772728821300 0.002968631052341
0.954618054523534 0.003090586915061
0.952413526233010 0.003215009519059
0.950159385701097 0.003342182628924
0.947855880119706 0.003472428356749
0.945503262094184 0.003606114317524
0.943101789615607 0.003743656656804
0.940651726032496 0.003885514890493
0.938153340021932 0.004032205774845
0.935606905560095 0.004184294509621
0.933012701892219 0.004342398624581
0.930371013501972 0.004507197901668
0.927682130080253 0.004679429641175
0.924946346493432 0.004859896738558
0.922163962751008 0.005049449352742
0.919335283972712 0.005248990585228
0.916460620355050 0.005459536513129
0.913540287137281 0.005682221058122
0.910574604566852 0.005918171907750
0.907563897864277 0.006168318309203
0.904508497187474 0.006433520599547
0.901408737595557 0.006714032514427
0.898264959012098 0.007009745097108
0.895077506187845 0.007320551933829
0.891846728662920 0.007646407076835
0.888572980728485 0.007987225181508
0.885256621387895 0.008342858056002
0.881898014317321 0.008713098568800
0.878497527825878 0.009097697647509
0.875055534815230 0.009496383244192
0.871572412738697 0.009908842590289
0.868048543559867 0.010334686715383
0.864484313710706 0.010773446934907
0.860880114049181 0.011224615575680
0.857236339816402 0.011687907234535
0.853553390593274 0.012163297917941
0.849831670256683 0.012650754670493
0.846071586935203 0.013150286384386
0.842273552964344 0.013661933740328
0.838437984841330 0.014185734937143
0.834565303179429 0.014721694790460
0.830655932661826 0.015269800297108
0.826710301995053 0.015830019781728
0.822728843861975 0.016402327206378
0.818711994874345 0.016986697321151
0.814660195524919 0.017583107744174
0.810573890139155 0.018191452758210
0.806453526826488 0.018811377366138
0.802299557431188 0.019442435828298
0.798112437482808 0.020084161813433
0.793892626146237 0.020736038851053
0.789640586171339 0.021397515806031
0.785356783842216 0.022068009584774
0.781041688926065 0.022746899783955
0.776695774621672 0.023433517139775
0.772319517507513 0.024127155692309
0.767913397489498 0.024827085334564
0.763477897748339 0.025532646341746
0.759013504686565 0.026243324264874
0.754520707875186 0.026958581034977
0.750000000000000 0.027677875131769
0.745451876807570 0.028400683981108
0.740876837050858 0.029126499616396
0.736275382434527 0.029854804310495
0.731648017559931 0.030585061894561
0.726995249869773 0.031316733139846
0.722317589592464 0.032049277044209
0.717615549686164 0.032782126765684
0.712889645782536 0.033514722122598
0.708140396130201 0.034246658228149
0.703368321537900 0.034977651882606
0.698573945317390 0.035707430143229
0.693757793226052 0.036435710274802
0.688920393409234 0.037162227225174
0.684062276342339 0.037886721618390
0.679183974772650 0.038608939839697
0.674286023660908 0.039328624975259
0.669368960122646 0.040045440352320
0.664433323369292 0.040758784857675
0.659479654649035 0.041468008403908
0.654508497187474 0.042172443134376
0.649520396128043 0.042871411163375
0.644515898472236 0.043564125925385
0.639495553019615 0.044249720337627
0.634459910307633 0.044927318341291
0.629409522551260 0.045596041849024
0.624344943582428 0.046255095805582
0.619266728789291 0.046903950658595
0.614175435055328 0.047542113539686
0.609071620698271 0.048169101558479
0.603955845408880 0.048784429791787
0.598828670189563 0.049387698214887
0.593690657292862 0.049978596175064
0.588542370159792 0.050556812527790
0.583384373358051 0.051122048132313
0.578217232520115 0.051674002133717
0.573041514281206 0.052212377139099
0.567857786217152 0.052736875824649
0.562666616782152 0.053247208435121
0.557468575246433 0.053743090877689
0.552264231633827 0.054224239575533
0.547054156659257 0.054690378397488
0.541838921666158 0.055141235312974
0.536619098563816 0.055576543228005
0.531395259764657 0.055996041829202
0.526167978121472 0.056399527605119
0.520937826864600 0.056786914879717
0.515705379539064 0.057158142373654
0.510471209941678 0.057513155673626
0.505235892058123 0.057851906299656
0.500000000000000 0.058174363780460
0.494764107941877 0.058480521445118
0.489528790058322 0.058770381916003
0.484294620460936 0.059043953556057
0.479062173135400 0.059301254458033
0.473832021878528 0.059542432450228
0.468604740235343 0.059767783690807
0.463380901436184 0.059977617866328
0.458161078333842 0.060172250498909
0.452945843340743 0.060352000316277
0.447735768366173 0.060517209938696
0.442531424753567 0.060668238332792
0.437333383217848 0.060805450486037
0.432142213782848 0.060929213078092
0.426958485718794 0.061039901618976
0.421782767479885 0.061137951180743
0.416615626641949 0.061223833701668
0.411457629840209 0.061298022284710
0.406309342707138 0.061360989564515
0.401171329810437 0.061413207344087
0.396044154591120 0.061455140038246
0.390928379301729 0.061487249472686
0.385824564944672 0.061509995668671
0.380733271210710 0.061523837002489
0.375655056417573 0.061529173025816
0.370590477448740 0.061526240826498
0.365540089692367 0.061515249474487
0.360504446980385 0.061496408949351
0.355484101527764 0.061469930166963
0.350479603871957 0.061436027896253
0.345491502812526 0.061394920799891
0.340520345350965 0.061346828676062
0.335566676630708 0.061291970438340
0.330631039877354 0.061230502430275
0.325713976339092 0.061162137507500
0.320816025227350 0.061086409937494
0.315937723657661 0.061002868610218
0.311079606590766 0.060911078957499
0.306242206773949 0.060810603689241
0.301426054682610 0.060700993779717
0.296631678462100 0.060581814929108
0.291859603869799 0.060452652095602
0.287110354217464 0.060313165930591
0.282384450313836 0.060163339186514
0.277682410407536 0.060003267821149
0.273004750130227 0.059833052957347
0.268351982440069 0.059652805555801
0.263724617565473 0.059462720098196
0.259123162949143 0.059263045711243
0.254548123192430 0.059054037360812
0.250000000000000 0.058835947754793
0.245479292124815 0.058608956387890
0.240986495313435 0.058373156514351
0.236522102251661 0.058128644415821
0.232086602510502 0.057875519986766
0.227680482492487 0.057613760745987
0.223304225378328 0.057343181210402
0.218958311073935 0.057063602419391
0.214643216157784 0.056774867809889
0.210359413828661 0.056476845508221
0.206107373853763 0.056169433426514
0.201887562517192 0.055852548590810
0.197700442568813 0.055526133655107
0.193546473173512 0.055190232393974
0.189426109860845 0.054844955792876
0.185339804475081 0.054490429792803
0.181288005125655 0.054126829819145
0.177271156138025 0.053754518960130
0.173289698004947 0.053373899216915
0.169344067338174 0.052985376997881
0.165434696820571 0.052589323633683
0.161562015158670 0.052186081541922
0.157726447035656 0.051775987503265
0.153928413064797 0.051359402092831
0.150168329743317 0.050936728621955
0.146446609406726 0.050508384385171
0.142763660183598 0.050074739703811
0.139119885950819 0.049635795967146
0.135515686289294 0.049191356898131
0.131951456440133 0.048741254916441
0.128427587261303 0.048285315768522
0.124944465184770 0.047823347410667
0.121502472174122 0.047355203790872
0.118101985682679 0.046880780556408
0.114743378612105 0.046400029361817
0.111427019271515 0.045912935305800
0.108153271337080 0.045419518030938
0.104922493812155 0.044919838002559
0.101735040987902 0.044413984862728
0.098591262404443 0.043902064935288
0.095491502812526 0.043384198130861
0.092436102135723 0.042860510254062
0.089425395433148 0.042330936141524
0.086459712862719 0.041795363321077
0.083539379644950 0.041253734718315
0.080664716027288 0.040706077748421
0.077836037248993 0.040152464970730
0.075053653506568 0.039593024545171
0.072317869919747 0.039027929777305
0.069628986498028 0.038457376425439
0.066987298107781 0.037881523000103
0.064393094439905 0.037300563269016
0.061846659978068 0.036714716856328
0.059348273967504 0.036124230371617
0.056898210384393 0.035528989143372
0.054496737905816 0.034927939292796
0.052144119880294 0.034320031369380
0.049840614298903 0.033704333035361
0.047586473766990 0.033080136594386
0.045381945476466 0.032447626687552
0.043227271178700 0.031807633662954
0.041122687158010 0.031161246315462
0.039068424205750 0.030509791747761
0.037064707595003 0.029854493911714
0.035111757055874 0.029196402333346
0.033209786751399 0.028535198183922
0.031359005254054 0.027867827497422
0.029559615522887 0.027191496693877
0.027811814881260 0.026504027087055
0.026115794995207 0.025803660013620
0.024471741852423 0.025088861905364
0.022879835741862 0.024358945359882
0.021340251233966 0.023614456813952
0.019853157161529 0.022856676832048
0.018418716601171 0.022087647809943
0.017037086855466 0.021309355526726
0.015708419435685 0.020523605810744
0.014432860045182 0.019730681504752
0.013210548563420 0.018930487016541
0.012041619030626 0.018123346011182
0.010926199633097 0.017308658598237
0.009864412689139 0.016483983991046
0.008856374635656 0.015647274473251
0.007902196015379 0.014797182344523
0.007001981464748 0.013933765589826
0.006155829702431 0.013058292885206
0.005363833518506 0.012173203696724
0.004626079764278 0.011281695494407
0.003942649342761 0.010386730355806
0.003313617199802 0.009490735588791
0.002739052315863 0.008595737581632
0.002219017698460 0.007703485652805
0.001753570375248 0.006815535350961
0.001342761387771 0.005933217066892
0.000986635785864 0.005057745073998
0.000685232622713 0.004190097882267
0.000438584950571 0.003331291087243
0.000246719817134 0.002482085439100
0.000109658262577 0.001643416273543
0.000027415317244 0.000815853260592
0.000000000000000 0.000000000000000
0.000027415317244 -0.000815775685003
0.000109658262577 -0.001643428141457
0.000246719817134 -0.002482147387776
0.000438584950571 -0.003331321570926
0.000685232622713 -0.004190107192429
0.000986635785864 -0.005057741608159
0.001342761387771 -0.005933245934297
0.001753570375248 -0.006815547936735
0.002219017698460 -0.007703490111923
0.002739052315863 -0.008595735177471
0.003313617199802 -0.009490733153812
0.003942649342761 -0.010386740077796
0.004626079764278 -0.011281686112762
0.005363833518506 -0.012173207969360
0.006155829702431 -0.013058294318245
0.007001981464748 -0.013933762457129
0.007902196015379 -0.014797182586980
0.008856374635656 -0.015647269312527
0.009864412689139 -0.016483987660055
0.010926199633097 -0.017308656935147
0.012041619030626 -0.018123358765701
0.013210548563420 -0.018930486684474
0.014432860045182 -0.019730688286853
0.015708419435684 -0.020523603672688
0.017037086855466 -0.021309361391518
0.018418716601171 -0.022087650237067
0.019853157161528 -0.022856681867623
0.021340251233966 -0.023614458887751
0.022879835741862 -0.024358950928309
0.024471741852423 -0.025088861734271
0.026115794995207 -0.025803662510856
0.027811814881259 -0.026504029957857
0.029559615522887 -0.027191498386353
0.031359005254054 -0.027867833796410
0.033209786751399 -0.028535197444400
0.035111757055874 -0.029196404104139
0.037064707595003 -0.029854495751384
0.039068424205750 -0.030509792448340
0.041122687158009 -0.031161250205803
0.043227271178699 -0.031807637060908
0.045381945476466 -0.032447628265688
0.047586473766990 -0.033080141281330
0.049840614298903 -0.033704338984446
0.052144119880293 -0.034320033656771
0.054496737905816 -0.034927945506715
0.056898210384393 -0.035528992946564
0.059348273967504 -0.036124229684167
0.061846659978068 -0.036714720264609
0.064393094439905 -0.037300568481343
0.066987298107781 -0.037881527076929
0.069628986498028 -0.038457378275763
0.072317869919747 -0.039027932639760
0.075053653506568 -0.039593026045753
0.077836037248992 -0.040152466949948
0.080664716027288 -0.040706080197687
0.083539379644950 -0.041253740238924
0.086459712862719 -0.041795365674592
0.089425395433148 -0.042330939885665
0.092436102135723 -0.042860513559949
0.095491502812526 -0.043384200511292
0.098591262404443 -0.043902066159119
0.101735040987902 -0.044413987269007
0.104922493812155 -0.044919841196731
0.108153271337080 -0.045419520807044
0.111427019271514 -0.045912936535930
0.114743378612105 -0.046400033146565
0.118101985682679 -0.046880784088903
0.121502472174122 -0.047355205540254
0.124944465184770 -0.047823349894215
0.128427587261303 -0.048285319297665
0.131951456440133 -0.048741258182412
0.135515686289294 -0.049191358316450
0.139119885950819 -0.049635799020948
0.142763660183598 -0.050074742960957
0.146446609406726 -0.050508387344089
0.150168329743317 -0.050936731627085
0.153928413064796 -0.051359403901264
0.157726447035656 -0.051775990023527
0.161562015158669 -0.052186083422413
0.165434696820571 -0.052589325455196
0.169344067338174 -0.052985379945160
0.173289698004947 -0.053373901613203
0.177271156138025 -0.053754520481269
0.181288005125655 -0.054126831949982
0.185339804475081 -0.054490431363722
0.189426109860845 -0.054844958757673
0.193546473173511 -0.055190234720025
0.197700442568812 -0.055526135506714
0.201887562517192 -0.055852550483937
0.206107373853763 -0.056169435201004
0.210359413828660 -0.056476847161921
0.214643216157784 -0.056774869881460
0.218958311073935 -0.057063605172643
0.223304225378328 -0.057343183359856
0.227680482492486 -0.057613762816472
0.232086602510501 -0.057875522103475
0.236522102251661 -0.058128646913513
0.240986495313435 -0.058373158409151
0.245479292124814 -0.058608958292804
0.250000000000000 -0.058835950527530
0.254548123192429 -0.059054039545168
0.259123162949142 -0.059263047811572
0.263724617565473 -0.059462722008511
0.268351982440069 -0.059652808058416
0.273004750130227 -0.059833054997294
0.277682410407536 -0.060003269996221
0.282384450313836 -0.060163341787141
0.287110354217464 -0.060313167876491
0.291859603869799 -0.060452653990080
0.296631678462100 -0.060581816772014
0.301426054682609 -0.060700995642568
0.306242206773948 -0.060810605775618
0.311079606590766 -0.060911080888127
0.315937723657661 -0.061002870744325
0.320816025227350 -0.061086411939761
0.325713976339092 -0.061162139564763
0.330631039877354 -0.061230504382076
0.335566676630708 -0.061291972452583
0.340520345350965 -0.061346830567723
0.345491502812526 -0.061394922680270
0.350479603871956 -0.061436029723232
0.355484101527764 -0.061469932088712
0.360504446980385 -0.061496410849457
0.365540089692367 -0.061515251299816
0.370590477448739 -0.061526242609301
0.375655056417572 -0.061529174811357
0.380733271210709 -0.061523838773032
0.385824564944672 -0.061509997451866
0.390928379301728 -0.061487251236060
0.396044154591120 -0.061455141821096
0.401171329810437 -0.061413208919805
0.406309342707137 -0.061360991216481
0.411457629840208 -0.061298023985368
0.416615626641949 -0.061223835372381
0.421782767479884 -0.061137952803602
0.426958485718794 -0.061039903209026
0.432142213782848 -0.060929215036830
0.437333383217848 -0.060805452037137
0.442531424753567 -0.060668240178994
0.447735768366173 -0.060517211308371
0.452945843340743 -0.060352001781473
0.458161078333842 -0.060172251723986
0.463380901436184 -0.059977619655828
0.468604740235343 -0.059767785074542
0.473832021878528 -0.059542433906860
0.479062173135400 -0.059301255959933
0.484294620460935 -0.059043954931976
0.489528790058321 -0.058770383297727
0.494764107941877 -0.058480523104017
0.500000000000000 -0.058174364867275
0.505235892058122 -0.057851908128305
0.510471209941678 -0.057513156795060
0.515705379539064 -0.057158143918826
0.520937826864600 -0.056786916358007
0.526167978121472 -0.056399528578935
0.531395259764656 -0.055996043810381
0.536619098563816 -0.055576544707018
0.541838921666157 -0.055141236062966
0.547054156659257 -0.054690378968575
0.552264231633827 -0.054224240818567
0.557468575246433 -0.053743092448422
0.562666616782152 -0.053247211110502
0.567857786217152 -0.052736876329839
0.573041514281206 -0.052212377776278
0.578217232520115 -0.051674002619499
0.583384373358051 -0.051122048426769
0.588542370159791 -0.050556813333184
0.593690657292862 -0.049978596383647
0.598828670189563 -0.049387699477492
0.603955845408879 -0.048784430563855
0.609071620698271 -0.048169102676093
0.614175435055328 -0.047542115410948
0.619266728789290 -0.046903950177854
0.624344943582427 -0.046255098275479
0.629409522551260 -0.045596043878049
0.634459910307633 -0.044927319968074
0.639495553019614 -0.044249721263565
0.644515898472235 -0.043564126494834
0.649520396128043 -0.042871412505450
0.654508497187474 -0.042172443254734
0.659479654649035 -0.041468009372319
0.664433323369291 -0.040758786326894
0.669368960122646 -0.040045439623373
0.674286023660907 -0.039328626830967
0.679183974772650 -0.038608939663908
0.684062276342339 -0.037886721525200
0.688920393409233 -0.037162227586323
0.693757793226051 -0.036435712739127
0.698573945317390 -0.035707429861225
0.703368321537900 -0.034977654450323
0.708140396130200 -0.034246658299140
0.712889645782536 -0.033514723325884
0.717615549686163 -0.032782126023932
0.722317589592464 -0.032049276318283
0.726995249869773 -0.031316734578636
0.731648017559930 -0.030585062600466
0.736275382434527 -0.029854803527102
0.740876837050857 -0.029126499127177
0.745451876807570 -0.028400686043713
0.750000000000000 -0.027677876974023
0.754520707875185 -0.026958583027279
0.759013504686565 -0.026243324449469
0.763477897748338 -0.025532649419521
0.767913397489498 -0.024827085705527
0.772319517507513 -0.024127158485235
0.776695774621672 -0.023433518183790
0.781041688926065 -0.022746900090784
0.785356783842216 -0.022068009659008
0.789640586171339 -0.021397516010946
0.793892626146236 -0.020736039216076
0.798112437482808 -0.020084162839130
0.802299557431187 -0.019442435886629
0.806453526826488 -0.018811376025402
0.810573890139155 -0.018191453212063
0.814660195524918 -0.017583109676936
0.818711994874345 -0.016986699570654
0.822728843861975 -0.016402326281619
0.826710301995052 -0.015830021683557
0.830655932661826 -0.015269800309746
0.834565303179429 -0.014721696937140
0.838437984841330 -0.014185735189427
0.842273552964344 -0.013661936222438
0.846071586935203 -0.013150285760241
0.849831670256683 -0.012650754629268
0.853553390593274 -0.012163297335822
0.857236339816401 -0.011687908861277
0.860880114049181 -0.011224616087231
0.864484313710706 -0.010773448238743
0.868048543559867 -0.010334686286531
0.871572412738697 -0.009908841998144
0.875055534815230 -0.009496385610599
0.878497527825878 -0.009097697018399
0.881898014317321 -0.008713098102569
0.885256621387894 -0.008342858879580
0.888572980728485 -0.007987224912342
0.891846728662920 -0.007646407162708
0.895077506187845 -0.007320553018744
0.898264959012098 -0.007009743739053
0.901408737595557 -0.006714032782219
0.904508497187474 -0.006433520205353
0.907563897864277 -0.006168319452370
0.910574604566852 -0.005918172693232
0.913540287137281 -0.005682221950780
0.916460620355049 -0.005459536996908
0.919335283972712 -0.005248991381117
0.922163962751007 -0.005049448546197
0.924946346493432 -0.004859896522196
0.927682130080253 -0.004679430582828
0.930371013501972 -0.004507198038007
0.933012701892219 -0.004342399647877
0.935606905560095 -0.004184293796498
0.938153340021932 -0.004032206395786
0.940651726032496 -0.003885515248502
0.943101789615607 -0.003743655951210
0.945503262094184 -0.003606115080449
0.947855880119706 -0.003472428013123
0.950159385701097 -0.003342183293619
0.952413526233010 -0.003215010064166
0.954618054523534 -0.003090586399117
0.956772728821300 -0.002968630956480
0.958877312841991 -0.002848902100085
0.960931575794250 -0.002731197444338
0.962935292404997 -0.002615349356949
0.964888242944126 -0.002501225333386
0.966790213248601 -0.002388724977246
0.968640994745946 -0.002277777380949
0.970440384477113 -0.002168339771190
0.972188185118740 -0.002060397118111
0.973884205004793 -0.001953955702360
0.975528258147577 -0.001849046133015
0.977120164258138 -0.001745719329850
0.978659748766034 -0.001644043389180
0.980146842838471 -0.001544104716465
0.981581283398829 -0.001446004211714
0.982962913144534 -0.001349855191439
0.984291580564316 -0.001255783257519
0.985567139954818 -0.001163922029215
0.986789451436580 -0.001074415773280
0.987958380969374 -0.000987413896444
0.989073800366903 -0.000903070693681
0.990135587310861 -0.000821542853836
0.991143625364344 -0.000742992137554
0.992097803984621 -0.000667577306763
0.992998018535252 -0.000595459061614
0.993844170297569 -0.000526794499855
0.994636166481494 -0.000461738913219
0.995373920235722 -0.000400440999532
0.996057350657239 -0.000343046880509
0.996686382800198 -0.000289693765375
0.997260947684137 -0.000240511614968
0.997780982301540 -0.000195624454733
0.998246429624752 -0.000155144432578
0.998657238612229 -0.000119174567777
0.999013364214136 -0.000087808740148
0.999314767377287 -0.000061125988267
0.999561415049429 -0.000039199470484
0.999753280182866 -0.000022083475432
0.999890341737423 -0.000009825544375
0.999972584682756 -0.000002457943574
1.000000000000000 0.000000000000000
