1.000000000000000 0.000000000000000
0.999972584682756 0.000007454810831
0.999890341737423 0.000029823193445
0.999753280182866 0.000067097540122
0.999561415049429 0.000119268392248
0.999314767377287 0.000186324407808
0.999013364214136 0.000268247455789
0.998657238612229 0.000365017420841
0.998246429624752 0.000476612131788
0.997780982301540 0.000603002421954
0.997260947684137 0.000744156893373
0.996686382800198 0.000900041807306
0.996057350657239 0.001070611265750
0.995373920235722 0.001255821638748
0.994636166481494 0.001455626563770
0.993844170297569 0.001669971948266
0.992998018535252 0.001898800651719
0.992097803984621 0.002142042642515
0.991143625364344 0.002399634155782
0.990135587310861 0.002671498159951
0.989073800366903 0.002957553824991
0.987958380969374 0.003257716301980
0.986789451436580 0.003571896491750
0.985567139954818 0.003899986401776
0.984291580564316 0.004241892548629
0.982962913144534 0.004597492486840
0.981581283398829 0.004966672953203
0.980146842838472 0.005349310398783
0.978659748766034 0.005745261217931
0.977120164258138 0.006154385362379
0.975528258147577 0.006576541219576
0.973884205004793 0.007011556853143
0.972188185118741 0.007459277193047
0.970440384477113 0.007919516337466
0.968640994745946 0.008392090423894
0.966790213248601 0.008876803136578
0.964888242944126 0.009373450127344
0.962935292404997 0.009881809368684
0.960931575794250 0.010401664212536
0.958877312841991 0.010932765793650
0.956772728821300 0.011474874625909
0.954618054523534 0.012027723181539
0.952413526233010 0.012591043376735
0.950159385701097 0.013164552408996
0.947855880119706 0.013747947964994
0.945503262094184 0.014340921698424
0.943101789615607 0.014943158793425
0.940651726032496 0.015554315202654
0.938153340021932 0.016174053300420
0.935606905560095 0.016801996997646
0.933012701892219 0.017437785073136
0.930371013501972 0.018081017528616
0.927682130080253 0.018731298814312
0.924946346493432 0.019388198863640
0.922163962751008 0.020051298669314
0.919335283972712 0.020720145879506
0.916460620355050 0.021394281200840
0.913540287137281 0.022073207256952
0.910574604566852 0.022756438853655
0.907563897864277 0.023443508390158
0.904508497187474 0.024133927135727
0.901408737595557 0.024827050671418
0.898264959012098 0.025522159658371
0.895077506187845 0.026218865136691
0.891846728662920 0.026917388865282
0.888572980728485 0.027618107719926
0.885256621387895 0.028321947858889
0.881898014317321 0.029030190247934
0.878497527825878 0.029744256025997
0.875055534815230 0.030465715158228
0.871572412738697 0.031196268822725
0.868048543559867 0.031936793968435
0.864484313710706 0.032686529366503
0.860880114049181 0.033444475847090
0.857236339816402 0.034209334621064
0.853553390593274 0.034979444264165
0.849831670256683 0.035753046560197
0.846071586935203 0.036529276513876
0.842273552964344 0.037308493575633
0.838437984841330 0.038091182732690
0.834565303179429 0.038877987771656
0.830655932661826 0.039669819740786
0.826710301995053 0.040467675946659
0.822728843861975 0.041272300759030
0.818711994874345 0.042083479246364
0.814660195524919 0.042900789739782
0.810573890139155 0.043723785650742
0.806453526826488 0.044551860494040
0.802299557431188 0.045384326719587
0.798112437482808 0.046220457756117
0.793892626146237 0.047059697131664
0.789640586171339 0.047901847243596
0.785356783842216 0.048746760247045
0.781041688926065 0.049594299841427
0.776695774621672 0.050444507982109
0.772319517507513 0.051297577714896
0.767913397489498 0.052153704872606
0.763477897748339 0.053013081289140
0.759013504686565 0.053875763673307
0.754520707875186 0.054741764574203
0.750000000000000 0.055611102611092
0.745451876807570 0.056483617323894
0.740876837050858 0.057358424925523
0.736275382434527 0.058234458650961
0.731648017559931 0.059110619987703
0.726995249869773 0.059986037259276
0.722317589592464 0.060860822386921
0.717615549686164 0.061735350121084
0.712889645782536 0.062610008965171
0.708140396130201 0.063485073073573
0.703368321537900 0.064360065324151
0.698573945317390 0.065234231097510
0.693757793226052 0.066106791792128
0.688920393409234 0.066976956853497
0.684062276342339 0.067843939957026
0.679183974772650 0.068706953616844
0.674286023660908 0.069565200290982
0.669368960122646 0.070417869826121
0.664433323369292 0.071264178699055
0.659479654649035 0.072103393285019
0.654508497187474 0.072934795028614
0.649520396128043 0.073757645051857
0.644515898472236 0.074571219819769
0.639495553019615 0.075374833308568
0.634459910307633 0.076167822812792
0.629409522551260 0.076949538992501
0.624344943582428 0.077719314459561
0.619266728789291 0.078476485353171
0.614175435055328 0.079220362888320
0.609071620698271 0.079950248167043
0.603955845408880 0.080665451061367
0.598828670189563 0.081365281691291
0.593690657292862 0.082049299044869
0.588542370159792 0.082717448277070
0.583384373358051 0.083369713490008
0.578217232520115 0.084006084036917
0.573041514281206 0.084626560135286
0.567857786217152 0.085231120087499
0.562666616782152 0.085819738504936
0.557468575246433 0.086392388904317
0.552264231633827 0.086949051303363
0.547054156659257 0.087489724305508
0.541838921666158 0.088014474726051
0.536619098563816 0.088523429202423
0.531395259764657 0.089016724937037
0.526167978121472 0.089494501751361
0.520937826864600 0.089956929462341
0.515705379539064 0.090404453145276
0.510471209941678 0.090837695147526
0.505235892058123 0.091257288555038
0.500000000000000 0.091663869459965
0.494764107941877 0.092058065611900
0.489528790058322 0.092440333933468
0.484294620460936 0.092811023441549
0.479062173135400 0.093170484479075
0.473832021878528 0.093519071324127
0.468604740235343 0.093857176387862
0.463380901436184 0.094185613258680
0.458161078333842 0.094505484999250
0.452945843340743 0.094817897747783
0.447735768366173 0.095123952426837
0.442531424753567 0.095424701268287
0.437333383217848 0.095720592305110
0.432142213782848 0.096011641866301
0.426958485718794 0.096297862234608
0.421782767479885 0.096579262322028
0.416615626641949 0.096855864280335
0.411457629840209 0.097127813022429
0.406309342707138 0.097395334549519
0.401171329810437 0.097658659677064
0.396044154591120 0.097918016119523
0.390928379301729 0.098173620299342
0.385824564944672 0.098425565210117
0.380733271210710 0.098673861755854
0.375655056417573 0.098918520763284
0.370590477448740 0.099159553823573
0.365540089692367 0.099396935785747
0.360504446980385 0.099630289592249
0.355484101527764 0.099859061425481
0.350479603871957 0.100082706343328
0.345491502812526 0.100300691813502
0.340520345350965 0.100512461805061
0.335566676630708 0.100717261773634
0.330631039877354 0.100914280717364
0.325713976339092 0.101102732037090
0.320816025227350 0.101281849822100
0.315937723657661 0.101450889831736
0.311079606590766 0.101609123228062
0.306242206773949 0.101755846141019
0.301426054682610 0.101890378399048
0.296631678462100 0.102012066760846
0.291859603869799 0.102120236294071
0.287110354217464 0.102214183241941
0.282384450313836 0.102293230438866
0.277682410407536 0.102356731616676
0.273004750130227 0.102404045584820
0.268351982440069 0.102434382780778
0.263724617565473 0.102446916084366
0.259123162949143 0.102440859674471
0.254548123192430 0.102415469496346
0.250000000000000 0.102370064104230
0.245479292124815 0.102304034670627
0.240986495313435 0.102216813960075
0.236522102251661 0.102107876287868
0.232086602510502 0.101976721706618
0.227680482492487 0.101822836883009
0.223304225378328 0.101645733564392
0.218958311073935 0.101444965880758
0.214643216157784 0.101220132551296
0.210359413828661 0.100970891355198
0.206107373853763 0.100696952204762
0.201887562517192 0.100398067220471
0.197700442568813 0.100074019818111
0.193546473173512 0.099724614075232
0.189426109860845 0.099349661060664
0.185339804475081 0.098949016252522
0.181288005125655 0.098522566149400
0.177271156138025 0.098070144310281
0.173289698004947 0.097591542769342
0.169344067338174 0.097086586297513
0.165434696820571 0.096555158496622
0.161562015158670 0.095997290684351
0.157726447035656 0.095413121201466
0.153928413064797 0.094802833145823
0.150168329743317 0.094166638433241
0.146446609406726 0.093504777772524
0.142763660183598 0.092817519095359
0.139119885950819 0.092105173009132
0.135515686289294 0.091368004169901
0.131951456440133 0.090606169359379
0.128427587261303 0.089819841783440
0.124944465184770 0.089009245941942
0.121502472174122 0.088174645298791
0.118101985682679 0.087316369180903
0.114743378612105 0.086434770290662
0.111427019271515 0.085530233551625
0.108153271337080 0.084603148821099
0.104922493812155 0.083653936808728
0.101735040987902 0.082683076400784
0.098591262404443 0.081691109702699
0.095491502812526 0.080678640600871
0.092436102135723 0.079646251870055
0.089425395433148 0.078594325837024
0.086459712862719 0.077523157692470
0.083539379644950 0.076433082842134
0.080664716027288 0.075324450522967
0.077836037248993 0.074197599105811
0.075053653506568 0.073052950904928
0.072317869919747 0.071891025259696
0.069628986498028 0.070712439383970
0.066987298107781 0.069517820998030
0.064393094439905 0.068307611847053
0.061846659978068 0.067082266828734
0.059348273967504 0.065842217611515
0.056898210384393 0.064587755407123
0.054496737905816 0.063319208618162
0.052144119880294 0.062037055702020
0.049840614298903 0.060741915342077
0.047586473766990 0.059434437135945
0.045381945476466 0.058115125134153
0.043227271178700 0.056784501957920
0.041122687158010 0.055443085682528
0.039068424205750 0.054091340104427
0.037064707595003 0.052729794678661
0.035111757055874 0.051358874174052
0.033209786751399 0.049979061973242
0.031359005254054 0.048590986341925
0.029559615522887 0.047195373052958
0.027811814881260 0.045792747706370
0.026115794995207 0.044383475721154
0.024471741852423 0.042967825855453
0.022879835741862 0.041545914859981
0.021340251233966 0.040118030834385
0.019853157161529 0.038684644152533
0.018418716601171 0.037246568305820
0.017037086855466 0.035805136323050
0.015708419435685 0.034361982150540
0.014432860045182 0.032919139415629
0.013210548563420 0.031478837202813
0.012041619030626 0.030043352983211
0.010926199633097 0.028614874020602
0.009864412689139 0.027195272949435
0.008856374635656 0.025786019768382
0.007902196015379 0.024389224627811
0.007001981464748 0.023007679759599
0.006155829702431 0.021643432300789
0.005363833518506 0.020295550041401
0.004626079764278 0.018958561536594
0.003942649342761 0.017627115499481
0.003313617199802 0.016295572014062
0.002739052315863 0.014956719184320
0.002219017698460 0.013600504933219
0.001753570375248 0.012214600209311
0.001342761387771 0.010793432681711
0.000986635785864 0.009340058308937
0.000685232622713 0.007856070793846
0.000438584950571 0.006342218328020
0.000246719817134 0.004799213202728
0.000109658262577 0.003227410519628
0.000027415317244 0.001627260151177
0.000000000000000 0.000000000000000
0.000027415317244 -0.001653944770803
0.000109658262577 -0.003325667137730
0.000246719817134 -0.004894991490202
0.000438584950571 -0.006310609267044
0.000685232622713 -0.007597571238838
0.000986635785864 -0.008779468920668
0.001342761387771 -0.009875268941877
0.001753570375248 -0.010904190146075
0.002219017698460 -0.011882649213031
0.002739052315863 -0.012816540282785
0.003313617199802 -0.013711912425414
0.003942649342761 -0.014576901811926
0.004626079764278 -0.015417063060399
0.005363833518506 -0.016236216201554
0.006155829702431 -0.017037065918633
0.007001981464748 -0.017821615051365
0.007902196015379 -0.018591403686355
0.008856374635656 -0.019346875054391
0.009864412689139 -0.020087160370211
0.010926199633097 -0.020811923223219
0.012041619030626 -0.021521461854988
0.013210548563420 -0.022216582287730
0.014432860045182 -0.022898656138914
0.015708419435684 -0.023569654049429
0.017037086855466 -0.024232240655738
0.018418716601171 -0.024890083909700
0.019853157161528 -0.025547696129406
0.021340251233966 -0.026206702279679
0.022879835741862 -0.026866265850871
0.024471741852423 -0.027525415361574
0.026115794995207 -0.028183095523189
0.027811814881259 -0.028838474160213
0.029559615522887 -0.029490899209936
0.031359005254054 -0.030139826263704
0.033209786751399 -0.030784765133773
0.035111757055874 -0.031425370860299
0.037064707595003 -0.032061414273167
0.039068424205750 -0.032692805527251
0.041122687158009 -0.033319454381586
0.043227271178699 -0.033941345120054
0.045381945476466 -0.034558224600603
0.047586473766990 -0.035169837090795
0.049840614298903 -0.035775923897975
0.052144119880293 -0.036376263062048
0.054496737905816 -0.036970597373156
0.056898210384393 -0.037558567428299
0.059348273967504 -0.038139886918917
0.061846659978068 -0.038714402990583
0.064393094439905 -0.039282074629556
0.066987298107781 -0.039842887207240
0.069628986498028 -0.040396865253425
0.072317869919747 -0.040944000338464
0.075053653506568 -0.041483974482983
0.077836037248992 -0.042016414413556
0.080664716027288 -0.042541015674783
0.083539379644950 -0.043057555956616
0.086459712862719 -0.043565852458270
0.089425395433148 -0.044065764198987
0.092436102135723 -0.044557193264949
0.095491502812526 -0.045040104042051
0.098591262404443 -0.045514502543946
0.101735040987902 -0.045980451608568
0.104922493812155 -0.046438082030094
0.108153271337080 -0.046887598896690
0.111427019271514 -0.047329277750995
0.114743378612105 -0.047763414645065
0.118101985682679 -0.048190296093225
0.121502472174122 -0.048610267592568
0.124944465184770 -0.049023512781705
0.128427587261303 -0.049429868975238
0.131951456440133 -0.049829138892780
0.135515686289294 -0.050221174091884
0.139119885950819 -0.050605905549856
0.142763660183598 -0.050983292513910
0.146446609406726 -0.051353253925678
0.150168329743317 -0.051715301272297
0.153928413064796 -0.052068807272506
0.157726447035656 -0.052413130488458
0.161562015158669 -0.052747684680238
0.165434696820571 -0.053071940582771
0.169344067338174 -0.053385363180701
0.173289698004947 -0.053687670887032
0.177271156138025 -0.053979411894052
0.181288005125655 -0.054261357683365
0.185339804475081 -0.054534318692623
0.189426109860845 -0.054798770907975
0.193546473173511 -0.055054813671407
0.197700442568812 -0.055302547610907
0.201887562517192 -0.055542049221633
0.206107373853763 -0.055773022769184
0.210359413828660 -0.055994986469212
0.214643216157784 -0.056207453282444
0.218958311073935 -0.056409833183839
0.223304225378328 -0.056601090253154
0.227680482492486 -0.056780025969982
0.232086602510501 -0.056945409282831
0.236522102251661 -0.057096281744962
0.240986495313435 -0.057232958715935
0.245479292124814 -0.057356127625684
0.250000000000000 -0.057466517563055
0.254548123192429 -0.057564880268700
0.259123162949142 -0.057651917804066
0.263724617565473 -0.057728338739289
0.268351982440069 -0.057794885787678
0.273004750130227 -0.057852256117323
0.277682410407536 -0.057900319984115
0.282384450313836 -0.057938433815427
0.287110354217464 -0.057965935390031
0.291859603869799 -0.057982159592124
0.296631678462100 -0.057986827738279
0.301426054682609 -0.057980221569372
0.306242206773948 -0.057962681509567
0.311079606590766 -0.057934565147929
0.315937723657661 -0.057896165320863
0.320816025227350 -0.057847391130064
0.325713976339092 -0.057788035883489
0.330631039877354 -0.057717893973612
0.335566676630708 -0.057636764738540
0.340520345350965 -0.057544542989344
0.345491502812526 -0.057441250021823
0.350479603871956 -0.057326922991320
0.355484101527764 -0.057201605669954
0.360504446980385 -0.057065324831790
0.365540089692367 -0.056917910602033
0.370590477448739 -0.056759094647245
0.375655056417572 -0.056588609936563
0.380733271210709 -0.056406190685832
0.385824564944672 -0.056211604786516
0.390928379301728 -0.056004740249412
0.396044154591120 -0.055785513302260
0.401171329810437 -0.055553846528232
0.406309342707137 -0.055309665448263
0.411457629840208 -0.055052936125134
0.416615626641949 -0.054783697909943
0.421782767479884 -0.054502004118603
0.426958485718794 -0.054207910773268
0.432142213782848 -0.053901470189865
0.437333383217848 -0.053582292339412
0.442531424753567 -0.053249436486407
0.447735768366173 -0.052901931569966
0.452945843340743 -0.052538798043969
0.458161078333842 -0.052159070177076
0.463380901436184 -0.051762015765605
0.468604740235343 -0.051347112842144
0.473832021878528 -0.050913851046407
0.479062173135400 -0.050461720961182
0.484294620460935 -0.049990207780640
0.489528790058321 -0.049498667987270
0.494764107941877 -0.048986367763015
0.500000000000000 -0.048452581966695
0.505235892058122 -0.047896582820494
0.510471209941678 -0.047317647468660
0.515705379539064 -0.046715002091150
0.520937826864600 -0.046087859458277
0.526167978121472 -0.045435430181154
0.531395259764656 -0.044756937466007
0.536619098563816 -0.044051811594098
0.541838921666157 -0.043320630565734
0.547054156659257 -0.042564386394031
0.552264231633827 -0.041784076354380
0.557468575246433 -0.040980705319665
0.562666616782152 -0.040155355789543
0.567857786217152 -0.039309327918943
0.573041514281206 -0.038443971510211
0.578217232520115 -0.037560641417701
0.583384373358051 -0.036660697629430
0.588542370159791 -0.035745637181103
0.593690657292862 -0.034817171302985
0.598828670189563 -0.033877033551336
0.603955845408879 -0.032926950730002
0.609071620698271 -0.031968627636356
0.614175435055328 -0.031003499110333
0.619266728789290 -0.030032828133852
0.624344943582427 -0.029057848320060
0.629409522551260 -0.028079788605001
0.634459910307633 -0.027099584655990
0.639495553019614 -0.026117072178573
0.644515898472235 -0.025131837982136
0.649520396128043 -0.024143487044628
0.654508497187474 -0.023151654609880
0.659479654649035 -0.022156540696074
0.664433323369291 -0.021158883920525
0.669368960122646 -0.020159427229541
0.674286023660907 -0.019158912113480
0.679183974772650 -0.018158212838923
0.684062276342339 -0.017158592993447
0.688920393409233 -0.016161356164445
0.693757793226051 -0.015167789081487
0.698573945317390 -0.014179144728525
0.703368321537900 -0.013196649619196
0.708140396130200 -0.012221487222967
0.712889645782536 -0.011254821828233
0.717615549686163 -0.010297786050792
0.722317589592464 -0.009351657212761
0.726995249869773 -0.008417769129918
0.731648017559930 -0.007497425923221
0.736275382434527 -0.006591867334434
0.740876837050857 -0.005702203693007
0.745451876807570 -0.004829453822861
0.750000000000000 -0.003974582768283
0.754520707875185 -0.003138501775367
0.759013504686565 -0.002321981154769
0.763477897748338 -0.001525715761639
0.767913397489498 -0.000750342970523
0.772319517507513 0.000003612095643
0.776695774621672 0.000736091137844
0.781041688926065 0.001447206591013
0.785356783842216 0.002137082741821
0.789640586171339 0.002806133610979
0.793892626146236 0.003455400070182
0.798112437482808 0.004085979745262
0.802299557431187 0.004698811911914
0.806453526826488 0.005293381532416
0.810573890139155 0.005868219472812
0.814660195524918 0.006421938071568
0.818711994874345 0.006953189840242
0.822728843861975 0.007460620786709
0.826710301995052 0.007942963832892
0.830655932661826 0.008399063562092
0.834565303179429 0.008827930593215
0.838437984841330 0.009228684581994
0.842273552964344 0.009600570995305
0.846071586935203 0.009943232461583
0.849831670256683 0.010256576614969
0.853553390593274 0.010540633537152
0.857236339816401 0.010796543610964
0.860880114049181 0.011026265258523
0.864484313710706 0.011231662796878
0.868048543559867 0.011414132549738
0.871572412738697 0.011574728337897
0.875055534815230 0.011714279553639
0.878497527825878 0.011831900818790
0.881898014317321 0.011925913896698
0.885256621387894 0.011994800290313
0.888572980728485 0.012037171864986
0.891846728662920 0.012051804959777
0.895077506187845 0.012038082433455
0.898264959012098 0.011996263966657
0.901408737595557 0.011926854019042
0.904508497187474 0.011831485590150
0.907563897864277 0.011712340347105
0.910574604566852 0.011571401747472
0.913540287137281 0.011410350939800
0.916460620355049 0.011230790226867
0.919335283972712 0.011034321206271
0.922163962751007 0.010822503260190
0.924946346493432 0.010596821031798
0.927682130080253 0.010358681894738
0.930371013501972 0.010109434002444
0.933012701892219 0.009850371302912
0.935606905560095 0.009582730900697
0.938153340021932 0.009307689713622
0.940651726032496 0.009026369379553
0.943101789615607 0.008739838094877
0.945503262094184 0.008449110771293
0.947855880119706 0.008155154161269
0.950159385701097 0.007858880759433
0.952413526233010 0.007561159622373
0.954618054523534 0.007262807272102
0.956772728821300 0.006964601974834
0.958877312841991 0.006667272074326
0.960931575794250 0.006371506136449
0.962935292404997 0.006077951232840
0.964888242944126 0.005787219940434
0.966790213248601 0.005499876000553
0.968640994745946 0.005216455969543
0.970440384477113 0.004937460742419
0.972188185118740 0.004663352166362
0.973884205004793 0.004394564301567
0.975528258147577 0.004131496621281
0.977120164258138 0.003874525504237
0.978659748766034 0.003623993710849
0.980146842838471 0.003380219709674
0.981581283398829 0.003143499265468
0.982962913144534 0.002914099164143
0.984291580564316 0.002692266163461
0.985567139954818 0.002478227215302
0.986789451436580 0.002272184802184
0.987958380969374 0.002074332120585
0.989073800366903 0.001884833065638
0.990135587310861 0.001703843611849
0.991143625364344 0.001531501536527
0.992097803984621 0.001367931481586
0.992998018535252 0.001213242795422
0.993844170297569 0.001067535468877
0.994636166481494 0.000930896480783
0.995373920235722 0.000803406406650
0.996057350657239 0.000685129059392
0.996686382800198 0.000576129244537
0.997260947684137 0.000476454502846
0.997780982301540 0.000386153920943
0.998246429624752 0.000305264788700
0.998657238612229 0.000233822577342
0.999013364214136 0.000171852757360
0.999314767377287 0.000119379682626
0.999561415049429 0.000076421053898
0.999753280182866 0.000042996959139
0.999890341737423 0.000019112052589
0.999972584682756 0.000004778267486
1.000000000000000 0.000000000000000
