1.000000000000000 0.000000000000000
0.999972584682756 0.000001861945542
0.999890341737423 0.000007450848622
0.999753280182866 0.000016784631662
0.999561415049429 0.000029889810376
0.999314767377287 0.000046803942768
0.999013364214136 0.000067574302549
0.998657238612229 0.000092261600121
0.998246429624752 0.000120932261365
0.997780982301540 0.000153668509487
0.997260947684137 0.000190557985224
0.996686382800198 0.000231701308497
0.996057350657239 0.000277208042714
0.995373920235722 0.000327197810732
0.994636166481494 0.000381798745065
0.993844170297569 0.000441148589672
0.992998018535252 0.000505394481195
0.992097803984621 0.000574694141076
0.991143625364344 0.000649208518399
0.990135587310861 0.000729114298943
0.989073800366903 0.000814587806035
0.987958380969374 0.000905820662865
0.986789451436580 0.001003004710429
0.985567139954818 0.001106346705286
0.984291580564316 0.001216051143410
0.982962913144534 0.001332335297675
0.981581283398829 0.001455421177425
0.980146842838472 0.001585531670465
0.978659748766034 0.001722901670776
0.977120164258138 0.001867764382533
0.975528258147577 0.002020362699080
0.973884205004793 0.002180936634542
0.972188185118741 0.002349735119913
0.970440384477113 0.002527008577078
0.968640994745946 0.002713008311371
0.966790213248601 0.002907985888392
0.964888242944126 0.003112200422913
0.962935292404997 0.003325906548931
0.960931575794250 0.003549357507662
0.958877312841991 0.003782810770177
0.956772728821300 0.004026521530879
0.954618054523534 0.004280746378789
0.952413526233010 0.004545731927103
0.950159385701097 0.004821729314581
0.947855880119706 0.005108987420491
0.945503262094184 0.005407745348149
0.943101789615607 0.005718245593735
0.940651726032496 0.006040719628936
0.938153340021932 0.006375394167571
0.935606905560095 0.006722498189269
0.933012701892219 0.007082245215769
0.930371013501972 0.007454844941316
0.927682130080253 0.007840500295780
0.924946346493432 0.008239404321365
0.922163962751008 0.008651744832772
0.919335283972712 0.009077695917115
0.916460620355050 0.009517422571826
0.913540287137281 0.009971086180003
0.910574604566852 0.010438829822036
0.907563897864277 0.010920785652998
0.904508497187474 0.011417077369655
0.901408737595557 0.011927811803868
0.898264959012098 0.012453088836965
0.895077506187845 0.012992995955036
0.891846728662920 0.013547592741475
0.888572980728485 0.014116929869974
0.885256621387895 0.014701044363133
0.881898014317321 0.015300002128008
0.878497527825878 0.015913855802843
0.875055534815230 0.016542673666923
0.871572412738697 0.017186530639519
0.868048543559867 0.017845490168114
0.864484313710706 0.018519611200415
0.860880114049181 0.019208921736658
0.857236339816402 0.019913452888767
0.853553390593274 0.020633212704028
0.849831670256683 0.021368205928343
0.846071586935203 0.022118422415937
0.842273552964344 0.022883836669390
0.838437984841330 0.023664414891181
0.834565303179429 0.024460107627105
0.830655932661826 0.025270850012623
0.826710301995053 0.026096561222793
0.822728843861975 0.026937159096940
0.818711994874345 0.027792529785723
0.814660195524919 0.028662561784473
0.810573890139155 0.029547115054071
0.806453526826488 0.030446040908862
0.802299557431188 0.031359183350882
0.798112437482808 0.032286361473820
0.793892626146237 0.033227388287693
0.789640586171339 0.034182054460232
0.785356783842216 0.035150122043396
0.781041688926065 0.036131351125071
0.776695774621672 0.037125474422081
0.772319517507513 0.038132193319140
0.767913397489498 0.039151196539694
0.763477897748339 0.040182149737119
0.759013504686565 0.041224709915596
0.754520707875186 0.042278513261485
0.750000000000000 0.043343185817510
0.745451876807570 0.044418335074394
0.740876837050858 0.045503553663128
0.736275382434527 0.046598411214077
0.731648017559931 0.047702476321889
0.726995249869773 0.048815287200891
0.722317589592464 0.049936380114309
0.717615549686164 0.051065275814101
0.712889645782536 0.052201478140675
0.708140396130201 0.053344473738063
0.703368321537900 0.054493742114621
0.698573945317390 0.055648731860286
0.693757793226052 0.056808875410200
0.688920393409234 0.057973600372000
0.684062276342339 0.059142411188235
0.679183974772650 0.060314921203790
0.674286023660908 0.061490728463855
0.669368960122646 0.062669451852027
0.664433323369292 0.063850684784312
0.659479654649035 0.065034049748015
0.654508497187474 0.066219155904437
0.649520396128043 0.067405621770389
0.644515898472236 0.068593053297308
0.639495553019615 0.069781038590434
0.634459910307633 0.070969163719369
0.629409522551260 0.072156999146156
0.624344943582428 0.073344125540774
0.619266728789291 0.074530127489984
0.614175435055328 0.075714612372371
0.609071620698271 0.076897209778244
0.603955845408880 0.078077536093410
0.598828670189563 0.079255208204945
0.593690657292862 0.080429728395523
0.588542370159792 0.081600474465821
0.583384373358051 0.082766794508370
0.578217232520115 0.083928051759608
0.573041514281206 0.085083594908709
0.567857786217152 0.086232650853338
0.562666616782152 0.087374392214058
0.557468575246433 0.088507978976465
0.552264231633827 0.089632579942746
0.547054156659257 0.090747366332425
0.541838921666158 0.091851547150318
0.536619098563816 0.092944335845614
0.531395259764657 0.094024953982301
0.526167978121472 0.095092635126793
0.520937826864600 0.096146609029306
0.515705379539064 0.097186108597577
0.510471209941678 0.098210368480527
0.505235892058123 0.099218640976445
0.500000000000000 0.100210183782796
0.494764107941877 0.101184263342193
0.489528790058322 0.102140168485392
0.484294620460936 0.103077210922915
0.479062173135400 0.103994702079389
0.473832021878528 0.104891970955239
0.468604740235343 0.105768357408995
0.463380901436184 0.106623222495157
0.458161078333842 0.107455927501778
0.452945843340743 0.108265859755033
0.447735768366173 0.109052418340242
0.442531424753567 0.109815017211149
0.437333383217848 0.110553084951028
0.432142213782848 0.111266064967811
0.426958485718794 0.111953416805319
0.421782767479885 0.112614625378762
0.416615626641949 0.113249180802467
0.411457629840209 0.113856599137263
0.406309342707138 0.114436406259175
0.401171329810437 0.114988153091019
0.396044154591120 0.115511402834894
0.390928379301729 0.116005765359230
0.385824564944672 0.116470895213147
0.380733271210710 0.116906472521254
0.375655056417573 0.117312192168799
0.370590477448740 0.117687768810761
0.365540089692367 0.118032940889980
0.360504446980385 0.118347467683479
0.355484101527764 0.118631130019248
0.350479603871957 0.118883726413114
0.345491502812526 0.119105070924541
0.340520345350965 0.119294992144609
0.335566676630708 0.119453333564033
0.330631039877354 0.119579955085023
0.325713976339092 0.119674736258543
0.320816025227350 0.119737580438592
0.315937723657661 0.119768448824072
0.311079606590766 0.119767334583190
0.306242206773949 0.119734247789033
0.301426054682610 0.119669215198368
0.296631678462100 0.119572199346735
0.291859603869799 0.119442988590342
0.287110354217464 0.119281367580200
0.282384450313836 0.119087143323472
0.277682410407536 0.118860144453023
0.273004750130227 0.118600147853350
0.268351982440069 0.118306899162592
0.263724617565473 0.117980169674563
0.259123162949143 0.117619759578937
0.254548123192430 0.117225492523047
0.250000000000000 0.116797222949293
0.245479292124815 0.116334829357391
0.240986495313435 0.115838214888620
0.236522102251661 0.115307314526887
0.232086602510502 0.114742105628603
0.227680482492487 0.114142594987057
0.223304225378328 0.113508818972572
0.218958311073935 0.112840827777141
0.214643216157784 0.112138607185687
0.210359413828661 0.111402101836740
0.206107373853763 0.110631277344717
0.201887562517192 0.109826148742109
0.197700442568813 0.108987245944143
0.193546473173512 0.108115535729916
0.189426109860845 0.107211999897148
0.185339804475081 0.106277648961102
0.181288005125655 0.105313808491050
0.177271156138025 0.104322050233870
0.173289698004947 0.103303920887512
0.169344067338174 0.102260958193455
0.165434696820571 0.101194655085771
0.161562015158670 0.100106501473503
0.157726447035656 0.098997965391503
0.153928413064797 0.097870350491179
0.150168329743317 0.096724678727142
0.146446609406726 0.095561918128132
0.142763660183598 0.094382923823501
0.139119885950819 0.093187376859418
0.135515686289294 0.091974361212177
0.131951456440133 0.090743046013402
0.128427587261303 0.089492737202810
0.124944465184770 0.088222948520152
0.121502472174122 0.086933236155109
0.118101985682679 0.085623256920790
0.114743378612105 0.084292786064067
0.111427019271515 0.082941661635080
0.108153271337080 0.081569653724494
0.104922493812155 0.080176195779205
0.101735040987902 0.078760694172402
0.098591262404443 0.077323461075727
0.095491502812526 0.075867503171885
0.092436102135723 0.074396256471744
0.089425395433148 0.072913581574472
0.086459712862719 0.071424208639852
0.083539379644950 0.069932783678558
0.080664716027288 0.068444060601149
0.077836037248993 0.066962762241034
0.075053653506568 0.065492769607607
0.072317869919747 0.064034459144078
0.069628986498028 0.062587201858060
0.066987298107781 0.061148778345030
0.064393094439905 0.059714916225931
0.061846659978068 0.058281751940009
0.059348273967504 0.056846516080517
0.056898210384393 0.055406886418136
0.054496737905816 0.053960527914121
0.052144119880294 0.052505136297277
0.049840614298903 0.051039337994831
0.047586473766990 0.049563091113664
0.045381945476466 0.048077259667035
0.043227271178700 0.046584603740912
0.041122687158010 0.045088098269628
0.039068424205750 0.043590057332628
0.037064707595003 0.042092716842945
0.035111757055874 0.040598248570863
0.033209786751399 0.039108779814490
0.031359005254054 0.037626354794993
0.029559615522887 0.036152906809381
0.027811814881260 0.034690357063362
0.026115794995207 0.033240544665377
0.024471741852423 0.031805271345476
0.022879835741862 0.030386436161871
0.021340251233966 0.028986199695813
0.019853157161529 0.027607373425098
0.018418716601171 0.026253105677596
0.017037086855466 0.024926815480020
0.015708419435685 0.023631904985195
0.014432860045182 0.022371858340916
0.013210548563420 0.021150097401647
0.012041619030626 0.019968625311540
0.010926199633097 0.018825958455614
0.009864412689139 0.017715951615769
0.008856374635656 0.016633892339501
0.007902196015379 0.015576547045817
0.007001981464748 0.014541248652546
0.006155829702431 0.013525925493702
0.005363833518506 0.012528886973994
0.004626079764278 0.011548756599828
0.003942649342761 0.010584413747417
0.003313617199802 0.009634910929362
0.002739052315863 0.008699409422079
0.002219017698460 0.007777199586472
0.001753570375248 0.006867763127920
0.001342761387771 0.005970526901027
0.000986635785864 0.005085028746660
0.000685232622713 0.004210952983427
0.000438584950571 0.003347870571719
0.000246719817134 0.002495475081391
0.000109658262577 0.001653459219094
0.000027415317244 0.000821630242702
0.000000000000000 0.000000000000000
0.000027415317244 -0.000812093382691
0.000109658262577 -0.001614436284353
0.000246719817134 -0.002407938947346
0.000438584950571 -0.003199516873280
0.000685232622713 -0.003994328083983
0.000986635785864 -0.004792851783480
0.001342761387771 -0.005594190851065
0.001753570375248 -0.006396676061285
0.002219017698460 -0.007198294748792
0.002739052315863 -0.007996687724109
0.003313617199802 -0.008789229045312
0.003942649342761 -0.009572952178611
0.004626079764278 -0.010344478307552
0.005363833518506 -0.011100102267984
0.006155829702431 -0.011835611212073
0.007001981464748 -0.012546227776917
0.007902196015379 -0.013226539873181
0.008856374635656 -0.013870236388875
0.009864412689139 -0.014470134659022
0.010926199633097 -0.015018010394855
0.012041619030626 -0.015503073747332
0.013210548563420 -0.015914226722248
0.014432860045182 -0.016248566577321
0.015708419435684 -0.016506286580331
0.017037086855466 -0.016691261213311
0.018418716601171 -0.016809009502496
0.019853157161528 -0.016866990750264
0.021340251233966 -0.016875313528757
0.022879835741862 -0.016847608376379
0.024471741852423 -0.016798883671968
0.026115794995207 -0.016744182452713
0.027811814881259 -0.016691104195583
0.029559615522887 -0.016637434304301
0.031359005254054 -0.016581491747006
0.033209786751399 -0.016522644251898
0.035111757055874 -0.016459732049905
0.037064707595003 -0.016391050136907
0.039068424205750 -0.016314753257737
0.041122687158009 -0.016228843197580
0.043227271178699 -0.016131073097482
0.045381945476466 -0.016018932622192
0.047586473766990 -0.015889530810196
0.049840614298903 -0.015739660031269
0.052144119880293 -0.015567619603189
0.054496737905816 -0.015373590496362
0.056898210384393 -0.015158151401573
0.059348273967504 -0.014922294182870
0.061846659978068 -0.014667216637997
0.064393094439905 -0.014394233431799
0.066987298107781 -0.014104917697109
0.069628986498028 -0.013801299317918
0.072317869919747 -0.013485723290322
0.075053653506568 -0.013160064095712
0.077836037248992 -0.012825754538058
0.080664716027288 -0.012484021578667
0.083539379644950 -0.012135374399039
0.086459712862719 -0.011780273373991
0.089425395433148 -0.011419418335282
0.092436102135723 -0.011053697585533
0.095491502812526 -0.010684010982084
0.098591262404443 -0.010311181567112
0.101735040987902 -0.009936054102527
0.104922493812155 -0.009559169592467
0.108153271337080 -0.009180768095039
0.111427019271514 -0.008801100060796
0.114743378612105 -0.008420468878393
0.118101985682679 -0.008039207435441
0.121502472174122 -0.007657658259915
0.124944465184770 -0.007276163043875
0.128427587261303 -0.006895068404549
0.131951456440133 -0.006514734341837
0.135515686289294 -0.006135518205778
0.139119885950819 -0.005757789165257
0.142763660183598 -0.005381939645322
0.146446609406726 -0.005008408755862
0.150168329743317 -0.004637657062553
0.153928413064796 -0.004270191461114
0.157726447035656 -0.003906688576717
0.161562015158669 -0.003547899881791
0.165434696820571 -0.003194590627362
0.169344067338174 -0.002847522009760
0.173289698004947 -0.002507460258597
0.177271156138025 -0.002175191479745
0.181288005125655 -0.001851570696433
0.185339804475081 -0.001537550459148
0.189426109860845 -0.001234115491974
0.193546473173511 -0.000942218900692
0.197700442568812 -0.000662477174293
0.201887562517192 -0.000395372880577
0.206107373853763 -0.000141393804038
0.210359413828660 0.000099116482345
0.214643216157784 0.000326093964218
0.218958311073935 0.000539529247394
0.223304225378328 0.000739424208619
0.227680482492486 0.000925755530231
0.232086602510501 0.001098466454977
0.236522102251661 0.001257512118968
0.240986495313435 0.001402864596460
0.245479292124814 0.001534524004470
0.250000000000000 0.001652515737794
0.254548123192429 0.001756880794328
0.259123162949142 0.001847674894360
0.263724617565473 0.001924965493873
0.268351982440069 0.001988832647495
0.273004750130227 0.002039371453792
0.277682410407536 0.002076691826717
0.282384450313836 0.002100917472593
0.287110354217464 0.002112185423397
0.291859603869799 0.002110647521591
0.296631678462100 0.002096469538639
0.301426054682609 0.002069760011591
0.306242206773948 0.002030505550669
0.311079606590766 0.001978686872446
0.315937723657661 0.001914292807082
0.320816025227350 0.001837320125413
0.325713976339092 0.001747775183380
0.330631039877354 0.001645671725690
0.335566676630708 0.001531032639257
0.340520345350965 0.001403888218610
0.345491502812526 0.001264281247291
0.350479603871956 0.001112267275460
0.355484101527764 0.000947911375084
0.360504446980385 0.000771284193827
0.365540089692367 0.000582462457618
0.370590477448739 0.000381504881513
0.375655056417572 0.000168471998935
0.380733271210709 -0.000056570843398
0.385824564944672 -0.000293550181628
0.390928379301728 -0.000542323704521
0.396044154591120 -0.000802612810779
0.401171329810437 -0.001074118034933
0.406309342707137 -0.001356530129772
0.411457629840208 -0.001649527474271
0.416615626641949 -0.001952722557378
0.421782767479884 -0.002265670415828
0.426958485718794 -0.002587911176041
0.432142213782848 -0.002918978670544
0.437333383217848 -0.003258397638887
0.442531424753567 -0.003605706229563
0.447735768366173 -0.003960441131370
0.452945843340743 -0.004322130532007
0.458161078333842 -0.004690300291391
0.463380901436184 -0.005064465848433
0.468604740235343 -0.005444131229977
0.473832021878528 -0.005828790418484
0.479062173135400 -0.006217937100323
0.484294620460935 -0.006611059347746
0.489528790058321 -0.007007648603009
0.494764107941877 -0.007407219918162
0.500000000000000 -0.007809288379341
0.505235892058122 -0.008213369083464
0.510471209941678 -0.008618975349187
0.515705379539064 -0.009025624703571
0.520937826864600 -0.009432840438221
0.526167978121472 -0.009840151931762
0.531395259764656 -0.010247083085414
0.536619098563816 -0.010653165113961
0.541838921666157 -0.011057926874061
0.547054156659257 -0.011460902983929
0.552264231633827 -0.011861629016027
0.557468575246433 -0.012259644161520
0.562666616782152 -0.012654492154439
0.567857786217152 -0.013045712964067
0.573041514281206 -0.013432848523741
0.578217232520115 -0.013815449007191
0.583384373358051 -0.014193065696805
0.588542370159791 -0.014565269743110
0.593690657292862 -0.014931695954129
0.598828670189563 -0.015292003862670
0.603955845408879 -0.015645857726465
0.609071620698271 -0.015992931900518
0.614175435055328 -0.016332911866419
0.619266728789290 -0.016665510084120
0.624344943582427 -0.016990447313189
0.629409522551260 -0.017307450950934
0.634459910307633 -0.017616256479454
0.639495553019614 -0.017916604595468
0.644515898472235 -0.018208238523778
0.649520396128043 -0.018490912980210
0.654508497187474 -0.018764388252543
0.659479654649035 -0.019028439229473
0.664433323369291 -0.019282854334357
0.669368960122646 -0.019527430600618
0.674286023660907 -0.019761976910973
0.679183974772650 -0.019986311478356
0.684062276342339 -0.020200243135091
0.688920393409233 -0.020403583030365
0.693757793226051 -0.020596149686673
0.698573945317390 -0.020777775590669
0.703368321537900 -0.020948288165787
0.708140396130200 -0.021107505576255
0.712889645782536 -0.021255255564172
0.717615549686163 -0.021391379026825
0.722317589592464 -0.021515731193638
0.726995249869773 -0.021628184945773
0.731648017559930 -0.021728627550103
0.736275382434527 -0.021816958896755
0.740876837050857 -0.021893091574029
0.745451876807570 -0.021956949864686
0.750000000000000 -0.022008470480721
0.754520707875185 -0.022047603845782
0.759013504686565 -0.022074313334066
0.763477897748338 -0.022088576281207
0.767913397489498 -0.022090383311504
0.772319517507513 -0.022079738028508
0.776695774621672 -0.022056657021951
0.781041688926065 -0.022021170338226
0.785356783842216 -0.021973320758311
0.789640586171339 -0.021913163482334
0.793892626146236 -0.021840763258420
0.798112437482808 -0.021756194233849
0.802299557431187 -0.021659542573277
0.806453526826488 -0.021550908081356
0.810573890139155 -0.021430401531727
0.814660195524918 -0.021298146726903
0.818711994874345 -0.021154278832991
0.822728843861975 -0.020998945467704
0.826710301995052 -0.020832305952473
0.830655932661826 -0.020654530526916
0.834565303179429 -0.020465802026647
0.838437984841330 -0.020266312803524
0.842273552964344 -0.020056267750682
0.846071586935203 -0.019835883439024
0.849831670256683 -0.019605384734983
0.853553390593274 -0.019365010224734
0.857236339816401 -0.019115005167722
0.860880114049181 -0.018855627035837
0.864484313710706 -0.018587143434752
0.868048543559867 -0.018309830031106
0.871572412738697 -0.018023974474294
0.875055534815230 -0.017729873630136
0.878497527825878 -0.017427832338301
0.881898014317321 -0.017118154403547
0.885256621387894 -0.016801156205636
0.888572980728485 -0.016477246764221
0.891846728662920 -0.016146959374836
0.895077506187845 -0.015810827547061
0.898264959012098 -0.015469386970784
0.901408737595557 -0.015123166806675
0.904508497187474 -0.014772686497016
0.907563897864277 -0.014418452415884
0.910574604566852 -0.014060960461015
0.913540287137281 -0.013700705344134
0.916460620355049 -0.013338162389135
0.919335283972712 -0.012973806430218
0.922163962751007 -0.012608094258038
0.924946346493432 -0.012241481183504
0.927682130080253 -0.011874406667247
0.930371013501972 -0.011507303070330
0.933012701892219 -0.011140596443989
0.935606905560095 -0.010774700544791
0.938153340021932 -0.010410016117394
0.940651726032496 -0.010046939221110
0.943101789615607 -0.009685857862199
0.945503262094184 -0.009327145163051
0.947855880119706 -0.008971167756064
0.950159385701097 -0.008618285296847
0.952413526233010 -0.008268844582599
0.954618054523534 -0.007923182235618
0.956772728821300 -0.007581628893211
0.958877312841991 -0.007244506144751
0.960931575794250 -0.006912122735887
0.962935292404997 -0.006584784326621
0.964888242944126 -0.006262780742042
0.966790213248601 -0.005946396385384
0.968640994745946 -0.005635910556915
0.970440384477113 -0.005331582743347
0.972188185118740 -0.005033676520957
0.973884205004793 -0.004742438379722
0.975528258147577 -0.004458111484531
0.977120164258138 -0.004180919617999
0.978659748766034 -0.003911097687543
0.980146842838471 -0.003648853431162
0.981581283398829 -0.003394393940262
0.982962913144534 -0.003147919449996
0.984291580564316 -0.002909617642996
0.985567139954818 -0.002679672931344
0.986789451436580 -0.002458259053595
0.987958380969374 -0.002245543936510
0.989073800366903 -0.002041680514281
0.990135587310861 -0.001846822675235
0.991143625364344 -0.001661116552105
0.992097803984621 -0.001484687486350
0.992998018535252 -0.001317671471850
0.993844170297569 -0.001160183196677
0.994636166481494 -0.001012336674186
0.995373920235722 -0.000874239241047
0.996057350657239 -0.000745979308071
0.996686382800198 -0.000627655745599
0.997260947684137 -0.000519342858754
0.997780982301540 -0.000421122554242
0.998246429624752 -0.000333060203148
0.998657238612229 -0.000255218262019
0.999013364214136 -0.000187646830144
0.999314767377287 -0.000130389993602
0.999561415049429 -0.000083493843366
0.999753280182866 -0.000046982869609
0.999890341737423 -0.000020886683577
0.999972584682756 -0.000005222386317
1.000000000000000 0.000000000000000
