1.000000000000000 0.000000000000000
0.999972584682756 0.000003965332614
0.999890341737423 0.000015854442811
0.999753280182866 0.000035664874375
0.999561415049429 0.000063385619011
0.999314767377287 0.000098999750385
0.999013364214136 0.000142489660863
0.998657238612229 0.000193829328635
0.998246429624752 0.000252994758835
0.997780982301540 0.000319951101598
0.997260947684137 0.000394665693365
0.996686382800198 0.000477100383794
0.996057350657239 0.000567206509963
0.995373920235722 0.000664943067417
0.994636166481494 0.000770258793877
0.993844170297569 0.000883100056370
0.992998018535252 0.001003411000994
0.992097803984621 0.001131131162227
0.991143625364344 0.001266198203284
0.990135587310861 0.001408550632558
0.989073800366903 0.001558120365717
0.987958380969374 0.001714835509239
0.986789451436580 0.001878628153955
0.985567139954818 0.002049426988434
0.984291580564316 0.002227152546656
0.982962913144534 0.002411735021769
0.981581283398829 0.002603094445787
0.980146842838472 0.002801158452499
0.978659748766034 0.003005842626431
0.977120164258138 0.003217075612685
0.975528258147577 0.003434779523108
0.973884205004793 0.003658872774633
0.972188185118741 0.003889285096968
0.970440384477113 0.004125938182321
0.968640994745946 0.004368758261412
0.966790213248601 0.004617673935392
0.964888242944126 0.004872616469674
0.962935292404997 0.005133515289022
0.960931575794250 0.005400307931990
0.958877312841991 0.005672930732266
0.956772728821300 0.005951323958260
0.954618054523534 0.006235432120381
0.952413526233010 0.006525206644775
0.950159385701097 0.006820596717687
0.947855880119706 0.007121561455691
0.945503262094184 0.007428063112893
0.943101789615607 0.007740067429195
0.940651726032496 0.008057548628948
0.938153340021932 0.008380487376769
0.935606905560095 0.008708866442073
0.933012701892219 0.009042675698946
0.930371013501972 0.009381917036375
0.927682130080253 0.009726593059679
0.924946346493432 0.010076718987389
0.922163962751008 0.010432313785821
0.919335283972712 0.010793407338871
0.916460620355050 0.011160035851809
0.913540287137281 0.011532244439537
0.910574604566852 0.011910088165087
0.907563897864277 0.012293635230556
0.904508497187474 0.012682954097973
0.901408737595557 0.013078130472378
0.898264959012098 0.013479245425470
0.895077506187845 0.013886335814733
0.891846728662920 0.014299366575356
0.888572980728485 0.014718293234748
0.885256621387895 0.015143080996348
0.881898014317321 0.015573691188323
0.878497527825878 0.016010079488262
0.875055534815230 0.016452204602372
0.871572412738697 0.016900022081414
0.868048543559867 0.017353489226392
0.864484313710706 0.017812553504272
0.860880114049181 0.018277173226922
0.857236339816402 0.018747296593459
0.853553390593274 0.019222873287136
0.849831670256683 0.019703849850440
0.846071586935203 0.020190172000100
0.842273552964344 0.020681789281671
0.838437984841330 0.021178643402143
0.834565303179429 0.021680672906339
0.830655932661826 0.022187824846629
0.826710301995053 0.022700036055534
0.822728843861975 0.023217242350449
0.818711994874345 0.023739383163708
0.814660195524919 0.024266392322272
0.810573890139155 0.024798205310791
0.806453526826488 0.025334752768646
0.802299557431188 0.025875966953202
0.798112437482808 0.026421780339344
0.793892626146237 0.026972098452166
0.789640586171339 0.027526822730319
0.785356783842216 0.028085845083048
0.781041688926065 0.028649057251256
0.776695774621672 0.029216345460426
0.772319517507513 0.029787593485992
0.767913397489498 0.030362682861601
0.763477897748339 0.030941493149212
0.759013504686565 0.031523899728489
0.754520707875186 0.032109780557659
0.750000000000000 0.032699002048257
0.745451876807570 0.033291437320279
0.740876837050858 0.033886949836098
0.736275382434527 0.034485400993910
0.731648017559931 0.035086652663964
0.726995249869773 0.035690564558357
0.722317589592464 0.036296998603841
0.717615549686164 0.036905812694772
0.712889645782536 0.037516860380357
0.708140396130201 0.038129988378423
0.703368321537900 0.038745031753249
0.698573945317390 0.039361825613833
0.693757793226052 0.039980200625491
0.688920393409234 0.040599966811829
0.684062276342339 0.041220897021731
0.679183974772650 0.041842757929345
0.674286023660908 0.042465315624713
0.669368960122646 0.043088330118837
0.664433323369292 0.043711571250201
0.659479654649035 0.044334798980369
0.654508497187474 0.044957775721699
0.649520396128043 0.045580261752282
0.644515898472236 0.046202012354065
0.639495553019615 0.046822775868573
0.634459910307633 0.047442298922448
0.629409522551260 0.048060326707082
0.624344943582428 0.048676607925790
0.619266728789291 0.049290898979584
0.614175435055328 0.049902958460969
0.609071620698271 0.050512544450701
0.603955845408880 0.051119413865057
0.598828670189563 0.051723276326447
0.593690657292862 0.052323777454185
0.588542370159792 0.052920547730049
0.583384373358051 0.053513224918528
0.578217232520115 0.054101438430714
0.573041514281206 0.054684800764353
0.567857786217152 0.055262909791142
0.562666616782152 0.055835366302925
0.557468575246433 0.056401766890059
0.552264231633827 0.056961715002181
0.547054156659257 0.057514814331055
0.541838921666158 0.058060684928800
0.536619098563816 0.058598939027046
0.531395259764657 0.059129195756766
0.526167978121472 0.059651073398718
0.520937826864600 0.060164183651633
0.515705379539064 0.060668139776242
0.510471209941678 0.061162553419495
0.505235892058123 0.061647050150647
0.500000000000000 0.062121274331745
0.494764107941877 0.062584945622674
0.489528790058322 0.063037793653480
0.484294620460936 0.063479559031150
0.479062173135400 0.063909981755003
0.473832021878528 0.064328820040742
0.468604740235343 0.064735852568590
0.463380901436184 0.065130864847907
0.458161078333842 0.065513648844591
0.452945843340743 0.065884003013791
0.447735768366173 0.066241730281369
0.442531424753567 0.066586633193259
0.437333383217848 0.066918523842713
0.432142213782848 0.067237218765026
0.426958485718794 0.067542542884947
0.421782767479885 0.067834332216166
0.416615626641949 0.068112430005381
0.411457629840209 0.068376688037738
0.406309342707138 0.068626965850349
0.401171329810437 0.068863129608456
0.396044154591120 0.069085040797284
0.390928379301729 0.069292559606007
0.385824564944672 0.069485556736169
0.380733271210710 0.069663910838768
0.375655056417573 0.069827507715302
0.370590477448740 0.069976241982123
0.365540089692367 0.070110014806572
0.360504446980385 0.070228738685731
0.355484101527764 0.070332333686984
0.350479603871957 0.070420727389139
0.345491502812526 0.070493851686506
0.340520345350965 0.070551647493020
0.335566676630708 0.070594065710648
0.330631039877354 0.070621068038748
0.325713976339092 0.070632643500415
0.320816025227350 0.070628804186331
0.315937723657661 0.070609571834184
0.311079606590766 0.070574977317370
0.306242206773949 0.070525030581629
0.301426054682610 0.070459651538248
0.296631678462100 0.070378753191189
0.291859603869799 0.070282261758927
0.287110354217464 0.070170108866126
0.282384450313836 0.070042145422672
0.277682410407536 0.069898173593638
0.273004750130227 0.069738013855816
0.268351982440069 0.069561504423613
0.263724617565473 0.069368513787451
0.259123162949143 0.069158941571398
0.254548123192430 0.068932708999783
0.250000000000000 0.068689753360639
0.245479292124815 0.068430137997983
0.240986495313435 0.068154206144583
0.236522102251661 0.067862350109838
0.232086602510502 0.067554967064969
0.227680482492487 0.067232457812859
0.223304225378328 0.066895242539338
0.218958311073935 0.066543745678270
0.214643216157784 0.066178393118924
0.210359413828661 0.065799606048550
0.206107373853763 0.065407787508343
0.201887562517192 0.065003344876547
0.197700442568813 0.064586682674790
0.193546473173512 0.064158055787199
0.189426109860845 0.063717504876553
0.185339804475081 0.063265067105912
0.181288005125655 0.062800803394786
0.177271156138025 0.062324787223306
0.173289698004947 0.061837111335325
0.169344067338174 0.061337885632460
0.165434696820571 0.060827268326995
0.161562015158670 0.060305491924295
0.157726447035656 0.059772826154175
0.153928413064797 0.059229522450189
0.150168329743317 0.058675573821478
0.146446609406726 0.058110828436932
0.142763660183598 0.057535157717444
0.139119885950819 0.056948291140852
0.135515686289294 0.056349711192002
0.131951456440133 0.055738955525517
0.128427587261303 0.055115636985980
0.124944465184770 0.054479490432053
0.121502472174122 0.053830317375906
0.118101985682679 0.053167979832625
0.114743378612105 0.052492423128702
0.111427019271515 0.051803651553627
0.108153271337080 0.051101660541268
0.104922493812155 0.050386322680564
0.101735040987902 0.049657549740716
0.098591262404443 0.048915892324495
0.095491502812526 0.048163014386262
0.092436102135723 0.047400669549597
0.089425395433148 0.046630798856513
0.086459712862719 0.045855518404412
0.083539379644950 0.045076873896906
0.080664716027288 0.044296971514499
0.077836037248993 0.043517863936691
0.075053653506568 0.042740883354667
0.072317869919747 0.041966166777389
0.069628986498028 0.041193597460418
0.066987298107781 0.040421997281633
0.064393094439905 0.039649778343658
0.061846659978068 0.038875688390061
0.059348273967504 0.038098916058986
0.056898210384393 0.037318785274274
0.054496737905816 0.036534704789536
0.052144119880294 0.035746220753642
0.049840614298903 0.034953088656526
0.047586473766990 0.034155251997482
0.045381945476466 0.033352866959943
0.043227271178700 0.032546315508959
0.041122687158010 0.031736044068248
0.039068424205750 0.030922580711762
0.037064707595003 0.030106559766768
0.035111757055874 0.029288679220475
0.033209786751399 0.028469749454865
0.031359005254054 0.027650645397917
0.029559615522887 0.026832322148006
0.027811814881260 0.026015786980006
0.026115794995207 0.025202172269067
0.024471741852423 0.024392724573985
0.022879835741862 0.023587354290605
0.021340251233966 0.022784801983767
0.019853157161529 0.021984078840657
0.018418716601171 0.021184485093235
0.017037086855466 0.020385757349978
0.015708419435685 0.019588005877098
0.014432860045182 0.018791566002957
0.013210548563420 0.017997312552783
0.012041619030626 0.017206501397213
0.010926199633097 0.016418612936582
0.009864412689139 0.015632698978836
0.008856374635656 0.014850290252459
0.007902196015379 0.014074266792684
0.007001981464748 0.013308900632088
0.006155829702431 0.012561256637579
0.005363833518506 0.011829536471224
0.004626079764278 0.011087053280491
0.003942649342761 0.010299602985329
0.003313617199802 0.009433521537389
0.002739052315863 0.008504333169683
0.002219017698460 0.007551274843316
0.001753570375248 0.006617125527751
0.001342761387771 0.005720798284728
0.000986635785864 0.004853467453746
0.000685232622713 0.004010045845095
0.000438584950571 0.003186086936882
0.000246719817134 0.002378228593110
0.000109658262577 0.001583105801008
0.000027415317244 0.000795377843049
0.000000000000000 0.000000000000000
0.000027415317244 -0.000804642171066
0.000109658262577 -0.001612879402553
0.000246719817134 -0.002419207393081
0.000438584950571 -0.003217899481178
0.000685232622713 -0.004003004115150
0.000986635785864 -0.004768542091276
0.001342761387771 -0.005508081595552
0.001753570375248 -0.006216230103345
0.002219017698460 -0.006884597936969
0.002739052315863 -0.007508039290123
0.003313617199802 -0.008098718711407
0.003942649342761 -0.008680350623805
0.004626079764278 -0.009287836715395
0.005363833518506 -0.009964616844974
0.006155829702431 -0.010703756350191
0.007001981464748 -0.011414306768094
0.007902196015379 -0.011993857341861
0.008856374635656 -0.012458917068570
0.009864412689139 -0.012904695180554
0.010926199633097 -0.013385903568221
0.012041619030626 -0.013925846285409
0.013210548563420 -0.014470173491959
0.014432860045182 -0.014975356054267
0.015708419435684 -0.015447870359205
0.017037086855466 -0.015891896137463
0.018418716601171 -0.016308228652980
0.019853157161528 -0.016700432229221
0.021340251233966 -0.017073692952268
0.022879835741862 -0.017433883426774
0.024471741852423 -0.017787776690348
0.026115794995207 -0.018142709386376
0.027811814881259 -0.018502714970703
0.029559615522887 -0.018866409250432
0.031359005254054 -0.019232385528033
0.033209786751399 -0.019599607089821
0.035111757055874 -0.019966840677492
0.037064707595003 -0.020332637804814
0.039068424205750 -0.020695492836827
0.041122687158009 -0.021053820973339
0.043227271178699 -0.021405987015504
0.045381945476466 -0.021750266676108
0.047586473766990 -0.022084667776888
0.049840614298903 -0.022407027258878
0.052144119880293 -0.022716192779417
0.054496737905816 -0.023011922889653
0.056898210384393 -0.023294536747175
0.059348273967504 -0.023564989853713
0.061846659978068 -0.023824382132596
0.064393094439905 -0.024073846409415
0.066987298107781 -0.024314753837605
0.069628986498028 -0.024548928687687
0.072317869919747 -0.024778451668946
0.075053653506568 -0.025004988834561
0.077836037248992 -0.025229970788299
0.080664716027288 -0.025454050614952
0.083539379644950 -0.025676228544889
0.086459712862719 -0.025895281586539
0.089425395433148 -0.026110200290344
0.092436102135723 -0.026320042069491
0.095491502812526 -0.026523764760669
0.098591262404443 -0.026720181389488
0.101735040987902 -0.026908079385149
0.104922493812155 -0.027087047416016
0.108153271337080 -0.027257329360951
0.111427019271514 -0.027419244142992
0.114743378612105 -0.027573185528138
0.118101985682679 -0.027719613493773
0.121502472174122 -0.027859048544389
0.124944465184770 -0.027992071232088
0.128427587261303 -0.028119327290810
0.131951456440133 -0.028241530458188
0.135515686289294 -0.028359468570718
0.139119885950819 -0.028474002974224
0.142763660183598 -0.028586054906275
0.146446609406726 -0.028696593605183
0.150168329743317 -0.028806653013888
0.153928413064796 -0.028917123777605
0.157726447035656 -0.029027937955892
0.161562015158669 -0.029138723675864
0.165434696820571 -0.029249092107224
0.169344067338174 -0.029358671611286
0.173289698004947 -0.029467091022016
0.177271156138025 -0.029573964488778
0.181288005125655 -0.029678852667247
0.185339804475081 -0.029781239443145
0.189426109860845 -0.029880580957143
0.193546473173511 -0.029976347366604
0.197700442568812 -0.030068229336440
0.201887562517192 -0.030156012290682
0.206107373853763 -0.030239479841110
0.210359413828660 -0.030318617428094
0.214643216157784 -0.030393872740826
0.218958311073935 -0.030465780286176
0.223304225378328 -0.030534903673276
0.227680482492486 -0.030601819261709
0.232086602510501 -0.030667112281932
0.236522102251661 -0.030731394334733
0.240986495313435 -0.030795291995590
0.245479292124814 -0.030859278285425
0.250000000000000 -0.030923701182202
0.254548123192429 -0.030988918680745
0.259123162949142 -0.031055276350451
0.263724617565473 -0.031122748591094
0.268351982440069 -0.031191008139200
0.273004750130227 -0.031259708136221
0.277682410407536 -0.031328491316291
0.282384450313836 -0.031397029148156
0.287110354217464 -0.031465025686115
0.291859603869799 -0.031532178068929
0.296631678462100 -0.031598176460930
0.301426054682609 -0.031662790101110
0.306242206773948 -0.031725957800936
0.311079606590766 -0.031787638557409
0.315937723657661 -0.031847792005095
0.320816025227350 -0.031906388570133
0.325713976339092 -0.031963457781603
0.330631039877354 -0.032019052233167
0.335566676630708 -0.032073226236035
0.340520345350965 -0.032126037004831
0.345491502812526 -0.032177531355017
0.350479603871956 -0.032227743205752
0.355484101527764 -0.032276707120643
0.360504446980385 -0.032324459672906
0.365540089692367 -0.032371041909848
0.370590477448739 -0.032416515852223
0.375655056417572 -0.032460951871293
0.380733271210709 -0.032504422460824
0.385824564944672 -0.032547002073484
0.390928379301728 -0.032588736748596
0.396044154591120 -0.032629612351168
0.401171329810437 -0.032669607615510
0.406309342707137 -0.032708701353968
0.411457629840208 -0.032746868792350
0.416615626641949 -0.032783997929742
0.421782767479884 -0.032819891410250
0.426958485718794 -0.032854347191596
0.432142213782848 -0.032887161783054
0.437333383217848 -0.032918133055012
0.442531424753567 -0.032947079304088
0.447735768366173 -0.032973829546329
0.452945843340743 -0.032998212822356
0.458161078333842 -0.033020058017001
0.463380901436184 -0.033039191480749
0.468604740235343 -0.033055425673123
0.473832021878528 -0.033068569308527
0.479062173135400 -0.033078431513765
0.484294620460935 -0.033084822405144
0.489528790058321 -0.033087564972132
0.494764107941877 -0.033086520948412
0.500000000000000 -0.033081560866606
0.505235892058122 -0.033072556801625
0.510471209941678 -0.033059382948398
0.515705379539064 -0.033041945266561
0.520937826864600 -0.033020213010616
0.526167978121472 -0.032994164712124
0.531395259764656 -0.032963780986226
0.536619098563816 -0.032929043976255
0.541838921666157 -0.032889930579000
0.547054156659257 -0.032846409120544
0.552264231633827 -0.032798449821653
0.557468575246433 -0.032746024762053
0.562666616782152 -0.032689108683764
0.567857786217152 -0.032627683670052
0.573041514281206 -0.032561738054922
0.578217232520115 -0.032491262083025
0.583384373358051 -0.032416248830226
0.588542370159791 -0.032336691708444
0.593690657292862 -0.032252573365073
0.598828670189563 -0.032163873559186
0.603955845408879 -0.032070574749952
0.609071620698271 -0.031972662168197
0.614175435055328 -0.031870115334211
0.619266728789290 -0.031762892062572
0.624344943582427 -0.031650949614899
0.629409522551260 -0.031534249604417
0.634459910307633 -0.031412755628478
0.639495553019614 -0.031286439115013
0.644515898472235 -0.031155278940638
0.649520396128043 -0.031019256477719
0.654508497187474 -0.030878358369340
0.659479654649035 -0.030732571914260
0.664433323369291 -0.030581887964257
0.669368960122646 -0.030426299234770
0.674286023660907 -0.030265802263216
0.679183974772650 -0.030100398351348
0.684062276342339 -0.029930096403932
0.688920393409233 -0.029754913908384
0.693757793226051 -0.029574870992076
0.698573945317390 -0.029389992208304
0.703368321537900 -0.029200276252966
0.708140396130200 -0.029005660337059
0.712889645782536 -0.028806078895901
0.717615549686163 -0.028601474920035
0.722317589592464 -0.028391794386383
0.726995249869773 -0.028176983492757
0.731648017559930 -0.027956991852505
0.736275382434527 -0.027731780073334
0.740876837050857 -0.027501312323504
0.745451876807570 -0.027265564642294
0.750000000000000 -0.027024519245706
0.754520707875185 -0.026778167360083
0.759013504686565 -0.026526507295948
0.763477897748338 -0.026269546761615
0.767913397489498 -0.026007300669057
0.772319517507513 -0.025739792345408
0.776695774621672 -0.025467049446932
0.781041688926065 -0.025189096996957
0.785356783842216 -0.024905967738885
0.789640586171339 -0.024617702790223
0.793892626146236 -0.024324374328427
0.798112437482808 -0.024026091501903
0.802299557431187 -0.023722965930364
0.806453526826488 -0.023415151872766
0.810573890139155 -0.023102972815613
0.814660195524918 -0.022786809512115
0.818711994874345 -0.022467036961663
0.822728843861975 -0.022144006806145
0.826710301995052 -0.021818048063906
0.830655932661826 -0.021489484329036
0.834565303179429 -0.021158634953514
0.838437984841330 -0.020825814848877
0.842273552964344 -0.020491336829232
0.846071586935203 -0.020155503612060
0.849831670256683 -0.019818611986433
0.853553390593274 -0.019480950674588
0.857236339816401 -0.019142797758964
0.860880114049181 -0.018804432381144
0.864484313710706 -0.018466117037457
0.868048543559867 -0.018128115727955
0.871572412738697 -0.017790680544396
0.875055534815230 -0.017454059241903
0.878497527825878 -0.017118492338184
0.881898014317321 -0.016784205047792
0.885256621387894 -0.016451422887704
0.888572980728485 -0.016120364999496
0.891846728662920 -0.015791259662909
0.895077506187845 -0.015464323265434
0.898264959012098 -0.015139714328746
0.901408737595557 -0.014817558148827
0.904508497187474 -0.014497798717110
0.907563897864277 -0.014179943030165
0.910574604566852 -0.013863480072061
0.913540287137281 -0.013547990350198
0.916460620355049 -0.013233123626897
0.919335283972712 -0.012918576291794
0.922163962751007 -0.012604078710544
0.924946346493432 -0.012289412837422
0.927682130080253 -0.011974407478183
0.930371013501972 -0.011658933145675
0.933012701892219 -0.011342902536760
0.935606905560095 -0.011026268264786
0.938153340021932 -0.010709022949541
0.940651726032496 -0.010391194672850
0.943101789615607 -0.010072850506519
0.945503262094184 -0.009754084830425
0.947855880119706 -0.009435032555222
0.950159385701097 -0.009115850581586
0.952413526233010 -0.008796734367724
0.954618054523534 -0.008477896892542
0.956772728821300 -0.008159581791926
0.958877312841991 -0.007842056847076
0.960931575794250 -0.007525608794720
0.962935292404997 -0.007210553600257
0.964888242944126 -0.006897213513053
0.966790213248601 -0.006585934452011
0.968640994745946 -0.006277081586460
0.970440384477113 -0.005971025443884
0.972188185118740 -0.005668151029218
0.973884205004793 -0.005368860720493
0.975528258147577 -0.005073556007575
0.977120164258138 -0.004782648147407
0.978659748766034 -0.004496558573284
0.980146842838471 -0.004215707835923
0.981581283398829 -0.003940517817511
0.982962913144534 -0.003671409268800
0.984291580564316 -0.003408811174552
0.985567139954818 -0.003153137702968
0.986789451436580 -0.002904806440697
0.987958380969374 -0.002664228564270
0.989073800366903 -0.002431807587254
0.990135587310861 -0.002207937470390
0.991143625364344 -0.001992995479896
0.992097803984621 -0.001787365920567
0.992998018535252 -0.001591404163996
0.993844170297569 -0.001405453199507
0.994636166481494 -0.001229851351351
0.995373920235722 -0.001064913377952
0.996057350657239 -0.000910933425547
0.996686382800198 -0.000768199429915
0.997260947684137 -0.000636970382389
0.997780982301540 -0.000517487118568
0.998246429624752 -0.000409974230399
0.998657238612229 -0.000314627097759
0.999013364214136 -0.000231626052433
0.999314767377287 -0.000161131958148
0.999561415049429 -0.000103272275941
0.999753280182866 -0.000058154237830
0.999890341737423 -0.000025865321666
0.999972584682756 -0.000006469062954
1.000000000000000 0.000000000000000
