1.000000000000000 0.000000000000000
0.999972584682756 0.000003411291341
0.999890341737423 0.000013645003125
0.999753280182866 0.000030696130140
0.999561415049429 0.000054568376991
0.999314767377287 0.000085251565999
0.999013364214136 0.000122746482144
0.998657238612229 0.000167042281281
0.998246429624752 0.000218134554647
0.997780982301540 0.000276014030434
0.997260947684137 0.000340671084390
0.996686382800198 0.000412097988941
0.996057350657239 0.000490279876190
0.995373920235722 0.000575208270949
0.994636166481494 0.000666865284377
0.993844170297569 0.000765239397627
0.992998018535252 0.000870309660736
0.992097803984621 0.000982065975337
0.991143625364344 0.001100484281024
0.990135587310861 0.001225546832103
0.989073800366903 0.001357233165527
0.987958380969374 0.001495520088540
0.986789451436580 0.001640386165874
0.985567139954818 0.001791804951188
0.984291580564316 0.001949753970081
0.982962913144534 0.002114203457043
0.981581283398829 0.002285125334941
0.980146842838472 0.002462490945477
0.978659748766034 0.002646268785353
0.977120164258138 0.002836426733698
0.975528258147577 0.003032929790119
0.973884205004793 0.003235746778235
0.972188185118741 0.003444836881579
0.970440384477113 0.003660165305715
0.968640994745946 0.003881689823844
0.966790213248601 0.004109374176939
0.964888242944126 0.004343172405429
0.962935292404997 0.004583044467872
0.960931575794250 0.004828940596451
0.958877312841991 0.005080816891543
0.956772728821300 0.005338626374231
0.954618054523534 0.005602316750783
0.952413526233010 0.005871837068585
0.950159385701097 0.006147135464932
0.947855880119706 0.006428159143319
0.945503262094184 0.006714847713740
0.943101789615607 0.007007146463971
0.940651726032496 0.007304995264678
0.938153340021932 0.007608332981010
0.935606905560095 0.007917095249778
0.933012701892219 0.008231221066091
0.930371013501972 0.008550641757601
0.927682130080253 0.008875289776176
0.924946346493432 0.009205096473709
0.922163962751008 0.009539987712417
0.919335283972712 0.009879894786106
0.916460620355050 0.010224739105692
0.913540287137281 0.010574445296062
0.910574604566852 0.010928934632924
0.907563897864277 0.011288127210615
0.904508497187474 0.011651941926945
0.901408737595557 0.012020292153533
0.898264959012098 0.012393094375439
0.895077506187845 0.012770261690974
0.891846728662920 0.013151703821671
0.888572980728485 0.013537329263518
0.885256621387895 0.013927045274113
0.881898014317321 0.014320755735900
0.878497527825878 0.014718367546292
0.875055534815230 0.015119779981946
0.871572412738697 0.015524895325620
0.868048543559867 0.015933608261213
0.864484313710706 0.016345818519166
0.860880114049181 0.016761418262406
0.857236339816402 0.017180300603378
0.853553390593274 0.017602357586510
0.849831670256683 0.018027480061619
0.846071586935203 0.018455553259317
0.842273552964344 0.018886462713877
0.838437984841330 0.019320094714397
0.834565303179429 0.019756331019553
0.830655932661826 0.020195052473630
0.826710301995053 0.020636143403203
0.822728843861975 0.021079481520372
0.818711994874345 0.021524939165726
0.814660195524919 0.021972380398191
0.810573890139155 0.022421667169524
0.806453526826488 0.022872688650728
0.802299557431188 0.023325352562220
0.798112437482808 0.023779566172791
0.793892626146237 0.024235338622609
0.789640586171339 0.024692985088094
0.785356783842216 0.025152890050599
0.781041688926065 0.025615460243682
0.776695774621672 0.026081106214104
0.772319517507513 0.026550239668436
0.767913397489498 0.027023292836338
0.763477897748339 0.027500716722134
0.759013504686565 0.027982996032857
0.754520707875186 0.028470637019544
0.750000000000000 0.028964171320608
0.745451876807570 0.029464137902031
0.740876837050858 0.029971069821315
0.736275382434527 0.030485499712277
0.731648017559931 0.031007985157526
0.726995249869773 0.031539117867546
0.722317589592464 0.032079615658343
0.717615549686164 0.032630249849970
0.712889645782536 0.033191817214739
0.708140396130201 0.033765066214934
0.703368321537900 0.034350316711753
0.698573945317390 0.034947700677360
0.693757793226052 0.035557341069921
0.688920393409234 0.036179331858896
0.684062276342339 0.036813227824804
0.679183974772650 0.037458123312414
0.674286023660908 0.038113076272215
0.669368960122646 0.038777114779011
0.664433323369292 0.039449293659117
0.659479654649035 0.040128760841678
0.654508497187474 0.040814660544808
0.649520396128043 0.041506114691410
0.644515898472236 0.042202223484088
0.639495553019615 0.042902042900188
0.634459910307633 0.043604596950731
0.629409522551260 0.044308897910801
0.624344943582428 0.045013934825940
0.619266728789291 0.045718682404015
0.614175435055328 0.046422074892175
0.609071620698271 0.047123039202776
0.603955845408880 0.047820488378015
0.598828670189563 0.048513347907223
0.593690657292862 0.049201049601364
0.588542370159792 0.049883487833972
0.583384373358051 0.050560582022391
0.578217232520115 0.051232252200229
0.573041514281206 0.051898427688751
0.567857786217152 0.052559066488463
0.562666616782152 0.053214144261265
0.557468575246433 0.053863643540991
0.552264231633827 0.054507546831084
0.547054156659257 0.055145839098585
0.541838921666158 0.055778497005259
0.536619098563816 0.056405503246893
0.531395259764657 0.057026836329160
0.526167978121472 0.057642484796618
0.520937826864600 0.058252436206768
0.515705379539064 0.058856685440401
0.510471209941678 0.059455231677580
0.505235892058123 0.060048077586819
0.500000000000000 0.060635223704591
0.494764107941877 0.061216647380673
0.489528790058322 0.061792267742441
0.484294620460936 0.062361990198632
0.479062173135400 0.062925728806842
0.473832021878528 0.063483396087819
0.468604740235343 0.064034911936160
0.463380901436184 0.064580191581940
0.458161078333842 0.065119156725218
0.452945843340743 0.065651726507628
0.447735768366173 0.066177829636250
0.442531424753567 0.066697396670683
0.437333383217848 0.067210360918570
0.432142213782848 0.067716660782164
0.426958485718794 0.068216238069077
0.421782767479885 0.068709035181346
0.416615626641949 0.069194993873687
0.411457629840209 0.069674052036058
0.406309342707138 0.070146150815646
0.401171329810437 0.070611233737130
0.396044154591120 0.071069239828132
0.390928379301729 0.071519985368637
0.385824564944672 0.071963188017269
0.380733271210710 0.072398574454819
0.375655056417573 0.072825872577973
0.370590477448740 0.073244825057390
0.365540089692367 0.073655182501288
0.360504446980385 0.074056709095161
0.355484101527764 0.074449174467401
0.350479603871957 0.074832358615682
0.345491502812526 0.075206049274524
0.340520345350965 0.075570042292181
0.335566676630708 0.075924144934184
0.330631039877354 0.076268171053846
0.325713976339092 0.076601943012100
0.320816025227350 0.076925290078454
0.315937723657661 0.077238043310122
0.311079606590766 0.077540041133233
0.306242206773949 0.077831135264536
0.301426054682610 0.078111196310872
0.296631678462100 0.078380193201227
0.291859603869799 0.078638148731991
0.287110354217464 0.078885089384298
0.282384450313836 0.079121049989881
0.277682410407536 0.079346128699386
0.273004750130227 0.079560531647880
0.268351982440069 0.079764474166283
0.263724617565473 0.079958173265680
0.259123162949143 0.080141778975442
0.254548123192430 0.080315077449373
0.250000000000000 0.080477751643232
0.245479292124815 0.080629503842655
0.240986495313435 0.080770010405265
0.236522102251661 0.080898388354906
0.232086602510502 0.081013393931104
0.227680482492487 0.081113836465049
0.223304225378328 0.081198591544122
0.218958311073935 0.081266694084930
0.214643216157784 0.081317338381820
0.210359413828661 0.081349775289538
0.206107373853763 0.081363306341031
0.201887562517192 0.081357197800517
0.197700442568813 0.081330673896606
0.193546473173512 0.081283013957390
0.189426109860845 0.081213554095090
0.185339804475081 0.081121631798155
0.181288005125655 0.081006592745517
0.177271156138025 0.080867843692329
0.173289698004947 0.080704861077807
0.169344067338174 0.080517233165562
0.165434696820571 0.080304633774457
0.161562015158670 0.080066792722275
0.157726447035656 0.079803452000339
0.153928413064797 0.079514280412684
0.150168329743317 0.079198980766525
0.146446609406726 0.078857296551352
0.142763660183598 0.078488538161950
0.139119885950819 0.078091621934324
0.135515686289294 0.077665548453585
0.131951456440133 0.077209439892616
0.128427587261303 0.076722562181077
0.124944465184770 0.076204288687274
0.121502472174122 0.075654081352344
0.118101985682679 0.075071516316141
0.114743378612105 0.074456264942181
0.111427019271515 0.073808066244146
0.108153271337080 0.073126621239705
0.104922493812155 0.072411586390300
0.101735040987902 0.071662730745434
0.098591262404443 0.070880849768509
0.095491502812526 0.070067913853618
0.092436102135723 0.069225944118209
0.089425395433148 0.068357115839481
0.086459712862719 0.067463784653038
0.083539379644950 0.066548265466770
0.080664716027288 0.065612938378600
0.077836037248993 0.064660201363140
0.075053653506568 0.063692053086449
0.072317869919747 0.062708104831866
0.069628986498028 0.061707058672559
0.066987298107781 0.060687638523052
0.064393094439905 0.059648335406822
0.061846659978068 0.058587779441635
0.059348273967504 0.057504973434215
0.056898210384393 0.056399221096671
0.054496737905816 0.055270017852301
0.052144119880294 0.054117036143285
0.049840614298903 0.052940214489982
0.047586473766990 0.051741126924436
0.045381945476466 0.050522162264116
0.043227271178700 0.049285615457673
0.041122687158010 0.048033599353325
0.039068424205750 0.046768127982771
0.037064707595003 0.045490974470352
0.035111757055874 0.044203869432288
0.033209786751399 0.042908373715572
0.031359005254054 0.041606007852691
0.029559615522887 0.040298076185023
0.027811814881260 0.038985900105468
0.026115794995207 0.037670897913919
0.024471741852423 0.036352734208571
0.022879835741862 0.035027792206625
0.021340251233966 0.033693198701404
0.019853157161529 0.032347399775998
0.018418716601171 0.030990815253331
0.017037086855466 0.029625339034967
0.015708419435685 0.028254362327089
0.014432860045182 0.026882636304522
0.013210548563420 0.025515650869439
0.012041619030626 0.024157430534812
0.010926199633097 0.022810909129999
0.009864412689139 0.021477888010332
0.008856374635656 0.020159965114916
0.007902196015379 0.018858544400506
0.007001981464748 0.017574772034502
0.006155829702431 0.016309665527249
0.005363833518506 0.015064058753732
0.004626079764278 0.013838792217274
0.003942649342761 0.012634488552787
0.003313617199802 0.011451819576162
0.002739052315863 0.010291310257871
0.002219017698460 0.009153501287315
0.001753570375248 0.008038840775574
0.001342761387771 0.006947774492126
0.000986635785864 0.005880673004721
0.000685232622713 0.004837860395551
0.000438584950571 0.003819754812032
0.000246719817134 0.002826703974285
0.000109658262577 0.001858745821238
0.000027415317244 0.000916389225119
0.000000000000000 0.000000000000000
0.000027415317244 -0.000890557001977
0.000109658262577 -0.001754668647965
0.000246719817134 -0.002592541133288
0.000438584950571 -0.003403683974966
0.000685232622713 -0.004187963822216
0.000986635785864 -0.004945317387147
0.001342761387771 -0.005675421213616
0.001753570375248 -0.006378641860911
0.002219017698460 -0.007058352732807
0.002739052315863 -0.007719911152004
0.003313617199802 -0.008366129563315
0.003942649342761 -0.008998651528311
0.004626079764278 -0.009618401355875
0.005363833518506 -0.010225755745254
0.006155829702431 -0.010820749203124
0.007001981464748 -0.011403246019957
0.007902196015379 -0.011972750130313
0.008856374635656 -0.012528720891407
0.009864412689139 -0.013070209528317
0.010926199633097 -0.013596237245278
0.012041619030626 -0.014105369550580
0.013210548563420 -0.014595965141745
0.014432860045182 -0.015065638884599
0.015708419435684 -0.015512285332679
0.017037086855466 -0.015934665149882
0.018418716601171 -0.016332640416400
0.019853157161528 -0.016707656164932
0.021340251233966 -0.017062468146392
0.022879835741862 -0.017401382574758
0.024471741852423 -0.017731245859446
0.026115794995207 -0.018060888972282
0.027811814881259 -0.018397138908801
0.029559615522887 -0.018745248231285
0.031359005254054 -0.019105185540483
0.033209786751399 -0.019475193860435
0.035111757055874 -0.019854538620456
0.037064707595003 -0.020242577966680
0.039068424205750 -0.020638249569854
0.041122687158009 -0.021040287689937
0.043227271178699 -0.021447407041568
0.045381945476466 -0.021858170719257
0.047586473766990 -0.022270877381114
0.049840614298903 -0.022683670865621
0.052144119880293 -0.023094832629239
0.054496737905816 -0.023502737973397
0.056898210384393 -0.023906811577455
0.059348273967504 -0.024307086001743
0.061846659978068 -0.024703568185233
0.064393094439905 -0.025096245363437
0.066987298107781 -0.025485188810219
0.069628986498028 -0.025870597595368
0.072317869919747 -0.026252752415931
0.075053653506568 -0.026632051209002
0.077836037248992 -0.027008955275212
0.080664716027288 -0.027383475562467
0.083539379644950 -0.027755212209296
0.086459712862719 -0.028123741070620
0.089425395433148 -0.028488626929733
0.092436102135723 -0.028849426769675
0.095491502812526 -0.029205658836126
0.098591262404443 -0.029556797998909
0.101735040987902 -0.029902376022194
0.104922493812155 -0.030242254917720
0.108153271337080 -0.030576446416358
0.111427019271514 -0.030905048207281
0.114743378612105 -0.031228334483889
0.118101985682679 -0.031546658218346
0.121502472174122 -0.031860410280023
0.124944465184770 -0.032170015208953
0.128427587261303 -0.032475946059379
0.131951456440133 -0.032778722657929
0.135515686289294 -0.033078893227494
0.139119885950819 -0.033377060309574
0.142763660183598 -0.033673957463546
0.146446609406726 -0.033970483749433
0.150168329743317 -0.034267616705358
0.153928413064796 -0.034565898525009
0.157726447035656 -0.034864749026147
0.161562015158669 -0.035163397377687
0.165434696820571 -0.035460994755310
0.169344067338174 -0.035756465681133
0.173289698004947 -0.036048627765212
0.177271156138025 -0.036336239987646
0.181288005125655 -0.036617966551890
0.185339804475081 -0.036892374318315
0.189426109860845 -0.037157972873373
0.193546473173511 -0.037413330180194
0.197700442568812 -0.037657379733751
0.201887562517192 -0.037889110591561
0.206107373853763 -0.038107523642314
0.210359413828660 -0.038312836812438
0.214643216157784 -0.038506860807864
0.218958311073935 -0.038691602365334
0.223304225378328 -0.038869160836034
0.227680482492486 -0.039041680661039
0.232086602510501 -0.039211361890116
0.236522102251661 -0.039380502934575
0.240986495313435 -0.039551431670691
0.245479292124814 -0.039726053089483
0.250000000000000 -0.039906100409557
0.254548123192429 -0.040093367871556
0.259123162949142 -0.040289457038127
0.263724617565473 -0.040493967660257
0.268351982440069 -0.040705478148578
0.273004750130227 -0.040922507191934
0.277682410407536 -0.041143533625487
0.282384450313836 -0.041367139929892
0.287110354217464 -0.041591970949120
0.291859603869799 -0.041816632594283
0.296631678462100 -0.042039699769022
0.301426054682609 -0.042260056351741
0.306242206773948 -0.042477013225901
0.311079606590766 -0.042689898142762
0.315937723657661 -0.042898025454350
0.320816025227350 -0.043100777559258
0.325713976339092 -0.043297818552370
0.330631039877354 -0.043488873500240
0.335566676630708 -0.043673667579539
0.340520345350965 -0.043851922054379
0.345491502812526 -0.044023310889663
0.350479603871956 -0.044187468551151
0.355484101527764 -0.044344024261687
0.360504446980385 -0.044492607588448
0.365540089692367 -0.044632837236011
0.370590477448739 -0.044764298173044
0.375655056417572 -0.044886566620545
0.380733271210709 -0.044999216694559
0.385824564944672 -0.045101823327364
0.390928379301728 -0.045194072593889
0.396044154591120 -0.045275819913345
0.401171329810437 -0.045346938154187
0.406309342707137 -0.045407303768605
0.411457629840208 -0.045456829021114
0.416615626641949 -0.045495874419894
0.421782767479884 -0.045525135558797
0.426958485718794 -0.045545327667570
0.432142213782848 -0.045557177397798
0.437333383217848 -0.045561406759427
0.442531424753567 -0.045558646698714
0.447735768366173 -0.045549495106025
0.452945843340743 -0.045534557001053
0.458161078333842 -0.045514444167350
0.463380901436184 -0.045489801359438
0.468604740235343 -0.045461385913266
0.473832021878528 -0.045429987185092
0.479062173135400 -0.045396398802447
0.484294620460935 -0.045361417632035
0.489528790058321 -0.045325709239192
0.494764107941877 -0.045289596229383
0.500000000000000 -0.045253346958779
0.505235892058122 -0.045217230306027
0.510471209941678 -0.045181509972957
0.515705379539064 -0.045146026944451
0.520937826864600 -0.045109885082880
0.526167978121472 -0.045072116039403
0.531395259764656 -0.045031754797771
0.536619098563816 -0.044987843912115
0.541838921666157 -0.044939525934048
0.547054156659257 -0.044886061277101
0.552264231633827 -0.044826722476414
0.557468575246433 -0.044760789094167
0.562666616782152 -0.044687543588764
0.567857786217152 -0.044606213043735
0.573041514281206 -0.044515986691138
0.578217232520115 -0.044416064248415
0.583384373358051 -0.044305656796159
0.588542370159791 -0.044184015149098
0.593690657292862 -0.044050581400615
0.598828670189563 -0.043904879918838
0.603955845408879 -0.043746447175331
0.609071620698271 -0.043574830016173
0.614175435055328 -0.043389735114180
0.619266728789290 -0.043191275747149
0.624344943582427 -0.042979636127822
0.629409522551260 -0.042755004167014
0.634459910307633 -0.042517571268758
0.639495553019614 -0.042267483538096
0.644515898472235 -0.042004842969699
0.649520396128043 -0.041729756281185
0.654508497187474 -0.041442333570151
0.659479654649035 -0.041142696985140
0.664433323369291 -0.040831000575162
0.669368960122646 -0.040507407828984
0.674286023660907 -0.040172085870725
0.679183974772650 -0.039825207124674
0.684062276342339 -0.039466929485299
0.688920393409233 -0.039097393720689
0.693757793226051 -0.038716747282752
0.698573945317390 -0.038325141230886
0.703368321537900 -0.037922839705986
0.708140396130200 -0.037510348703398
0.712889645782536 -0.037088206745136
0.717615549686163 -0.036656938896942
0.722317589592464 -0.036217084712779
0.726995249869773 -0.035769212304239
0.731648017559930 -0.035313891579400
0.736275382434527 -0.034851685634952
0.740876837050857 -0.034383150152673
0.745451876807570 -0.033908820223769
0.750000000000000 -0.033429218974789
0.754520707875185 -0.032944862310177
0.759013504686565 -0.032456257282828
0.763477897748338 -0.031963902516750
0.767913397489498 -0.031468289052561
0.772319517507513 -0.030969893629699
0.776695774621672 -0.030469193026537
0.781041688926065 -0.029966649161562
0.785356783842216 -0.029462720850674
0.789640586171339 -0.028957851483041
0.793892626146236 -0.028452460290593
0.798112437482808 -0.027946937311855
0.802299557431187 -0.027441663024716
0.806453526826488 -0.026936976689507
0.810573890139155 -0.026433067514642
0.814660195524918 -0.025930069982416
0.818711994874345 -0.025428124230908
0.822728843861975 -0.024927374629231
0.826710301995052 -0.024427982116596
0.830655932661826 -0.023930104376991
0.834565303179429 -0.023433896768817
0.838437984841330 -0.022939508029086
0.842273552964344 -0.022447087728113
0.846071586935203 -0.021956783466236
0.849831670256683 -0.021468744395781
0.853553390593274 -0.020983120514901
0.857236339816401 -0.020500055563644
0.860880114049181 -0.020019694368685
0.864484313710706 -0.019542183141765
0.868048543559867 -0.019067663166663
0.871572412738697 -0.018596273707464
0.875055534815230 -0.018128158627483
0.878497527825878 -0.017663456019327
0.881898014317321 -0.017202301063407
0.885256621387894 -0.016744832452081
0.888572980728485 -0.016291182899449
0.891846728662920 -0.015841487494963
0.895077506187845 -0.015395876614942
0.898264959012098 -0.014954480339716
0.901408737595557 -0.014517427193251
0.904508497187474 -0.014084846400023
0.907563897864277 -0.013656860214379
0.910574604566852 -0.013233594658326
0.913540287137281 -0.012815170443822
0.916460620355049 -0.012401707172392
0.919335283972712 -0.011993326908157
0.922163962751007 -0.011590140646417
0.924946346493432 -0.011192269277499
0.927682130080253 -0.010799822145366
0.930371013501972 -0.010412912034757
0.933012701892219 -0.010031650614492
0.935606905560095 -0.009656142480933
0.938153340021932 -0.009286493975234
0.940651726032496 -0.008922809573376
0.943101789615607 -0.008565191181137
0.945503262094184 -0.008213737732217
0.947855880119706 -0.007868548878321
0.950159385701097 -0.007529720653694
0.952413526233010 -0.007197345819738
0.954618054523534 -0.006871517745157
0.956772728821300 -0.006552325504813
0.958877312841991 -0.006239858103671
0.960931575794250 -0.005934199120430
0.962935292404997 -0.005635435611135
0.964888242944126 -0.005343646359673
0.966790213248601 -0.005058913851233
0.968640994745946 -0.004781314201395
0.970440384477113 -0.004510923941430
0.972188185118740 -0.004247816794740
0.973884205004793 -0.003992061943849
0.975528258147577 -0.003743732991602
0.977120164258138 -0.003502889749307
0.978659748766034 -0.003269603626755
0.980146842838471 -0.003043934687178
0.981581283398829 -0.002825943762129
0.982962913144534 -0.002615690727271
0.984291580564316 -0.002413229585354
0.985567139954818 -0.002218614019897
0.986789451436580 -0.002031900367741
0.987958380969374 -0.001853135438368
0.989073800366903 -0.001682364617507
0.990135587310861 -0.001519636203750
0.991143625364344 -0.001364994854368
0.992097803984621 -0.001218476657045
0.992998018535252 -0.001080124924095
0.993844170297569 -0.000949974614968
0.994636166481494 -0.000828059517421
0.995373920235722 -0.000714412863674
0.996057350657239 -0.000609063878131
0.996686382800198 -0.000512041555763
0.997260947684137 -0.000423367666292
0.997780982301540 -0.000343072457032
0.998246429624752 -0.000271168626674
0.998657238612229 -0.000207681155471
0.999013364214136 -0.000152626056147
0.999314767377287 -0.000106016182930
0.999561415049429 -0.000067862727377
0.999753280182866 -0.000038180242847
0.999890341737423 -0.000016970567625
0.999972584682756 -0.000004242799835
1.000000000000000 0.000000000000000
