1.000000000000000 0.000000000000000
0.999972584682756 0.000005848358357
0.999890341737423 0.000023395598629
0.999753280182866 0.000052629137405
0.999561415049429 0.000093544564272
0.999314767377287 0.000146118963666
0.999013364214136 0.000210333859780
0.998657238612229 0.000286163832202
0.998246429624752 0.000373576599286
0.997780982301540 0.000472540724995
0.997260947684137 0.000583014303339
0.996686382800198 0.000704956492623
0.996057350657239 0.000838320038202
0.995373920235722 0.000983055217269
0.994636166481494 0.001139106205062
0.993844170297569 0.001306415038712
0.992998018535252 0.001484921792019
0.992097803984621 0.001674560992471
0.991143625364344 0.001875269371009
0.990135587310861 0.002086967256196
0.989073800366903 0.002309592671341
0.987958380969374 0.002543067709898
0.986789451436580 0.002787317590631
0.985567139954818 0.003042259680114
0.984291580564316 0.003307818719941
0.982962913144534 0.003583912154600
0.981581283398829 0.003870465323621
0.980146842838472 0.004167389449334
0.978659748766034 0.004474604257084
0.977120164258138 0.004792030825878
0.975528258147577 0.005119588212913
0.973884205004793 0.005457197481346
0.972188185118741 0.005804778353000
0.970440384477113 0.006162253232942
0.968640994745946 0.006529551198828
0.966790213248601 0.006906593709840
0.964888242944126 0.007293316902002
0.962935292404997 0.007689650024044
0.960931575794250 0.008095534028417
0.958877312841991 0.008510907372137
0.956772728821300 0.008935713666935
0.954618054523534 0.009369902036326
0.952413526233010 0.009813427475581
0.950159385701097 0.010266254810571
0.947855880119706 0.010728341060119
0.945503262094184 0.011199664618151
0.943101789615607 0.011680204006952
0.940651726032496 0.012169938274438
0.938153340021932 0.012668865293648
0.935606905560095 0.013176984179260
0.933012701892219 0.013694306412876
0.930371013501972 0.014220841870288
0.927682130080253 0.014756620612706
0.924946346493432 0.015301675374680
0.922163962751008 0.015856052740050
0.919335283972712 0.016419802692163
0.916460620355050 0.016992996457034
0.913540287137281 0.017575705395742
0.910574604566852 0.018168013070301
0.907563897864277 0.018770023508787
0.904508497187474 0.019381841361154
0.901408737595557 0.020003584948889
0.898264959012098 0.020635379829432
0.895077506187845 0.021277255537266
0.891846728662920 0.021929123872151
0.888572980728485 0.022590885063313
0.885256621387895 0.023262442102992
0.881898014317321 0.023943683182671
0.878497527825878 0.024634497271624
0.875055534815230 0.025334754989694
0.871572412738697 0.026044335251238
0.868048543559867 0.026763093423913
0.864484313710706 0.027490886859803
0.860880114049181 0.028227570053273
0.857236339816402 0.028972973319109
0.853553390593274 0.029726929099811
0.849831670256683 0.030489254155836
0.846071586935203 0.031259798142202
0.842273552964344 0.032038402489861
0.838437984841330 0.032824912121030
0.834565303179429 0.033619176915643
0.830655932661826 0.034421039538932
0.826710301995053 0.035230338776313
0.822728843861975 0.036046911753210
0.818711994874345 0.036870582511119
0.814660195524919 0.037701170866222
0.810573890139155 0.038538496844067
0.806453526826488 0.039382370943725
0.802299557431188 0.040232607366157
0.798112437482808 0.041089006658844
0.793892626146237 0.041951335071845
0.789640586171339 0.042819340500245
0.785356783842216 0.043692764631119
0.781041688926065 0.044571335394588
0.776695774621672 0.045454776941716
0.772319517507513 0.046342803654393
0.767913397489498 0.047235127778141
0.763477897748339 0.048131448402680
0.759013504686565 0.049031462407864
0.754520707875186 0.049934861165288
0.750000000000000 0.050841323898452
0.745451876807570 0.051750538322283
0.740876837050858 0.052662192389350
0.736275382434527 0.053575958920986
0.731648017559931 0.054491513765843
0.726995249869773 0.055408531825581
0.722317589592464 0.056326682808162
0.717615549686164 0.057245632732247
0.712889645782536 0.058165043582703
0.708140396130201 0.059084565480325
0.703368321537900 0.060003837578017
0.698573945317390 0.060922488379472
0.693757793226052 0.061840149660015
0.688920393409234 0.062756424788828
0.684062276342339 0.063670879835547
0.679183974772650 0.064583067280582
0.674286023660908 0.065492539347969
0.669368960122646 0.066398852549851
0.664433323369292 0.067301551283032
0.659479654649035 0.068200188308783
0.654508497187474 0.069094310720538
0.649520396128043 0.069983460561312
0.644515898472236 0.070867191033498
0.639495553019615 0.071745040971928
0.634459910307633 0.072616567348235
0.629409522551260 0.073481307690324
0.624344943582428 0.074338816230777
0.619266728789291 0.075188643909265
0.614175435055328 0.076030349743169
0.609071620698271 0.076863487558699
0.603955845408880 0.077687614952162
0.598828670189563 0.078502268507998
0.593690657292862 0.079306940909130
0.588542370159792 0.080101123051655
0.583384373358051 0.080884313341341
0.578217232520115 0.081656008987121
0.573041514281206 0.082415685708194
0.567857786217152 0.083162807892212
0.562666616782152 0.083896849543951
0.557468575246433 0.084617277595835
0.552264231633827 0.085323581753523
0.547054156659257 0.086015333489433
0.541838921666158 0.086692140920588
0.536619098563816 0.087353626192646
0.531395259764657 0.087999414130518
0.526167978121472 0.088629139125041
0.520937826864600 0.089242465644632
0.515705379539064 0.089839075343439
0.510471209941678 0.090418655795779
0.505235892058123 0.090980899225191
0.500000000000000 0.091525505602121
0.494764107941877 0.092052164596377
0.489528790058322 0.092560567103448
0.484294620460936 0.093050417401036
0.479062173135400 0.093521421549160
0.473832021878528 0.093973292351733
0.468604740235343 0.094405729520117
0.463380901436184 0.094818433603692
0.458161078333842 0.095211116371150
0.452945843340743 0.095583498697071
0.447735768366173 0.095935379050701
0.442531424753567 0.096266746117288
0.437333383217848 0.096577631970560
0.432142213782848 0.096868072165923
0.426958485718794 0.097138111671871
0.421782767479885 0.097387743640228
0.416615626641949 0.097616831993325
0.411457629840209 0.097825234358425
0.406309342707138 0.098012816040065
0.401171329810437 0.098179458905547
0.396044154591120 0.098325231332356
0.390928379301729 0.098450501680587
0.385824564944672 0.098555667074994
0.380733271210710 0.098641127446331
0.375655056417573 0.098707289851804
0.370590477448740 0.098754644790484
0.365540089692367 0.098783767745564
0.360504446980385 0.098795237943841
0.355484101527764 0.098789633178211
0.350479603871957 0.098767490057352
0.345491502812526 0.098728966745049
0.340520345350965 0.098674019229516
0.335566676630708 0.098602611679171
0.330631039877354 0.098514718578816
0.325713976339092 0.098410334509528
0.320816025227350 0.098289498347102
0.315937723657661 0.098152266850212
0.311079606590766 0.097998704870992
0.306242206773949 0.097828881813640
0.301426054682610 0.097642714360360
0.296631678462100 0.097439955404353
0.291859603869799 0.097220364272251
0.287110354217464 0.096983722306512
0.282384450313836 0.096729744751045
0.277682410407536 0.096457822982702
0.273004750130227 0.096167285905878
0.268351982440069 0.095857498613707
0.263724617565473 0.095527853223837
0.259123162949143 0.095177684822090
0.254548123192430 0.094806301809292
0.250000000000000 0.094413046618381
0.245479292124815 0.093997308445691
0.240986495313435 0.093558695369094
0.236522102251661 0.093097099253073
0.232086602510502 0.092612456018624
0.227680482492487 0.092104721506586
0.223304225378328 0.091573852112271
0.218958311073935 0.091019777667982
0.214643216157784 0.090442443242156
0.210359413828661 0.089841828360309
0.206107373853763 0.089217938724029
0.201887562517192 0.088570824725713
0.197700442568813 0.087900566543914
0.193546473173512 0.087207262601913
0.189426109860845 0.086491070924490
0.185339804475081 0.085752193383358
0.181288005125655 0.084990866664115
0.177271156138025 0.084207346312541
0.173289698004947 0.083401859472890
0.169344067338174 0.082574658387397
0.165434696820571 0.081726000557197
0.161562015158670 0.080856172466599
0.157726447035656 0.079965461294986
0.153928413064797 0.079054170777459
0.150168329743317 0.078122636972641
0.146446609406726 0.077171248708571
0.142763660183598 0.076200429983636
0.139119885950819 0.075210623611696
0.135515686289294 0.074202308896789
0.131951456440133 0.073175983176721
0.128427587261303 0.072132179526729
0.124944465184770 0.071071437954532
0.121502472174122 0.069994313902572
0.118101985682679 0.068901378646958
0.114743378612105 0.067793229869908
0.111427019271515 0.066670474290021
0.108153271337080 0.065533737564785
0.104922493812155 0.064383684956724
0.101735040987902 0.063220978663055
0.098591262404443 0.062046336247779
0.095491502812526 0.060860768360909
0.092436102135723 0.059665672019961
0.089425395433148 0.058462449490828
0.086459712862719 0.057252368815260
0.083539379644950 0.056036652132384
0.080664716027288 0.054816442694693
0.077836037248993 0.053592763985083
0.075053653506568 0.052366630693245
0.072317869919747 0.051139162823928
0.069628986498028 0.049911585892894
0.066987298107781 0.048685129078965
0.064393094439905 0.047461131469392
0.061846659978068 0.046240849190317
0.059348273967504 0.045025218181378
0.056898210384393 0.043815079336167
0.054496737905816 0.042611240289568
0.052144119880294 0.041414517772690
0.049840614298903 0.040225515657798
0.047586473766990 0.039044597565584
0.045381945476466 0.037871863083663
0.043227271178700 0.036707061184173
0.041122687158010 0.035550061803554
0.039068424205750 0.034401066185514
0.037064707595003 0.033260490457645
0.035111757055874 0.032129144156607
0.033209786751399 0.031008013701995
0.031359005254054 0.029898207406025
0.029559615522887 0.028800661059364
0.027811814881260 0.027716080884753
0.026115794995207 0.026645445367726
0.024471741852423 0.025589375965546
0.022879835741862 0.024546314527510
0.021340251233966 0.023513977272220
0.019853157161529 0.022489984691653
0.018418716601171 0.021473084019512
0.017037086855466 0.020463143091189
0.015708419435685 0.019460932238292
0.014432860045182 0.018468056286212
0.013210548563420 0.017486816389479
0.012041619030626 0.016519869932518
0.010926199633097 0.015570656121576
0.009864412689139 0.014642826101571
0.008856374635656 0.013737035600398
0.007902196015379 0.012852137704913
0.007001981464748 0.011985738870337
0.006155829702431 0.011136120006888
0.005363833518506 0.010302309054674
0.004626079764278 0.009483355644262
0.003942649342761 0.008678575116607
0.003313617199802 0.007887441794686
0.002739052315863 0.007109504000146
0.002219017698460 0.006344369890745
0.001753570375248 0.005591807736715
0.001342761387771 0.004851502809124
0.000986635785864 0.004123324352057
0.000685232622713 0.003407033804889
0.000438584950571 0.002702528278924
0.000246719817134 0.002009624431894
0.000109658262577 0.001328277150951
0.000027415317244 0.000658525650040
0.000000000000000 0.000000000000000
0.000027415317244 -0.000647158942515
0.000109658262577 -0.001284758638143
0.000246719817134 -0.001923171707149
0.000438584950571 -0.002566618066192
0.000685232622713 -0.003215597422758
0.000986635785864 -0.003869900608502
0.001342761387771 -0.004529139961268
0.001753570375248 -0.005192827119792
0.002219017698460 -0.005860350656098
0.002739052315863 -0.006531043370781
0.003313617199802 -0.007204102434517
0.003942649342761 -0.007878626695116
0.004626079764278 -0.008553629901537
0.005363833518506 -0.009227879599495
0.006155829702431 -0.009900045513980
0.007001981464748 -0.010568480630807
0.007902196015379 -0.011231219743746
0.008856374635656 -0.011885973944849
0.009864412689139 -0.012529592731984
0.010926199633097 -0.013158487022558
0.012041619030626 -0.013768872568842
0.013210548563420 -0.014357686027277
0.014432860045182 -0.014922945640092
0.015708419435684 -0.015463869262951
0.017037086855466 -0.015980844457102
0.018418716601171 -0.016475871416855
0.019853157161528 -0.016952318367441
0.021340251233966 -0.017415156558879
0.022879835741862 -0.017871686756066
0.024471741852423 -0.018331070279711
0.026115794995207 -0.018801128782232
0.027811814881259 -0.019287264083551
0.029559615522887 -0.019787288519780
0.031359005254054 -0.020297763640904
0.033209786751399 -0.020816159692189
0.035111757055874 -0.021339155722319
0.037064707595003 -0.021862330300581
0.039068424205750 -0.022382801528857
0.041122687158009 -0.022899636958454
0.043227271178699 -0.023413371009593
0.045381945476466 -0.023925971474918
0.047586473766990 -0.024439751853113
0.049840614298903 -0.024957331832053
0.052144119880293 -0.025480315051358
0.054496737905816 -0.026009146664416
0.056898210384393 -0.026543756856826
0.059348273967504 -0.027083425844709
0.061846659978068 -0.027627437535871
0.064393094439905 -0.028175274125507
0.066987298107781 -0.028726423592394
0.069628986498028 -0.029280393860301
0.072317869919747 -0.029836691451264
0.075053653506568 -0.030394779113372
0.077836037248992 -0.030954088539995
0.080664716027288 -0.031513994990399
0.083539379644950 -0.032073764735295
0.086459712862719 -0.032632637887473
0.089425395433148 -0.033189758462894
0.092436102135723 -0.033744227937680
0.095491502812526 -0.034295033474216
0.098591262404443 -0.034841022891781
0.101735040987902 -0.035381055762275
0.104922493812155 -0.035914494403140
0.108153271337080 -0.036440953315644
0.111427019271514 -0.036960090462545
0.114743378612105 -0.037471622815364
0.118101985682679 -0.037975300944961
0.121502472174122 -0.038470880415003
0.124944465184770 -0.038958123912843
0.128427587261303 -0.039436801595308
0.131951456440133 -0.039906682736951
0.135515686289294 -0.040367505970503
0.139119885950819 -0.040819023593983
0.142763660183598 -0.041261008473186
0.146446609406726 -0.041693256448137
0.150168329743317 -0.042115584526890
0.153928413064796 -0.042527836196269
0.157726447035656 -0.042929915223000
0.161562015158669 -0.043321744323709
0.165434696820571 -0.043703272567600
0.169344067338174 -0.044074469859155
0.173289698004947 -0.044435326900921
0.177271156138025 -0.044785860840442
0.181288005125655 -0.045126131977301
0.185339804475081 -0.045456253112120
0.189426109860845 -0.045776356695570
0.193546473173511 -0.046086588420822
0.197700442568812 -0.046387043855759
0.201887562517192 -0.046677826658734
0.206107373853763 -0.046959058532595
0.210359413828660 -0.047230746804412
0.214643216157784 -0.047492750593561
0.218958311073935 -0.047744927691739
0.223304225378328 -0.047987149838085
0.227680482492486 -0.048219339522079
0.232086602510501 -0.048441458555295
0.236522102251661 -0.048653477480991
0.240986495313435 -0.048855381313580
0.245479292124814 -0.049047162947668
0.250000000000000 -0.049228825058679
0.254548123192429 -0.049400383024948
0.259123162949142 -0.049561861368862
0.263724617565473 -0.049713274622441
0.268351982440069 -0.049854641917621
0.273004750130227 -0.049985991265450
0.277682410407536 -0.050107368243511
0.282384450313836 -0.050218900806959
0.287110354217464 -0.050320777502158
0.291859603869799 -0.050413201798017
0.296631678462100 -0.050496386708110
0.301426054682609 -0.050570436789354
0.306242206773948 -0.050635312186374
0.311079606590766 -0.050690970765183
0.315937723657661 -0.050737375355462
0.320816025227350 -0.050774515846111
0.325713976339092 -0.050802457305615
0.330631039877354 -0.050821287841165
0.335566676630708 -0.050831103709230
0.340520345350965 -0.050832010208260
0.345491502812526 -0.050824138614674
0.350479603871956 -0.050807642786405
0.355484101527764 -0.050782685359113
0.360504446980385 -0.050749437140421
0.365540089692367 -0.050708055980992
0.370590477448739 -0.050658627551044
0.375655056417572 -0.050601224692947
0.380733271210709 -0.050535924871671
0.385824564944672 -0.050462811152194
0.390928379301728 -0.050381929659844
0.396044154591120 -0.050293272084336
0.401171329810437 -0.050196828492724
0.406309342707137 -0.050092592936011
0.411457629840208 -0.049980556182479
0.416615626641949 -0.049860608108597
0.421782767479884 -0.049732570827495
0.426958485718794 -0.049596266560465
0.432142213782848 -0.049451519204664
0.437333383217848 -0.049298178504001
0.442531424753567 -0.049136247297331
0.447735768366173 -0.048965788566500
0.452945843340743 -0.048786870962435
0.458161078333842 -0.048599565899565
0.463380901436184 -0.048403949974612
0.468604740235343 -0.048200101590103
0.473832021878528 -0.047988101830322
0.479062173135400 -0.047768037296736
0.484294620460935 -0.047539997481657
0.489528790058321 -0.047304065844071
0.494764107941877 -0.047060310678346
0.500000000000000 -0.046808799216075
0.505235892058122 -0.046549601877144
0.510471209941678 -0.046282793903932
0.515705379539064 -0.046008413205576
0.520937826864600 -0.045726441504749
0.526167978121472 -0.045436859336469
0.531395259764656 -0.045139648999064
0.536619098563816 -0.044834799448441
0.541838921666157 -0.044522343047197
0.547054156659257 -0.044202355031202
0.552264231633827 -0.043874918261155
0.557468575246433 -0.043540117976777
0.562666616782152 -0.043198046451906
0.567857786217152 -0.042848876703392
0.573041514281206 -0.042492825201859
0.578217232520115 -0.042130113825001
0.583384373358051 -0.041760964570407
0.588542370159791 -0.041385599326828
0.593690657292862 -0.041004219058928
0.598828670189563 -0.040617024030993
0.603955845408879 -0.040224213430263
0.609071620698271 -0.039825988911935
0.614175435055328 -0.039422550747237
0.619266728789290 -0.039014095602705
0.624344943582427 -0.038600823750363
0.629409522551260 -0.038182930181067
0.634459910307633 -0.037760615503783
0.639495553019614 -0.037334075848976
0.644515898472235 -0.036903507186283
0.649520396128043 -0.036469103613757
0.654508497187474 -0.036031061055553
0.659479654649035 -0.035589572399683
0.664433323369291 -0.035144809589954
0.669368960122646 -0.034696945388993
0.674286023660907 -0.034246154587371
0.679183974772650 -0.033792610010547
0.684062276342339 -0.033336477423857
0.688920393409233 -0.032877925798678
0.693757793226051 -0.032417118911808
0.698573945317390 -0.031954226747060
0.703368321537900 -0.031489451029981
0.708140396130200 -0.031023051134972
0.712889645782536 -0.030555290534134
0.717615549686163 -0.030086424838459
0.722317589592464 -0.029616717134377
0.726995249869773 -0.029146435698561
0.731648017559930 -0.028675847537294
0.736275382434527 -0.028205216051611
0.740876837050857 -0.027734796238284
0.745451876807570 -0.027264817980606
0.750000000000000 -0.026795513076738
0.754520707875185 -0.026327097599395
0.759013504686565 -0.025859777257819
0.763477897748338 -0.025393697431523
0.767913397489498 -0.024929004398166
0.772319517507513 -0.024465830742160
0.776695774621672 -0.024004320577710
0.781041688926065 -0.023544613452251
0.785356783842216 -0.023086849046681
0.789640586171339 -0.022631164060940
0.793892626146236 -0.022177695008730
0.798112437482808 -0.021726577766347
0.802299557431187 -0.021277944011480
0.806453526826488 -0.020831926943099
0.810573890139155 -0.020388688440186
0.814660195524918 -0.019948389835968
0.818711994874345 -0.019511184460224
0.822728843861975 -0.019077218699492
0.826710301995052 -0.018646637543553
0.830655932661826 -0.018219578919018
0.834565303179429 -0.017796172178302
0.838437984841330 -0.017376549561111
0.842273552964344 -0.016960834908838
0.846071586935203 -0.016549146726272
0.849831670256683 -0.016141601085284
0.853553390593274 -0.015738312865635
0.857236339816401 -0.015339387124697
0.860880114049181 -0.014944933206528
0.864484313710706 -0.014555050802923
0.868048543559867 -0.014169838938376
0.871572412738697 -0.013789388726498
0.875055534815230 -0.013413789462297
0.878497527825878 -0.013043120694745
0.881898014317321 -0.012677462714337
0.885256621387894 -0.012316890187766
0.888572980728485 -0.011961470059131
0.891846728662920 -0.011611268163511
0.895077506187845 -0.011266346040774
0.898264959012098 -0.010926759073518
0.901408737595557 -0.010592555436495
0.904508497187474 -0.010263726405003
0.907563897864277 -0.009940196986904
0.910574604566852 -0.009621890253785
0.913540287137281 -0.009308742113502
0.916460620355049 -0.009000693453504
0.919335283972712 -0.008697690282559
0.922163962751007 -0.008399688528533
0.924946346493432 -0.008106644378778
0.927682130080253 -0.007818529059963
0.930371013501972 -0.007535309576679
0.933012701892219 -0.007256963284571
0.935606905560095 -0.006983474371624
0.938153340021932 -0.006714831034132
0.940651726032496 -0.006451026401653
0.943101789615607 -0.006192053334025
0.945503262094184 -0.005937917768289
0.947855880119706 -0.005688624212835
0.950159385701097 -0.005444185770282
0.952413526233010 -0.005204611647881
0.954618054523534 -0.004969922033651
0.956772728821300 -0.004740138611108
0.958877312841991 -0.004515284092273
0.960931575794250 -0.004295386296336
0.962935292404997 -0.004080473298961
0.964888242944126 -0.003870581495244
0.966790213248601 -0.003665741668029
0.968640994745946 -0.003465993267888
0.970440384477113 -0.003271373748262
0.972188185118740 -0.003081922026015
0.973884205004793 -0.002897681330214
0.975528258147577 -0.002718694643796
0.977120164258138 -0.002545003288169
0.978659748766034 -0.002376653805036
0.980146842838471 -0.002213689536209
0.981581283398829 -0.002056158357304
0.982962913144534 -0.001904102769867
0.984291580564316 -0.001757570907470
0.985567139954818 -0.001616607571617
0.986789451436580 -0.001481259170790
0.987958380969374 -0.001351566762492
0.989073800366903 -0.001227576813657
0.990135587310861 -0.001109330178966
0.991143625364344 -0.000996871223433
0.992097803984621 -0.000890237060666
0.992998018535252 -0.000789470307349
0.993844170297569 -0.000694609114033
0.994636166481494 -0.000605686075025
0.995373920235722 -0.000522738135669
0.996057350657239 -0.000445797367522
0.996686382800198 -0.000374895320540
0.997260947684137 -0.000310059237460
0.997780982301540 -0.000251315101661
0.998246429624752 -0.000198689773996
0.998657238612229 -0.000152202346556
0.999013364214136 -0.000111874185962
0.999314767377287 -0.000077721086343
0.999561415049429 -0.000049756732805
0.999753280182866 -0.000027996340740
0.999890341737423 -0.000012444832922
0.999972584682756 -0.000003111453749
1.000000000000000 0.000000000000000
