1.000000000000000 0.000000000000000
0.999972584682756 0.000010139995771
0.999890341737423 0.000040590168049
0.999753280182866 0.000091427774080
0.999561415049429 0.000162769395003
0.999314767377287 0.000254807726610
0.999013364214136 0.000367743847363
0.998657238612229 0.000501848370138
0.998246429624752 0.000657417904521
0.997780982301540 0.000834762738458
0.997260947684137 0.001034240062881
0.996686382800198 0.001256207166253
0.996057350657239 0.001501026374744
0.995373920235722 0.001769042381330
0.994636166481494 0.002060612966703
0.993844170297569 0.002376030160464
0.992998018535252 0.002715562726564
0.992097803984621 0.003079423214036
0.991143625364344 0.003467726640755
0.990135587310861 0.003880516236964
0.989073800366903 0.004317717905434
0.987958380969374 0.004779125966359
0.986789451436580 0.005264366629471
0.985567139954818 0.005773065709960
0.984291580564316 0.006304873786321
0.982962913144534 0.006859445330164
0.981581283398829 0.007436324236228
0.980146842838472 0.008034936121839
0.978659748766034 0.008654571633599
0.977120164258138 0.009294410223677
0.975528258147577 0.009953469767241
0.973884205004793 0.010630643793253
0.972188185118741 0.011324557022833
0.970440384477113 0.012034083503688
0.968640994745946 0.012758454368108
0.966790213248601 0.013497186552565
0.964888242944126 0.014249882020470
0.962935292404997 0.015016078660065
0.960931575794250 0.015795339501186
0.958877312841991 0.016587242669566
0.956772728821300 0.017391391657808
0.954618054523534 0.018207394276158
0.952413526233010 0.019034853602648
0.950159385701097 0.019873481673226
0.947855880119706 0.020723119330564
0.945503262094184 0.021583679668838
0.943101789615607 0.022455132206650
0.940651726032496 0.023337498484275
0.938153340021932 0.024230853091987
0.935606905560095 0.025135315810385
0.933012701892219 0.026051079101429
0.930371013501972 0.026978381151130
0.927682130080253 0.027917545084430
0.924946346493432 0.028868749637673
0.922163962751008 0.029831869537677
0.919335283972712 0.030806742942523
0.916460620355050 0.031793211049623
0.913540287137281 0.032791132286290
0.910574604566852 0.033800369479509
0.907563897864277 0.034820809079900
0.904508497187474 0.035852346069435
0.901408737595557 0.036894900900486
0.898264959012098 0.037948402444163
0.895077506187845 0.039012655719291
0.891846728662920 0.040087418051520
0.888572980728485 0.041172447679201
0.885256621387895 0.042267476884186
0.881898014317321 0.043372224967566
0.878497527825878 0.044486424230165
0.875055534815230 0.045609806528527
0.871572412738697 0.046742114548493
0.868048543559867 0.047883070630946
0.864484313710706 0.049032388532120
0.860880114049181 0.050189779334287
0.857236339816402 0.051354910830292
0.853553390593274 0.052527447174166
0.849831670256683 0.053707039989323
0.846071586935203 0.054893359500169
0.842273552964344 0.056086046819403
0.838437984841330 0.057284763059033
0.834565303179429 0.058489154080814
0.830655932661826 0.059698857759907
0.826710301995053 0.060913519894035
0.822728843861975 0.062132762093559
0.818711994874345 0.063356186828188
0.814660195524919 0.064583415764131
0.810573890139155 0.065814052634245
0.806453526826488 0.067047699959702
0.802299557431188 0.068283958301620
0.798112437482808 0.069522430883702
0.793892626146237 0.070762699854882
0.789640586171339 0.072004360195740
0.785356783842216 0.073246994551884
0.781041688926065 0.074490180179806
0.776695774621672 0.075733486418624
0.772319517507513 0.076976475218916
0.767913397489498 0.078218722223762
0.763477897748339 0.079459778145403
0.759013504686565 0.080699214174048
0.754520707875186 0.081936585594574
0.750000000000000 0.083171455558492
0.745451876807570 0.084403372256599
0.740876837050858 0.085631854765898
0.736275382434527 0.086856445274929
0.731648017559931 0.088076671006424
0.726995249869773 0.089292062863542
0.722317589592464 0.090502158985239
0.717615549686164 0.091706492944852
0.712889645782536 0.092904601944567
0.708140396130201 0.094095989550506
0.703368321537900 0.095280125171835
0.698573945317390 0.096456481036061
0.693757793226052 0.097624529071990
0.688920393409234 0.098783715599984
0.684062276342339 0.099933457881988
0.679183974772650 0.101073163381101
0.674286023660908 0.102202235399044
0.669368960122646 0.103320097462580
0.664433323369292 0.104426220818677
0.659479654649035 0.105520119918884
0.654508497187474 0.106601316017501
0.649520396128043 0.107669321616737
0.644515898472236 0.108723675342791
0.639495553019615 0.109763954705312
0.634459910307633 0.110789745454692
0.629409522551260 0.111800630631781
0.624344943582428 0.112796214483077
0.619266728789291 0.113776124552756
0.614175435055328 0.114740037354026
0.609071620698271 0.115687632652776
0.603955845408880 0.116618592939424
0.598828670189563 0.117532611670647
0.593690657292862 0.118429439322417
0.588542370159792 0.119308835668346
0.583384373358051 0.120170583377086
0.578217232520115 0.121014459642264
0.573041514281206 0.121840253185850
0.567857786217152 0.122647726469799
0.562666616782152 0.123436645918134
0.557468575246433 0.124206779166216
0.552264231633827 0.124957908331085
0.547054156659257 0.125689813261268
0.541838921666158 0.126402283617920
0.536619098563816 0.127095116421312
0.531395259764657 0.127768110725707
0.526167978121472 0.128421075055061
0.520937826864600 0.129053827920670
0.515705379539064 0.129666202588976
0.510471209941678 0.130258036592587
0.505235892058123 0.130829176898861
0.500000000000000 0.131379483110277
0.494764107941877 0.131908812739389
0.489528790058322 0.132417036916963
0.484294620460936 0.132904023932554
0.479062173135400 0.133369657477737
0.473832021878528 0.133813824590918
0.468604740235343 0.134236421115783
0.463380901436184 0.134637334137740
0.458161078333842 0.135016448444690
0.452945843340743 0.135373659455806
0.447735768366173 0.135708871908465
0.442531424753567 0.136021996138794
0.437333383217848 0.136312941416015
0.432142213782848 0.136581613442643
0.426958485718794 0.136827932202403
0.421782767479885 0.137051823070092
0.416615626641949 0.137253222145593
0.411457629840209 0.137432061620152
0.406309342707138 0.137588272755930
0.401171329810437 0.137721796161469
0.396044154591120 0.137832582727741
0.390928379301729 0.137920592412461
0.385824564944672 0.137985772058144
0.380733271210710 0.138028056684930
0.375655056417573 0.138047390331012
0.370590477448740 0.138043728945564
0.365540089692367 0.138017039101189
0.360504446980385 0.137967291032037
0.355484101527764 0.137894457333073
0.350479603871957 0.137798522454380
0.345491502812526 0.137679482322554
0.340520345350965 0.137537342312130
0.335566676630708 0.137372061637586
0.330631039877354 0.137183560722558
0.325713976339092 0.136971771854020
0.320816025227350 0.136736643208631
0.315937723657661 0.136478133875547
0.311079606590766 0.136196209444846
0.306242206773949 0.135890840570969
0.301426054682610 0.135562013347747
0.296631678462100 0.135209729791615
0.291859603869799 0.134834000493890
0.287110354217464 0.134434816633036
0.282384450313836 0.134012177408040
0.277682410407536 0.133566094257121
0.273004750130227 0.133096599924921
0.268351982440069 0.132603734292003
0.263724617565473 0.132087542885469
0.259123162949143 0.131548090527718
0.254548123192430 0.130985451921139
0.250000000000000 0.130399720065893
0.245479292124815 0.129790919630326
0.240986495313435 0.129159047236160
0.236522102251661 0.128504124048694
0.232086602510502 0.127826186821766
0.227680482492487 0.127125298208337
0.223304225378328 0.126401541548101
0.218958311073935 0.125655023607802
0.214643216157784 0.124885868670950
0.210359413828661 0.124094217926746
0.206107373853763 0.123280177140515
0.201887562517192 0.122443867747281
0.197700442568813 0.121585430965440
0.193546473173512 0.120705028942532
0.189426109860845 0.119802859192984
0.185339804475081 0.118879136960813
0.181288005125655 0.117934099673625
0.177271156138025 0.116968008559311
0.173289698004947 0.115981087945188
0.169344067338174 0.114973560592742
0.165434696820571 0.113945677838330
0.161562015158670 0.112897710647272
0.157726447035656 0.111829983093788
0.153928413064797 0.110742843384864
0.150168329743317 0.109636670680485
0.146446609406726 0.108511818576178
0.142763660183598 0.107368538403964
0.139119885950819 0.106207077091770
0.135515686289294 0.105027717699653
0.131951456440133 0.103830751413240
0.128427587261303 0.102616490616007
0.124944465184770 0.101385271189674
0.121502472174122 0.100137459506305
0.118101985682679 0.098873390843482
0.114743378612105 0.097593423965221
0.111427019271515 0.096297945312195
0.108153271337080 0.094987226507280
0.104922493812155 0.093661458813944
0.101735040987902 0.092320872651480
0.098591262404443 0.090965796343812
0.095491502812526 0.089596613444875
0.092436102135723 0.088213790264919
0.089425395433148 0.086817747360594
0.086459712862719 0.085408796276049
0.083539379644950 0.083987289367493
0.080664716027288 0.082553563917252
0.077836037248993 0.081107889958886
0.075053653506568 0.079650594614512
0.072317869919747 0.078182086085408
0.069628986498028 0.076702893799832
0.066987298107781 0.075213599045733
0.064393094439905 0.073714670375810
0.061846659978068 0.072206487875696
0.059348273967504 0.070689442327007
0.056898210384393 0.069163852964646
0.054496737905816 0.067630019773041
0.052144119880294 0.066088376892881
0.049840614298903 0.064539480164947
0.047586473766990 0.062983949858545
0.045381945476466 0.061422413527207
0.043227271178700 0.059855514609022
0.041122687158010 0.058283723063301
0.039068424205750 0.056707192283984
0.037064707595003 0.055126168610668
0.035111757055874 0.053541043253813
0.033209786751399 0.051952333014148
0.031359005254054 0.050360690391141
0.029559615522887 0.048766918787405
0.027811814881260 0.047171707196831
0.026115794995207 0.045575695113245
0.024471741852423 0.043979177622720
0.022879835741862 0.042382225653336
0.021340251233966 0.040785214386874
0.019853157161529 0.039188718415812
0.018418716601171 0.037593436610608
0.017037086855466 0.036000264913422
0.015708419435685 0.034410512958201
0.014432860045182 0.032825166750866
0.013210548563420 0.031243839849649
0.012041619030626 0.029665856985933
0.010926199633097 0.028090397106203
0.009864412689139 0.026516867863544
0.008856374635656 0.024944768032227
0.007902196015379 0.023373741327871
0.007001981464748 0.021803426580123
0.006155829702431 0.020233943953163
0.005363833518506 0.018666887698765
0.004626079764278 0.017106079565900
0.003942649342761 0.015556297760464
0.003313617199802 0.014023183812416
0.002739052315863 0.012513917441122
0.002219017698460 0.011037436298058
0.001753570375248 0.009605276815105
0.001342761387771 0.008231890987090
0.000986635785864 0.006923559757567
0.000685232622713 0.005670461355581
0.000438584950571 0.004464296130225
0.000246719817134 0.003298492841868
0.000109658262577 0.002168261303254
0.000027415317244 0.001069837455306
0.000000000000000 0.000000000000000
0.000027415317244 -0.001043919118857
0.000109658262577 -0.002064092706197
0.000246719817134 -0.003063381847901
0.000438584950571 -0.004046516846910
0.000685232622713 -0.005010938648368
0.000986635785864 -0.005951247629268
0.001342761387771 -0.006861622563984
0.001753570375248 -0.007735960562748
0.002219017698460 -0.008568503528603
0.002739052315863 -0.009352737988528
0.003313617199802 -0.010083195958518
0.003942649342761 -0.010758304998872
0.004626079764278 -0.011383092971955
0.005363833518506 -0.011965296554660
0.006155829702431 -0.012510170362294
0.007001981464748 -0.013021968290706
0.007902196015379 -0.013504840750707
0.008856374635656 -0.013962906297448
0.009864412689139 -0.014400214736636
0.010926199633097 -0.014822022998599
0.012041619030626 -0.015235108635726
0.013210548563420 -0.015644173314778
0.014432860045182 -0.016051081069010
0.015708419435684 -0.016455137563995
0.017037086855466 -0.016853540906686
0.018418716601171 -0.017244374500617
0.019853157161528 -0.017626370794725
0.021340251233966 -0.017998296142823
0.022879835741862 -0.018359084558260
0.024471741852423 -0.018708105907840
0.026115794995207 -0.019045085794992
0.027811814881259 -0.019370190583804
0.029559615522887 -0.019683529991020
0.031359005254054 -0.019984664705466
0.033209786751399 -0.020273166384191
0.035111757055874 -0.020548707947972
0.037064707595003 -0.020811103161744
0.039068424205750 -0.021060316902634
0.041122687158009 -0.021296466080848
0.043227271178699 -0.021519789443684
0.045381945476466 -0.021730737278121
0.047586473766990 -0.021930018442102
0.049840614298903 -0.022118305019765
0.052144119880293 -0.022295504730145
0.054496737905816 -0.022461391086186
0.056898210384393 -0.022615660664621
0.059348273967504 -0.022758023002680
0.061846659978068 -0.022888293137309
0.064393094439905 -0.023006387160290
0.066987298107781 -0.023112314711554
0.069628986498028 -0.023206193395140
0.072317869919747 -0.023288205498998
0.075053653506568 -0.023358519187273
0.077836037248992 -0.023417344133903
0.080664716027288 -0.023464706169442
0.083539379644950 -0.023500475022498
0.086459712862719 -0.023524568818513
0.089425395433148 -0.023536993092858
0.092436102135723 -0.023537810935260
0.095491502812526 -0.023527140282966
0.098591262404443 -0.023505155722594
0.101735040987902 -0.023472076174233
0.104922493812155 -0.023428100024848
0.108153271337080 -0.023373447336788
0.111427019271514 -0.023308309535554
0.114743378612105 -0.023232678720461
0.118101985682679 -0.023146531497639
0.121502472174122 -0.023049883620149
0.124944465184770 -0.022942807961583
0.128427587261303 -0.022825412075720
0.131951456440133 -0.022697837603079
0.135515686289294 -0.022560270635581
0.139119885950819 -0.022412928708558
0.142763660183598 -0.022256004256476
0.146446609406726 -0.022089605267583
0.150168329743317 -0.021913851684372
0.153928413064796 -0.021728868479322
0.157726447035656 -0.021534749196789
0.161562015158669 -0.021331596188224
0.165434696820571 -0.021119536801795
0.169344067338174 -0.020898742890792
0.173289698004947 -0.020669418522778
0.177271156138025 -0.020431789883326
0.181288005125655 -0.020186049395508
0.185339804475081 -0.019932353071582
0.189426109860845 -0.019670875235346
0.193546473173511 -0.019401784426051
0.197700442568812 -0.019125204943677
0.201887562517192 -0.018841254484070
0.206107373853763 -0.018550060081955
0.210359413828660 -0.018251778409642
0.214643216157784 -0.017946595081922
0.218958311073935 -0.017634710393667
0.223304225378328 -0.017316336158688
0.227680482492486 -0.016991652890916
0.232086602510501 -0.016660819757902
0.236522102251661 -0.016324004834971
0.240986495313435 -0.015981380467152
0.245479292124814 -0.015633108015579
0.250000000000000 -0.015279346291271
0.254548123192429 -0.014920260554329
0.259123162949142 -0.014556023120401
0.263724617565473 -0.014186824297603
0.268351982440069 -0.013812863959193
0.273004750130227 -0.013434348471063
0.277682410407536 -0.013051491200963
0.282384450313836 -0.012664458997960
0.287110354217464 -0.012273386426112
0.291859603869799 -0.011878411791320
0.296631678462100 -0.011479679441290
0.301426054682609 -0.011077340161126
0.306242206773948 -0.010671543463547
0.311079606590766 -0.010262452509598
0.315937723657661 -0.009850226822360
0.320816025227350 -0.009435033732732
0.325713976339092 -0.009017041176453
0.330631039877354 -0.008596416929720
0.335566676630708 -0.008173338711541
0.340520345350965 -0.007747981307388
0.345491502812526 -0.007320526248909
0.350479603871956 -0.006891154002170
0.355484101527764 -0.006460051250133
0.360504446980385 -0.006027406012721
0.365540089692367 -0.005593409662945
0.370590477448739 -0.005158250918354
0.375655056417572 -0.004722120102729
0.380733271210709 -0.004285213000906
0.385824564944672 -0.003847722829907
0.390928379301728 -0.003409830032304
0.396044154591120 -0.002971694015662
0.401171329810437 -0.002533468365462
0.406309342707137 -0.002095314710276
0.411457629840208 -0.001657391811180
0.416615626641949 -0.001219860895941
0.421782767479884 -0.000782885183667
0.426958485718794 -0.000346624887354
0.432142213782848 0.000088752655518
0.437333383217848 0.000523081514760
0.442531424753567 0.000956176799979
0.447735768366173 0.001387850249416
0.452945843340743 0.001817911250486
0.458161078333842 0.002246171137450
0.463380901436184 0.002672436610287
0.468604740235343 0.003096515475538
0.473832021878528 0.003518211870790
0.479062173135400 0.003937332348856
0.484294620460935 0.004353683443028
0.489528790058321 0.004767076386984
0.494764107941877 0.005177324022327
0.500000000000000 0.005584244858435
0.505235892058122 0.005987656742079
0.510471209941678 0.006387379503043
0.515705379539064 0.006783237402149
0.520937826864600 0.007175057507648
0.526167978121472 0.007562671551159
0.531395259764656 0.007945914609764
0.536619098563816 0.008324619775610
0.541838921666157 0.008698622730184
0.547054156659257 0.009067754716141
0.552264231633827 0.009431852768459
0.557468575246433 0.009790755901831
0.562666616782152 0.010144303558369
0.567857786217152 0.010492327023412
0.573041514281206 0.010834654172547
0.578217232520115 0.011171114864475
0.583384373358051 0.011501546132308
0.588542370159791 0.011825788724452
0.593690657292862 0.012143688508643
0.598828670189563 0.012455097665460
0.603955845408879 0.012759872584261
0.609071620698271 0.013057875257366
0.614175435055328 0.013348963844106
0.619266728789290 0.013632993172399
0.624344943582427 0.013909823411979
0.629409522551260 0.014179318448392
0.634459910307633 0.014441348495090
0.639495553019614 0.014695789130098
0.644515898472235 0.014942519426094
0.649520396128043 0.015181427657736
0.654508497187474 0.015412405903423
0.659479654649035 0.015635350453408
0.664433323369291 0.015850162462059
0.669368960122646 0.016056750678092
0.674286023660907 0.016255025950592
0.679183974772650 0.016444910060451
0.684062276342339 0.016626323482505
0.688920393409233 0.016799193635546
0.693757793226051 0.016963453883781
0.698573945317390 0.017119044981279
0.703368321537900 0.017265914426966
0.708140396130200 0.017404016045647
0.712889645782536 0.017533312069321
0.717615549686163 0.017653770114338
0.722317589592464 0.017765368312918
0.726995249869773 0.017868094645655
0.731648017559930 0.017961944480047
0.736275382434527 0.018046921230487
0.740876837050857 0.018123034051271
0.745451876807570 0.018190299324707
0.750000000000000 0.018248741261853
0.754520707875185 0.018298389846583
0.759013504686565 0.018339284355016
0.763477897748338 0.018371475603845
0.767913397489498 0.018395021906233
0.772319517507513 0.018409987470945
0.776695774621672 0.018416420005780
0.781041688926065 0.018414338126589
0.785356783842216 0.018403765985301
0.789640586171339 0.018384735960333
0.793892626146236 0.018357279122207
0.798112437482808 0.018321428503841
0.802299557431187 0.018277226478824
0.806453526826488 0.018224726651082
0.810573890139155 0.018163996235169
0.814660195524918 0.018095112913727
0.818711994874345 0.018018162758822
0.822728843861975 0.017933232211708
0.826710301995052 0.017840410730177
0.830655932661826 0.017739796501841
0.834565303179429 0.017631491983684
0.838437984841330 0.017515600972584
0.842273552964344 0.017392234260995
0.846071586935203 0.017261513658991
0.849831670256683 0.017123566494903
0.853553390593274 0.016978531426063
0.857236339816401 0.016826556495571
0.860880114049181 0.016667814549439
0.864484313710706 0.016502487134692
0.868048543559867 0.016330742157055
0.871572412738697 0.016152673663353
0.875055534815230 0.015968369822218
0.878497527825878 0.015777919677940
0.881898014317321 0.015581387146209
0.885256621387894 0.015378850380648
0.888572980728485 0.015170407117628
0.891846728662920 0.014956181235783
0.895077506187845 0.014736312000350
0.898264959012098 0.014510957670569
0.901408737595557 0.014280298023850
0.904508497187474 0.014044507695802
0.907563897864277 0.013803748381229
0.910574604566852 0.013558172450011
0.913540287137281 0.013307796158637
0.916460620355049 0.013052579985937
0.919335283972712 0.012792536758411
0.922163962751007 0.012527729459232
0.924946346493432 0.012258253233873
0.927682130080253 0.011984229095373
0.930371013501972 0.011705803560997
0.933012701892219 0.011423160358969
0.935606905560095 0.011136503987472
0.938153340021932 0.010846075518458
0.940651726032496 0.010552136741380
0.943101789615607 0.010254930865781
0.945503262094184 0.009954698644553
0.947855880119706 0.009651698663508
0.950159385701097 0.009346207088641
0.952413526233010 0.009038537581494
0.954618054523534 0.008729023256241
0.956772728821300 0.008418028469082
0.958877312841991 0.008105931623149
0.960931575794250 0.007793133225274
0.962935292404997 0.007480061801064
0.964888242944126 0.007167151657925
0.966790213248601 0.006854857994502
0.968640994745946 0.006543634127179
0.970440384477113 0.006233944132637
0.972188185118740 0.005926253519857
0.973884205004793 0.005621039684695
0.975528258147577 0.005318795991069
0.977120164258138 0.005020016860685
0.978659748766034 0.004725215574527
0.980146842838471 0.004434894510940
0.981581283398829 0.004149567231826
0.982962913144534 0.003869754953543
0.984291580564316 0.003595961936597
0.985567139954818 0.003328702520100
0.986789451436580 0.003068505272959
0.987958380969374 0.002815917557014
0.989073800366903 0.002571467905678
0.990135587310861 0.002335668070215
0.991143625364344 0.002109003185705
0.992097803984621 0.001891928371237
0.992998018535252 0.001684888749956
0.993844170297569 0.001488290248979
0.994636166481494 0.001302535672801
0.995373920235722 0.001127978488434
0.996057350657239 0.000964966504696
0.996686382800198 0.000813823224360
0.997260947684137 0.000674831032933
0.997780982301540 0.000548263942263
0.998246429624752 0.000434363083978
0.998657238612229 0.000333349737479
0.999013364214136 0.000245412951037
0.999314767377287 0.000170721342777
0.999561415049429 0.000109417210178
0.999753280182866 0.000061613988534
0.999890341737423 0.000027403919994
0.999972584682756 0.000006853843146
1.000000000000000 0.000000000000000
