1.000000000000000 0.000000000000000
0.999972584682756 0.000012524179484
0.999890341737423 0.000049930154013
0.999753280182866 0.000111729295105
0.999561415049429 0.000197114007474
0.999314767377287 0.000304982998835
0.999013364214136 0.000433994443747
0.998657238612229 0.000582567071398
0.998246429624752 0.000748972452317
0.997780982301540 0.000931339814650
0.997260947684137 0.001127741567741
0.996686382800198 0.001336233546182
0.996057350657239 0.001554918103490
0.995373920235722 0.001782002257922
0.994636166481494 0.002015857419409
0.993844170297569 0.002255064201187
0.992998018535252 0.002498497065343
0.992097803984621 0.002745355274266
0.991143625364344 0.002995245332329
0.990135587310861 0.003248243144307
0.989073800366903 0.003504920615843
0.987958380969374 0.003766532918791
0.986789451436580 0.004035092652770
0.985567139954818 0.004312238364993
0.984291580564316 0.004598526947365
0.982962913144534 0.004893396661557
0.981581283398829 0.005196537615849
0.980146842838472 0.005507662895306
0.978659748766034 0.005826446928403
0.977120164258138 0.006152593065263
0.975528258147577 0.006485831414883
0.973884205004793 0.006825904071513
0.972188185118741 0.007172571496600
0.970440384477113 0.007525644943277
0.968640994745946 0.007884997800316
0.966790213248601 0.008250601768405
0.964888242944126 0.008622498243926
0.962935292404997 0.009000761180540
0.960931575794250 0.009385551345859
0.958877312841991 0.009777072392090
0.956772728821300 0.010175606570307
0.954618054523534 0.010581494635504
0.952413526233010 0.010995220613940
0.950159385701097 0.011417281724663
0.947855880119706 0.011848009927173
0.945503262094184 0.012287589785000
0.943101789615607 0.012735909243901
0.940651726032496 0.013192848411237
0.938153340021932 0.013658328699923
0.935606905560095 0.014132282852736
0.933012701892219 0.014614620532583
0.930371013501972 0.015105250407479
0.927682130080253 0.015604081689262
0.924946346493432 0.016111022263678
0.922163962751008 0.016625975033880
0.919335283972712 0.017148836649224
0.916460620355050 0.017679500879551
0.913540287137281 0.018217850995510
0.910574604566852 0.018763772051827
0.907563897864277 0.019317144259855
0.904508497187474 0.019877845340669
0.901408737595557 0.020445749944199
0.898264959012098 0.021020727186049
0.895077506187845 0.021602645945242
0.891846728662920 0.022191374174337
0.888572980728485 0.022786792032461
0.885256621387895 0.023388830225527
0.881898014317321 0.023997422395871
0.878497527825878 0.024612502566637
0.875055534815230 0.025233995158687
0.871572412738697 0.025861835994966
0.868048543559867 0.026495979331638
0.864484313710706 0.027136401233500
0.860880114049181 0.027783057609865
0.857236339816402 0.028435803248159
0.853553390593274 0.029094464962351
0.849831670256683 0.029758826860490
0.846071586935203 0.030428513497741
0.842273552964344 0.031103091894152
0.838437984841330 0.031782106671332
0.834565303179429 0.032465101498422
0.830655932661826 0.033151600266294
0.826710301995053 0.033841117843312
0.822728843861975 0.034533197523859
0.818711994874345 0.035227409401837
0.814660195524919 0.035923305988721
0.810573890139155 0.036620595055349
0.806453526826488 0.037319203821828
0.802299557431188 0.038019085347266
0.798112437482808 0.038720189593507
0.793892626146237 0.039422458259468
0.789640586171339 0.040125823702666
0.785356783842216 0.040830232663264
0.781041688926065 0.041535609024599
0.776695774621672 0.042241842915743
0.772319517507513 0.042948834324407
0.767913397489498 0.043656472677256
0.763477897748339 0.044364589497013
0.759013504686565 0.045072972042453
0.754520707875186 0.045781406233688
0.750000000000000 0.046489678442238
0.745451876807570 0.047197575962918
0.740876837050858 0.047904897282202
0.736275382434527 0.048611432565279
0.731648017559931 0.049316991459942
0.726995249869773 0.050021468515049
0.722317589592464 0.050724790677744
0.717615549686164 0.051426894619084
0.712889645782536 0.052127722113917
0.708140396130201 0.052827273736957
0.703368321537900 0.053525581322257
0.698573945317390 0.054222685893461
0.693757793226052 0.054918621757246
0.688920393409234 0.055613286809957
0.684062276342339 0.056306439643953
0.679183974772650 0.056997846507083
0.674286023660908 0.057687259633564
0.669368960122646 0.058374352328787
0.664433323369292 0.059058596454118
0.659479654649035 0.059739435226338
0.654508497187474 0.060416303263268
0.649520396128043 0.061088648271600
0.644515898472236 0.061756030653283
0.639495553019615 0.062418070164365
0.634459910307633 0.063074388459452
0.629409522551260 0.063724609110210
0.624344943582428 0.064368438134045
0.619266728789291 0.065005794189134
0.614175435055328 0.065636616370315
0.609071620698271 0.066260859399351
0.603955845408880 0.066878471404273
0.598828670189563 0.067489326559998
0.593690657292862 0.068093222957086
0.588542370159792 0.068689967086850
0.583384373358051 0.069279357364174
0.578217232520115 0.069861175699958
0.573041514281206 0.070434975141805
0.567857786217152 0.071000221199054
0.562666616782152 0.071556367356758
0.557468575246433 0.072102880991472
0.552264231633827 0.072639248891699
0.547054156659257 0.073165070900843
0.541838921666158 0.073679972107469
0.536619098563816 0.074183585670352
0.531395259764657 0.074675548013289
0.526167978121472 0.075155577910599
0.520937826864600 0.075623610855994
0.515705379539064 0.076079614347467
0.510471209941678 0.076523568837380
0.505235892058123 0.076955455546405
0.500000000000000 0.077375197886805
0.494764107941877 0.077782598953181
0.489528790058322 0.078177456371393
0.484294620460936 0.078559571472717
0.479062173135400 0.078928750774173
0.473832021878528 0.079284685046970
0.468604740235343 0.079626892251279
0.463380901436184 0.079954883732092
0.458161078333842 0.080268177798086
0.452945843340743 0.080566307088707
0.447735768366173 0.080848915035932
0.442531424753567 0.081115776801517
0.437333383217848 0.081366681875282
0.432142213782848 0.081601428187822
0.426958485718794 0.081819828883507
0.421782767479885 0.082021836442073
0.416615626641949 0.082207521971013
0.411457629840209 0.082376967947470
0.406309342707138 0.082530261517922
0.401171329810437 0.082667480918955
0.396044154591120 0.082788554207401
0.390928379301729 0.082893328053173
0.385824564944672 0.082981656680608
0.380733271210710 0.083053404258321
0.375655056417573 0.083108417380158
0.370590477448740 0.083146407685502
0.365540089692367 0.083167053212881
0.360504446980385 0.083170045865158
0.355484101527764 0.083155092421917
0.350479603871957 0.083121996899270
0.345491502812526 0.083070766219762
0.340520345350965 0.083001443903581
0.335566676630708 0.082914082246655
0.330631039877354 0.082808747366540
0.325713976339092 0.082685602096204
0.320816025227350 0.082544891125795
0.315937723657661 0.082386866315601
0.311079606590766 0.082211786633414
0.306242206773949 0.082019898217485
0.301426054682610 0.081811384681435
0.296631678462100 0.081586420205090
0.291859603869799 0.081345187443074
0.287110354217464 0.081087874421027
0.282384450313836 0.080814654731067
0.277682410407536 0.080525697204531
0.273004750130227 0.080221173314117
0.268351982440069 0.079901266411376
0.263724617565473 0.079566176613820
0.259123162949143 0.079216125326747
0.254548123192430 0.078851344660668
0.250000000000000 0.078472074441805
0.245479292124815 0.078078572995203
0.240986495313435 0.077671142418017
0.236522102251661 0.077250095564585
0.232086602510502 0.076815755323299
0.227680482492487 0.076368429417152
0.223304225378328 0.075908351929793
0.218958311073935 0.075435750864119
0.214643216157784 0.074950862600793
0.210359413828661 0.074453833207040
0.206107373853763 0.073944485666125
0.201887562517192 0.073422593114978
0.197700442568813 0.072887959508808
0.193546473173512 0.072340428510716
0.189426109860845 0.071779904829053
0.185339804475081 0.071206313673712
0.181288005125655 0.070619623694582
0.177271156138025 0.070019869409133
0.173289698004947 0.069407158179128
0.169344067338174 0.068781614236871
0.165434696820571 0.068143398768569
0.161562015158670 0.067492723087029
0.157726447035656 0.066829823622516
0.153928413064797 0.066154959559849
0.150168329743317 0.065468379962998
0.146446609406726 0.064770356018655
0.142763660183598 0.064061160488006
0.139119885950819 0.063340990019688
0.135515686289294 0.062609826784994
0.131951456440133 0.061867682492584
0.128427587261303 0.061114592989988
0.124944465184770 0.060350661066751
0.121502472174122 0.059576018066741
0.118101985682679 0.058790832533570
0.114743378612105 0.057995299599239
0.111427019271515 0.057189629027426
0.108153271337080 0.056374064656454
0.104922493812155 0.055548773081527
0.101735040987902 0.054713951623644
0.098591262404443 0.053869837363426
0.095491502812526 0.053016691373810
0.092436102135723 0.052154822769277
0.089425395433148 0.051284604398048
0.086459712862719 0.050406482303762
0.083539379644950 0.049520886312499
0.080664716027288 0.048627906935998
0.077836037248993 0.047727513202735
0.075053653506568 0.046819681860572
0.072317869919747 0.045904416621134
0.069628986498028 0.044981786767620
0.066987298107781 0.044051948963377
0.064393094439905 0.043115188838917
0.061846659978068 0.042171803307173
0.059348273967504 0.041222185618466
0.056898210384393 0.040266669677365
0.054496737905816 0.039305315431005
0.052144119880294 0.038338216910016
0.049840614298903 0.037365565486587
0.047586473766990 0.036387651927439
0.045381945476466 0.035404845069912
0.043227271178700 0.034417579529585
0.041122687158010 0.033426433192789
0.039068424205750 0.032432029787677
0.037064707595003 0.031434883866845
0.035111757055874 0.030435357931042
0.033209786751399 0.029433943710775
0.031359005254054 0.028431262438129
0.029559615522887 0.027428130193791
0.027811814881260 0.026425534374297
0.026115794995207 0.025424576052627
0.024471741852423 0.024426528193187
0.022879835741862 0.023432934098543
0.021340251233966 0.022444309777049
0.019853157161529 0.021459824920783
0.018418716601171 0.020478570337503
0.017037086855466 0.019499792231039
0.015708419435685 0.018522961419479
0.014432860045182 0.017547751455825
0.013210548563420 0.016573977785501
0.012041619030626 0.015601601793646
0.010926199633097 0.014630826121616
0.009864412689139 0.013662687076884
0.008856374635656 0.012700437611151
0.007902196015379 0.011748598422691
0.007001981464748 0.010812455074814
0.006155829702431 0.009897881286683
0.005363833518506 0.009011082840001
0.004626079764278 0.008158236675213
0.003942649342761 0.007345520133157
0.003313617199802 0.006578529856357
0.002739052315863 0.005859199582846
0.002219017698460 0.005178813519975
0.001753570375248 0.004528742375962
0.001342761387771 0.003903711565866
0.000986635785864 0.003299859204757
0.000685232622713 0.002714257519916
0.000438584950571 0.002144874497671
0.000246719817134 0.001589955694266
0.000109658262577 0.001048165800709
0.000027415317244 0.000518479203184
0.000000000000000 0.000000000000000
0.000027415317244 -0.000509784191090
0.000109658262577 -0.001026394771520
0.000246719817134 -0.001554247945212
0.000438584950571 -0.002092010816449
0.000685232622713 -0.002637836755552
0.000986635785864 -0.003189612915925
0.001342761387771 -0.003744667196274
0.001753570375248 -0.004299860227093
0.002219017698460 -0.004851222066982
0.002739052315863 -0.005393478427194
0.003313617199802 -0.005920500548141
0.003942649342761 -0.006426795958448
0.004626079764278 -0.006908821380152
0.005363833518506 -0.007364724622863
0.006155829702431 -0.007794213402603
0.007001981464748 -0.008198393922275
0.007902196015379 -0.008579859031201
0.008856374635656 -0.008942823787238
0.009864412689139 -0.009293011464916
0.010926199633097 -0.009638345105825
0.012041619030626 -0.009990616945085
0.013210548563420 -0.010359775958674
0.014432860045182 -0.010748719444403
0.015708419435684 -0.011157034313776
0.017037086855466 -0.011582541049007
0.018418716601171 -0.012023424565167
0.019853157161528 -0.012477379851369
0.021340251233966 -0.012941400227860
0.022879835741862 -0.013412122154089
0.024471741852423 -0.013885520745264
0.026115794995207 -0.014356723988795
0.027811814881259 -0.014821510434638
0.029559615522887 -0.015276841511837
0.031359005254054 -0.015722129565132
0.033209786751399 -0.016157960013034
0.035111757055874 -0.016584678314461
0.037064707595003 -0.017002846436970
0.039068424205750 -0.017413403737490
0.041122687158009 -0.017817557576641
0.043227271178699 -0.018216751633778
0.045381945476466 -0.018612851121325
0.047586473766990 -0.019008148557985
0.049840614298903 -0.019403746003172
0.052144119880293 -0.019799310834870
0.054496737905816 -0.020194299289714
0.056898210384393 -0.020587981119870
0.059348273967504 -0.020979645871459
0.061846659978068 -0.021368622508692
0.064393094439905 -0.021754214301212
0.066987298107781 -0.022135686362834
0.069628986498028 -0.022512304248928
0.072317869919747 -0.022883410440608
0.075053653506568 -0.023248405194386
0.077836037248992 -0.023607105139418
0.080664716027288 -0.023959555427425
0.083539379644950 -0.024305825821746
0.086459712862719 -0.024646008059253
0.089425395433148 -0.024980257802967
0.092436102135723 -0.025308813661873
0.095491502812526 -0.025631975402417
0.098591262404443 -0.025950083239784
0.101735040987902 -0.026263507140833
0.104922493812155 -0.026572569526582
0.108153271337080 -0.026877071540813
0.111427019271514 -0.027176644681340
0.114743378612105 -0.027470940959116
0.118101985682679 -0.027759645470435
0.121502472174122 -0.028042453026876
0.124944465184770 -0.028319043050597
0.128427587261303 -0.028589074965416
0.131951456440133 -0.028852211192705
0.135515686289294 -0.029108205209244
0.139119885950819 -0.029356896617839
0.142763660183598 -0.029598145241963
0.146446609406726 -0.029831895018161
0.150168329743317 -0.030058171196018
0.153928413064796 -0.030277025742968
0.157726447035656 -0.030488536860684
0.161562015158669 -0.030692813576724
0.165434696820571 -0.030889989062675
0.169344067338174 -0.031080174890720
0.173289698004947 -0.031263396225472
0.177271156138025 -0.031439685666478
0.181288005125655 -0.031609059490065
0.185339804475081 -0.031771360025142
0.189426109860845 -0.031926365608012
0.193546473173511 -0.032073857244515
0.197700442568812 -0.032213626508040
0.201887562517192 -0.032345477903412
0.206107373853763 -0.032469221489194
0.210359413828660 -0.032584683169890
0.214643216157784 -0.032691794108379
0.218958311073935 -0.032790539508589
0.223304225378328 -0.032880915665414
0.227680482492486 -0.032962957672456
0.232086602510501 -0.033036804679953
0.236522102251661 -0.033102628818953
0.240986495313435 -0.033160618818202
0.245479292124814 -0.033210971730157
0.250000000000000 -0.033253884117482
0.254548123192429 -0.033289565406423
0.259123162949142 -0.033318239767227
0.263724617565473 -0.033340047926608
0.268351982440069 -0.033354954743973
0.273004750130227 -0.033362909678655
0.277682410407536 -0.033363866725104
0.282384450313836 -0.033357774926353
0.287110354217464 -0.033344563840692
0.291859603869799 -0.033324163091347
0.296631678462100 -0.033296505735077
0.301426054682609 -0.033261550025653
0.306242206773948 -0.033219360849322
0.311079606590766 -0.033170040623788
0.315937723657661 -0.033113699633461
0.320816025227350 -0.033050461049295
0.325713976339092 -0.032980532345133
0.330631039877354 -0.032904187219315
0.335566676630708 -0.032821712599120
0.340520345350965 -0.032733404720586
0.345491502812526 -0.032639530512637
0.350479603871956 -0.032540272037296
0.355484101527764 -0.032435803139457
0.360504446980385 -0.032326303465790
0.365540089692367 -0.032211947294659
0.370590477448739 -0.032092751538981
0.375655056417572 -0.031968621529434
0.380733271210709 -0.031839459546960
0.385824564944672 -0.031705169027417
0.390928379301728 -0.031565669137068
0.396044154591120 -0.031420936900142
0.401171329810437 -0.031270963905579
0.406309342707137 -0.031115746587543
0.411457629840208 -0.030955282707864
0.416615626641949 -0.030789672107043
0.421782767479884 -0.030619182407729
0.426958485718794 -0.030444102550305
0.432142213782848 -0.030264724912142
0.437333383217848 -0.030081346625097
0.442531424753567 -0.029894255356855
0.447735768366173 -0.029703733600592
0.452945843340743 -0.029510063628754
0.458161078333842 -0.029313533684634
0.463380901436184 -0.029114412548872
0.468604740235343 -0.028912786965450
0.473832021878528 -0.028708651674251
0.479062173135400 -0.028502003940673
0.484294620460935 -0.028292838710729
0.489528790058321 -0.028081151464248
0.494764107941877 -0.027866928576025
0.500000000000000 -0.027650154071863
0.505235892058122 -0.027430811027115
0.510471209941678 -0.027208885425062
0.515705379539064 -0.026984418322726
0.520937826864600 -0.026757601212515
0.526167978121472 -0.026528660126723
0.531395259764656 -0.026297817708605
0.536619098563816 -0.026065298922971
0.541838921666157 -0.025831350637672
0.547054156659257 -0.025596258772716
0.552264231633827 -0.025360315650875
0.557468575246433 -0.025123809393818
0.562666616782152 -0.024887021437506
0.567857786217152 -0.024650090871573
0.573041514281206 -0.024413009001360
0.578217232520115 -0.024175762950743
0.583384373358051 -0.023938338736980
0.588542370159791 -0.023700715118609
0.593690657292862 -0.023462790685328
0.598828670189563 -0.023224422505800
0.603955845408879 -0.022985472692463
0.609071620698271 -0.022745803295038
0.614175435055328 -0.022505322855374
0.619266728789290 -0.022264084994301
0.624344943582427 -0.022022172032124
0.629409522551260 -0.021779667416618
0.634459910307633 -0.021536656292223
0.639495553019614 -0.021293302186864
0.644515898472235 -0.021049857613559
0.649520396128043 -0.020806575925516
0.654508497187474 -0.020563705319737
0.659479654649035 -0.020321474525773
0.664433323369291 -0.020080037183610
0.669368960122646 -0.019839520325756
0.674286023660907 -0.019600049653486
0.679183974772650 -0.019361741884736
0.684062276342339 -0.019124594389074
0.688920393409233 -0.018888495754332
0.693757793226051 -0.018653330871976
0.698573945317390 -0.018418991046364
0.703368321537900 -0.018185371107391
0.708140396130200 -0.017952372271245
0.712889645782536 -0.017719901002599
0.717615549686163 -0.017487867779026
0.722317589592464 -0.017256225972325
0.726995249869773 -0.017025077782057
0.731648017559930 -0.016794557851649
0.736275382434527 -0.016564799825715
0.740876837050857 -0.016335940394688
0.745451876807570 -0.016108159644567
0.750000000000000 -0.015881643933999
0.754520707875185 -0.015656573802454
0.759013504686565 -0.015433115078553
0.763477897748338 -0.015211395912616
0.767913397489498 -0.014991528634752
0.772319517507513 -0.014773625576058
0.776695774621672 -0.014557723059609
0.781041688926065 -0.014343710260948
0.785356783842216 -0.014131459142886
0.789640586171339 -0.013920848186627
0.793892626146236 -0.013711767500439
0.798112437482808 -0.013504118330074
0.802299557431187 -0.013297806308012
0.806453526826488 -0.013092749318163
0.810573890139155 -0.012888894845716
0.814660195524918 -0.012686200121199
0.818711994874345 -0.012484630431611
0.822728843861975 -0.012284245339259
0.826710301995052 -0.012085182263410
0.830655932661826 -0.011887575436360
0.834565303179429 -0.011691545412889
0.838437984841330 -0.011497194872891
0.842273552964344 -0.011304616589110
0.846071586935203 -0.011113905647423
0.849831670256683 -0.010925160857493
0.853553390593274 -0.010738478988999
0.857236339816401 -0.010553922773681
0.860880114049181 -0.010371428339504
0.864484313710706 -0.010190905162599
0.868048543559867 -0.010012266675308
0.871572412738697 -0.009835426294644
0.875055534815230 -0.009660301113417
0.878497527825878 -0.009486819509145
0.881898014317321 -0.009314915247103
0.885256621387894 -0.009144531871316
0.888572980728485 -0.008975619950781
0.891846728662920 -0.008808134351082
0.895077506187845 -0.008642038382077
0.898264959012098 -0.008477304478206
0.901408737595557 -0.008313909433269
0.904508497187474 -0.008151840949375
0.907563897864277 -0.007991086104756
0.910574604566852 -0.007831641870954
0.913540287137281 -0.007673507908536
0.916460620355049 -0.007516691422911
0.919335283972712 -0.007361202508132
0.922163962751007 -0.007207055595985
0.924946346493432 -0.007054273056239
0.927682130080253 -0.006902879213781
0.930371013501972 -0.006752902169387
0.933012701892219 -0.006604375856918
0.935606905560095 -0.006457335136142
0.938153340021932 -0.006311825384300
0.940651726032496 -0.006167893946898
0.943101789615607 -0.006025575484237
0.945503262094184 -0.005884905533145
0.947855880119706 -0.005745987519211
0.950159385701097 -0.005608907791835
0.952413526233010 -0.005473398410951
0.954618054523534 -0.005339041842035
0.956772728821300 -0.005205289461313
0.958877312841991 -0.005071630193218
0.960931575794250 -0.004937693964378
0.962935292404997 -0.004803191480685
0.964888242944126 -0.004667902187047
0.966790213248601 -0.004531677668371
0.968640994745946 -0.004394434075699
0.970440384477113 -0.004256170121365
0.972188185118740 -0.004116910274789
0.973884205004793 -0.003976647850956
0.975528258147577 -0.003835388864708
0.977120164258138 -0.003693176082361
0.978659748766034 -0.003550143022577
0.980146842838471 -0.003406488239608
0.981581283398829 -0.003262465056670
0.982962913144534 -0.003118401231015
0.984291580564316 -0.002974613142082
0.985567139954818 -0.002831494357702
0.986789451436580 -0.002689670279832
0.987958380969374 -0.002548658869265
0.989073800366903 -0.002406995382314
0.990135587310861 -0.002262893022898
0.991143625364344 -0.002115368919986
0.992097803984621 -0.001964089606399
0.992998018535252 -0.001809202647897
0.993844170297569 -0.001651325008192
0.994636166481494 -0.001491452525165
0.995373920235722 -0.001330908328601
0.996057350657239 -0.001171264478389
0.996686382800198 -0.001014304669576
0.997260947684137 -0.000861939674769
0.997780982301540 -0.000716169748625
0.998246429624752 -0.000579007294618
0.998657238612229 -0.000452448362200
0.999013364214136 -0.000338378165900
0.999314767377287 -0.000238569697467
0.999561415049429 -0.000154592724504
0.999753280182866 -0.000087811507123
0.999890341737423 -0.000039300601273
0.999972584682756 -0.000009866135702
1.000000000000000 0.000000000000000
