1.000000000000000 0.000000000000000
0.999972584682756 0.000001044098290
0.999890341737423 0.000004189364560
0.999753280182866 0.000009476570696
0.999561415049429 0.000016972312633
0.999314767377287 0.000026769421085
0.999013364214136 0.000038983444923
0.998657238612229 0.000053752239190
0.998246429624752 0.000071234566295
0.997780982301540 0.000091606055912
0.997260947684137 0.000115056168103
0.996686382800198 0.000141787303606
0.996057350657239 0.000172006111566
0.995373920235722 0.000205924315890
0.994636166481494 0.000243753628811
0.993844170297569 0.000285698216488
0.992998018535252 0.000331950253957
0.992097803984621 0.000382686341801
0.991143625364344 0.000438058690994
0.990135587310861 0.000498193985645
0.989073800366903 0.000563179776702
0.987958380969374 0.000633062939449
0.986789451436580 0.000707841105247
0.985567139954818 0.000787537461115
0.984291580564316 0.000872223122539
0.982962913144534 0.000961949006951
0.981581283398829 0.001056743910866
0.980146842838472 0.001156602587223
0.978659748766034 0.001261490367796
0.977120164258138 0.001371334432268
0.975528258147577 0.001486023037307
0.973884205004793 0.001605403463647
0.972188185118741 0.001729261881721
0.970440384477113 0.001857390845184
0.968640994745946 0.001989741959744
0.966790213248601 0.002126313750331
0.964888242944126 0.002267126123950
0.962935292404997 0.002412190306150
0.960931575794250 0.002561511313864
0.958877312841991 0.002715096314124
0.956772728821300 0.002872952966733
0.954618054523534 0.003035083360589
0.952413526233010 0.003201487357723
0.950159385701097 0.003372161070540
0.947855880119706 0.003547130188217
0.945503262094184 0.003726435304351
0.943101789615607 0.003910127950987
0.940651726032496 0.004098264824989
0.938153340021932 0.004290905605596
0.935606905560095 0.004488115637421
0.933012701892219 0.004689963263010
0.930371013501972 0.004896521271601
0.927682130080253 0.005107872127459
0.924946346493432 0.005324103610051
0.922163962751008 0.005545282844815
0.919335283972712 0.005771472193331
0.916460620355050 0.006002718512011
0.913540287137281 0.006239064834342
0.910574604566852 0.006480553109269
0.907563897864277 0.006727229935503
0.904508497187474 0.006979140184797
0.901408737595557 0.007236332031490
0.898264959012098 0.007498854581736
0.895077506187845 0.007766752271173
0.891846728662920 0.008040058119192
0.888572980728485 0.008318807631024
0.885256621387895 0.008602997256858
0.881898014317321 0.008892614842955
0.878497527825878 0.009187648667314
0.875055534815230 0.009488083096822
0.871572412738697 0.009793902307435
0.868048543559867 0.010105081147318
0.864484313710706 0.010421583799729
0.860880114049181 0.010743376791921
0.857236339816402 0.011070435966043
0.853553390593274 0.011402747406765
0.849831670256683 0.011740292451972
0.846071586935203 0.012083075079267
0.842273552964344 0.012431104577947
0.838437984841330 0.012784387739758
0.834565303179429 0.013142932986218
0.830655932661826 0.013506738048666
0.826710301995053 0.013875806153785
0.822728843861975 0.014250132855566
0.818711994874345 0.014629709362393
0.814660195524919 0.015014523575863
0.810573890139155 0.015404552457601
0.806453526826488 0.015799745756195
0.802299557431188 0.016200045294000
0.798112437482808 0.016605391290491
0.793892626146237 0.017015721230898
0.789640586171339 0.017430967768327
0.785356783842216 0.017851058422830
0.781041688926065 0.018275922907539
0.776695774621672 0.018705497178172
0.772319517507513 0.019139708104195
0.767913397489498 0.019578487789801
0.763477897748339 0.020021779780304
0.759013504686565 0.020469537280818
0.754520707875186 0.020921719681930
0.750000000000000 0.021378277637811
0.745451876807570 0.021839165297540
0.740876837050858 0.022304329634118
0.736275382434527 0.022773717910436
0.731648017559931 0.023247273602878
0.726995249869773 0.023724923840642
0.722317589592464 0.024206578897500
0.717615549686164 0.024692154046110
0.712889645782536 0.025181557260273
0.708140396130201 0.025674678579298
0.703368321537900 0.026171406499045
0.698573945317390 0.026671619233465
0.693757793226052 0.027175196649597
0.688920393409234 0.027682026097587
0.684062276342339 0.028192001389227
0.679183974772650 0.028705020395254
0.674286023660908 0.029220973595490
0.669368960122646 0.029739771581765
0.664433323369292 0.030261361826827
0.659479654649035 0.030785699949923
0.654508497187474 0.031312739381346
0.649520396128043 0.031842428418551
0.644515898472236 0.032374713728647
0.639495553019615 0.032909536668043
0.634459910307633 0.033446832321066
0.629409522551260 0.033986540408963
0.624344943582428 0.034528408868746
0.619266728789291 0.035071874845412
0.614175435055328 0.035616334211958
0.609071620698271 0.036161176669143
0.603955845408880 0.036705782972754
0.598828670189563 0.037249533634970
0.593690657292862 0.037791803885614
0.588542370159792 0.038331965658043
0.583384373358051 0.038869381263187
0.578217232520115 0.039403392345241
0.573041514281206 0.039933245172332
0.567857786217152 0.040458168127366
0.562666616782152 0.040977378618973
0.557468575246433 0.041490097815124
0.552264231633827 0.041995513110755
0.547054156659257 0.042492768918350
0.541838921666158 0.042980996772401
0.536619098563816 0.043459333125572
0.531395259764657 0.043926928787132
0.526167978121472 0.044383264563008
0.520937826864600 0.044828192082574
0.515705379539064 0.045261586550108
0.510471209941678 0.045683324574651
0.505235892058123 0.046093295264883
0.500000000000000 0.046491433364906
0.494764107941877 0.046877709330559
0.489528790058322 0.047252097421756
0.484294620460936 0.047614582499034
0.479062173135400 0.047965167730675
0.473832021878528 0.048304017413716
0.468604740235343 0.048631368329342
0.463380901436184 0.048947464195176
0.458161078333842 0.049252550302963
0.452945843340743 0.049546883323025
0.447735768366173 0.049830762585532
0.442531424753567 0.050104498374985
0.437333383217848 0.050368406556306
0.432142213782848 0.050622800887241
0.426958485718794 0.050867907926611
0.421782767479885 0.051103693934922
0.416615626641949 0.051330087666123
0.411457629840209 0.051547020296500
0.406309342707138 0.051754428876526
0.401171329810437 0.051952246388950
0.396044154591120 0.052140397179766
0.390928379301729 0.052318809311509
0.385824564944672 0.052487417106245
0.380733271210710 0.052646158932174
0.375655056417573 0.052794965476120
0.370590477448740 0.052933762785220
0.365540089692367 0.053062482801175
0.360504446980385 0.053181064470091
0.355484101527764 0.053289454096717
0.350479603871957 0.053387611371665
0.345491502812526 0.053475503163073
0.340520345350965 0.053553104693959
0.335566676630708 0.053620394084484
0.330631039877354 0.053677289696523
0.325713976339092 0.053723628698090
0.320816025227350 0.053759251842829
0.315937723657661 0.053784010770326
0.311079606590766 0.053797764419583
0.306242206773949 0.053800368231418
0.301426054682610 0.053791684261257
0.296631678462100 0.053771586009741
0.291859603869799 0.053739958681589
0.287110354217464 0.053696700175656
0.282384450313836 0.053641720604582
0.277682410407536 0.053574942556362
0.273004750130227 0.053496299687531
0.268351982440069 0.053405743304739
0.263724617565473 0.053303242748066
0.259123162949143 0.053188780793201
0.254548123192430 0.053062351659010
0.250000000000000 0.052923943255831
0.245479292124815 0.052773511714862
0.240986495313435 0.052611022889924
0.236522102251661 0.052436453762470
0.232086602510502 0.052249776052442
0.227680482492487 0.052050927332672
0.223304225378328 0.051839853518584
0.218958311073935 0.051616516743930
0.214643216157784 0.051380901065594
0.210359413828661 0.051133017143723
0.206107373853763 0.050872892906912
0.201887562517192 0.050600570375615
0.197700442568813 0.050316080540153
0.193546473173512 0.050019445439421
0.189426109860845 0.049710704686405
0.185339804475081 0.049389915354546
0.181288005125655 0.049057165888348
0.177271156138025 0.048712560082497
0.173289698004947 0.048356222914809
0.169344067338174 0.047988274607307
0.165434696820571 0.047608825586127
0.161562015158670 0.047218008601847
0.157726447035656 0.046815960076761
0.153928413064797 0.046402787365252
0.150168329743317 0.045978610084247
0.146446609406726 0.045543574226382
0.142763660183598 0.045097864002311
0.139119885950819 0.044641703791156
0.135515686289294 0.044175322127446
0.131951456440133 0.043698897262700
0.128427587261303 0.043212575257546
0.124944465184770 0.042716525611512
0.121502472174122 0.042210881015483
0.118101985682679 0.041695750503528
0.114743378612105 0.041171284980114
0.111427019271515 0.040637693068599
0.108153271337080 0.040095230359121
0.104922493812155 0.039544159132056
0.101735040987902 0.038984684946722
0.098591262404443 0.038417011624928
0.095491502812526 0.037841307098788
0.092436102135723 0.037257611165571
0.089425395433148 0.036665983790932
0.086459712862719 0.036066555642787
0.083539379644950 0.035459513881938
0.080664716027288 0.034845101381884
0.077836037248993 0.034223631736925
0.075053653506568 0.033595446654118
0.072317869919747 0.032960740024251
0.069628986498028 0.032319632648192
0.066987298107781 0.031672248602995
0.064393094439905 0.031018701842870
0.061846659978068 0.030359175772363
0.059348273967504 0.029693918803705
0.056898210384393 0.029023259320423
0.054496737905816 0.028347621813191
0.052144119880294 0.027667500180709
0.049840614298903 0.026983223920230
0.047586473766990 0.026295069073300
0.045381945476466 0.025603246545843
0.043227271178700 0.024907961991602
0.041122687158010 0.024209543412768
0.039068424205750 0.023508453983613
0.037064707595003 0.022805208509077
0.035111757055874 0.022100393670985
0.033209786751399 0.021394762333276
0.031359005254054 0.020689041108298
0.029559615522887 0.019983271399772
0.027811814881260 0.019277394067437
0.026115794995207 0.018571400301756
0.024471741852423 0.017865512649377
0.022879835741862 0.017160145959564
0.021340251233966 0.016455878253817
0.019853157161529 0.015753462323669
0.018418716601171 0.015053971928321
0.017037086855466 0.014358248014555
0.015708419435685 0.013666639304147
0.014432860045182 0.012978836639500
0.013210548563420 0.012294624340062
0.012041619030626 0.011614364230914
0.010926199633097 0.010938821477011
0.009864412689139 0.010269090278502
0.008856374635656 0.009606642779623
0.007902196015379 0.008953429955606
0.007001981464748 0.008311418116340
0.006155829702431 0.007681370562363
0.005363833518506 0.007060828335801
0.004626079764278 0.006447908684936
0.003942649342761 0.005842198740883
0.003313617199802 0.005244365647318
0.002739052315863 0.004656382484185
0.002219017698460 0.004081589533522
0.001753570375248 0.003522594187610
0.001342761387771 0.002981441656513
0.000986635785864 0.002462232896174
0.000685232622713 0.001968019165696
0.000438584950571 0.001502036871300
0.000246719817134 0.001074141831987
0.000109658262577 0.000681005986865
0.000027415317244 0.000320473029374
0.000000000000000 0.000000000000000
0.000027415317244 -0.000283764754024
0.000109658262577 -0.000548370549613
0.000246719817134 -0.000818046487140
0.000438584950571 -0.001101291510568
0.000685232622713 -0.001397561282363
0.000986635785864 -0.001705865573133
0.001342761387771 -0.002030563035727
0.001753570375248 -0.002368557405715
0.002219017698460 -0.002718156289800
0.002739052315863 -0.003079438932383
0.003313617199802 -0.003452262292083
0.003942649342761 -0.003835923382930
0.004626079764278 -0.004231432826797
0.005363833518506 -0.004637263757516
0.006155829702431 -0.005049051210358
0.007001981464748 -0.005462756944992
0.007902196015379 -0.005875577831336
0.008856374635656 -0.006285420995205
0.009864412689139 -0.006690633099823
0.010926199633097 -0.007090050629609
0.012041619030626 -0.007483008443537
0.013210548563420 -0.007869392302636
0.014432860045182 -0.008249642148570
0.015708419435684 -0.008624998566677
0.017037086855466 -0.008997132598150
0.018418716601171 -0.009367564150906
0.019853157161528 -0.009735826420637
0.021340251233966 -0.010100646977517
0.022879835741862 -0.010461128876798
0.024471741852423 -0.010816481813299
0.026115794995207 -0.011165974801986
0.027811814881259 -0.011509051808797
0.029559615522887 -0.011845312176023
0.031359005254054 -0.012174541363654
0.033209786751399 -0.012496591924052
0.035111757055874 -0.012811335687823
0.037064707595003 -0.013118384733254
0.039068424205750 -0.013417355747896
0.041122687158009 -0.013708023380813
0.043227271178699 -0.013990278256726
0.045381945476466 -0.014264120464037
0.047586473766990 -0.014529679422152
0.049840614298903 -0.014787226024159
0.052144119880293 -0.015037161514755
0.054496737905816 -0.015279991652284
0.056898210384393 -0.015515841362156
0.059348273967504 -0.015744466839260
0.061846659978068 -0.015965677465440
0.064393094439905 -0.016179345475377
0.066987298107781 -0.016385394132997
0.069628986498028 -0.016583796365449
0.072317869919747 -0.016774598799222
0.075053653506568 -0.016957950178856
0.077836037248992 -0.017134033637495
0.080664716027288 -0.017302934317388
0.083539379644950 -0.017464733554248
0.086459712862719 -0.017619410778741
0.089425395433148 -0.017766880774474
0.092436102135723 -0.017907106003253
0.095491502812526 -0.018040111203241
0.098591262404443 -0.018165962668667
0.101735040987902 -0.018284781670971
0.104922493812155 -0.018396732431770
0.108153271337080 -0.018501981381502
0.111427019271514 -0.018600635478794
0.114743378612105 -0.018692820498829
0.118101985682679 -0.018778614218794
0.121502472174122 -0.018858049640344
0.124944465184770 -0.018931184362269
0.128427587261303 -0.018998119792023
0.131951456440133 -0.019058994841729
0.135515686289294 -0.019113975483376
0.139119885950819 -0.019163250327695
0.142763660183598 -0.019207035245148
0.146446609406726 -0.019245543041961
0.150168329743317 -0.019278861689626
0.153928413064796 -0.019307049266704
0.157726447035656 -0.019330178313723
0.161562015158669 -0.019348333198769
0.165434696820571 -0.019361612237680
0.169344067338174 -0.019370129412441
0.173289698004947 -0.019374020146709
0.177271156138025 -0.019373439857084
0.181288005125655 -0.019368559795671
0.185339804475081 -0.019359529913900
0.189426109860845 -0.019346454262338
0.193546473173511 -0.019329442688487
0.197700442568812 -0.019308614991226
0.201887562517192 -0.019284093304092
0.206107373853763 -0.019256007141303
0.210359413828660 -0.019224496900440
0.214643216157784 -0.019189713574930
0.218958311073935 -0.019151819356083
0.223304225378328 -0.019110986648711
0.227680482492486 -0.019067392820256
0.232086602510501 -0.019021143501227
0.236522102251661 -0.018972288979633
0.240986495313435 -0.018920883277398
0.245479292124814 -0.018866984414962
0.250000000000000 -0.018810658937630
0.254548123192429 -0.018751979748889
0.259123162949142 -0.018691023541081
0.263724617565473 -0.018627870897328
0.268351982440069 -0.018562600552820
0.273004750130227 -0.018495292223723
0.277682410407536 -0.018426030074120
0.282384450313836 -0.018354901141442
0.287110354217464 -0.018281990256768
0.291859603869799 -0.018207382702677
0.296631678462100 -0.018131167147388
0.301426054682609 -0.018053435257935
0.306242206773948 -0.017974282061613
0.311079606590766 -0.017893803925586
0.315937723657661 -0.017812101774293
0.320816025227350 -0.017729278248494
0.325713976339092 -0.017645394962627
0.330631039877354 -0.017560433862137
0.335566676630708 -0.017474366287040
0.340520345350965 -0.017387164170596
0.345491502812526 -0.017298798370536
0.350479603871956 -0.017209233441810
0.355484101527764 -0.017118432846457
0.360504446980385 -0.017026359034084
0.365540089692367 -0.016932974219433
0.370590477448739 -0.016838269269257
0.375655056417572 -0.016742278146458
0.380733271210709 -0.016645039674351
0.385824564944672 -0.016546594024036
0.390928379301728 -0.016446984929870
0.396044154591120 -0.016346277892484
0.401171329810437 -0.016244552245699
0.406309342707137 -0.016141888947177
0.411457629840208 -0.016038369204164
0.416615626641949 -0.015934065203353
0.421782767479884 -0.015829009086298
0.426958485718794 -0.015723224414171
0.432142213782848 -0.015616734997137
0.437333383217848 -0.015509565348485
0.442531424753567 -0.015401722706025
0.447735768366173 -0.015293183411007
0.452945843340743 -0.015183921880165
0.458161078333842 -0.015073912432456
0.463380901436184 -0.014963130725334
0.468604740235343 -0.014851573721659
0.473832021878528 -0.014739258917763
0.479062173135400 -0.014626205853584
0.484294620460935 -0.014512433607264
0.489528790058321 -0.014397965265346
0.494764107941877 -0.014282857830726
0.500000000000000 -0.014167187603179
0.505235892058122 -0.014051031641552
0.510471209941678 -0.013934467474559
0.515705379539064 -0.013817568115622
0.520937826864600 -0.013700383272725
0.526167978121472 -0.013582955592389
0.531395259764656 -0.013465327715110
0.536619098563816 -0.013347542246521
0.541838921666157 -0.013229625692924
0.547054156659257 -0.013111559282460
0.552264231633827 -0.012993314820237
0.557468575246433 -0.012874864482889
0.562666616782152 -0.012756181278754
0.567857786217152 -0.012637245704856
0.573041514281206 -0.012518051470267
0.578217232520115 -0.012398591966399
0.583384373358051 -0.012278863070661
0.588542370159791 -0.012158861315708
0.593690657292862 -0.012038621537058
0.598828670189563 -0.011918206362893
0.603955845408879 -0.011797680911695
0.609071620698271 -0.011677107354852
0.614175435055328 -0.011556548569130
0.619266728789290 -0.011436065435018
0.624344943582427 -0.011315716760620
0.629409522551260 -0.011195561397731
0.634459910307633 -0.011075656721509
0.639495553019614 -0.010956033227933
0.644515898472235 -0.010836675577158
0.649520396128043 -0.010717565915210
0.654508497187474 -0.010598687939559
0.659479654649035 -0.010480022103585
0.664433323369291 -0.010361542964189
0.669368960122646 -0.010243219360618
0.674286023660907 -0.010125022651761
0.679183974772650 -0.010006925872078
0.684062276342339 -0.009888924038807
0.688920393409233 -0.009771042883827
0.693757793226051 -0.009653309524979
0.698573945317390 -0.009535750560907
0.703368321537900 -0.009418400362676
0.708140396130200 -0.009301316764859
0.712889645782536 -0.009184559070244
0.717615549686163 -0.009068186408334
0.722317589592464 -0.008952253771027
0.726995249869773 -0.008836801970561
0.731648017559930 -0.008721866283904
0.736275382434527 -0.008607481934007
0.740876837050857 -0.008493675132893
0.745451876807570 -0.008380425580580
0.750000000000000 -0.008267697646131
0.754520707875185 -0.008155455480865
0.759013504686565 -0.008043667113705
0.763477897748338 -0.007932300159923
0.767913397489498 -0.007821323939724
0.772319517507513 -0.007710711158665
0.776695774621672 -0.007600443288280
0.781041688926065 -0.007490527012719
0.785356783842216 -0.007380973336067
0.789640586171339 -0.007271795794449
0.793892626146236 -0.007163022536316
0.798112437482808 -0.007054701554363
0.802299557431187 -0.006946880267402
0.806453526826488 -0.006839605544997
0.810573890139155 -0.006732924746395
0.814660195524918 -0.006626883713546
0.818711994874345 -0.006521526830237
0.822728843861975 -0.006416870731423
0.826710301995052 -0.006312904555255
0.830655932661826 -0.006209618136014
0.834565303179429 -0.006106988891393
0.838437984841330 -0.006004966786652
0.842273552964344 -0.005903500636169
0.846071586935203 -0.005802545549528
0.849831670256683 -0.005702065727349
0.853553390593274 -0.005602029644696
0.857236339816401 -0.005502411995284
0.860880114049181 -0.005403194733644
0.864484313710706 -0.005304366409793
0.868048543559867 -0.005205924840855
0.871572412738697 -0.005107899437831
0.875055534815230 -0.005010326626411
0.878497527825878 -0.004913241093724
0.881898014317321 -0.004816668932836
0.885256621387894 -0.004720637048279
0.888572980728485 -0.004625180954829
0.891846728662920 -0.004530344887608
0.895077506187845 -0.004436165211664
0.898264959012098 -0.004342631013964
0.901408737595557 -0.004249714891529
0.904508497187474 -0.004157366335198
0.907563897864277 -0.004065490401360
0.910574604566852 -0.003974002439930
0.913540287137281 -0.003882837719415
0.916460620355049 -0.003791946507389
0.919335283972712 -0.003701287413316
0.922163962751007 -0.003610830506710
0.924946346493432 -0.003520549051766
0.927682130080253 -0.003430411039661
0.930371013501972 -0.003340360299833
0.933012701892219 -0.003250215092767
0.935606905560095 -0.003159786876812
0.938153340021932 -0.003068926494076
0.940651726032496 -0.002977515410250
0.943101789615607 -0.002885460445854
0.945503262094184 -0.002792691958122
0.947855880119706 -0.002699164926781
0.950159385701097 -0.002604857399236
0.952413526233010 -0.002509771755958
0.954618054523534 -0.002413933333197
0.956772728821300 -0.002317412363797
0.958877312841991 -0.002220298828692
0.960931575794250 -0.002122695042139
0.962935292404997 -0.002024715719871
0.964888242944126 -0.001926484371939
0.966790213248601 -0.001828137966869
0.968640994745946 -0.001729818944050
0.970440384477113 -0.001631677444408
0.972188185118740 -0.001533873814662
0.973884205004793 -0.001436615601539
0.975528258147577 -0.001340389666002
0.977120164258138 -0.001245781167179
0.978659748766034 -0.001153288692546
0.980146842838471 -0.001063336348942
0.981581283398829 -0.000976284994532
0.982962913144534 -0.000892427632784
0.984291580564316 -0.000812002836536
0.985567139954818 -0.000735194865219
0.986789451436580 -0.000662141227358
0.987958380969374 -0.000592938136419
0.989073800366903 -0.000527729468915
0.990135587310861 -0.000466706891162
0.991143625364344 -0.000409981960228
0.992097803984621 -0.000357598493051
0.992998018535252 -0.000309535195421
0.993844170297569 -0.000265716346081
0.994636166481494 -0.000226025943596
0.995373920235722 -0.000190309805335
0.996057350657239 -0.000158389976447
0.996686382800198 -0.000130069229541
0.997260947684137 -0.000105138178240
0.997780982301540 -0.000083383277120
0.998246429624752 -0.000064594013748
0.998657238612229 -0.000048563973729
0.999013364214136 -0.000035101978514
0.999314767377287 -0.000024030788429
0.999561415049429 -0.000015196653001
0.999753280182866 -0.000008467188228
0.999890341737423 -0.000003737272366
0.999972584682756 -0.000000930392800
1.000000000000000 0.000000000000000
