1.000000000000000 0.000000000000000
0.999972584682756 0.000002971393411
0.999890341737423 0.000011890308724
0.999753280182866 0.000026769120291
0.999561415049429 0.000047630140640
0.999314767377287 0.000074510132873
0.999013364214136 0.000107447439483
0.998657238612229 0.000146502631642
0.998246429624752 0.000191742156401
0.997780982301540 0.000243249671371
0.997260947684137 0.000301125852910
0.996686382800198 0.000365490398054
0.996057350657239 0.000436482223771
0.995373920235722 0.000514265946113
0.994636166481494 0.000599028436435
0.993844170297569 0.000690987787072
0.992998018535252 0.000790396549087
0.992097803984621 0.000897538767248
0.991143625364344 0.001012737355647
0.990135587310861 0.001136365469201
0.989073800366903 0.001268833184068
0.987958380969374 0.001410609103817
0.986789451436580 0.001562226236667
0.985567139954818 0.001724224133116
0.984291580564316 0.001897064184495
0.982962913144534 0.002081043084761
0.981581283398829 0.002276424694172
0.980146842838472 0.002483464392308
0.978659748766034 0.002702368271034
0.977120164258138 0.002933314633549
0.975528258147577 0.003176430773259
0.973884205004793 0.003431800153714
0.972188185118741 0.003699449606252
0.970440384477113 0.003979353435267
0.968640994745946 0.004271440516564
0.966790213248601 0.004575760937060
0.964888242944126 0.004892453109436
0.962935292404997 0.005221632255729
0.960931575794250 0.005563384797450
0.958877312841991 0.005917776212285
0.956772728821300 0.006284843470684
0.954618054523534 0.006664596021044
0.952413526233010 0.007057017964458
0.950159385701097 0.007462046759185
0.947855880119706 0.007879599385558
0.945503262094184 0.008309575678010
0.943101789615607 0.008751921391114
0.940651726032496 0.009206578336348
0.938153340021932 0.009673447981606
0.935606905560095 0.010152422724278
0.933012701892219 0.010643348093990
0.930371013501972 0.011146054988220
0.927682130080253 0.011660331904329
0.924946346493432 0.012185940221696
0.922163962751008 0.012722602659733
0.919335283972712 0.013270018953068
0.916460620355050 0.013827864987409
0.913540287137281 0.014395792308048
0.910574604566852 0.014973417409356
0.907563897864277 0.015560331134398
0.904508497187474 0.016156071424325
0.901408737595557 0.016760148476384
0.898264959012098 0.017372030336764
0.895077506187845 0.017991151732849
0.891846728662920 0.018616922221518
0.888572980728485 0.019248662925172
0.885256621387895 0.019885572600117
0.881898014317321 0.020526797200613
0.878497527825878 0.021171413876303
0.875055534815230 0.021818452699187
0.871572412738697 0.022466879464721
0.868048543559867 0.023115569355753
0.864484313710706 0.023763325328232
0.860880114049181 0.024408959262083
0.857236339816402 0.025051405140877
0.853553390593274 0.025689583075026
0.849831670256683 0.026322589012793
0.846071586935203 0.026950011301302
0.842273552964344 0.027571518879907
0.838437984841330 0.028186756409915
0.834565303179429 0.028795267558713
0.830655932661826 0.029396577538312
0.826710301995053 0.029990235016110
0.822728843861975 0.030575914059609
0.818711994874345 0.031153333685956
0.814660195524919 0.031722243694319
0.810573890139155 0.032282717391505
0.806453526826488 0.032835071152613
0.802299557431188 0.033379663094811
0.798112437482808 0.033916888232684
0.793892626146237 0.034447179484203
0.789640586171339 0.034971007953775
0.785356783842216 0.035488862181142
0.781041688926065 0.036001085845207
0.776695774621672 0.036507912029374
0.772319517507513 0.037009592951667
0.767913397489498 0.037506354660410
0.763477897748339 0.037998201316033
0.759013504686565 0.038485076364286
0.754520707875186 0.038966927342865
0.750000000000000 0.039443726652086
0.745451876807570 0.039915504868247
0.740876837050858 0.040382317532111
0.736275382434527 0.040844221423585
0.731648017559931 0.041301242880400
0.726995249869773 0.041753291488861
0.722317589592464 0.042200263873401
0.717615549686164 0.042642056009800
0.712889645782536 0.043078572780266
0.708140396130201 0.043509719231394
0.703368321537900 0.043935401070819
0.698573945317390 0.044355533287487
0.693757793226052 0.044770035864671
0.688920393409234 0.045178871094848
0.684062276342339 0.045582018871970
0.679183974772650 0.045979466313274
0.674286023660908 0.046371204355044
0.669368960122646 0.046757255343096
0.664433323369292 0.047137672742033
0.659479654649035 0.047512514693796
0.654508497187474 0.047881848488797
0.649520396128043 0.048245721211278
0.644515898472236 0.048604114511135
0.639495553019615 0.048956999076784
0.634459910307633 0.049304346999516
0.629409522551260 0.049646133045138
0.624344943582428 0.049982282156168
0.619266728789291 0.050312668715306
0.614175435055328 0.050637170825289
0.609071620698271 0.050955665325233
0.603955845408880 0.051268039249318
0.598828670189563 0.051574203567950
0.593690657292862 0.051874084647123
0.588542370159792 0.052167611677715
0.583384373358051 0.052454714367607
0.578217232520115 0.052735335796128
0.573041514281206 0.053009439190670
0.567857786217152 0.053276993401792
0.562666616782152 0.053537971848915
0.557468575246433 0.053792349516562
0.552264231633827 0.054040094056531
0.547054156659257 0.054281158893157
0.541838921666158 0.054515498956424
0.536619098563816 0.054743074730880
0.531395259764657 0.054963845145596
0.526167978121472 0.055177753868610
0.520937826864600 0.055384725175125
0.515705379539064 0.055584690417604
0.510471209941678 0.055777579141998
0.505235892058123 0.055963327778925
0.500000000000000 0.056141880323608
0.494764107941877 0.056313188237178
0.489528790058322 0.056477205799382
0.484294620460936 0.056633890171945
0.479062173135400 0.056783203723178
0.473832021878528 0.056925121608825
0.468604740235343 0.057059625466812
0.463380901436184 0.057186700678820
0.458161078333842 0.057306335894037
0.452945843340743 0.057418516802711
0.447735768366173 0.057523207785203
0.442531424753567 0.057620369518686
0.437333383217848 0.057709965477929
0.432142213782848 0.057791963078210
0.426958485718794 0.057866320577680
0.421782767479885 0.057932961597473
0.416615626641949 0.057991808226419
0.411457629840209 0.058042786530875
0.406309342707138 0.058085827112999
0.401171329810437 0.058120869826131
0.396044154591120 0.058147866766517
0.390928379301729 0.058166774837799
0.385824564944672 0.058177555764176
0.380733271210710 0.058180176242007
0.375655056417573 0.058174613563696
0.370590477448740 0.058160854473111
0.365540089692367 0.058138890417838
0.360504446980385 0.058108717473618
0.355484101527764 0.058070332654526
0.350479603871957 0.058023717583032
0.345491502812526 0.057968852704789
0.340520345350965 0.057905724175245
0.335566676630708 0.057834322423899
0.330631039877354 0.057754619065967
0.325713976339092 0.057666552923130
0.320816025227350 0.057570065970407
0.315937723657661 0.057465108451916
0.311079606590766 0.057351636842790
0.306242206773949 0.057229621911244
0.301426054682610 0.057099041125468
0.296631678462100 0.056959880540107
0.291859603869799 0.056812133521112
0.287110354217464 0.056655783604592
0.282384450313836 0.056490806572512
0.277682410407536 0.056317185148567
0.273004750130227 0.056134910518954
0.268351982440069 0.055943985845679
0.263724617565473 0.055744433968081
0.259123162949143 0.055536283554693
0.254548123192430 0.055319574386248
0.250000000000000 0.055094326256749
0.245479292124815 0.054860481733052
0.240986495313435 0.054617980542886
0.236522102251661 0.054366772163852
0.232086602510502 0.054106816996233
0.227680482492487 0.053838087085500
0.223304225378328 0.053560563485672
0.218958311073935 0.053274241599680
0.214643216157784 0.052979119061046
0.210359413828661 0.052675186806569
0.206107373853763 0.052362447359171
0.201887562517192 0.052040913825728
0.197700442568813 0.051710590456071
0.193546473173512 0.051371466018442
0.189426109860845 0.051023541714787
0.185339804475081 0.050666837684053
0.181288005125655 0.050301407570778
0.177271156138025 0.049927334591169
0.173289698004947 0.049544712564092
0.169344067338174 0.049153599010771
0.165434696820571 0.048753974038720
0.161562015158670 0.048345822441133
0.157726447035656 0.047929150106738
0.153928413064797 0.047503959203180
0.150168329743317 0.047070257263045
0.146446609406726 0.046628082546477
0.142763660183598 0.046177508504274
0.139119885950819 0.045718644294265
0.135515686289294 0.045251615389153
0.131951456440133 0.044776482939524
0.128427587261303 0.044293238773761
0.124944465184770 0.043801891384210
0.121502472174122 0.043302473702425
0.118101985682679 0.042795025186139
0.114743378612105 0.042279618696506
0.111427019271515 0.041756381029904
0.108153271337080 0.041225499950555
0.104922493812155 0.040687177879788
0.101735040987902 0.040141500524844
0.098591262404443 0.039588492875452
0.095491502812526 0.039028196713601
0.092436102135723 0.038460602044652
0.089425395433148 0.037885718207715
0.086459712862719 0.037303608468888
0.083539379644950 0.036714416091194
0.080664716027288 0.036118326815711
0.077836037248993 0.035515571079861
0.075053653506568 0.034906431984867
0.072317869919747 0.034291067938729
0.069628986498028 0.033669420100188
0.066987298107781 0.033041469460607
0.064393094439905 0.032407271547659
0.061846659978068 0.031766951764034
0.059348273967504 0.031120696376717
0.056898210384393 0.030468757535109
0.054496737905816 0.029811486441026
0.052144119880294 0.029149338371608
0.049840614298903 0.028482616502614
0.047586473766990 0.027811267233669
0.045381945476466 0.027135272270165
0.043227271178700 0.026454640621042
0.041122687158010 0.025769511399950
0.039068424205750 0.025080143836808
0.037064707595003 0.024386934936999
0.035111757055874 0.023690404390749
0.033209786751399 0.022991143566373
0.031359005254054 0.022289743576226
0.029559615522887 0.021586429255580
0.027811814881260 0.020880828867997
0.026115794995207 0.020172797470726
0.024471741852423 0.019462458939281
0.022879835741862 0.018750143085998
0.021340251233966 0.018036370290564
0.019853157161529 0.017321808845320
0.018418716601171 0.016607417502156
0.017037086855466 0.015894398269529
0.015708419435685 0.015182954467303
0.014432860045182 0.014472773373730
0.013210548563420 0.013763557791914
0.012041619030626 0.013055475584226
0.010926199633097 0.012349209903813
0.009864412689139 0.011645897369511
0.008856374635656 0.010946983872739
0.007902196015379 0.010254353333141
0.007001981464748 0.009570903092856
0.006155829702431 0.008897224747718
0.005363833518506 0.008231318852090
0.004626079764278 0.007570166391408
0.003942649342761 0.006911835806632
0.003313617199802 0.006255742456174
0.002739052315863 0.005602282221915
0.002219017698460 0.004953029882395
0.001753570375248 0.004311278332578
0.001342761387771 0.003680535975022
0.000986635785864 0.003064752620937
0.000685232622713 0.002469715022427
0.000438584950571 0.001900280868499
0.000246719817134 0.001361877748568
0.000109658262577 0.000867317704010
0.000027415317244 0.000414617214474
0.000000000000000 0.000000000000000
0.000027415317244 -0.000367196012625
0.000109658262577 -0.000691067282048
0.000246719817134 -0.000992990795800
0.000438584950571 -0.001296877948407
0.000685232622713 -0.001610931144625
0.000986635785864 -0.001935042920463
0.001342761387771 -0.002270976171602
0.001753570375248 -0.002622010418041
0.002219017698460 -0.002984824893700
0.002739052315863 -0.003358776014889
0.003313617199802 -0.003744155771546
0.003942649342761 -0.004140670327735
0.004626079764278 -0.004547719993177
0.005363833518506 -0.004965884950721
0.006155829702431 -0.005393046467940
0.007001981464748 -0.005824749538807
0.007902196015379 -0.006258179305355
0.008856374635656 -0.006691295005719
0.009864412689139 -0.007122510852082
0.010926199633097 -0.007550663584159
0.012041619030626 -0.007975082326847
0.013210548563420 -0.008395626635731
0.014432860045182 -0.008812724495236
0.015708419435684 -0.009227326176252
0.017037086855466 -0.009641286017693
0.018418716601171 -0.010056685975323
0.019853157161528 -0.010473539457047
0.021340251233966 -0.010891115547286
0.022879835741862 -0.011308370058186
0.024471741852423 -0.011724448577794
0.026115794995207 -0.012138640777827
0.027811814881259 -0.012550307268157
0.029559615522887 -0.012958903924241
0.031359005254054 -0.013364030165276
0.033209786751399 -0.013765445443646
0.035111757055874 -0.014162953816320
0.037064707595003 -0.014556203509146
0.039068424205750 -0.014944846184196
0.041122687158009 -0.015328541510832
0.043227271178699 -0.015707061155299
0.045381945476466 -0.016080292010082
0.047586473766990 -0.016448198717879
0.049840614298903 -0.016810852473946
0.052144119880293 -0.017168497708073
0.054496737905816 -0.017521508515645
0.056898210384393 -0.017870050263512
0.059348273967504 -0.018214211723050
0.061846659978068 -0.018553828625329
0.064393094439905 -0.018888632806281
0.066987298107781 -0.019218448009279
0.069628986498028 -0.019543191846019
0.072317869919747 -0.019862823986711
0.075053653506568 -0.020177339724597
0.077836037248992 -0.020486792487234
0.080664716027288 -0.020791303970150
0.083539379644950 -0.021091018724254
0.086459712862719 -0.021385927096779
0.089425395433148 -0.021675980917537
0.092436102135723 -0.021961159785063
0.095491502812526 -0.022241481894147
0.098591262404443 -0.022516994418905
0.101735040987902 -0.022787790971449
0.104922493812155 -0.023054002171997
0.108153271337080 -0.023315798746642
0.111427019271514 -0.023573385262390
0.114743378612105 -0.023826983536399
0.118101985682679 -0.024076645420946
0.121502472174122 -0.024322325971896
0.124944465184770 -0.024564002583884
0.128427587261303 -0.024801666880550
0.131951456440133 -0.025035329401438
0.135515686289294 -0.025265028232250
0.139119885950819 -0.025490837248346
0.142763660183598 -0.025712855397182
0.146446609406726 -0.025931170147817
0.150168329743317 -0.026145795482628
0.153928413064796 -0.026356740907936
0.157726447035656 -0.026564013742928
0.161562015158669 -0.026767555647104
0.165434696820571 -0.026967302498769
0.169344067338174 -0.027163199764264
0.173289698004947 -0.027355219758708
0.177271156138025 -0.027543350724016
0.181288005125655 -0.027727592945978
0.185339804475081 -0.027907940431572
0.189426109860845 -0.028084382754415
0.193546473173511 -0.028256917484308
0.197700442568812 -0.028425545205812
0.201887562517192 -0.028590257199923
0.206107373853763 -0.028751046038109
0.210359413828660 -0.028907914989125
0.214643216157784 -0.029060882009129
0.218958311073935 -0.029209985814666
0.223304225378328 -0.029355274279371
0.227680482492486 -0.029496794815081
0.232086602510501 -0.029634533079742
0.236522102251661 -0.029768442176732
0.240986495313435 -0.029898479390917
0.245479292124814 -0.030024600036180
0.250000000000000 -0.030146734725364
0.254548123192429 -0.030264806974231
0.259123162949142 -0.030378743674469
0.263724617565473 -0.030488476143901
0.268351982440069 -0.030593954791975
0.273004750130227 -0.030695137293577
0.277682410407536 -0.030791984647531
0.282384450313836 -0.030884467206245
0.287110354217464 -0.030972595360800
0.291859603869799 -0.031056397455666
0.296631678462100 -0.031135907155471
0.301426054682609 -0.031211162717211
0.306242206773948 -0.031282207155605
0.311079606590766 -0.031349088458950
0.315937723657661 -0.031411858618505
0.320816025227350 -0.031470574894779
0.325713976339092 -0.031525276910227
0.330631039877354 -0.031575975267265
0.335566676630708 -0.031622680993405
0.340520345350965 -0.031665408392974
0.345491502812526 -0.031704173282156
0.350479603871956 -0.031738987186402
0.355484101527764 -0.031769862051444
0.360504446980385 -0.031796812471796
0.365540089692367 -0.031819856024327
0.370590477448739 -0.031839015965752
0.375655056417572 -0.031854322715534
0.380733271210709 -0.031865809640820
0.385824564944672 -0.031873512929769
0.390928379301728 -0.031877472438255
0.396044154591120 -0.031877740186969
0.401171329810437 -0.031874375567516
0.406309342707137 -0.031867440628452
0.411457629840208 -0.031857000109066
0.416615626641949 -0.031843110425724
0.421782767479884 -0.031825796272643
0.426958485718794 -0.031805077518495
0.432142213782848 -0.031780975601228
0.437333383217848 -0.031753513524585
0.442531424753567 -0.031722692779572
0.447735768366173 -0.031688479639806
0.452945843340743 -0.031650838604330
0.458161078333842 -0.031609735056067
0.463380901436184 -0.031565136952607
0.468604740235343 -0.031517029268069
0.473832021878528 -0.031465413118472
0.479062173135400 -0.031410291968291
0.484294620460935 -0.031351670091862
0.489528790058321 -0.031289556839220
0.494764107941877 -0.031223987663051
0.500000000000000 -0.031155013490060
0.505235892058122 -0.031082687246615
0.510471209941678 -0.031007063719281
0.515705379539064 -0.030928194308073
0.520937826864600 -0.030846109072794
0.526167978121472 -0.030760831174833
0.531395259764656 -0.030672385828282
0.536619098563816 -0.030580798131165
0.541838921666157 -0.030486080345646
0.547054156659257 -0.030388192852906
0.552264231633827 -0.030287087828659
0.557468575246433 -0.030182719269325
0.562666616782152 -0.030075043149951
0.567857786217152 -0.029964024865497
0.573041514281206 -0.029849645234721
0.578217232520115 -0.029731887482043
0.583384373358051 -0.029610737353069
0.588542370159791 -0.029486183888208
0.593690657292862 -0.029358242290911
0.598828670189563 -0.029226951760474
0.603955845408879 -0.029092352881855
0.609071620698271 -0.028954488067681
0.614175435055328 -0.028813401072440
0.619266728789290 -0.028669127804109
0.624344943582427 -0.028521705415031
0.629409522551260 -0.028371170097293
0.634459910307633 -0.028217561366869
0.639495553019614 -0.028060874875463
0.644515898472235 -0.027901026638692
0.649520396128043 -0.027737926293315
0.654508497187474 -0.027571486108567
0.659479654649035 -0.027401625120492
0.664433323369291 -0.027228263375646
0.669368960122646 -0.027051324374460
0.674286023660907 -0.026870735482029
0.679183974772650 -0.026686430654910
0.684062276342339 -0.026498374554621
0.688920393409233 -0.026306578528561
0.693757793226051 -0.026111060293756
0.698573945317390 -0.025911842372285
0.703368321537900 -0.025708956866155
0.708140396130200 -0.025502467746112
0.712889645782536 -0.025292449912247
0.717615549686163 -0.025078978917434
0.722317589592464 -0.024862121667749
0.726995249869773 -0.024641866719600
0.731648017559930 -0.024418176795870
0.736275382434527 -0.024191018316919
0.740876837050857 -0.023960352402427
0.745451876807570 -0.023726043111222
0.750000000000000 -0.023487911422561
0.754520707875185 -0.023245791121608
0.759013504686565 -0.022999532653340
0.763477897748338 -0.022749037153339
0.767913397489498 -0.022494233237293
0.772319517507513 -0.022235058625756
0.776695774621672 -0.021971387448843
0.781041688926065 -0.021702827072294
0.785356783842216 -0.021428943048017
0.789640586171339 -0.021149326489431
0.793892626146236 -0.020863572713771
0.798112437482808 -0.020571267984605
0.802299557431187 -0.020272022778485
0.806453526826488 -0.019965489756686
0.810573890139155 -0.019651406455386
0.814660195524918 -0.019329565251080
0.818711994874345 -0.018999790665230
0.822728843861975 -0.018662233069980
0.826710301995052 -0.018317487690265
0.830655932661826 -0.017966162915491
0.834565303179429 -0.017608850311692
0.838437984841330 -0.017246081669451
0.842273552964344 -0.016878369612839
0.846071586935203 -0.016506221738727
0.849831670256683 -0.016130138004723
0.853553390593274 -0.015750616428554
0.857236339816401 -0.015368173068047
0.860880114049181 -0.014983553014456
0.864484313710706 -0.014597563710462
0.868048543559867 -0.014210976718246
0.871572412738697 -0.013824510743104
0.875055534815230 -0.013438853684174
0.878497527825878 -0.013054663793187
0.881898014317321 -0.012672616420958
0.885256621387894 -0.012293349550127
0.888572980728485 -0.011917353920530
0.891846728662920 -0.011544920646199
0.895077506187845 -0.011176287295212
0.898264959012098 -0.010811440399784
0.901408737595557 -0.010450235635964
0.904508497187474 -0.010092572573827
0.907563897864277 -0.009738420902004
0.910574604566852 -0.009387761793287
0.913540287137281 -0.009040564408553
0.916460620355049 -0.008696790322634
0.919335283972712 -0.008356459339077
0.922163962751007 -0.008019657774476
0.924946346493432 -0.007686546209727
0.927682130080253 -0.007357491986425
0.930371013501972 -0.007032863496119
0.933012701892219 -0.006712975301425
0.935606905560095 -0.006398108500365
0.938153340021932 -0.006088528468934
0.940651726032496 -0.005784492647021
0.943101789615607 -0.005486208640652
0.945503262094184 -0.005193867971940
0.947855880119706 -0.004907701918518
0.950159385701097 -0.004627965603351
0.952413526233010 -0.004355058946285
0.954618054523534 -0.004089393103106
0.956772728821300 -0.003831298231080
0.958877312841991 -0.003581044089333
0.960931575794250 -0.003338860849930
0.962935292404997 -0.003104934287515
0.964888242944126 -0.002879407288684
0.966790213248601 -0.002662364466259
0.968640994745946 -0.002453856634305
0.970440384477113 -0.002253997947843
0.972188185118740 -0.002063031177559
0.973884205004793 -0.001881367318610
0.975528258147577 -0.001709289674903
0.977120164258138 -0.001546963744026
0.978659748766034 -0.001394474473989
0.980146842838471 -0.001251818123371
0.981581283398829 -0.001118915184901
0.982962913144534 -0.000995620267435
0.984291580564316 -0.000881719977844
0.985567139954818 -0.000776952761416
0.986789451436580 -0.000681014941768
0.987958380969374 -0.000593594754400
0.989073800366903 -0.000514360108320
0.990135587310861 -0.000442934551959
0.991143625364344 -0.000378909374827
0.992097803984621 -0.000321849842804
0.992998018535252 -0.000271304445826
0.993844170297569 -0.000226809690393
0.994636166481494 -0.000187895268007
0.995373920235722 -0.000154095573688
0.996057350657239 -0.000124947431563
0.996686382800198 -0.000100003446934
0.997260947684137 -0.000078831447765
0.997780982301540 -0.000061021443831
0.998246429624752 -0.000046190117712
0.998657238612229 -0.000033982772864
0.999013364214136 -0.000024080252739
0.999314767377287 -0.000016197471560
0.999561415049429 -0.000010089849554
0.999753280182866 -0.000005553969343
0.999890341737423 -0.000002429677452
0.999972584682756 -0.000000601581545
1.000000000000000 0.000000000000000
