1.000000000000000 0.000000000000000
0.999972584682756 0.000007385481908
0.999890341737423 0.000029527225938
0.999753280182866 0.000066414336125
0.999561415049429 0.000118016027165
0.999314767377287 0.000184276958688
0.999013364214136 0.000265150438513
0.998657238612229 0.000360560636146
0.998246429624752 0.000470426344494
0.997780982301540 0.000594651644132
0.997260947684137 0.000733135439511
0.996686382800198 0.000885752822585
0.996057350657239 0.001052374044896
0.995373920235722 0.001232859966936
0.994636166481494 0.001427057589309
0.993844170297569 0.001634800307490
0.992998018535252 0.001855908191098
0.992097803984621 0.002090206627555
0.991143625364344 0.002337489742360
0.990135587310861 0.002597552930804
0.989073800366903 0.002870183867458
0.987958380969374 0.003155158259043
0.986789451436580 0.003452235741406
0.985567139954818 0.003761178227832
0.984291580564316 0.004081736671082
0.982962913144534 0.004413651485688
0.981581283398829 0.004756652990994
0.980146842838472 0.005110470580746
0.978659748766034 0.005474824269637
0.977120164258138 0.005849433770960
0.975528258147577 0.006234001625370
0.973884205004793 0.006628235190468
0.972188185118741 0.007031834087270
0.970440384477113 0.007444486544154
0.968640994745946 0.007865886665183
0.966790213248601 0.008295726277211
0.964888242944126 0.008733683070635
0.962935292404997 0.009179445748889
0.960931575794250 0.009632685884380
0.958877312841991 0.010093086790686
0.956772728821300 0.010560327561396
0.954618054523534 0.011034079904534
0.952413526233010 0.011514024679034
0.950159385701097 0.011999835590521
0.947855880119706 0.012491194211782
0.945503262094184 0.012987769792741
0.943101789615607 0.013489237636685
0.940651726032496 0.013995264087638
0.938153340021932 0.014505533247579
0.935606905560095 0.015019717340533
0.933012701892219 0.015537499132788
0.930371013501972 0.016058561241313
0.927682130080253 0.016582586639106
0.924946346493432 0.017109266912632
0.922163962751008 0.017638296446155
0.919335283972712 0.018169382466379
0.916460620355050 0.018702230011518
0.913540287137281 0.019236554311442
0.910574604566852 0.019772076740975
0.907563897864277 0.020308525382450
0.904508497187474 0.020845633506473
0.901408737595557 0.021383146791845
0.898264959012098 0.021920813111727
0.895077506187845 0.022458370510398
0.891846728662920 0.022995565695242
0.888572980728485 0.023532142429044
0.885256621387895 0.024067859099974
0.881898014317321 0.024602475749533
0.878497527825878 0.025135758481467
0.875055534815230 0.025667485080415
0.871572412738697 0.026197444487375
0.868048543559867 0.026725428528886
0.864484313710706 0.027251238006382
0.860880114049181 0.027774683998060
0.857236339816402 0.028295595121309
0.853553390593274 0.028813799948767
0.849831670256683 0.029329136999831
0.846071586935203 0.029841443288048
0.842273552964344 0.030350555505324
0.838437984841330 0.030856322628940
0.834565303179429 0.031358591726281
0.830655932661826 0.031857224730024
0.826710301995053 0.032352083084476
0.822728843861975 0.032843037699312
0.818711994874345 0.033329972378657
0.814660195524919 0.033812773686811
0.810573890139155 0.034291342532219
0.806453526826488 0.034765587648026
0.802299557431188 0.035235423416544
0.798112437482808 0.035700773712344
0.793892626146237 0.036161535319744
0.789640586171339 0.036617616312739
0.785356783842216 0.037068926809654
0.781041688926065 0.037515380903357
0.776695774621672 0.037956900176756
0.772319517507513 0.038393408396428
0.767913397489498 0.038824843863511
0.763477897748339 0.039251154214097
0.759013504686565 0.039672306422841
0.754520707875186 0.040088270745952
0.750000000000000 0.040499020422008
0.745451876807570 0.040904499082548
0.740876837050858 0.041304651988497
0.736275382434527 0.041699427759584
0.731648017559931 0.042088779328316
0.726995249869773 0.042472664100731
0.722317589592464 0.042851043441919
0.717615549686164 0.043223888072597
0.712889645782536 0.043591171076236
0.708140396130201 0.043952876846806
0.703368321537900 0.044308995522704
0.698573945317390 0.044659523631222
0.693757793226052 0.045004460110426
0.688920393409234 0.045343777208725
0.684062276342339 0.045677422979353
0.679183974772650 0.046005352075135
0.674286023660908 0.046327522601223
0.669368960122646 0.046643913221919
0.664433323369292 0.046954531028907
0.659479654649035 0.047259396007374
0.654508497187474 0.047558528974379
0.649520396128043 0.047851951001054
0.644515898472236 0.048139626669784
0.639495553019615 0.048421495914367
0.634459910307633 0.048697503024305
0.629409522551260 0.048967596709537
0.624344943582428 0.049231739877202
0.619266728789291 0.049489922631701
0.614175435055328 0.049742140855639
0.609071620698271 0.049988396982004
0.603955845408880 0.050228691734815
0.598828670189563 0.050463016219563
0.593690657292862 0.050691348057465
0.588542370159792 0.050913668095035
0.583384373358051 0.051129959806843
0.578217232520115 0.051340208971584
0.573041514281206 0.051544388687529
0.567857786217152 0.051742467208470
0.562666616782152 0.051934416830651
0.557468575246433 0.052120214287722
0.552264231633827 0.052299839324550
0.547054156659257 0.052473287300609
0.541838921666158 0.052640557392077
0.536619098563816 0.052801652563134
0.531395259764657 0.052956578412009
0.526167978121472 0.053105350335647
0.520937826864600 0.053247999722374
0.515705379539064 0.053384563521947
0.510471209941678 0.053515081240407
0.505235892058123 0.053639594661280
0.500000000000000 0.053758102193315
0.494764107941877 0.053870528187680
0.489528790058322 0.053976792282275
0.484294620460936 0.054076817271479
0.479062173135400 0.054170527071844
0.473832021878528 0.054257816589634
0.468604740235343 0.054338541090348
0.463380901436184 0.054412558061977
0.458161078333842 0.054479727388788
0.452945843340743 0.054539919406583
0.447735768366173 0.054593140389785
0.442531424753567 0.054639522389262
0.437333383217848 0.054679204299550
0.432142213782848 0.054712326821672
0.426958485718794 0.054739037554350
0.421782767479885 0.054759540969996
0.416615626641949 0.054774078994915
0.411457629840209 0.054782894456260
0.406309342707138 0.054786230428945
0.401171329810437 0.054784303542814
0.396044154591120 0.054777158831395
0.390928379301729 0.054764774450412
0.385824564944672 0.054747131295183
0.380733271210710 0.054724213343789
0.375655056417573 0.054695991200725
0.370590477448740 0.054662386394702
0.365540089692367 0.054623314146147
0.360504446980385 0.054578694011423
0.355484101527764 0.054528451483928
0.350479603871957 0.054472567848913
0.345491502812526 0.054411098202821
0.340520345350965 0.054344106061569
0.335566676630708 0.054271656126890
0.330631039877354 0.054193822093289
0.325713976339092 0.054110722266291
0.320816025227350 0.054022498124335
0.315937723657661 0.053929292444268
0.311079606590766 0.053831247658729
0.306242206773949 0.053728469480645
0.301426054682610 0.053620994508594
0.296631678462100 0.053508854581577
0.291859603869799 0.053392085123239
0.287110354217464 0.053270709052612
0.282384450313836 0.053144661684482
0.277682410407536 0.053013849044623
0.273004750130227 0.052878182018663
0.268351982440069 0.052737582921951
0.263724617565473 0.052591995365354
0.259123162949143 0.052441386074717
0.254548123192430 0.052285728460686
0.250000000000000 0.052125002018626
0.245479292124815 0.051959162627299
0.240986495313435 0.051788128514672
0.236522102251661 0.051611826582732
0.232086602510502 0.051430189875633
0.227680482492487 0.051243163809755
0.223304225378328 0.051050699365971
0.218958311073935 0.050852758681608
0.214643216157784 0.050649310674368
0.210359413828661 0.050440337878627
0.206107373853763 0.050225829718874
0.201887562517192 0.050005784299187
0.197700442568813 0.049780210045671
0.193546473173512 0.049549079788036
0.189426109860845 0.049312341490667
0.185339804475081 0.049069953766865
0.181288005125655 0.048821889009224
0.177271156138025 0.048568101867689
0.173289698004947 0.048308556240858
0.169344067338174 0.048043229223330
0.165434696820571 0.047772088327656
0.161562015158670 0.047495078236808
0.157726447035656 0.047212159934351
0.153928413064797 0.046923302809975
0.150168329743317 0.046628465534833
0.146446609406726 0.046327611772181
0.142763660183598 0.046020722110369
0.139119885950819 0.045707763163610
0.135515686289294 0.045388689905367
0.131951456440133 0.045063475347662
0.128427587261303 0.044732110044448
0.124944465184770 0.044394578455308
0.121502472174122 0.044050890099545
0.118101985682679 0.043701019380332
0.114743378612105 0.043344837476635
0.111427019271515 0.042982241647521
0.108153271337080 0.042613183823870
0.104922493812155 0.042237695795473
0.101735040987902 0.041855839554847
0.098591262404443 0.041467619657636
0.095491502812526 0.041072944085264
0.092436102135723 0.040671747758124
0.089425395433148 0.040263953001853
0.086459712862719 0.039849476020733
0.083539379644950 0.039428294075269
0.080664716027288 0.039000509828066
0.077836037248993 0.038566298024660
0.075053653506568 0.038125759601598
0.072317869919747 0.037678743219292
0.069628986498028 0.037225112142723
0.066987298107781 0.036764615363798
0.064393094439905 0.036296939456840
0.061846659978068 0.035821889197387
0.059348273967504 0.035339386308033
0.056898210384393 0.034849461532119
0.054496737905816 0.034352288782195
0.052144119880294 0.033848152071038
0.049840614298903 0.033337199590857
0.047586473766990 0.032819377898132
0.045381945476466 0.032294584366927
0.043227271178700 0.031762386593275
0.041122687158010 0.031222469909456
0.039068424205750 0.030674804603840
0.037064707595003 0.030119548002800
0.035111757055874 0.029556542705874
0.033209786751399 0.028985489050870
0.031359005254054 0.028406169482450
0.029559615522887 0.027818467647041
0.027811814881260 0.027222686497096
0.026115794995207 0.026619557444705
0.024471741852423 0.026009244612926
0.022879835741862 0.025391050547405
0.021340251233966 0.024763828581875
0.019853157161529 0.024125787405410
0.018418716601171 0.023475694802637
0.017037086855466 0.022813032710053
0.015708419435685 0.022137633153921
0.014432860045182 0.021449611962664
0.013210548563420 0.020749769375865
0.012041619030626 0.020039300539505
0.010926199633097 0.019316325697854
0.009864412689139 0.018576715006505
0.008856374635656 0.017816494086558
0.007902196015379 0.017031645630999
0.007001981464748 0.016217730307598
0.006155829702431 0.015371220120999
0.005363833518506 0.014491914863574
0.004626079764278 0.013581760514819
0.003942649342761 0.012644356858528
0.003313617199802 0.011682177239743
0.002739052315863 0.010697218705773
0.002219017698460 0.009690849722278
0.001753570375248 0.008663613408504
0.001342761387771 0.007617133600995
0.000986635785864 0.006554334983242
0.000685232622713 0.005478267634882
0.000438584950571 0.004391890653536
0.000246719817134 0.003298036656105
0.000109658262577 0.002199645032256
0.000027415317244 0.001099294871285
0.000000000000000 0.000000000000000
0.000027415317244 -0.001099447800488
0.000109658262577 -0.002199687665269
0.000246719817134 -0.003298072305543
0.000438584950571 -0.004391869228614
0.000685232622713 -0.005478311189387
0.000986635785864 -0.006554362662402
0.001342761387771 -0.007617128586320
0.001753570375248 -0.008663602938869
0.002219017698460 -0.009690858298213
0.002739052315863 -0.010697209206387
0.003313617199802 -0.011682187297356
0.003942649342761 -0.012644334241155
0.004626079764278 -0.013581748396560
0.005363833518506 -0.014491913819937
0.006155829702431 -0.015371205032719
0.007001981464748 -0.016217741733723
0.007902196015379 -0.017031657472039
0.008856374635656 -0.017816493790351
0.009864412689139 -0.018576726906815
0.010926199633097 -0.019316323271241
0.012041619030626 -0.020039302167805
0.013210548563420 -0.020749772669535
0.014432860045182 -0.021449620180350
0.015708419435684 -0.022137630605290
0.017037086855466 -0.022813040171702
0.018418716601171 -0.023475696028039
0.019853157161528 -0.024125792368683
0.021340251233966 -0.024763835360428
0.022879835741862 -0.025391052854284
0.024471741852423 -0.026009252210506
0.026115794995207 -0.026619558620899
0.027811814881259 -0.027222685512868
0.029559615522887 -0.027818468064057
0.031359005254054 -0.028406170540388
0.033209786751399 -0.028985492645760
0.035111757055874 -0.029556547599419
0.037064707595003 -0.030119552989662
0.039068424205750 -0.030674808033569
0.041122687158009 -0.031222470296961
0.043227271178699 -0.031762393689462
0.045381945476466 -0.032294585745658
0.047586473766990 -0.032819381644966
0.049840614298903 -0.033337201598956
0.052144119880293 -0.033848153464814
0.054496737905816 -0.034352290456123
0.056898210384393 -0.034849464767959
0.059348273967504 -0.035339390122766
0.061846659978068 -0.035821892323477
0.064393094439905 -0.036296944508387
0.066987298107781 -0.036764618363492
0.069628986498028 -0.037225116157593
0.072317869919747 -0.037678747169753
0.075053653506568 -0.038125762418387
0.077836037248992 -0.038566299387002
0.080664716027288 -0.039000510433559
0.083539379644950 -0.039428295822445
0.086459712862719 -0.039849480624942
0.089425395433148 -0.040263957179500
0.092436102135723 -0.040671750381272
0.095491502812526 -0.041072947434362
0.098591262404443 -0.041467622961771
0.101735040987902 -0.041855842339996
0.104922493812155 -0.042237697890397
0.108153271337080 -0.042613187307570
0.111427019271514 -0.042982243538725
0.114743378612105 -0.043344840692213
0.118101985682679 -0.043701020899072
0.121502472174122 -0.044050891826459
0.124944465184770 -0.044394579440785
0.128427587261303 -0.044732112866283
0.131951456440133 -0.045063478954699
0.135515686289294 -0.045388691430284
0.139119885950819 -0.045707765978796
0.142763660183598 -0.046020725771743
0.146446609406726 -0.046327613953709
0.150168329743317 -0.046628468265230
0.153928413064796 -0.046923306180142
0.157726447035656 -0.047212162482665
0.161562015158669 -0.047495081688451
0.165434696820571 -0.047772090383732
0.169344067338174 -0.048043231627394
0.173289698004947 -0.048308558322210
0.177271156138025 -0.048568104596587
0.181288005125655 -0.048821891700693
0.185339804475081 -0.049069956082987
0.189426109860845 -0.049312343431996
0.193546473173511 -0.049549082802617
0.197700442568812 -0.049780212532972
0.201887562517192 -0.050005786602167
0.206107373853763 -0.050225831544716
0.210359413828660 -0.050440340241619
0.214643216157784 -0.050649313007723
0.218958311073935 -0.050852760134251
0.223304225378328 -0.051050702130515
0.227680482492486 -0.051243166573574
0.232086602510501 -0.051430192738158
0.236522102251661 -0.051611828186833
0.240986495313435 -0.051788130727616
0.245479292124814 -0.051959164598232
0.250000000000000 -0.052125004572443
0.254548123192429 -0.052285730437027
0.259123162949142 -0.052441388084920
0.263724617565473 -0.052591997328225
0.268351982440069 -0.052737584791132
0.273004750130227 -0.052878184369931
0.277682410407536 -0.053013851056811
0.282384450313836 -0.053144663851435
0.287110354217464 -0.053270711241941
0.291859603869799 -0.053392087204389
0.296631678462100 -0.053508857002315
0.301426054682609 -0.053620996607249
0.306242206773948 -0.053728471436205
0.311079606590766 -0.053831249717502
0.315937723657661 -0.053929294651281
0.320816025227350 -0.054022500108026
0.325713976339092 -0.054110724125352
0.330631039877354 -0.054193823877791
0.335566676630708 -0.054271658188250
0.340520345350965 -0.054344107962171
0.345491502812526 -0.054411100166801
0.350479603871956 -0.054472569836773
0.355484101527764 -0.054528453413506
0.360504446980385 -0.054578695835480
0.365540089692367 -0.054623315907288
0.370590477448739 -0.054662388188563
0.375655056417572 -0.054695992996838
0.380733271210709 -0.054724215166507
0.385824564944672 -0.054747133117077
0.390928379301728 -0.054764776213066
0.396044154591120 -0.054777160609012
0.401171329810437 -0.054784305292411
0.406309342707137 -0.054786232173585
0.411457629840208 -0.054782896193403
0.416615626641949 -0.054774080678030
0.421782767479884 -0.054759542631339
0.426958485718794 -0.054739039211187
0.432142213782848 -0.054712328553854
0.437333383217848 -0.054679205946028
0.442531424753567 -0.054639524106360
0.447735768366173 -0.054593141976417
0.452945843340743 -0.054539920986363
0.458161078333842 -0.054479728878843
0.463380901436184 -0.054412559575147
0.468604740235343 -0.054338542666386
0.473832021878528 -0.054257818016312
0.479062173135400 -0.054170528629916
0.484294620460935 -0.054076818660005
0.489528790058321 -0.053976794008652
0.494764107941877 -0.053870529675757
0.500000000000000 -0.053758103669452
0.505235892058122 -0.053639596393431
0.510471209941678 -0.053515082584748
0.515705379539064 -0.053384564824412
0.520937826864600 -0.053248001071184
0.526167978121472 -0.053105351666432
0.531395259764656 -0.052956580098719
0.536619098563816 -0.052801653849236
0.541838921666157 -0.052640558379674
0.547054156659257 -0.052473288264550
0.552264231633827 -0.052299841000042
0.557468575246433 -0.052120215598335
0.562666616782152 -0.051934418655450
0.567857786217152 -0.051742467865884
0.573041514281206 -0.051544389730174
0.578217232520115 -0.051340210739703
0.583384373358051 -0.051129961279653
0.588542370159791 -0.050913669191969
0.593690657292862 -0.050691349124733
0.598828670189563 -0.050463017710442
0.603955845408879 -0.050228693291908
0.609071620698271 -0.049988398281158
0.614175435055328 -0.049742142099805
0.619266728789290 -0.049489923778018
0.624344943582427 -0.049231741245718
0.629409522551260 -0.048967598229804
0.634459910307633 -0.048697503589592
0.639495553019614 -0.048421496659439
0.644515898472235 -0.048139626854371
0.649520396128043 -0.047851952853290
0.654508497187474 -0.047558530167856
0.659479654649035 -0.047259396463122
0.664433323369291 -0.046954532685231
0.669368960122646 -0.046643913982057
0.674286023660907 -0.046327524587914
0.679183974772650 -0.046005353069220
0.684062276342339 -0.045677423760695
0.688920393409233 -0.045343777801312
0.693757793226051 -0.045004461084611
0.698573945317390 -0.044659524966487
0.703368321537900 -0.044308996634866
0.708140396130200 -0.043952878197052
0.712889645782536 -0.043591171734049
0.717615549686163 -0.043223888743439
0.722317589592464 -0.042851044252792
0.726995249869773 -0.042472664893934
0.731648017559930 -0.042088779127153
0.736275382434527 -0.041699429302492
0.740876837050857 -0.041304652959749
0.745451876807570 -0.040904500913426
0.750000000000000 -0.040499021053856
0.754520707875185 -0.040088271652421
0.759013504686565 -0.039672307413999
0.763477897748338 -0.039251155114728
0.767913397489498 -0.038824844072790
0.772319517507513 -0.038393409410173
0.776695774621672 -0.037956900059413
0.781041688926065 -0.037515381703470
0.785356783842216 -0.037068926738273
0.789640586171339 -0.036617615867759
0.793892626146236 -0.036161536971605
0.798112437482808 -0.035700774388919
0.802299557431187 -0.035235424223994
0.806453526826488 -0.034765587023316
0.810573890139155 -0.034291342334707
0.814660195524918 -0.033812775254965
0.818711994874345 -0.033329971591099
0.822728843861975 -0.032843037267572
0.826710301995052 -0.032352082297394
0.830655932661826 -0.031857225903380
0.834565303179429 -0.031358593191731
0.838437984841330 -0.030856321846067
0.842273552964344 -0.030350556296373
0.846071586935203 -0.029841441939789
0.849831670256683 -0.029329138560422
0.853553390593274 -0.028813799416175
0.857236339816401 -0.028295594454018
0.860880114049181 -0.027774684363119
0.864484313710706 -0.027251237143685
0.868048543559867 -0.026725429192793
0.871572412738697 -0.026197445458290
0.875055534815230 -0.025667487419958
0.878497527825878 -0.025135757822346
0.881898014317321 -0.024602475078833
0.885256621387894 -0.024067859660775
0.888572980728485 -0.023532144357558
0.891846728662920 -0.022995565858378
0.895077506187845 -0.022458371066611
0.898264959012098 -0.021920811382773
0.901408737595557 -0.021383148075820
0.904508497187474 -0.020845634732519
0.907563897864277 -0.020308525810660
0.910574604566852 -0.019772077057521
0.913540287137281 -0.019236554569303
0.916460620355049 -0.018702230975408
0.919335283972712 -0.018169385009272
0.922163962751007 -0.017638298428615
0.924946346493432 -0.017109265297620
0.927682130080253 -0.016582585142115
0.930371013501972 -0.016058559221851
0.933012701892219 -0.015537499299427
0.935606905560095 -0.015019717757767
0.938153340021932 -0.014505534859693
0.940651726032496 -0.013995267408637
0.943101789615607 -0.013489234292117
0.945503262094184 -0.012987769832362
0.947855880119706 -0.012491193578567
0.950159385701097 -0.011999836079197
0.952413526233010 -0.011514025907756
0.954618054523534 -0.011034078114115
0.956772728821300 -0.010560324487601
0.958877312841991 -0.010093086483485
0.960931575794250 -0.009632685633506
0.962935292404997 -0.009179442511275
0.964888242944126 -0.008733684582467
0.966790213248601 -0.008295725398490
0.968640994745946 -0.007865886684251
0.970440384477113 -0.007444487006630
0.972188185118740 -0.007031833910732
0.973884205004793 -0.006628238347935
0.975528258147577 -0.006234001728873
0.977120164258138 -0.005849433391041
0.978659748766034 -0.005474828725632
0.980146842838471 -0.005110470613525
0.981581283398829 -0.004756651334927
0.982962913144534 -0.004413648698148
0.984291580564316 -0.004081737052199
0.985567139954818 -0.003761177735408
0.986789451436580 -0.003452237179602
0.987958380969374 -0.003155155246247
0.989073800366903 -0.002870187417419
0.990135587310861 -0.002597554032025
0.991143625364344 -0.002337487297272
0.992097803984621 -0.002090204688397
0.992998018535252 -0.001855910264718
0.993844170297569 -0.001634798356954
0.994636166481494 -0.001427054579501
0.995373920235722 -0.001232862039791
0.996057350657239 -0.001052372816942
0.996686382800198 -0.000885752972609
0.997260947684137 -0.000733132962709
0.997780982301540 -0.000594649888684
0.998246429624752 -0.000470424971928
0.998657238612229 -0.000360558632523
0.999013364214136 -0.000265147399316
0.999314767377287 -0.000184277205617
0.999561415049429 -0.000118013838814
0.999753280182866 -0.000066417344643
0.999890341737423 -0.000029528411084
0.999972584682756 -0.000007383406736
1.000000000000000 0.000000000000000
