1.000000000000000 0.000000000000000
0.999972584682756 0.000003836465713
0.999890341737423 0.000015351557164
0.999753280182866 0.000034539577435
0.999561415049429 0.000061406086025
0.999314767377287 0.000095950040057
0.999013364214136 0.000138173674010
0.998657238612229 0.000188077145956
0.998246429624752 0.000245660703945
0.997780982301540 0.000310924260208
0.997260947684137 0.000383861836267
0.996686382800198 0.000464471135827
0.996057350657239 0.000552742800697
0.995373920235722 0.000648664796328
0.994636166481494 0.000752221675497
0.993844170297569 0.000863393778391
0.992998018535252 0.000982151313618
0.992097803984621 0.001108461052415
0.991143625364344 0.001242282767203
0.990135587310861 0.001383565910105
0.989073800366903 0.001532245551222
0.987958380969374 0.001688255894049
0.986789451436580 0.001851529583920
0.985567139954818 0.002022000886576
0.984291580564316 0.002199609199885
0.982962913144534 0.002384303479998
0.981581283398829 0.002576034715273
0.980146842838472 0.002774746301804
0.978659748766034 0.002980383708527
0.977120164258138 0.003192880287241
0.975528258147577 0.003412173664975
0.973884205004793 0.003638199326201
0.972188185118741 0.003870893045410
0.970440384477113 0.004110187665329
0.968640994745946 0.004356014364593
0.966790213248601 0.004608301332991
0.964888242944126 0.004866973866315
0.962935292404997 0.005131951226564
0.960931575794250 0.005403155793301
0.958877312841991 0.005680515421331
0.956772728821300 0.005963949331483
0.954618054523534 0.006253384655685
0.952413526233010 0.006548742475982
0.950159385701097 0.006849935840084
0.947855880119706 0.007156878207549
0.945503262094184 0.007469476697677
0.943101789615607 0.007787644107516
0.940651726032496 0.008111293495535
0.938153340021932 0.008440342955114
0.935606905560095 0.008774716710892
0.933012701892219 0.009114328330312
0.930371013501972 0.009459090913732
0.927682130080253 0.009808906819611
0.924946346493432 0.010163672546718
0.922163962751008 0.010523287767128
0.919335283972712 0.010887653920822
0.916460620355050 0.011256680529787
0.913540287137281 0.011630279582848
0.910574604566852 0.012008363981117
0.907563897864277 0.012390847552050
0.904508497187474 0.012777628994042
0.901408737595557 0.013168613821513
0.898264959012098 0.013563693830816
0.895077506187845 0.013962770858999
0.891846728662920 0.014365743741866
0.888572980728485 0.014772516980187
0.885256621387895 0.015182996106735
0.881898014317321 0.015597086030438
0.878497527825878 0.016014689445252
0.875055534815230 0.016435706321867
0.871572412738697 0.016860031935313
0.868048543559867 0.017287564354963
0.864484313710706 0.017718202242474
0.860880114049181 0.018151840502901
0.857236339816402 0.018588378826842
0.853553390593274 0.019027718858354
0.849831670256683 0.019469760611470
0.846071586935203 0.019914404675659
0.842273552964344 0.020361546700393
0.838437984841330 0.020811085098216
0.834565303179429 0.021262918987868
0.830655932661826 0.021716946101929
0.826710301995053 0.022173064941841
0.822728843861975 0.022631173789423
0.818711994874345 0.023091177201948
0.814660195524919 0.023552976564167
0.810573890139155 0.024016468525870
0.806453526826488 0.024481546811566
0.802299557431188 0.024948097679931
0.798112437482808 0.025416008317449
0.793892626146237 0.025885174590462
0.789640586171339 0.026355494821190
0.785356783842216 0.026826868269935
0.781041688926065 0.027299194575870
0.776695774621672 0.027772372800933
0.772319517507513 0.028246298693581
0.767913397489498 0.028720874671561
0.763477897748339 0.029195995930856
0.759013504686565 0.029671551350108
0.754520707875186 0.030147432043794
0.750000000000000 0.030623529694426
0.745451876807570 0.031099734135111
0.740876837050858 0.031575935406908
0.736275382434527 0.032052027956519
0.731648017559931 0.032527897532108
0.726995249869773 0.033003439832434
0.722317589592464 0.033478545589906
0.717615549686164 0.033953106339599
0.712889645782536 0.034427016012465
0.708140396130201 0.034900162728851
0.703368321537900 0.035372430948772
0.698573945317390 0.035843707383529
0.693757793226052 0.036313874073140
0.688920393409234 0.036782818192620
0.684062276342339 0.037250430754823
0.679183974772650 0.037716598470492
0.674286023660908 0.038181212423980
0.669368960122646 0.038644160973504
0.664433323369292 0.039105327114692
0.659479654649035 0.039564587442269
0.654508497187474 0.040021826074984
0.649520396128043 0.040476921120431
0.644515898472236 0.040929754323690
0.639495553019615 0.041380202950762
0.634459910307633 0.041828146715354
0.629409522551260 0.042273463047129
0.624344943582428 0.042716034203181
0.619266728789291 0.043155734569645
0.614175435055328 0.043592441647889
0.609071620698271 0.044026030878519
0.603955845408880 0.044456381859590
0.598828670189563 0.044883369839826
0.593690657292862 0.045306865225211
0.588542370159792 0.045726738092573
0.583384373358051 0.046142859490586
0.578217232520115 0.046555105054665
0.573041514281206 0.046963344577586
0.567857786217152 0.047367451278995
0.562666616782152 0.047767299111445
0.557468575246433 0.048162761627871
0.552264231633827 0.048553714592303
0.547054156659257 0.048940024805376
0.541838921666158 0.049321556056623
0.536619098563816 0.049698174563585
0.531395259764657 0.050069748997334
0.526167978121472 0.050436146907036
0.520937826864600 0.050797234225866
0.515705379539064 0.051152877011936
0.510471209941678 0.051502943000004
0.505235892058123 0.051847302785297
0.500000000000000 0.052185825850365
0.494764107941877 0.052518379228705
0.489528790058322 0.052844825606596
0.484294620460936 0.053165033851694
0.479062173135400 0.053478875957676
0.473832021878528 0.053786221092019
0.468604740235343 0.054086934092834
0.463380901436184 0.054380879817181
0.458161078333842 0.054667930077533
0.452945843340743 0.054947957808861
0.447735768366173 0.055220833639760
0.442531424753567 0.055486426472965
0.437333383217848 0.055744605126137
0.432142213782848 0.055995246767639
0.426958485718794 0.056238227172158
0.421782767479885 0.056473422042705
0.416615626641949 0.056700700648004
0.411457629840209 0.056919935042705
0.406309342707138 0.057131006074312
0.401171329810437 0.057333794417663
0.396044154591120 0.057528179184647
0.390928379301729 0.057714038463002
0.385824564944672 0.057891255346249
0.380733271210710 0.058059718642875
0.375655056417573 0.058219320856813
0.370590477448740 0.058369947960021
0.365540089692367 0.058511487017359
0.360504446980385 0.058643832538564
0.355484101527764 0.058766885131581
0.350479603871957 0.058880544710152
0.345491502812526 0.058984701563344
0.340520345350965 0.059079252896337
0.335566676630708 0.059164101417869
0.330631039877354 0.059239158615831
0.325713976339092 0.059304329502578
0.320816025227350 0.059359518837270
0.315937723657661 0.059404639214135
0.311079606590766 0.059439612016079
0.306242206773949 0.059464361006301
0.301426054682610 0.059478802077061
0.296631678462100 0.059482857074489
0.291859603869799 0.059476457384948
0.287110354217464 0.059459542329932
0.282384450313836 0.059432043333560
0.277682410407536 0.059393891112304
0.273004750130227 0.059345026759350
0.268351982440069 0.059285402350909
0.263724617565473 0.059214965316547
0.259123162949143 0.059133655011312
0.254548123192430 0.059041421450351
0.250000000000000 0.058938226384276
0.245479292124815 0.058824034532267
0.240986495313435 0.058698802927071
0.236522102251661 0.058562499652012
0.232086602510502 0.058415104757344
0.227680482492487 0.058256602454578
0.223304225378328 0.058086963595472
0.218958311073935 0.057906168379026
0.214643216157784 0.057714212475127
0.210359413828661 0.057511091485609
0.206107373853763 0.057296786269218
0.201887562517192 0.057071286344443
0.197700442568813 0.056834599865598
0.193546473173512 0.056586733155341
0.189426109860845 0.056327685619864
0.185339804475081 0.056057471521730
0.181288005125655 0.055776121574353
0.177271156138025 0.055483654087997
0.173289698004947 0.055180084015717
0.169344067338174 0.054865449030706
0.165434696820571 0.054539791042321
0.161562015158670 0.054203132095072
0.157726447035656 0.053855510627084
0.153928413064797 0.053496984059533
0.150168329743317 0.053127590969959
0.146446609406726 0.052747364327087
0.142763660183598 0.052356368519040
0.139119885950819 0.051954661759973
0.135515686289294 0.051542286336079
0.131951456440133 0.051119315316098
0.128427587261303 0.050685824456837
0.124944465184770 0.050241869801304
0.121502472174122 0.049787535061001
0.118101985682679 0.049322906449891
0.114743378612105 0.048848044364737
0.111427019271515 0.048363029092336
0.108153271337080 0.047867953054621
0.104922493812155 0.047362878531824
0.101735040987902 0.046847889826127
0.098591262404443 0.046323091527386
0.095491502812526 0.045788580719872
0.092436102135723 0.045244485549681
0.089425395433148 0.044690913304940
0.086459712862719 0.044127926032494
0.083539379644950 0.043555620796730
0.080664716027288 0.042974086367204
0.077836037248993 0.042383417002891
0.075053653506568 0.041783745989648
0.072317869919747 0.041175186075515
0.069628986498028 0.040557884854481
0.066987298107781 0.039931938965224
0.064393094439905 0.039297409137778
0.061846659978068 0.038654415418115
0.059348273967504 0.038003081592388
0.056898210384393 0.037343591966087
0.054496737905816 0.036676008305460
0.052144119880294 0.036000380556486
0.049840614298903 0.035316834707440
0.047586473766990 0.034625551160694
0.045381945476466 0.033926727125269
0.043227271178700 0.033220365282006
0.041122687158010 0.032506548769522
0.039068424205750 0.031785407530921
0.037064707595003 0.031057152543953
0.035111757055874 0.030321863491666
0.033209786751399 0.029579660777925
0.031359005254054 0.028830564020885
0.029559615522887 0.028074672665903
0.027811814881260 0.027312183010594
0.026115794995207 0.026543405746958
0.024471741852423 0.025768225831149
0.022879835741862 0.024986509038912
0.021340251233966 0.024198578680299
0.019853157161529 0.023404895576994
0.018418716601171 0.022605285902355
0.017037086855466 0.021799622467958
0.015708419435685 0.020988030888871
0.014432860045182 0.020170807007480
0.013210548563420 0.019348339978681
0.012041619030626 0.018520483567346
0.010926199633097 0.017686843466295
0.009864412689139 0.016847733619296
0.008856374635656 0.016003695642330
0.007902196015379 0.015154821663813
0.007001981464748 0.014300814225934
0.006155829702431 0.013441377308046
0.005363833518506 0.012576946886346
0.004626079764278 0.011708016109971
0.003942649342761 0.010834688372101
0.003313617199802 0.009956556775220
0.002739052315863 0.009073315551671
0.002219017698460 0.008185068651244
0.001753570375248 0.007292194889160
0.001342761387771 0.006395479251538
0.000986635785864 0.005495185783191
0.000685232622713 0.004590594406141
0.000438584950571 0.003679355857738
0.000246719817134 0.002761283695465
0.000109658262577 0.001840019390817
0.000027415317244 0.000918472023841
0.000000000000000 0.000000000000000
0.000027415317244 -0.000918300893227
0.000109658262577 -0.001839936414752
0.000246719817134 -0.002761319701554
0.000438584950571 -0.003679374989998
0.000685232622713 -0.004590553580939
0.000986635785864 -0.005495207846201
0.001342761387771 -0.006395481561503
0.001753570375248 -0.007292191569153
0.002219017698460 -0.008185062416576
0.002739052315863 -0.009073336667992
0.003313617199802 -0.009956562188734
0.003942649342761 -0.010834694151904
0.004626079764278 -0.011708031523401
0.005363833518506 -0.012576952532020
0.006155829702431 -0.013441363978858
0.007001981464748 -0.014300823678000
0.007902196015379 -0.015154811423284
0.008856374635656 -0.016003699382343
0.009864412689139 -0.016847735332916
0.010926199633097 -0.017686834775172
0.012041619030626 -0.018520493574236
0.013210548563420 -0.019348344144788
0.014432860045182 -0.020170807749000
0.015708419435684 -0.020988035278303
0.017037086855466 -0.021799628914784
0.018418716601171 -0.022605281590953
0.019853157161528 -0.023404897890508
0.021340251233966 -0.024198587561856
0.022879835741862 -0.024986510229603
0.024471741852423 -0.025768227742853
0.026115794995207 -0.026543407620147
0.027811814881259 -0.027312189761465
0.029559615522887 -0.028074674993851
0.031359005254054 -0.028830567993300
0.033209786751399 -0.029579658649787
0.035111757055874 -0.030321866067494
0.037064707595003 -0.031057157489415
0.039068424205750 -0.031785414202181
0.041122687158009 -0.032506552771406
0.043227271178699 -0.033220366382919
0.045381945476466 -0.033926729684253
0.047586473766990 -0.034625555073946
0.049840614298903 -0.035316839753102
0.052144119880293 -0.036000387239423
0.054496737905816 -0.036676011705700
0.056898210384393 -0.037343597647727
0.059348273967504 -0.038003084439081
0.061846659978068 -0.038654418037333
0.064393094439905 -0.039297413061417
0.066987298107781 -0.039931941963013
0.069628986498028 -0.040557888567162
0.072317869919747 -0.041175189835855
0.075053653506568 -0.041783750531748
0.077836037248992 -0.042383421032286
0.080664716027288 -0.042974088316919
0.083539379644950 -0.043555623774618
0.086459712862719 -0.044127928432936
0.089425395433148 -0.044690917837325
0.092436102135723 -0.045244490988363
0.095491502812526 -0.045788583873628
0.098591262404443 -0.046323096624496
0.101735040987902 -0.046847891701269
0.104922493812155 -0.047362881636657
0.108153271337080 -0.047867955869667
0.111427019271514 -0.048363032431369
0.114743378612105 -0.048848047479468
0.118101985682679 -0.049322910172517
0.121502472174122 -0.049787536644707
0.124944465184770 -0.050241873078563
0.128427587261303 -0.050685828631070
0.131951456440133 -0.051119317993467
0.135515686289294 -0.051542289170516
0.139119885950819 -0.051954664735239
0.142763660183598 -0.052356371413776
0.146446609406726 -0.052747367757142
0.150168329743317 -0.053127593968018
0.153928413064796 -0.053496987767215
0.157726447035656 -0.053855513629510
0.161562015158669 -0.054203134319235
0.165434696820571 -0.054539793436369
0.169344067338174 -0.054865451821581
0.173289698004947 -0.055180086759898
0.177271156138025 -0.055483656640145
0.181288005125655 -0.055776124980287
0.185339804475081 -0.056057474264890
0.189426109860845 -0.056327688157218
0.193546473173511 -0.056586736378241
0.197700442568812 -0.056834602728562
0.201887562517192 -0.057071288932574
0.206107373853763 -0.057296788993509
0.210359413828660 -0.057511094507189
0.214643216157784 -0.057714215267108
0.218958311073935 -0.057906170880247
0.223304225378328 -0.058086966323250
0.227680482492486 -0.058256605385901
0.232086602510501 -0.058415107465770
0.236522102251661 -0.058562502283690
0.240986495313435 -0.058698805908061
0.245479292124814 -0.058824037114512
0.250000000000000 -0.058938229037785
0.254548123192429 -0.059041423921336
0.259123162949142 -0.059133657641285
0.263724617565473 -0.059214967880660
0.268351982440069 -0.059285404834165
0.273004750130227 -0.059345029505695
0.277682410407536 -0.059393893564461
0.282384450313836 -0.059432045890156
0.287110354217464 -0.059459544874471
0.291859603869799 -0.059476459948927
0.296631678462100 -0.059482859618988
0.301426054682609 -0.059478804592022
0.306242206773948 -0.059464363527148
0.311079606590766 -0.059439614526714
0.315937723657661 -0.059404641702461
0.320816025227350 -0.059359521228530
0.325713976339092 -0.059304331939631
0.330631039877354 -0.059239161087471
0.335566676630708 -0.059164103998656
0.340520345350965 -0.059079255006652
0.345491502812526 -0.058984704002503
0.350479603871956 -0.058880546889136
0.355484101527764 -0.058766887718306
0.360504446980385 -0.058643835023886
0.365540089692367 -0.058511489237839
0.370590477448739 -0.058369950423533
0.375655056417572 -0.058219323031925
0.380733271210709 -0.058059721078920
0.385824564944672 -0.057891257379617
0.390928379301728 -0.057714040755868
0.396044154591120 -0.057528181451538
0.401171329810437 -0.057333796461407
0.406309342707137 -0.057131008188926
0.411457629840208 -0.056919937175995
0.416615626641949 -0.056700702230205
0.421782767479884 -0.056473424491964
0.426958485718794 -0.056238229529769
0.432142213782848 -0.055995248425443
0.437333383217848 -0.055744607394852
0.442531424753567 -0.055486428372861
0.447735768366173 -0.055220835890899
0.452945843340743 -0.054947959891394
0.458161078333842 -0.054667932440216
0.463380901436184 -0.054380882009180
0.468604740235343 -0.054086934904752
0.473832021878528 -0.053786223263096
0.479062173135400 -0.053478877718924
0.484294620460935 -0.053165035440583
0.489528790058321 -0.052844826899954
0.494764107941877 -0.052518380993429
0.500000000000000 -0.052185828253110
0.505235892058122 -0.051847304645358
0.510471209941678 -0.051502944235489
0.515705379539064 -0.051152877988139
0.520937826864600 -0.050797236164172
0.526167978121472 -0.050436149243339
0.531395259764656 -0.050069750803668
0.536619098563816 -0.049698176076963
0.541838921666157 -0.049321557871884
0.547054156659257 -0.048940026581889
0.552264231633827 -0.048553716456734
0.557468575246433 -0.048162763516972
0.562666616782152 -0.047767300373456
0.567857786217152 -0.047367453394612
0.573041514281206 -0.046963346127095
0.578217232520115 -0.046555106807563
0.583384373358051 -0.046142861186582
0.588542370159791 -0.045726738992672
0.593690657292862 -0.045306866232999
0.598828670189563 -0.044883371274848
0.603955845408879 -0.044456383948777
0.609071620698271 -0.044026032003342
0.614175435055328 -0.043592441645987
0.619266728789290 -0.043155735603790
0.624344943582427 -0.042716035023918
0.629409522551260 -0.042273464501345
0.634459910307633 -0.041828147025022
0.639495553019614 -0.041380204936384
0.644515898472235 -0.040929756198282
0.649520396128043 -0.040476923201080
0.654508497187474 -0.040021826826869
0.659479654649035 -0.039564590312424
0.664433323369291 -0.039105328560636
0.669368960122646 -0.038644162712352
0.674286023660907 -0.038181214472910
0.679183974772650 -0.037716600367412
0.684062276342339 -0.037250431715382
0.688920393409233 -0.036782818865682
0.693757793226051 -0.036313874919259
0.698573945317390 -0.035843706825045
0.703368321537900 -0.035372432895527
0.708140396130200 -0.034900164285870
0.712889645782536 -0.034427016791621
0.717615549686163 -0.033953107074666
0.722317589592464 -0.033478545152326
0.726995249869773 -0.033003441070178
0.731648017559930 -0.032527897600497
0.736275382434527 -0.032052027487310
0.740876837050857 -0.031575936545636
0.745451876807570 -0.031099735407586
0.750000000000000 -0.030623529891935
0.754520707875185 -0.030147432426741
0.759013504686565 -0.029671551974280
0.763477897748338 -0.029195997293005
0.767913397489498 -0.028720876053710
0.772319517507513 -0.028246300744117
0.776695774621672 -0.027772373459308
0.781041688926065 -0.027299196269839
0.785356783842216 -0.026826869417840
0.789640586171339 -0.026355497125141
0.793892626146236 -0.025885176533808
0.798112437482808 -0.025416010238490
0.802299557431187 -0.024948099843145
0.806453526826488 -0.024481548462792
0.810573890139155 -0.024016471118346
0.814660195524918 -0.023552975855941
0.818711994874345 -0.023091177525923
0.822728843861975 -0.022631173325921
0.826710301995052 -0.022173064734868
0.830655932661826 -0.021716946405949
0.834565303179429 -0.021262919916184
0.838437984841330 -0.020811086360430
0.842273552964344 -0.020361547933660
0.846071586935203 -0.019914405864265
0.849831670256683 -0.019469760786850
0.853553390593274 -0.019027719408389
0.857236339816401 -0.018588378307646
0.860880114049181 -0.018151840599413
0.864484313710706 -0.017718203460891
0.868048543559867 -0.017287566391108
0.871572412738697 -0.016860032106455
0.875055534815230 -0.016435706692347
0.878497527825878 -0.016014690463388
0.881898014317321 -0.015597086134398
0.885256621387894 -0.015182996407008
0.888572980728485 -0.014772517940408
0.891846728662920 -0.014365746246662
0.895077506187845 -0.013962771748965
0.898264959012098 -0.013563695339079
0.901408737595557 -0.013168615069449
0.904508497187474 -0.012777629820166
0.907563897864277 -0.012390846856630
0.910574604566852 -0.012008366368071
0.913540287137281 -0.011630278025859
0.916460620355049 -0.011256680980522
0.919335283972712 -0.010887654965733
0.922163962751007 -0.010523287915324
0.924946346493432 -0.010163671787107
0.927682130080253 -0.009808907112635
0.930371013501972 -0.009459090669226
0.933012701892219 -0.009114327361023
0.935606905560095 -0.008774717392201
0.938153340021932 -0.008440344142117
0.940651726032496 -0.008111293925943
0.943101789615607 -0.007787644210910
0.945503262094184 -0.007469477894707
0.947855880119706 -0.007156879504805
0.950159385701097 -0.006849936262634
0.952413526233010 -0.006548740229766
0.954618054523534 -0.006253384827786
0.956772728821300 -0.005963948429578
0.958877312841991 -0.005680513609482
0.960931575794250 -0.005403156577799
0.962935292404997 -0.005131952834328
0.964888242944126 -0.004866975524326
0.966790213248601 -0.004608303034816
0.968640994745946 -0.004356014542519
0.970440384477113 -0.004110187074848
0.972188185118740 -0.003870893349703
0.973884205004793 -0.003638200098152
0.975528258147577 -0.003412174110326
0.977120164258138 -0.003192880810464
0.978659748766034 -0.002980383872580
0.980146842838471 -0.002774748219323
0.981581283398829 -0.002576033829247
0.982962913144534 -0.002384304468960
0.984291580564316 -0.002199608980503
0.985567139954818 -0.002022001438943
0.986789451436580 -0.001851528614380
0.987958380969374 -0.001688256770414
0.989073800366903 -0.001532246216286
0.990135587310861 -0.001383564739915
0.991143625364344 -0.001242282622185
0.992097803984621 -0.001108461441014
0.992998018535252 -0.000982150591362
0.993844170297569 -0.000863392869779
0.994636166481494 -0.000752221506037
0.995373920235722 -0.000648665839047
0.996057350657239 -0.000552741884348
0.996686382800198 -0.000464472103090
0.997260947684137 -0.000383861866439
0.997780982301540 -0.000310924164836
0.998246429624752 -0.000245662271563
0.998657238612229 -0.000188077654967
0.999013364214136 -0.000138175509570
0.999314767377287 -0.000095950172194
0.999561415049429 -0.000061405245667
0.999753280182866 -0.000034540956878
0.999890341737423 -0.000015350953612
0.999972584682756 -0.000003837578513
1.000000000000000 0.000000000000000
