1.000000000000000 0.000000000000000
0.999972584682756 0.000003091933305
0.999890341737423 0.000012369412634
0.999753280182866 0.000027843618715
0.999561415049429 0.000049533162885
0.999314767377287 0.000077459932637
0.999013364214136 0.000111655194327
0.998657238612229 0.000152157472886
0.998246429624752 0.000199008317254
0.997780982301540 0.000252260469315
0.997260947684137 0.000311969452847
0.996686382800198 0.000378199665735
0.996057350657239 0.000451015841394
0.995373920235722 0.000530497574599
0.994636166481494 0.000616724439858
0.993844170297569 0.000709779928016
0.992998018535252 0.000809757636925
0.992097803984621 0.000916754675564
0.991143625364344 0.001030869191820
0.990135587310861 0.001152206567836
0.989073800366903 0.001280879226073
0.987958380969374 0.001416999761261
0.986789451436580 0.001560684981801
0.985567139954818 0.001712053351550
0.984291580564316 0.001871233689498
0.982962913144534 0.002038346772212
0.981581283398829 0.002213523038754
0.980146842838472 0.002396893199081
0.978659748766034 0.002588587786697
0.977120164258138 0.002788739064041
0.975528258147577 0.002997483034228
0.973884205004793 0.003214949520547
0.972188185118741 0.003441276046572
0.970440384477113 0.003676590584529
0.968640994745946 0.003921030508915
0.966790213248601 0.004174722646955
0.964888242944126 0.004437795006927
0.962935292404997 0.004710373918578
0.960931575794250 0.004992583595879
0.958877312841991 0.005284543114926
0.956772728821300 0.005586368461798
0.954618054523534 0.005898169454306
0.952413526233010 0.006220054486029
0.950159385701097 0.006552122150328
0.947855880119706 0.006894468664733
0.945503262094184 0.007247184794750
0.943101789615607 0.007610347168510
0.940651726032496 0.007984036848893
0.938153340021932 0.008368317015619
0.935606905560095 0.008763246102624
0.933012701892219 0.009168874646343
0.930371013501972 0.009585239085722
0.927682130080253 0.010012372688485
0.924946346493432 0.010450293655325
0.922163962751008 0.010899010255633
0.919335283972712 0.011358520392850
0.916460620355050 0.011828808536372
0.913540287137281 0.012309851266866
0.910574604566852 0.012801604078803
0.907563897864277 0.013304014870845
0.904508497187474 0.013817016274143
0.901408737595557 0.014340530282093
0.898264959012098 0.014874468868080
0.895077506187845 0.015418753697115
0.891846728662920 0.015973332570135
0.888572980728485 0.016538144449465
0.885256621387895 0.017113116128232
0.881898014317321 0.017698166573880
0.878497527825878 0.018293195872441
0.875055534815230 0.018898097964668
0.871572412738697 0.019512760032757
0.868048543559867 0.020137053442891
0.864484313710706 0.020770836980138
0.860880114049181 0.021413961944622
0.857236339816402 0.022066261731909
0.853553390593274 0.022727558303451
0.849831670256683 0.023397655359236
0.846071586935203 0.024076397939535
0.842273552964344 0.024763661820560
0.838437984841330 0.025459304430707
0.834565303179429 0.026163196094307
0.830655932661826 0.026875197022197
0.826710301995053 0.027595161631022
0.822728843861975 0.028322940227338
0.818711994874345 0.029058371655626
0.814660195524919 0.029801288347787
0.810573890139155 0.030551513643345
0.806453526826488 0.031308866295952
0.802299557431188 0.032073159241095
0.798112437482808 0.032844191086598
0.793892626146237 0.033621690013930
0.789640586171339 0.034405311999437
0.785356783842216 0.035194706841940
0.781041688926065 0.035989516460132
0.776695774621672 0.036789356173821
0.772319517507513 0.037593846850360
0.767913397489498 0.038402581517538
0.763477897748339 0.039215150185579
0.759013504686565 0.040031111421964
0.754520707875186 0.040850018755808
0.750000000000000 0.041671419784466
0.745451876807570 0.042494932146442
0.740876837050858 0.043320253343545
0.736275382434527 0.044147068901833
0.731648017559931 0.044975064013517
0.726995249869773 0.045803929729265
0.722317589592464 0.046633360805290
0.717615549686164 0.047463045673975
0.712889645782536 0.048292672678576
0.708140396130201 0.049121924623295
0.703368321537900 0.049950472852911
0.698573945317390 0.050777989018310
0.693757793226052 0.051604142153485
0.688920393409234 0.052428598924245
0.684062276342339 0.053251026892775
0.679183974772650 0.054071079375671
0.674286023660908 0.054888420056826
0.669368960122646 0.055702705118132
0.664433323369292 0.056513590259631
0.659479654649035 0.057320730220875
0.654508497187474 0.058123781675380
0.649520396128043 0.058922396312264
0.644515898472236 0.059716204574558
0.639495553019615 0.060504816266813
0.634459910307633 0.061287840020434
0.629409522551260 0.062064889603922
0.624344943582428 0.062835571402170
0.619266728789291 0.063599488933500
0.614175435055328 0.064356239255134
0.609071620698271 0.065105428078026
0.603955845408880 0.065846656899503
0.598828670189563 0.066579544127409
0.593690657292862 0.067303738694033
0.588542370159792 0.068018882784294
0.583384373358051 0.068724625889628
0.578217232520115 0.069420622318258
0.573041514281206 0.070106552521144
0.567857786217152 0.070782107425066
0.562666616782152 0.071446985487977
0.557468575246433 0.072100885757819
0.552264231633827 0.072743496652438
0.547054156659257 0.073374397926388
0.541838921666158 0.073993135390457
0.536619098563816 0.074599250146976
0.531395259764657 0.075192297065082
0.526167978121472 0.075771817947614
0.520937826864600 0.076337302910468
0.515705379539064 0.076888227953975
0.510471209941678 0.077424086467626
0.505235892058123 0.077944369254527
0.500000000000000 0.078448642196210
0.494764107941877 0.078936655902684
0.489528790058322 0.079408201236009
0.484294620460936 0.079863071071263
0.479062173135400 0.080301070580606
0.473832021878528 0.080722076040525
0.468604740235343 0.081126116484096
0.463380901436184 0.081513243236661
0.458161078333842 0.081883514312845
0.452945843340743 0.082236987068888
0.447735768366173 0.082573221481945
0.442531424753567 0.082890959820456
0.437333383217848 0.083188888575950
0.432142213782848 0.083465713134900
0.426958485718794 0.083720153646361
0.421782767479885 0.083950682488066
0.416615626641949 0.084155470139438
0.411457629840209 0.084332696579267
0.406309342707138 0.084480575458685
0.401171329810437 0.084597444497829
0.396044154591120 0.084683209336811
0.390928379301729 0.084739069908276
0.385824564944672 0.084766259884372
0.380733271210710 0.084766005854265
0.375655056417573 0.084739587267128
0.370590477448740 0.084688772221313
0.365540089692367 0.084615556481327
0.360504446980385 0.084521915900872
0.355484101527764 0.084409804358884
0.350479603871957 0.084280842145210
0.345491502812526 0.084135528003869
0.340520345350965 0.083974114873813
0.335566676630708 0.083796860543488
0.330631039877354 0.083604020837988
0.325713976339092 0.083395635927298
0.320816025227350 0.083171459371673
0.315937723657661 0.082931239748358
0.311079606590766 0.082674744771001
0.306242206773949 0.082401789827370
0.301426054682610 0.082112419134081
0.296631678462100 0.081806768365879
0.291859603869799 0.081484988133625
0.287110354217464 0.081147232331223
0.282384450313836 0.080793755016717
0.277682410407536 0.080424913256915
0.273004750130227 0.080041081118376
0.268351982440069 0.079642632918471
0.263724617565473 0.079229938151648
0.259123162949143 0.078803345501376
0.254548123192430 0.078363205936092
0.250000000000000 0.077909867757942
0.245479292124815 0.077443674165753
0.240986495313435 0.076964908491466
0.236522102251661 0.076473828236096
0.232086602510502 0.075970701202966
0.227680482492487 0.075455801941163
0.223304225378328 0.074929410025359
0.218958311073935 0.074391807642375
0.214643216157784 0.073843283966207
0.210359413828661 0.073284137861372
0.206107373853763 0.072714663890553
0.201887562517192 0.072135159765036
0.197700442568813 0.071545932317451
0.193546473173512 0.070947235520161
0.189426109860845 0.070339121869820
0.185339804475081 0.069721612832610
0.181288005125655 0.069094758695499
0.177271156138025 0.068458620608223
0.173289698004947 0.067813286774232
0.169344067338174 0.067158868529428
0.165434696820571 0.066495490046941
0.161562015158670 0.065823309284463
0.157726447035656 0.065142503719606
0.153928413064797 0.064453275814600
0.150168329743317 0.063755799540866
0.146446609406726 0.063050232938975
0.142763660183598 0.062336752370032
0.139119885950819 0.061615526532218
0.135515686289294 0.060886685147289
0.131951456440133 0.060150358500490
0.128427587261303 0.059406714356541
0.124944465184770 0.058655952813622
0.121502472174122 0.057898310268831
0.118101985682679 0.057134035887762
0.114743378612105 0.056363400554482
0.111427019271515 0.055586683887475
0.108153271337080 0.054804191774147
0.104922493812155 0.054016295267275
0.101735040987902 0.053223397944944
0.098591262404443 0.052425886456207
0.095491502812526 0.051623935440884
0.092436102135723 0.050817690551408
0.089425395433148 0.050007283740496
0.086459712862719 0.049192769887146
0.083539379644950 0.048374226591889
0.080664716027288 0.047551833392507
0.077836037248993 0.046725881709941
0.075053653506568 0.045896657834864
0.072317869919747 0.045064315235679
0.069628986498028 0.044228988042440
0.066987298107781 0.043390704036388
0.064393094439905 0.042549356250741
0.061846659978068 0.041704895859899
0.059348273967504 0.040857419486472
0.056898210384393 0.040007110689935
0.054496737905816 0.039154233818550
0.052144119880294 0.038299129267789
0.049840614298903 0.037442188589953
0.047586473766990 0.036583796843812
0.045381945476466 0.035724327085223
0.043227271178700 0.034863769022246
0.041122687158010 0.034002180549448
0.039068424205750 0.033139762306102
0.037064707595003 0.032276868339919
0.035111757055874 0.031413924893938
0.033209786751399 0.030551490953353
0.031359005254054 0.029690234181171
0.029559615522887 0.028830941147408
0.027811814881260 0.027974405874216
0.026115794995207 0.027121526658357
0.024471741852423 0.026273647900377
0.022879835741862 0.025431835403691
0.021340251233966 0.024594701213479
0.019853157161529 0.023760262195858
0.018418716601171 0.022926222881606
0.017037086855466 0.022090786466169
0.015708419435685 0.021252837333594
0.014432860045182 0.020411728476358
0.013210548563420 0.019567231950822
0.012041619030626 0.018719608840552
0.010926199633097 0.017869502071612
0.009864412689139 0.017018090067382
0.008856374635656 0.016166638266882
0.007902196015379 0.015316482459431
0.007001981464748 0.014470390441934
0.006155829702431 0.013630059002152
0.005363833518506 0.012791689865786
0.004626079764278 0.011946272775403
0.003942649342761 0.011082578570881
0.003313617199802 0.010196258604801
0.002739052315863 0.009289487670088
0.002219017698460 0.008368100333225
0.001753570375248 0.007436208890073
0.001342761387771 0.006497634617677
0.000986635785864 0.005555991050001
0.000685232622713 0.004614336889752
0.000438584950571 0.003675685926372
0.000246719817134 0.002742569577925
0.000109658262577 0.001817448841271
0.000027415317244 0.000902562698135
0.000000000000000 0.000000000000000
0.000027415317244 -0.000888261891956
0.000109658262577 -0.001761541494526
0.000246719817134 -0.002629131154011
0.000438584950571 -0.003498594099500
0.000685232622713 -0.004370750042001
0.000986635785864 -0.005244971986382
0.001342761387771 -0.006120194365917
0.001753570375248 -0.006994977823768
0.002219017698460 -0.007867727720984
0.002739052315863 -0.008736599540766
0.003313617199802 -0.009599435313759
0.003942649342761 -0.010453802130942
0.004626079764278 -0.011296986753545
0.005363833518506 -0.012125756995778
0.006155829702431 -0.012936287419983
0.007001981464748 -0.013725953752741
0.007902196015379 -0.014498394306026
0.008856374635656 -0.015258998192019
0.009864412689139 -0.016013063338012
0.010926199633097 -0.016761112255572
0.012041619030626 -0.017501930869714
0.013210548563420 -0.018235337781355
0.014432860045182 -0.018961206974236
0.015708419435684 -0.019679229875376
0.017037086855466 -0.020389048503778
0.018418716601171 -0.021090483303288
0.019853157161528 -0.021783909385535
0.021340251233966 -0.022470185388974
0.022879835741862 -0.023150529611364
0.024471741852423 -0.023826810559509
0.026115794995207 -0.024501869603535
0.027811814881259 -0.025177767608433
0.029559615522887 -0.025854922777824
0.031359005254054 -0.026533069143638
0.033209786751399 -0.027211127420872
0.035111757055874 -0.027888252615763
0.037064707595003 -0.028563874775512
0.039068424205750 -0.029237507504652
0.041122687158009 -0.029908703306351
0.043227271178699 -0.030577127335446
0.045381945476466 -0.031242546585111
0.047586473766990 -0.031904880709975
0.049840614298903 -0.032564235107377
0.052144119880293 -0.033220714340598
0.054496737905816 -0.033874220914110
0.056898210384393 -0.034524638189630
0.059348273967504 -0.035171684986604
0.061846659978068 -0.035815041334791
0.064393094439905 -0.036454519270779
0.066987298107781 -0.037090007290955
0.069628986498028 -0.037721491853792
0.072317869919747 -0.038349060839885
0.075053653506568 -0.038972857301447
0.077836037248992 -0.039592927702337
0.080664716027288 -0.040209305099499
0.083539379644950 -0.040821926752065
0.086459712862719 -0.041430518984919
0.089425395433148 -0.042034825579403
0.092436102135723 -0.042634693592585
0.095491502812526 -0.043230034321467
0.098591262404443 -0.043820787428883
0.101735040987902 -0.044406863579559
0.104922493812155 -0.044988192155377
0.108153271337080 -0.045564642108689
0.111427019271514 -0.046135942192544
0.114743378612105 -0.046701822162363
0.118101985682679 -0.047262054818802
0.121502472174122 -0.047816448729659
0.124944465184770 -0.048364841685878
0.128427587261303 -0.048907080626577
0.131951456440133 -0.049443027027397
0.135515686289294 -0.049972570596656
0.139119885950819 -0.050495631386148
0.142763660183598 -0.051012181944316
0.146446609406726 -0.051522216793802
0.150168329743317 -0.052025711819352
0.153928413064796 -0.052522565323347
0.157726447035656 -0.053012689471359
0.161562015158669 -0.053495986187160
0.165434696820571 -0.053972279646370
0.169344067338174 -0.054441369929549
0.173289698004947 -0.054903071158809
0.177271156138025 -0.055357219676659
0.181288005125655 -0.055803683575255
0.185339804475081 -0.056242342725970
0.189426109860845 -0.056673092277370
0.193546473173511 -0.057095836877508
0.197700442568812 -0.057510494928348
0.201887562517192 -0.057917001461342
0.206107373853763 -0.058315242127233
0.210359413828660 -0.058705015535439
0.214643216157784 -0.059086117315058
0.218958311073935 -0.059458346489403
0.223304225378328 -0.059821507705933
0.227680482492486 -0.060175410924744
0.232086602510501 -0.060519868317902
0.236522102251661 -0.060854703036426
0.240986495313435 -0.061179739475136
0.245479292124814 -0.061494801668617
0.250000000000000 -0.061799726798346
0.254548123192429 -0.062094347520137
0.259123162949142 -0.062378409681985
0.263724617565473 -0.062651571646034
0.268351982440069 -0.062913489316986
0.273004750130227 -0.063163819055973
0.277682410407536 -0.063402202443690
0.282384450313836 -0.063628260203806
0.287110354217464 -0.063841609625567
0.291859603869799 -0.064041869911324
0.296631678462100 -0.064228707261436
0.301426054682609 -0.064401944565198
0.306242206773948 -0.064561441042077
0.311079606590766 -0.064707061642117
0.315937723657661 -0.064838698306529
0.320816025227350 -0.064956456710868
0.325713976339092 -0.065060589480076
0.330631039877354 -0.065151364535576
0.335566676630708 -0.065229065716390
0.340520345350965 -0.065293838313286
0.345491502812526 -0.065345459942217
0.350479603871956 -0.065383653418445
0.355484101527764 -0.065408144239088
0.360504446980385 -0.065418612951561
0.365540089692367 -0.065413886374195
0.370590477448739 -0.065392035182070
0.375655056417572 -0.065351080098818
0.380733271210709 -0.065289017164565
0.385824564944672 -0.065203917729119
0.390928379301728 -0.065094426459271
0.396044154591120 -0.064959400240586
0.401171329810437 -0.064797689208299
0.406309342707137 -0.064608136692643
0.411457629840208 -0.064390238824713
0.416615626641949 -0.064145450995153
0.421782767479884 -0.063875621754532
0.426958485718794 -0.063582636096447
0.432142213782848 -0.063268402990992
0.437333383217848 -0.062934625404727
0.442531424753567 -0.062582604402173
0.447735768366173 -0.062213617563800
0.452945843340743 -0.061828963341252
0.458161078333842 -0.061429936026156
0.463380901436184 -0.061017246734538
0.468604740235343 -0.060590892849229
0.473832021878528 -0.060150839116019
0.479062173135400 -0.059697056739127
0.484294620460935 -0.059229523900154
0.489528790058321 -0.058748358760875
0.494764107941877 -0.058253792056893
0.500000000000000 -0.057746063872607
0.505235892058122 -0.057225421563046
0.510471209941678 -0.056692131554743
0.515705379539064 -0.056146610208298
0.520937826864600 -0.055589362433389
0.526167978121472 -0.055020902262555
0.531395259764656 -0.054441748197872
0.536619098563816 -0.053852414691457
0.541838921666157 -0.053253369275481
0.547054156659257 -0.052645058795562
0.552264231633827 -0.052027932931980
0.557468575246433 -0.051402450346942
0.562666616782152 -0.050769043534038
0.567857786217152 -0.050128065354273
0.573041514281206 -0.049479855076675
0.578217232520115 -0.048824747531008
0.583384373358051 -0.048163087504886
0.588542370159791 -0.047495218899636
0.593690657292862 -0.046821502479204
0.598828670189563 -0.046142299533829
0.603955845408879 -0.045457970439558
0.609071620698271 -0.044768877450945
0.614175435055328 -0.044075378206310
0.619266728789290 -0.043377829180357
0.624344943582427 -0.042676580268406
0.629409522551260 -0.041971987310874
0.634459910307633 -0.041264396305020
0.639495553019614 -0.040554163996065
0.644515898472235 -0.039841633899076
0.649520396128043 -0.039127157537917
0.654508497187474 -0.038411072893529
0.659479654649035 -0.037693725818901
0.664433323369291 -0.036975458118580
0.669368960122646 -0.036256608247958
0.674286023660907 -0.035537513895426
0.679183974772650 -0.034818504818218
0.684062276342339 -0.034099896512602
0.688920393409233 -0.033382013504396
0.693757793226051 -0.032665162165401
0.698573945317390 -0.031949653351986
0.703368321537900 -0.031235822826309
0.708140396130200 -0.030524025906596
0.712889645782536 -0.029814606797468
0.717615549686163 -0.029107898727336
0.722317589592464 -0.028404243880995
0.726995249869773 -0.027703972559345
0.731648017559930 -0.027007408724022
0.736275382434527 -0.026314874473316
0.740876837050857 -0.025626676078648
0.745451876807570 -0.024943123750354
0.750000000000000 -0.024264513704208
0.754520707875185 -0.023591140751618
0.759013504686565 -0.022923311765388
0.763477897748338 -0.022261362778963
0.767913397489498 -0.021605614959572
0.772319517507513 -0.020956381334407
0.776695774621672 -0.020313952433827
0.781041688926065 -0.019678604714614
0.785356783842216 -0.019050605267646
0.789640586171339 -0.018430209050172
0.793892626146236 -0.017817662250200
0.798112437482808 -0.017213197390641
0.802299557431187 -0.016617039038600
0.806453526826488 -0.016029434752453
0.810573890139155 -0.015450658013321
0.814660195524918 -0.014880966793356
0.818711994874345 -0.014320600942981
0.822728843861975 -0.013769783526859
0.826710301995052 -0.013228717406822
0.830655932661826 -0.012697595434358
0.834565303179429 -0.012176589954347
0.838437984841330 -0.011665862885253
0.842273552964344 -0.011165565422879
0.846071586935203 -0.010675811805656
0.849831670256683 -0.010196701929200
0.853553390593274 -0.009728311655797
0.857236339816401 -0.009270671709124
0.860880114049181 -0.008823750716539
0.864484313710706 -0.008387510253289
0.868048543559867 -0.007961910070566
0.871572412738697 -0.007546905910432
0.875055534815230 -0.007142446734248
0.878497527825878 -0.006748467237064
0.881898014317321 -0.006364896914491
0.885256621387894 -0.005991656619636
0.888572980728485 -0.005628668220304
0.891846728662920 -0.005275843385923
0.895077506187845 -0.004933082118416
0.898264959012098 -0.004600257510032
0.901408737595557 -0.004277275891550
0.904508497187474 -0.003964339085143
0.907563897864277 -0.003661768728940
0.910574604566852 -0.003369857473847
0.913540287137281 -0.003088872601742
0.916460620355049 -0.002819036624031
0.919335283972712 -0.002560521004860
0.922163962751007 -0.002313454395010
0.924946346493432 -0.002077924914390
0.927682130080253 -0.001853981916593
0.930371013501972 -0.001641639602710
0.933012701892219 -0.001440872039461
0.935606905560095 -0.001251620174098
0.938153340021932 -0.001073792765378
0.940651726032496 -0.000907266058188
0.943101789615607 -0.000751887392727
0.945503262094184 -0.000607475353631
0.947855880119706 -0.000473822281029
0.950159385701097 -0.000350694969390
0.952413526233010 -0.000237836024457
0.954618054523534 -0.000134968611239
0.956772728821300 -0.000041793934393
0.958877312841991 0.000042004044115
0.960931575794250 0.000116758431976
0.962935292404997 0.000182817825420
0.964888242944126 0.000240545538913
0.966790213248601 0.000290314676968
0.968640994745946 0.000332510742294
0.970440384477113 0.000367527814903
0.972188185118740 0.000395766325942
0.973884205004793 0.000417633843259
0.975528258147577 0.000433541807369
0.977120164258138 0.000443904852319
0.978659748766034 0.000449138870332
0.980146842838471 0.000449660126363
0.981581283398829 0.000445883478313
0.982962913144534 0.000438221207325
0.984291580564316 0.000427081776007
0.985567139954818 0.000412868435686
0.986789451436580 0.000395977839290
0.987958380969374 0.000376799393549
0.989073800366903 0.000355713532106
0.990135587310861 0.000333090222715
0.991143625364344 0.000309289538345
0.992097803984621 0.000284659201892
0.992998018535252 0.000259532671364
0.993844170297569 0.000234231663366
0.994636166481494 0.000209061351250
0.995373920235722 0.000184311301870
0.996057350657239 0.000160255760901
0.996686382800198 0.000137151341342
0.997260947684137 0.000115235989618
0.997780982301540 0.000094728918004
0.998246429624752 0.000075832294133
0.998657238612229 0.000058726096504
0.999013364214136 0.000043570947107
0.999314767377287 0.000030508649611
0.999561415049429 0.000019656539865
0.999753280182866 0.000011114784034
0.999890341737423 0.000004958099181
0.999972584682756 0.000001242233029
1.000000000000000 0.000000000000000
