1.000000000000000 0.000000000000000
0.999972584682756 0.000003201158151
0.999890341737423 0.000012802030885
0.999753280182866 0.000028801122923
0.999561415049429 0.000051195941768
0.999314767377287 0.000079976691226
0.999013364214136 0.000115138887339
0.998657238612229 0.000156670746073
0.998246429624752 0.000204563692989
0.997780982301540 0.000258801861083
0.997260947684137 0.000319372594442
0.996686382800198 0.000386260148709
0.996057350657239 0.000459445696871
0.995373920235722 0.000538911524531
0.994636166481494 0.000624632653378
0.993844170297569 0.000716587319705
0.992998018535252 0.000814752781688
0.992097803984621 0.000919101144773
0.991143625364344 0.001029605637650
0.990135587310861 0.001146236437084
0.989073800366903 0.001268960679302
0.987958380969374 0.001397744551942
0.986789451436580 0.001532557450064
0.985567139954818 0.001673361582010
0.984291580564316 0.001820116151333
0.982962913144534 0.001972785649318
0.981581283398829 0.002131327419148
0.980146842838472 0.002295697889805
0.978659748766034 0.002465854639696
0.977120164258138 0.002641750212526
0.975528258147577 0.002823338313367
0.973884205004793 0.003010569694547
0.972188185118741 0.003203392175525
0.970440384477113 0.003401756794846
0.968640994745946 0.003605607578474
0.966790213248601 0.003814889742987
0.964888242944126 0.004029547649103
0.962935292404997 0.004249522777550
0.960931575794250 0.004474755777527
0.958877312841991 0.004705184451827
0.956772728821300 0.004940747813922
0.954618054523534 0.005181382049624
0.952413526233010 0.005427020544477
0.950159385701097 0.005677597915767
0.947855880119706 0.005933046001509
0.945503262094184 0.006193293890469
0.943101789615607 0.006458271926971
0.940651726032496 0.006727907729527
0.938153340021932 0.007002130175721
0.935606905560095 0.007280859528572
0.933012701892219 0.007564025240169
0.930371013501972 0.007851546225258
0.927682130080253 0.008143344686898
0.924946346493432 0.008439344120264
0.922163962751008 0.008739459580062
0.919335283972712 0.009043611361662
0.916460620355050 0.009351715272384
0.913540287137281 0.009663686549236
0.910574604566852 0.009979441780982
0.907563897864277 0.010298893152588
0.904508497187474 0.010621952341185
0.901408737595557 0.010948532445130
0.898264959012098 0.011278542268120
0.895077506187845 0.011611893851506
0.891846728662920 0.011948493043342
0.888572980728485 0.012288248541489
0.885256621387895 0.012631075713880
0.881898014317321 0.012976887468936
0.878497527825878 0.013325597020683
0.875055534815230 0.013677117940379
0.871572412738697 0.014031365932349
0.868048543559867 0.014388251495901
0.864484313710706 0.014747690965260
0.860880114049181 0.015109595583788
0.857236339816402 0.015473878854089
0.853553390593274 0.015840454723464
0.849831670256683 0.016209235815017
0.846071586935203 0.016580135256454
0.842273552964344 0.016953068475634
0.838437984841330 0.017327947908700
0.834565303179429 0.017704686637898
0.830655932661826 0.018083201882401
0.826710301995053 0.018463404499101
0.822728843861975 0.018845211155533
0.818711994874345 0.019228537367517
0.814660195524919 0.019613295930038
0.810573890139155 0.019999404084896
0.806453526826488 0.020386778578943
0.802299557431188 0.020775338710065
0.798112437482808 0.021164997541007
0.793892626146237 0.021555675345257
0.789640586171339 0.021947285661287
0.785356783842216 0.022339744463503
0.781041688926065 0.022732966771829
0.776695774621672 0.023126865345130
0.772319517507513 0.023521351643578
0.767913397489498 0.023916337817292
0.763477897748339 0.024311737160990
0.759013504686565 0.024707465632241
0.754520707875186 0.025103436724398
0.750000000000000 0.025499566298707
0.745451876807570 0.025895769405030
0.740876837050858 0.026291963468358
0.736275382434527 0.026688063609250
0.731648017559931 0.027083987301894
0.726995249869773 0.027479653924982
0.722317589592464 0.027874980434283
0.717615549686164 0.028269884688474
0.712889645782536 0.028664288690003
0.708140396130201 0.029058111185746
0.703368321537900 0.029451277395661
0.698573945317390 0.029843713550555
0.693757793226052 0.030235343014922
0.688920393409234 0.030626073219809
0.684062276342339 0.031015800413800
0.679183974772650 0.031404416282004
0.674286023660908 0.031791814295757
0.669368960122646 0.032177889748729
0.664433323369292 0.032562529826744
0.659479654649035 0.032945625999834
0.654508497187474 0.033327067322870
0.649520396128043 0.033706746132431
0.644515898472236 0.034084550195874
0.639495553019615 0.034460374886288
0.634459910307633 0.034834112061906
0.629409522551260 0.035205654263379
0.624344943582428 0.035574893922970
0.619266728789291 0.035941729086988
0.614175435055328 0.036306054775525
0.609071620698271 0.036667768222975
0.603955845408880 0.037026768504439
0.598828670189563 0.037382948594171
0.593690657292862 0.037736200623345
0.588542370159792 0.038086417671847
0.583384373358051 0.038433492907600
0.578217232520115 0.038777319652483
0.573041514281206 0.039117787308961
0.567857786217152 0.039454784158113
0.562666616782152 0.039788201355791
0.557468575246433 0.040117927423494
0.552264231633827 0.040443856057532
0.547054156659257 0.040765879526847
0.541838921666158 0.041083894158645
0.536619098563816 0.041397795201172
0.531395259764657 0.041707481076504
0.526167978121472 0.042012853964985
0.520937826864600 0.042313822017453
0.515705379539064 0.042610295875343
0.510471209941678 0.042902186639524
0.505235892058123 0.043189408705275
0.500000000000000 0.043471858605220
0.494764107941877 0.043749421727234
0.489528790058322 0.044021984365917
0.484294620460936 0.044289433775740
0.479062173135400 0.044551659088450
0.473832021878528 0.044808532731428
0.468604740235343 0.045059919046234
0.463380901436184 0.045305681617448
0.458161078333842 0.045545689927840
0.452945843340743 0.045779815723345
0.447735768366173 0.046007937983985
0.442531424753567 0.046229938703674
0.437333383217848 0.046445705710721
0.432142213782848 0.046655128037223
0.426958485718794 0.046858100712410
0.421782767479885 0.047054523877156
0.416615626641949 0.047244303290405
0.411457629840209 0.047427348482803
0.406309342707138 0.047603571947872
0.401171329810437 0.047772882386081
0.396044154591120 0.047935172253851
0.390928379301729 0.048090336111447
0.385824564944672 0.048238272434407
0.380733271210710 0.048378885112821
0.375655056417573 0.048512070571790
0.370590477448740 0.048637717772461
0.365540089692367 0.048755720428348
0.360504446980385 0.048865978061119
0.355484101527764 0.048968395509644
0.350479603871957 0.049062887421519
0.345491502812526 0.049149374666100
0.340520345350965 0.049227783858681
0.335566676630708 0.049298048134580
0.330631039877354 0.049360107690049
0.325713976339092 0.049413911053836
0.320816025227350 0.049459413165916
0.315937723657661 0.049496575462891
0.311079606590766 0.049525363816068
0.306242206773949 0.049545738694199
0.301426054682610 0.049557660848409
0.296631678462100 0.049561097935425
0.291859603869799 0.049556023595649
0.287110354217464 0.049542374122710
0.282384450313836 0.049520032245383
0.277682410407536 0.049488886093036
0.273004750130227 0.049448834580606
0.268351982440069 0.049399791170352
0.263724617565473 0.049341690858796
0.259123162949143 0.049274481262718
0.254548123192430 0.049198120050330
0.250000000000000 0.049112570005512
0.245479292124815 0.049017781587319
0.240986495313435 0.048913710455699
0.236522102251661 0.048800323904646
0.232086602510502 0.048677597348351
0.227680482492487 0.048545503024921
0.223304225378328 0.048404021357248
0.218958311073935 0.048253145863765
0.214643216157784 0.048092885474560
0.210359413828661 0.047923278308853
0.206107373853763 0.047744376419046
0.201887562517192 0.047556242861655
0.197700442568813 0.047358909050168
0.193546473173512 0.047152350663717
0.189426109860845 0.046936550005800
0.185339804475081 0.046711503073342
0.181288005125655 0.046477191534412
0.177271156138025 0.046233597296211
0.173289698004947 0.045980715041788
0.169344067338174 0.045718564678386
0.165434696820571 0.045447196270162
0.161562015158670 0.045166673152637
0.157726447035656 0.044877078110198
0.153928413064797 0.044578505102976
0.150168329743317 0.044271055200776
0.146446609406726 0.043954845233023
0.142763660183598 0.043629871942614
0.139119885950819 0.043296001351212
0.135515686289294 0.042953133462940
0.131951456440133 0.042601202060273
0.128427587261303 0.042240176438189
0.124944465184770 0.041870063215077
0.121502472174122 0.041490897824582
0.118101985682679 0.041102741782105
0.114743378612105 0.040705690202806
0.111427019271515 0.040299870447375
0.108153271337080 0.039885444068443
0.104922493812155 0.039462602241489
0.101735040987902 0.039031543229575
0.098591262404443 0.038592487000518
0.095491502812526 0.038145661778388
0.092436102135723 0.037691213871093
0.089425395433148 0.037229267990370
0.086459712862719 0.036759978437598
0.083539379644950 0.036283523635658
0.080664716027288 0.035800119006360
0.077836037248993 0.035310058364086
0.075053653506568 0.034813701866573
0.072317869919747 0.034311211467746
0.069628986498028 0.033801962615339
0.066987298107781 0.033285262783702
0.064393094439905 0.032760492739829
0.061846659978068 0.032227131431666
0.059348273967504 0.031684830749941
0.056898210384393 0.031133441743183
0.054496737905816 0.030572921861876
0.052144119880294 0.030003343647634
0.049840614298903 0.029424913698005
0.047586473766990 0.028838209894864
0.045381945476466 0.028243969476217
0.043227271178700 0.027643095774014
0.041122687158010 0.027036559204401
0.039068424205750 0.026425264387555
0.037064707595003 0.025810065734773
0.035111757055874 0.025191822410723
0.033209786751399 0.024571405173680
0.031359005254054 0.023949641600804
0.029559615522887 0.023327376075732
0.027811814881260 0.022705528309605
0.026115794995207 0.022085019505002
0.024471741852423 0.021466442806099
0.022879835741862 0.020848521013838
0.021340251233966 0.020224746985705
0.019853157161529 0.019589200740722
0.018418716601171 0.018937875532760
0.017037086855466 0.018268471988177
0.015708419435685 0.017580102603166
0.014432860045182 0.016873467837045
0.013210548563420 0.016150410654771
0.012041619030626 0.015413996196961
0.010926199633097 0.014667479637787
0.009864412689139 0.013914068261395
0.008856374635656 0.013156064601659
0.007902196015379 0.012395425164443
0.007001981464748 0.011633697309442
0.006155829702431 0.010872187445864
0.005363833518506 0.010112066425311
0.004626079764278 0.009354244835005
0.003942649342761 0.008599627901938
0.003313617199802 0.007848905650484
0.002739052315863 0.007102777391076
0.002219017698460 0.006361810312928
0.001753570375248 0.005626547676420
0.001342761387771 0.004897488725758
0.000986635785864 0.004175031396047
0.000685232622713 0.003459625292400
0.000438584950571 0.002751651879117
0.000246719817134 0.002051335340631
0.000109658262577 0.001359142736386
0.000027415317244 0.000675236533479
0.000000000000000 0.000000000000000
0.000027415317244 -0.000675141217692
0.000109658262577 -0.001359159154935
0.000246719817134 -0.002051322142669
0.000438584950571 -0.002751610175014
0.000685232622713 -0.003459654563942
0.000986635785864 -0.004175040830855
0.001342761387771 -0.004897498917428
0.001753570375248 -0.005626551982493
0.002219017698460 -0.006361818328926
0.002739052315863 -0.007102762221564
0.003313617199802 -0.007848920429703
0.003942649342761 -0.008599630401049
0.004626079764278 -0.009354238904137
0.005363833518506 -0.010112064437275
0.006155829702431 -0.010872187541671
0.007001981464748 -0.011633692552873
0.007902196015379 -0.012395429110989
0.008856374635656 -0.013156065167891
0.009864412689139 -0.013914067724440
0.010926199633097 -0.014667485092354
0.012041619030626 -0.015413992373687
0.013210548563420 -0.016150404144129
0.014432860045182 -0.016873470811072
0.015708419435684 -0.017580108290290
0.017037086855466 -0.018268477175223
0.018418716601171 -0.018937874956688
0.019853157161528 -0.019589201137309
0.021340251233966 -0.020224749428795
0.022879835741862 -0.020848526004575
0.024471741852423 -0.021466447042448
0.026115794995207 -0.022085021931902
0.027811814881259 -0.022705532114783
0.029559615522887 -0.023327380981788
0.031359005254054 -0.023949646053217
0.033209786751399 -0.024571411204990
0.035111757055874 -0.025191827049049
0.037064707595003 -0.025810070273803
0.039068424205750 -0.026425264531338
0.041122687158009 -0.027036565766895
0.043227271178699 -0.027643100862606
0.045381945476466 -0.028243976026730
0.047586473766990 -0.028838209101314
0.049840614298903 -0.029424915068742
0.052144119880293 -0.030003345386932
0.054496737905816 -0.030572924813062
0.056898210384393 -0.031133443440710
0.059348273967504 -0.031684834651670
0.061846659978068 -0.032227133891048
0.064393094439905 -0.032760497043179
0.066987298107781 -0.033285263716749
0.069628986498028 -0.033801964616613
0.072317869919747 -0.034311214585467
0.075053653506568 -0.034813704215147
0.077836037248992 -0.035310062357538
0.080664716027288 -0.035800123034204
0.083539379644950 -0.036283524848197
0.086459712862719 -0.036759981467555
0.089425395433148 -0.037229270488636
0.092436102135723 -0.037691217485457
0.095491502812526 -0.038145663254284
0.098591262404443 -0.038592489794149
0.101735040987902 -0.039031545088020
0.104922493812155 -0.039462602685352
0.108153271337080 -0.039885445705445
0.111427019271514 -0.040299872804942
0.114743378612105 -0.040705691901027
0.118101985682679 -0.041102744629267
0.121502472174122 -0.041490899536279
0.124944465184770 -0.041870065286911
0.128427587261303 -0.042240178122674
0.131951456440133 -0.042601203879159
0.135515686289294 -0.042953137147810
0.139119885950819 -0.043296004913376
0.142763660183598 -0.043629873625137
0.146446609406726 -0.043954848865683
0.150168329743317 -0.044271057536678
0.153928413064796 -0.044578507946694
0.157726447035656 -0.044877081587310
0.161562015158669 -0.045166675036080
0.165434696820571 -0.045447197770120
0.169344067338174 -0.045718566995869
0.173289698004947 -0.045980717315051
0.177271156138025 -0.046233598796263
0.181288005125655 -0.046477194552979
0.185339804475081 -0.046711504465665
0.189426109860845 -0.046936552050242
0.193546473173511 -0.047152353055908
0.197700442568812 -0.047358912016805
0.201887562517192 -0.047556244600651
0.206107373853763 -0.047744378259404
0.210359413828660 -0.047923280629335
0.214643216157784 -0.048092887683305
0.218958311073935 -0.048253147658028
0.223304225378328 -0.048404023367087
0.227680482492486 -0.048545504910124
0.232086602510501 -0.048677599007279
0.236522102251661 -0.048800325874716
0.240986495313435 -0.048913712261978
0.245479292124814 -0.049017783503097
0.250000000000000 -0.049112571956753
0.254548123192429 -0.049198122010415
0.259123162949142 -0.049274483198463
0.263724617565473 -0.049341692686591
0.268351982440069 -0.049399792991012
0.273004750130227 -0.049448836389338
0.277682410407536 -0.049488887987949
0.282384450313836 -0.049520034009019
0.287110354217464 -0.049542375966657
0.291859603869799 -0.049556025414605
0.296631678462100 -0.049561099742861
0.301426054682609 -0.049557662635599
0.306242206773948 -0.049545740478779
0.311079606590766 -0.049525365552956
0.315937723657661 -0.049496577198452
0.320816025227350 -0.049459415011350
0.325713976339092 -0.049413912730898
0.330631039877354 -0.049360109518317
0.335566676630708 -0.049298049751785
0.340520345350965 -0.049227785493783
0.345491502812526 -0.049149376306174
0.350479603871956 -0.049062889070403
0.355484101527764 -0.048968397314701
0.360504446980385 -0.048865979470790
0.365540089692367 -0.048755722031034
0.370590477448739 -0.048637719163832
0.375655056417572 -0.048512072361230
0.380733271210709 -0.048378886930365
0.385824564944672 -0.048238274260512
0.390928379301728 -0.048090337471788
0.396044154591120 -0.047935174012397
0.401171329810437 -0.047772883798445
0.406309342707137 -0.047603573224483
0.411457629840208 -0.047427349952152
0.416615626641949 -0.047244304920922
0.421782767479884 -0.047054525269977
0.426958485718794 -0.046858102369006
0.432142213782848 -0.046655129764889
0.437333383217848 -0.046445707206152
0.442531424753567 -0.046229940839495
0.447735768366173 -0.046007939345625
0.452945843340743 -0.045779817387188
0.458161078333842 -0.045545691272161
0.463380901436184 -0.045305683202566
0.468604740235343 -0.045059920085257
0.473832021878528 -0.044808534302769
0.479062173135400 -0.044551660924518
0.484294620460935 -0.044289434992969
0.489528790058321 -0.044021985514043
0.494764107941877 -0.043749423542519
0.500000000000000 -0.043471859922885
0.505235892058122 -0.043189409167784
0.510471209941678 -0.042902187959285
0.515705379539064 -0.042610297154997
0.520937826864600 -0.042313823523274
0.526167978121472 -0.042012855710155
0.531395259764656 -0.041707482494086
0.536619098563816 -0.041397796348904
0.541838921666157 -0.041083895233886
0.547054156659257 -0.040765881367112
0.552264231633827 -0.040443857760908
0.557468575246433 -0.040117928956121
0.562666616782152 -0.039788202648048
0.567857786217152 -0.039454786177043
0.573041514281206 -0.039117788228042
0.578217232520115 -0.038777320518595
0.583384373358051 -0.038433493532335
0.588542370159791 -0.038086418175372
0.593690657292862 -0.037736201802292
0.598828670189563 -0.037382950157644
0.603955845408879 -0.037026769383795
0.609071620698271 -0.036667769276825
0.614175435055328 -0.036306055226592
0.619266728789290 -0.035941730173042
0.624344943582427 -0.035574895437944
0.629409522551260 -0.035205654394933
0.634459910307633 -0.034834112521982
0.639495553019614 -0.034460376501243
0.644515898472235 -0.034084552179499
0.649520396128043 -0.033706745741423
0.654508497187474 -0.033327068503011
0.659479654649035 -0.032945627410459
0.664433323369291 -0.032562530944637
0.669368960122646 -0.032177890289004
0.674286023660907 -0.031791816072348
0.679183974772650 -0.031404416521466
0.684062276342339 -0.031015800526219
0.688920393409233 -0.030626074402287
0.693757793226051 -0.030235343322283
0.698573945317390 -0.029843713908051
0.703368321537900 -0.029451278828808
0.708140396130200 -0.029058112050475
0.712889645782536 -0.028664289436658
0.717615549686163 -0.028269885354756
0.722317589592464 -0.027874980851036
0.726995249869773 -0.027479654477318
0.731648017559930 -0.027083987909871
0.736275382434527 -0.026688064294519
0.740876837050857 -0.026291963988759
0.745451876807570 -0.025895769905700
0.750000000000000 -0.025499567859491
0.754520707875185 -0.025103437381413
0.759013504686565 -0.024707466446693
0.763477897748338 -0.024311738271583
0.767913397489498 -0.023916338037069
0.772319517507513 -0.023521351643292
0.776695774621672 -0.023126864883348
0.781041688926065 -0.022732967320943
0.785356783842216 -0.022339745770235
0.789640586171339 -0.021947285473194
0.793892626146236 -0.021555677029349
0.798112437482808 -0.021164998971629
0.802299557431187 -0.020775338392528
0.806453526826488 -0.020386779761860
0.810573890139155 -0.019999404035195
0.814660195524918 -0.019613296047832
0.818711994874345 -0.019228536305016
0.822728843861975 -0.018845211222818
0.826710301995052 -0.018463404514379
0.830655932661826 -0.018083202364481
0.834565303179429 -0.017704687441491
0.838437984841330 -0.017327949014753
0.842273552964344 -0.016953069427451
0.846071586935203 -0.016580136087224
0.849831670256683 -0.016209235783562
0.853553390593274 -0.015840454937103
0.857236339816401 -0.015473878115190
0.860880114049181 -0.015109595286884
0.864484313710706 -0.014747691497773
0.868048543559867 -0.014388252542836
0.871572412738697 -0.014031365169857
0.875055534815230 -0.013677118809052
0.878497527825878 -0.013325596379303
0.881898014317321 -0.012976887235882
0.885256621387894 -0.012631075136121
0.888572980728485 -0.012288249224848
0.891846728662920 -0.011948492643495
0.895077506187845 -0.011611894077162
0.898264959012098 -0.011278543252031
0.901408737595557 -0.010948531773296
0.904508497187474 -0.010621951956323
0.907563897864277 -0.010298893440977
0.910574604566852 -0.009979441648283
0.913540287137281 -0.009663687914868
0.916460620355049 -0.009351715809248
0.919335283972712 -0.009043611256060
0.922163962751007 -0.008739458539618
0.924946346493432 -0.008439343071896
0.927682130080253 -0.008143345922779
0.930371013501972 -0.007851546954307
0.933012701892219 -0.007564023843532
0.935606905560095 -0.007280860125124
0.938153340021932 -0.007002129718084
0.940651726032496 -0.006727909073791
0.943101789615607 -0.006458271326479
0.945503262094184 -0.006193293784731
0.947855880119706 -0.005933046542345
0.950159385701097 -0.005677597611799
0.952413526233010 -0.005427021097176
0.954618054523534 -0.005181381919081
0.956772728821300 -0.004940748641572
0.958877312841991 -0.004705184842879
0.960931575794250 -0.004474754985784
0.962935292404997 -0.004249523748103
0.964888242944126 -0.004029547702206
0.966790213248601 -0.003814890518974
0.968640994745946 -0.003605607180122
0.970440384477113 -0.003401756866834
0.972188185118740 -0.003203393143918
0.973884205004793 -0.003010569634889
0.975528258147577 -0.002823338746245
0.977120164258138 -0.002641749932757
0.978659748766034 -0.002465854172864
0.980146842838471 -0.002295699299347
0.981581283398829 -0.002131326613602
0.982962913144534 -0.001972786082924
0.984291580564316 -0.001820116441982
0.985567139954818 -0.001673362001247
0.986789451436580 -0.001532558459376
0.987958380969374 -0.001397745287558
0.989073800366903 -0.001268959800806
0.990135587310861 -0.001146235714264
0.991143625364344 -0.001029605010472
0.992097803984621 -0.000919101933574
0.992998018535252 -0.000814753066033
0.993844170297569 -0.000716587433654
0.994636166481494 -0.000624630974367
0.995373920235722 -0.000538910380033
0.996057350657239 -0.000459445557195
0.996686382800198 -0.000386260147463
0.997260947684137 -0.000319372410166
0.997780982301540 -0.000258801058096
0.998246429624752 -0.000204563404178
0.998657238612229 -0.000156671227559
0.999013364214136 -0.000115139415417
0.999314767377287 -0.000079977938679
0.999561415049429 -0.000051195474686
0.999753280182866 -0.000028801633916
0.999890341737423 -0.000012801947652
0.999972584682756 -0.000003200611533
1.000000000000000 0.000000000000000
