1.000000000000000 0.000000000000000
0.999972584682756 0.000003056579350
0.999890341737423 0.000012230979049
0.999753280182866 0.000027531165894
0.999561415049429 0.000048966379108
0.999314767377287 0.000076553105956
0.999013364214136 0.000110313025974
0.998657238612229 0.000150272946716
0.998246429624752 0.000196460681398
0.997780982301540 0.000248910992761
0.997260947684137 0.000307663473406
0.996686382800198 0.000372760386137
0.996057350657239 0.000444246498230
0.995373920235722 0.000522175051983
0.994636166481494 0.000606595313061
0.993844170297569 0.000697568781652
0.992998018535252 0.000795154626908
0.992097803984621 0.000899417698662
0.991143625364344 0.001010419976743
0.990135587310861 0.001128232821780
0.989073800366903 0.001252926305871
0.987958380969374 0.001384575232250
0.986789451436580 0.001523252514753
0.985567139954818 0.001669035231839
0.984291580564316 0.001822000075569
0.982962913144534 0.001982222993768
0.981581283398829 0.002149785368093
0.980146842838472 0.002324762838053
0.978659748766034 0.002507233617951
0.977120164258138 0.002697278221021
0.975528258147577 0.002894970238015
0.973884205004793 0.003100384777158
0.972188185118741 0.003313595904917
0.970440384477113 0.003534673999137
0.968640994745946 0.003763689883542
0.966790213248601 0.004000707601855
0.964888242944126 0.004245788524469
0.962935292404997 0.004498993287496
0.960931575794250 0.004760374423882
0.958877312841991 0.005029980541773
0.956772728821300 0.005307858292262
0.954618054523534 0.005594044864316
0.952413526233010 0.005888574642972
0.950159385701097 0.006191471613991
0.947855880119706 0.006502758535001
0.945503262094184 0.006822444437771
0.943101789615607 0.007150536297994
0.940651726032496 0.007487028871982
0.938153340021932 0.007831911606442
0.935606905560095 0.008185160803379
0.933012701892219 0.008546744113507
0.930371013501972 0.008916625142252
0.927682130080253 0.009294750555953
0.924946346493432 0.009681054573126
0.922163962751008 0.010075471272773
0.919335283972712 0.010477908845465
0.916460620355050 0.010888271985994
0.913540287137281 0.011306453942035
0.910574604566852 0.011732328502170
0.907563897864277 0.012165765039307
0.904508497187474 0.012606609960484
0.901408737595557 0.013054701572761
0.898264959012098 0.013509867755915
0.895077506187845 0.013971992262422
0.891846728662920 0.014441001043305
0.888572980728485 0.014916814409692
0.885256621387895 0.015399346284905
0.881898014317321 0.015888509131487
0.878497527825878 0.016384206173813
0.875055534815230 0.016886341768419
0.871572412738697 0.017394810610801
0.868048543559867 0.017909504493851
0.864484313710706 0.018430302251536
0.860880114049181 0.018957089408121
0.857236339816402 0.019489740914315
0.853553390593274 0.020028131378953
0.849831670256683 0.020572126616937
0.846071586935203 0.021121549456017
0.842273552964344 0.021676210485008
0.838437984841330 0.022235913450411
0.834565303179429 0.022800435700577
0.830655932661826 0.023369545594780
0.826710301995053 0.023943003662989
0.822728843861975 0.024520563673194
0.818711994874345 0.025101976062549
0.814660195524919 0.025686975404835
0.810573890139155 0.026275293475374
0.806453526826488 0.026866637675976
0.802299557431188 0.027460706751117
0.798112437482808 0.028057217207859
0.793892626146237 0.028655953646116
0.789640586171339 0.029256706219586
0.785356783842216 0.029859272511831
0.781041688926065 0.030463445740256
0.776695774621672 0.031069022899029
0.772319517507513 0.031675803996642
0.767913397489498 0.032283579844107
0.763477897748339 0.032892144927437
0.759013504686565 0.033501293244392
0.754520707875186 0.034110819438591
0.750000000000000 0.034720499991113
0.745451876807570 0.035330061530636
0.740876837050858 0.035939218433839
0.736275382434527 0.036547681270000
0.731648017559931 0.037155152063258
0.726995249869773 0.037761308658100
0.722317589592464 0.038365826382167
0.717615549686164 0.038968369684319
0.712889645782536 0.039568611808384
0.708140396130201 0.040166226482673
0.703368321537900 0.040760892349811
0.698573945317390 0.041352285374332
0.693757793226052 0.041940083581724
0.688920393409234 0.042524034595511
0.684062276342339 0.043103904023065
0.679183974772650 0.043679462424726
0.674286023660908 0.044250483082528
0.669368960122646 0.044816733596209
0.664433323369292 0.045377994793232
0.659479654649035 0.045934040317738
0.654508497187474 0.046484649033084
0.649520396128043 0.047029576869720
0.644515898472236 0.047568511400169
0.639495553019615 0.048101124619019
0.634459910307633 0.048627088438397
0.629409522551260 0.049146077608588
0.624344943582428 0.049657744167496
0.619266728789291 0.050161730849416
0.614175435055328 0.050657673036074
0.609071620698271 0.051145213799178
0.603955845408880 0.051624001183905
0.598828670189563 0.052093721763247
0.593690657292862 0.052554076941568
0.588542370159792 0.053004770942387
0.583384373358051 0.053445507756239
0.578217232520115 0.053876020015113
0.573041514281206 0.054296086993410
0.567857786217152 0.054705499276492
0.562666616782152 0.055104050457944
0.557468575246433 0.055491532927745
0.552264231633827 0.055867625649191
0.547054156659257 0.056231881919220
0.541838921666158 0.056583853728419
0.536619098563816 0.056923094930207
0.531395259764657 0.057249150252794
0.526167978121472 0.057561404653346
0.520937826864600 0.057859133369433
0.515705379539064 0.058141615161496
0.510471209941678 0.058408138006745
0.505235892058123 0.058658053241010
0.500000000000000 0.058891168279560
0.494764107941877 0.059107490254853
0.489528790058322 0.059307034615373
0.484294620460936 0.059489823432481
0.479062173135400 0.059655942933303
0.473832021878528 0.059805754823727
0.468604740235343 0.059939706396675
0.463380901436184 0.060058248299573
0.458161078333842 0.060161835483391
0.452945843340743 0.060250863935618
0.447735768366173 0.060325539289604
0.442531424753567 0.060386035716975
0.437333383217848 0.060432532186736
0.432142213782848 0.060465211494780
0.426958485718794 0.060484228326869
0.421782767479885 0.060489679407500
0.416615626641949 0.060481659400102
0.411457629840209 0.060460268329402
0.406309342707138 0.060425613184941
0.401171329810437 0.060377865117447
0.396044154591120 0.060317263784739
0.390928379301729 0.060244055144112
0.385824564944672 0.060158488165435
0.380733271210710 0.060060821072702
0.375655056417573 0.059951373272745
0.370590477448740 0.059830496697726
0.365540089692367 0.059698544731573
0.360504446980385 0.059555871104720
0.355484101527764 0.059402792057969
0.350479603871957 0.059239505580940
0.345491502812526 0.059066190177006
0.340520345350965 0.058883025694757
0.335566676630708 0.058690191939658
0.330631039877354 0.058487797164681
0.325713976339092 0.058275876312614
0.320816025227350 0.058054471420628
0.315937723657661 0.057823626006566
0.311079606590766 0.057583398457795
0.306242206773949 0.057333870890686
0.301426054682610 0.057075134061915
0.296631678462100 0.056807285103036
0.291859603869799 0.056530423723794
0.287110354217464 0.056244636116202
0.282384450313836 0.055950001955893
0.277682410407536 0.055646604928405
0.273004750130227 0.055334537520606
0.268351982440069 0.055013899312457
0.263724617565473 0.054684799726284
0.259123162949143 0.054347355954973
0.254548123192430 0.054001689161786
0.250000000000000 0.053647925803910
0.245479292124815 0.053286193758297
0.240986495313435 0.052916625964824
0.236522102251661 0.052539360765543
0.232086602510502 0.052154541748554
0.227680482492487 0.051762312220679
0.223304225378328 0.051362822127676
0.218958311073935 0.050956227501384
0.214643216157784 0.050542697077678
0.210359413828661 0.050122417393276
0.206107373853763 0.049695580666875
0.201887562517192 0.049262376034738
0.197700442568813 0.048822940952324
0.193546473173512 0.048377384603755
0.189426109860845 0.047925824007165
0.185339804475081 0.047468375659962
0.181288005125655 0.047005124547465
0.177271156138025 0.046536165971910
0.173289698004947 0.046061602784871
0.169344067338174 0.045581553482067
0.165434696820571 0.045096156007595
0.161562015158670 0.044605555131943
0.157726447035656 0.044109915884461
0.153928413064797 0.043609407946989
0.150168329743317 0.043104223838952
0.146446609406726 0.042594525938578
0.142763660183598 0.042080355039676
0.139119885950819 0.041561741918385
0.135515686289294 0.041038731019152
0.131951456440133 0.040511373939510
0.128427587261303 0.039979742038570
0.124944465184770 0.039443926179897
0.121502472174122 0.038904039686720
0.118101985682679 0.038360223280877
0.114743378612105 0.037812625782560
0.111427019271515 0.037261416241523
0.108153271337080 0.036706791398573
0.104922493812155 0.036148954463635
0.101735040987902 0.035588131145274
0.098591262404443 0.035024571465193
0.095491502812526 0.034458508707813
0.092436102135723 0.033890183752200
0.089425395433148 0.033319846474748
0.086459712862719 0.032747745739002
0.083539379644950 0.032174140080386
0.080664716027288 0.031599344136777
0.077836037248993 0.031023745268396
0.075053653506568 0.030447699664431
0.072317869919747 0.029871276441428
0.069628986498028 0.029294483607378
0.066987298107781 0.028717115798719
0.064393094439905 0.028138806049587
0.061846659978068 0.027559294558920
0.059348273967504 0.026978483942962
0.056898210384393 0.026396340593429
0.054496737905816 0.025812903764723
0.052144119880294 0.025228261875448
0.049840614298903 0.024642591746125
0.047586473766990 0.024056136082543
0.045381945476466 0.023469414341936
0.043227271178700 0.022883066207640
0.041122687158010 0.022297769789068
0.039068424205750 0.021714222551883
0.037064707595003 0.021133128778827
0.035111757055874 0.020555217172226
0.033209786751399 0.019981219997915
0.031359005254054 0.019411886222361
0.029559615522887 0.018847941856270
0.027811814881260 0.018290170550377
0.026115794995207 0.017739385032437
0.024471741852423 0.017196275329615
0.022879835741862 0.016661156135999
0.021340251233966 0.016131719548928
0.019853157161529 0.015604434192217
0.018418716601171 0.015076686141175
0.017037086855466 0.014546592278926
0.015708419435685 0.014012878307342
0.014432860045182 0.013474839346164
0.013210548563420 0.012932330140615
0.012041619030626 0.012385816447314
0.010926199633097 0.011835952317643
0.009864412689139 0.011283288740300
0.008856374635656 0.010727920061418
0.007902196015379 0.010170525796209
0.007001981464748 0.009612941760650
0.006155829702431 0.009053024194198
0.005363833518506 0.008484761852714
0.004626079764278 0.007899184326569
0.003942649342761 0.007294195518603
0.003313617199802 0.006673819534188
0.002739052315863 0.006044803628519
0.002219017698460 0.005412152869275
0.001753570375248 0.004779620097833
0.001342761387771 0.004150282711119
0.000986635785864 0.003526582236604
0.000685232622713 0.002910598278996
0.000438584950571 0.002304116520671
0.000246719817134 0.001708599620350
0.000109658262577 0.001125351010910
0.000027415317244 0.000555441592146
0.000000000000000 0.000000000000000
0.000027415317244 -0.000540165699082
0.000109658262577 -0.001070565989680
0.000246719817134 -0.001602587248887
0.000438584950571 -0.002137813803391
0.000685232622713 -0.002676008376088
0.000986635785864 -0.003216595062630
0.001342761387771 -0.003758861921853
0.001753570375248 -0.004301885165370
0.002219017698460 -0.004844576471916
0.002739052315863 -0.005385614030733
0.003313617199802 -0.005923392612771
0.003942649342761 -0.006455950522708
0.004626079764278 -0.006980780690433
0.005363833518506 -0.007494516966137
0.006155829702431 -0.007992410305665
0.007001981464748 -0.008471230877453
0.007902196015379 -0.008930890883367
0.008856374635656 -0.009376468568850
0.009864412689139 -0.009810666823647
0.010926199633097 -0.010234001573469
0.012041619030626 -0.010647135126120
0.013210548563420 -0.011051284076182
0.014432860045182 -0.011447934236136
0.015708419435684 -0.011836984531349
0.017037086855466 -0.012218075487684
0.018418716601171 -0.012591315761411
0.019853157161528 -0.012957360847397
0.021340251233966 -0.013317421002103
0.022879835741862 -0.013673227536963
0.024471741852423 -0.014027346765250
0.026115794995207 -0.014383350100845
0.027811814881259 -0.014743357361611
0.029559615522887 -0.015107876062048
0.031359005254054 -0.015476480865677
0.033209786751399 -0.015848372958994
0.035111757055874 -0.016223013118555
0.037064707595003 -0.016599881302341
0.039068424205750 -0.016978395072267
0.041122687158009 -0.017357974324312
0.043227271178699 -0.017738048797615
0.045381945476466 -0.018118053360162
0.047586473766990 -0.018497409855439
0.049840614298903 -0.018875550915210
0.052144119880293 -0.019251924229018
0.054496737905816 -0.019626170736023
0.056898210384393 -0.019998198644399
0.059348273967504 -0.020367989573616
0.061846659978068 -0.020735586588863
0.064393094439905 -0.021101101678851
0.066987298107781 -0.021464685689798
0.069628986498028 -0.021826592622215
0.072317869919747 -0.022187212988023
0.075053653506568 -0.022547015996574
0.077836037248992 -0.022906208054826
0.080664716027288 -0.023264872629077
0.083539379644950 -0.023622913383842
0.086459712862719 -0.023979968724654
0.089425395433148 -0.024335670908141
0.092436102135723 -0.024689725699628
0.095491502812526 -0.025041856559159
0.098591262404443 -0.025391790097342
0.101735040987902 -0.025739247142204
0.104922493812155 -0.026083970545369
0.108153271337080 -0.026425814098888
0.111427019271514 -0.026764676112638
0.114743378612105 -0.027100476617929
0.118101985682679 -0.027433136424438
0.121502472174122 -0.027762601995938
0.124944465184770 -0.028088829753852
0.128427587261303 -0.028411799209453
0.131951456440133 -0.028731510699908
0.135515686289294 -0.029047984504062
0.139119885950819 -0.029361266258928
0.142763660183598 -0.029671416937461
0.146446609406726 -0.029978510404064
0.150168329743317 -0.030282616741304
0.153928413064796 -0.030583827439985
0.157726447035656 -0.030882120963425
0.161562015158669 -0.031177328378541
0.165434696820571 -0.031469269565216
0.169344067338174 -0.031757776328267
0.173289698004947 -0.032042697112646
0.177271156138025 -0.032323887716869
0.181288005125655 -0.032601204549560
0.185339804475081 -0.032874504340640
0.189426109860845 -0.033143641597336
0.193546473173511 -0.033408476239289
0.197700442568812 -0.033668882194452
0.201887562517192 -0.033924746074127
0.206107373853763 -0.034175958148935
0.210359413828660 -0.034422417932914
0.214643216157784 -0.034664046495273
0.218958311073935 -0.034900771360818
0.223304225378328 -0.035132532414638
0.227680482492486 -0.035359273224332
0.232086602510501 -0.035580948372467
0.236522102251661 -0.035797522647246
0.240986495313435 -0.036008963775650
0.245479292124814 -0.036215233067681
0.250000000000000 -0.036416269230420
0.254548123192429 -0.036612011446381
0.259123162949142 -0.036802402899982
0.263724617565473 -0.036987368765819
0.268351982440069 -0.037166788229180
0.273004750130227 -0.037340538973687
0.277682410407536 -0.037508500426987
0.282384450313836 -0.037670557590280
0.287110354217464 -0.037826609460321
0.291859603869799 -0.037976557072649
0.296631678462100 -0.038120305239906
0.301426054682609 -0.038257764051186
0.306242206773948 -0.038388847050085
0.311079606590766 -0.038513473558625
0.315937723657661 -0.038631565699072
0.320816025227350 -0.038743050501149
0.325713976339092 -0.038847875342475
0.330631039877354 -0.038946005808545
0.335566676630708 -0.039037411649725
0.340520345350965 -0.039122067331474
0.345491502812526 -0.039199915293956
0.350479603871956 -0.039270810206891
0.355484101527764 -0.039334594741945
0.360504446980385 -0.039391112397461
0.365540089692367 -0.039440202823911
0.370590477448739 -0.039481632464942
0.375655056417572 -0.039515111874124
0.380733271210709 -0.039540349655412
0.385824564944672 -0.039557054143305
0.390928379301728 -0.039564944950245
0.396044154591120 -0.039563788256530
0.401171329810437 -0.039553363931948
0.406309342707137 -0.039533453482961
0.411457629840208 -0.039503840658784
0.416615626641949 -0.039464337882040
0.421782767479884 -0.039414808233762
0.426958485718794 -0.039355123132258
0.432142213782848 -0.039285157069884
0.437333383217848 -0.039204786194372
0.442531424753567 -0.039113850987713
0.447735768366173 -0.039012156297305
0.452945843340743 -0.038899509421261
0.458161078333842 -0.038775720611342
0.463380901436184 -0.038640588834932
0.468604740235343 -0.038493767234670
0.473832021878528 -0.038334827084299
0.479062173135400 -0.038163342128804
0.484294620460935 -0.037978889001564
0.489528790058321 -0.037781097181559
0.494764107941877 -0.037569880311352
0.500000000000000 -0.037345253177812
0.505235892058122 -0.037107237313851
0.510471209941678 -0.036855859763749
0.515705379539064 -0.036591278186221
0.520937826864600 -0.036314090215363
0.526167978121472 -0.036024990739286
0.531395259764656 -0.035724678655519
0.536619098563816 -0.035413855588591
0.541838921666157 -0.035093145490810
0.547054156659257 -0.034763002511740
0.552264231633827 -0.034423868762341
0.557468575246433 -0.034076183246712
0.562666616782152 -0.033720387579845
0.567857786217152 -0.033356839339051
0.573041514281206 -0.032985804167863
0.578217232520115 -0.032607546260425
0.583384373358051 -0.032222327036870
0.588542370159791 -0.031830414077526
0.593690657292862 -0.031432091810309
0.598828670189563 -0.031027658840867
0.603955845408879 -0.030617410879849
0.609071620698271 -0.030201645171462
0.614175435055328 -0.029780658815789
0.619266728789290 -0.029354736020980
0.624344943582427 -0.028924161873608
0.629409522551260 -0.028489217575473
0.634459910307633 -0.028050186021975
0.639495553019614 -0.027607347906924
0.644515898472235 -0.027160976353387
0.649520396128043 -0.026711348533056
0.654508497187474 -0.026258736025701
0.659479654649035 -0.025803407304262
0.664433323369291 -0.025345614422209
0.669368960122646 -0.024885596712207
0.674286023660907 -0.024423599267580
0.679183974772650 -0.023959857756882
0.684062276342339 -0.023494609768919
0.688920393409233 -0.023028085499870
0.693757793226051 -0.022560514858306
0.698573945317390 -0.022092123983761
0.703368321537900 -0.021623169960623
0.708140396130200 -0.021153980346226
0.712889645782536 -0.020684885030915
0.717615549686163 -0.020216208162915
0.722317589592464 -0.019748270464634
0.726995249869773 -0.019281401681129
0.731648017559930 -0.018815928237936
0.736275382434527 -0.018352167912954
0.740876837050857 -0.017890422189731
0.745451876807570 -0.017430951513013
0.750000000000000 -0.016974001769997
0.754520707875185 -0.016519813184450
0.759013504686565 -0.016068588293258
0.763477897748338 -0.015620444607477
0.767913397489498 -0.015175475459081
0.772319517507513 -0.014733769409055
0.776695774621672 -0.014295417766912
0.781041688926065 -0.013860510662175
0.785356783842216 -0.013429139405834
0.789640586171339 -0.013001389782840
0.793892626146236 -0.012577376769492
0.798112437482808 -0.012157225878700
0.802299557431187 -0.011741062186480
0.806453526826488 -0.011329059572778
0.810573890139155 -0.010921579934379
0.814660195524918 -0.010519010563120
0.818711994874345 -0.010121717348891
0.822728843861975 -0.009730029295764
0.826710301995052 -0.009344238785167
0.830655932661826 -0.008964622735654
0.834565303179429 -0.008591447594219
0.838437984841330 -0.008224984940516
0.842273552964344 -0.007865483849951
0.846071586935203 -0.007513154149425
0.849831670256683 -0.007168136615335
0.853553390593274 -0.006830542603925
0.857236339816401 -0.006500438341548
0.860880114049181 -0.006177745967862
0.864484313710706 -0.005862365201526
0.868048543559867 -0.005554205565413
0.871572412738697 -0.005253196269241
0.875055534815230 -0.004959263264709
0.878497527825878 -0.004672333332759
0.881898014317321 -0.004392322700878
0.885256621387894 -0.004119148917157
0.888572980728485 -0.003852726866423
0.891846728662920 -0.003592963352230
0.895077506187845 -0.003339775635174
0.898264959012098 -0.003093089946480
0.901408737595557 -0.002852839761233
0.904508497187474 -0.002619198267450
0.907563897864277 -0.002392600916048
0.910574604566852 -0.002173451171269
0.913540287137281 -0.001962092079685
0.916460620355049 -0.001758815691193
0.919335283972712 -0.001563878893566
0.922163962751007 -0.001377495056860
0.924946346493432 -0.001199835133450
0.927682130080253 -0.001031031878814
0.930371013501972 -0.000871178716334
0.933012701892219 -0.000720334370909
0.935606905560095 -0.000578520327789
0.938153340021932 -0.000445726779829
0.940651726032496 -0.000321908590169
0.943101789615607 -0.000206993263507
0.945503262094184 -0.000100878632357
0.947855880119706 -0.000003432989116
0.950159385701097 0.000085498650535
0.952413526233010 0.000166096660637
0.954618054523534 0.000238565060763
0.956772728821300 0.000303127112739
0.958877312841991 0.000360026615820
0.960931575794250 0.000409526445706
0.962935292404997 0.000451904371910
0.964888242944126 0.000487453797599
0.966790213248601 0.000516481781997
0.968640994745946 0.000539306802277
0.970440384477113 0.000556258138690
0.972188185118740 0.000567673423995
0.973884205004793 0.000573898321861
0.975528258147577 0.000575284085574
0.977120164258138 0.000572186638411
0.978659748766034 0.000564965134577
0.980146842838471 0.000553980298101
0.981581283398829 0.000539593386769
0.982962913144534 0.000522164955693
0.984291580564316 0.000502053119094
0.985567139954818 0.000479612665381
0.986789451436580 0.000455193817412
0.987958380969374 0.000429140975507
0.989073800366903 0.000401791870320
0.990135587310861 0.000373475206617
0.991143625364344 0.000344511398010
0.992097803984621 0.000315211444377
0.992998018535252 0.000285873696994
0.993844170297569 0.000256785062809
0.994636166481494 0.000228220605343
0.995373920235722 0.000200439757535
0.996057350657239 0.000173689264387
0.996686382800198 0.000148200166611
0.997260947684137 0.000124186234978
0.997780982301540 0.000101846676783
0.998246429624752 0.000081362621404
0.998657238612229 0.000062896998839
0.999013364214136 0.000046594956546
0.999314767377287 0.000032584295925
0.999561415049429 0.000020973500518
0.999753280182866 0.000011849535422
0.999890341737423 0.000005282923580
0.999972584682756 0.000001323177872
1.000000000000000 0.000000000000000
