1.000000000000000 0.000000000000000
0.999972584682756 0.000001311774928
0.999890341737423 0.000005254437971
0.999753280182866 0.000011856995217
0.999561415049429 0.000021162152085
0.999314767377287 0.000033234137259
0.999013364214136 0.000048151453790
0.998657238612229 0.000066012023235
0.998246429624752 0.000086931204876
0.997780982301540 0.000111039635355
0.997260947684137 0.000138485679970
0.996686382800198 0.000169433187856
0.996057350657239 0.000204063041151
0.995373920235722 0.000242569722164
0.994636166481494 0.000285163812696
0.993844170297569 0.000332070522146
0.992998018535252 0.000383526902259
0.992097803984621 0.000439785597158
0.991143625364344 0.000501109774830
0.990135587310861 0.000567774595919
0.989073800366903 0.000640067774240
0.987958380969374 0.000718286429952
0.986789451436580 0.000802736141158
0.985567139954818 0.000893732702225
0.984291580564316 0.000991600066610
0.982962913144534 0.001096666552087
0.981581283398829 0.001209269545966
0.980146842838472 0.001329748794799
0.978659748766034 0.001458448184931
0.977120164258138 0.001595718049488
0.975528258147577 0.001741904438721
0.973884205004793 0.001897361076689
0.972188185118741 0.002062434898118
0.970440384477113 0.002237475045941
0.968640994745946 0.002422828448465
0.966790213248601 0.002618834791455
0.964888242944126 0.002825830845106
0.962935292404997 0.003044145440553
0.960931575794250 0.003274104358848
0.958877312841991 0.003516016649903
0.956772728821300 0.003770185687971
0.954618054523534 0.004036906205438
0.952413526233010 0.004316451686260
0.950159385701097 0.004609091124284
0.947855880119706 0.004915066930233
0.945503262094184 0.005234614757087
0.943101789615607 0.005567945550267
0.940651726032496 0.005915253850310
0.938153340021932 0.006276708971008
0.935606905560095 0.006652461252613
0.933012701892219 0.007042632914511
0.930371013501972 0.007447327434974
0.927682130080253 0.007866614929000
0.924946346493432 0.008300541723945
0.922163962751008 0.008749122903039
0.919335283972712 0.009212340797378
0.916460620355050 0.009690148297447
0.913540287137281 0.010182470160094
0.910574604566852 0.010689187491023
0.907563897864277 0.011210141995568
0.904508497187474 0.011745127118127
0.901408737595557 0.012293940158086
0.898264959012098 0.012856367307775
0.895077506187845 0.013432225219035
0.891846728662920 0.014021492200987
0.888572980728485 0.014624174504005
0.885256621387895 0.015240245519615
0.881898014317321 0.015869644379990
0.878497527825878 0.016512295005244
0.875055534815230 0.017168111864129
0.871572412738697 0.017836989044989
0.868048543559867 0.018518810811928
0.864484313710706 0.019213432849154
0.860880114049181 0.019920697073757
0.857236339816402 0.020640429052583
0.853553390593274 0.021372434864131
0.849831670256683 0.022116499290631
0.846071586935203 0.022872375181868
0.842273552964344 0.023639784474214
0.838437984841330 0.024418420568791
0.834565303179429 0.025207956702991
0.830655932661826 0.026008049618892
0.826710301995053 0.026818324550463
0.822728843861975 0.027638385095738
0.818711994874345 0.028467818672968
0.814660195524919 0.029306176445889
0.810573890139155 0.030152993968206
0.806453526826488 0.031007802009180
0.802299557431188 0.031870109251690
0.798112437482808 0.032739407400571
0.793892626146237 0.033615293448116
0.789640586171339 0.034497542365813
0.785356783842216 0.035385917449405
0.781041688926065 0.036280186502678
0.776695774621672 0.037180101582864
0.772319517507513 0.038085397325684
0.767913397489498 0.038995802724614
0.763477897748339 0.039911047224408
0.759013504686565 0.040830849918948
0.754520707875186 0.041754944331226
0.750000000000000 0.042683039417773
0.745451876807570 0.043615014470824
0.740876837050858 0.044551023433438
0.736275382434527 0.045491241730750
0.731648017559931 0.046435860255517
0.726995249869773 0.047385142829880
0.722317589592464 0.048339450340616
0.717615549686164 0.049299160448991
0.712889645782536 0.050264666112172
0.708140396130201 0.051236151009389
0.703368321537900 0.052213437989899
0.698573945317390 0.053196301721056
0.693757793226052 0.054184523840395
0.688920393409234 0.055177647636950
0.684062276342339 0.056174530048866
0.679183974772650 0.057173882089646
0.674286023660908 0.058174391861030
0.669368960122646 0.059174742030942
0.664433323369292 0.060173774759678
0.659479654649035 0.061170408068681
0.654508497187474 0.062163534582571
0.649520396128043 0.063152052193517
0.644515898472236 0.064135267955569
0.639495553019615 0.065113132139093
0.634459910307633 0.066085634149832
0.629409522551260 0.067052786646850
0.624344943582428 0.068014582870334
0.619266728789291 0.068971007946166
0.614175435055328 0.069922025161907
0.609071620698271 0.070867609300435
0.603955845408880 0.071807735612417
0.598828670189563 0.072742150360097
0.593690657292862 0.073670048739884
0.588542370159792 0.074590542352245
0.583384373358051 0.075502735814564
0.578217232520115 0.076405739197392
0.573041514281206 0.077298636919097
0.567857786217152 0.078180487864199
0.562666616782152 0.079050350095665
0.557468575246433 0.079907288936938
0.552264231633827 0.080750399986084
0.547054156659257 0.081579157133743
0.541838921666158 0.082393289085243
0.536619098563816 0.083192527981416
0.531395259764657 0.083976616244970
0.526167978121472 0.084745301126116
0.520937826864600 0.085498360021745
0.515705379539064 0.086235572815980
0.510471209941678 0.086956736581470
0.505235892058123 0.087661647238000
0.500000000000000 0.088350077073120
0.494764107941877 0.089021644432602
0.489528790058322 0.089675919765500
0.484294620460936 0.090312475575562
0.479062173135400 0.090930907336586
0.473832021878528 0.091530801849035
0.468604740235343 0.092111747283380
0.463380901436184 0.092673338240301
0.458161078333842 0.093215175671663
0.452945843340743 0.093736876391867
0.447735768366173 0.094237603118961
0.442531424753567 0.094715087072808
0.437333383217848 0.095166807365572
0.432142213782848 0.095590274901989
0.426958485718794 0.095983046631214
0.421782767479885 0.096342702854367
0.416615626641949 0.096666815020993
0.411457629840209 0.096952991196582
0.406309342707138 0.097198885219151
0.401171329810437 0.097402212062195
0.396044154591120 0.097562236250214
0.390928379301729 0.097680866185611
0.385824564944672 0.097760254582499
0.380733271210710 0.097802532045263
0.375655056417573 0.097809810339391
0.370590477448740 0.097784309611114
0.365540089692367 0.097728374309480
0.360504446980385 0.097644332143098
0.355484101527764 0.097534484960097
0.350479603871957 0.097401007567877
0.345491502812526 0.097245004961150
0.340520345350965 0.097066949169409
0.335566676630708 0.096867307199810
0.330631039877354 0.096646549717254
0.325713976339092 0.096405099597820
0.320816025227350 0.096143191190932
0.315937723657661 0.095861023248813
0.311079606590766 0.095558799140111
0.306242206773949 0.095236734000577
0.301426054682610 0.094895053097560
0.296631678462100 0.094533988996009
0.291859603869799 0.094153785121480
0.287110354217464 0.093754694589506
0.282384450313836 0.093336960527626
0.277682410407536 0.092900780024389
0.273004750130227 0.092446342769351
0.268351982440069 0.091973848685052
0.263724617565473 0.091483510771592
0.259123162949143 0.090975563271358
0.254548123192430 0.090450255684716
0.250000000000000 0.089907855131187
0.245479292124815 0.089348632026279
0.240986495313435 0.088772930167667
0.236522102251661 0.088181164439184
0.232086602510502 0.087573770453205
0.227680482492487 0.086951182761548
0.223304225378328 0.086313845735496
0.218958311073935 0.085662211024389
0.214643216157784 0.084996737655197
0.210359413828661 0.084317886949040
0.206107373853763 0.083626108932738
0.201887562517192 0.082921845097311
0.197700442568813 0.082205536492746
0.193546473173512 0.081477621390696
0.189426109860845 0.080738323418186
0.185339804475081 0.079987662672616
0.181288005125655 0.079225662646869
0.177271156138025 0.078452381160853
0.173289698004947 0.077667904361683
0.169344067338174 0.076872347793495
0.165434696820571 0.076065854018953
0.161562015158670 0.075248583838381
0.157726447035656 0.074420736597059
0.153928413064797 0.073582534723973
0.150168329743317 0.072734211590025
0.146446609406726 0.071875961967932
0.142763660183598 0.071007974071167
0.139119885950819 0.070130474604712
0.135515686289294 0.069243641456673
0.131951456440133 0.068347627872583
0.128427587261303 0.067442606555297
0.124944465184770 0.066528789880280
0.121502472174122 0.065606433199841
0.118101985682679 0.064675811116624
0.114743378612105 0.063737238042556
0.111427019271515 0.062791045239573
0.108153271337080 0.061837589907949
0.104922493812155 0.060877250256537
0.101735040987902 0.059910433696007
0.098591262404443 0.058937564375969
0.095491502812526 0.057959110326242
0.092436102135723 0.056975594397953
0.089425395433148 0.055987551118396
0.086459712862719 0.054995542730218
0.083539379644950 0.054000141847452
0.080664716027288 0.053001944169479
0.077836037248993 0.052001672441294
0.075053653506568 0.051000076085546
0.072317869919747 0.049997759055160
0.069628986498028 0.048995014766132
0.066987298107781 0.047992056088255
0.064393094439905 0.046988299819700
0.061846659978068 0.045982796514854
0.059348273967504 0.044974840026119
0.056898210384393 0.043963979107249
0.054496737905816 0.042949911598932
0.052144119880294 0.041932441906688
0.049840614298903 0.040911471287726
0.047586473766990 0.039887021087657
0.045381945476466 0.038859215803367
0.043227271178700 0.037828667707035
0.041122687158010 0.036796384148585
0.039068424205750 0.035763477554158
0.037064707595003 0.034731149300439
0.035111757055874 0.033700639052767
0.033209786751399 0.032673204447716
0.031359005254054 0.031650143760570
0.029559615522887 0.030632834129663
0.027811814881260 0.029622636573858
0.026115794995207 0.028620931364635
0.024471741852423 0.027629211555545
0.022879835741862 0.026649101597231
0.021340251233966 0.025681798088740
0.019853157161529 0.024727842972611
0.018418716601171 0.023784952129555
0.017037086855466 0.022850103281403
0.015708419435685 0.021921239256718
0.014432860045182 0.020996913234376
0.013210548563420 0.020076140937251
0.012041619030626 0.019158431923002
0.010926199633097 0.018243853147324
0.009864412689139 0.017332998665185
0.008856374635656 0.016426808893863
0.007902196015379 0.015526492052366
0.007001981464748 0.014633239669637
0.006155829702431 0.013748684662986
0.005363833518506 0.012875679122325
0.004626079764278 0.012015492540167
0.003942649342761 0.011165272577013
0.003313617199802 0.010312774910250
0.002739052315863 0.009444490900825
0.002219017698460 0.008550716732626
0.001753570375248 0.007632891177639
0.001342761387771 0.006696214475332
0.000986635785864 0.005745967348595
0.000685232622713 0.004786791866941
0.000438584950571 0.003823015211868
0.000246719817134 0.002858804993014
0.000109658262577 0.001897749525008
0.000027415317244 0.000943930324607
0.000000000000000 0.000000000000000
0.000027415317244 -0.000930440775595
0.000109658262577 -0.001844280257766
0.000246719817134 -0.002738945686512
0.000438584950571 -0.003611512271388
0.000685232622713 -0.004462154088856
0.000986635785864 -0.005297346859436
0.001342761387771 -0.006121846209789
0.001753570375248 -0.006937134489920
0.002219017698460 -0.007743454313466
0.002739052315863 -0.008540409322208
0.003313617199802 -0.009327125576377
0.003942649342761 -0.010102339429000
0.004626079764278 -0.010864594767823
0.005363833518506 -0.011611934579868
0.006155829702431 -0.012342203527868
0.007001981464748 -0.013052990833917
0.007902196015379 -0.013740556702676
0.008856374635656 -0.014401705762717
0.009864412689139 -0.015039288205030
0.010926199633097 -0.015658795242726
0.012041619030626 -0.016267572024177
0.013210548563420 -0.016868454455717
0.014432860045182 -0.017460181315864
0.015708419435684 -0.018042614261696
0.017037086855466 -0.018616199436916
0.018418716601171 -0.019180563405621
0.019853157161528 -0.019735297734573
0.021340251233966 -0.020280045019262
0.022879835741862 -0.020814841923545
0.024471741852423 -0.021340144357389
0.026115794995207 -0.021856893494183
0.027811814881259 -0.022366531840904
0.029559615522887 -0.022870614222722
0.031359005254054 -0.023370748279747
0.033209786751399 -0.023867138636674
0.035111757055874 -0.024359059736555
0.037064707595003 -0.024846099502508
0.039068424205750 -0.025328097329944
0.041122687158009 -0.025804981185003
0.043227271178699 -0.026276785963246
0.045381945476466 -0.026743693694319
0.047586473766990 -0.027206047983333
0.049840614298903 -0.027664414094247
0.052144119880293 -0.028119594548943
0.054496737905816 -0.028572383077879
0.056898210384393 -0.029023419618800
0.059348273967504 -0.029473161397724
0.061846659978068 -0.029921299338103
0.064393094439905 -0.030367419076641
0.066987298107781 -0.030811279234949
0.069628986498028 -0.031252717678557
0.072317869919747 -0.031691600186787
0.075053653506568 -0.032127822427939
0.077836037248992 -0.032561295034563
0.080664716027288 -0.032991934271443
0.083539379644950 -0.033419674318428
0.086459712862719 -0.033844336000993
0.089425395433148 -0.034265653707183
0.092436102135723 -0.034683372014234
0.095491502812526 -0.035097291076103
0.098591262404443 -0.035507231449516
0.101735040987902 -0.035913039679194
0.104922493812155 -0.036314572267703
0.108153271337080 -0.036711708637393
0.111427019271514 -0.037104358530195
0.114743378612105 -0.037492453435216
0.118101985682679 -0.037875952658892
0.121502472174122 -0.038254844591981
0.124944465184770 -0.038629140126799
0.128427587261303 -0.038998882359960
0.131951456440133 -0.039364131493116
0.135515686289294 -0.039724966558956
0.139119885950819 -0.040081497095756
0.142763660183598 -0.040433907860105
0.146446609406726 -0.040782436001584
0.150168329743317 -0.041127338269432
0.153928413064796 -0.041468752788933
0.157726447035656 -0.041806695750911
0.161562015158669 -0.042141199357248
0.165434696820571 -0.042472191644511
0.169344067338174 -0.042799400020746
0.173289698004947 -0.043122527093865
0.177271156138025 -0.043441281581010
0.181288005125655 -0.043755417832226
0.185339804475081 -0.044064709787091
0.189426109860845 -0.044368932787992
0.193546473173511 -0.044667850170936
0.197700442568812 -0.044961210041139
0.201887562517192 -0.045248758278001
0.206107373853763 -0.045530263361346
0.210359413828660 -0.045805723491389
0.214643216157784 -0.046075270725344
0.218958311073935 -0.046339060267672
0.223304225378328 -0.046597264267235
0.227680482492486 -0.046850094588122
0.232086602510501 -0.047097784952145
0.236522102251661 -0.047340590467504
0.240986495313435 -0.047578769890889
0.245479292124814 -0.047812559850590
0.250000000000000 -0.048042207706372
0.254548123192429 -0.048267973641398
0.259123162949142 -0.048490015527402
0.263724617565473 -0.048708072128241
0.268351982440069 -0.048921779353288
0.273004750130227 -0.049130770177531
0.277682410407536 -0.049334662060345
0.282384450313836 -0.049533033646055
0.287110354217464 -0.049725446546757
0.291859603869799 -0.049911453818279
0.296631678462100 -0.050090620982906
0.301426054682609 -0.050262766499900
0.306242206773948 -0.050427895285744
0.311079606590766 -0.050586023951852
0.315937723657661 -0.050737175924778
0.320816025227350 -0.050881512476544
0.325713976339092 -0.051019463538880
0.330631039877354 -0.051151503179805
0.335566676630708 -0.051278121178617
0.340520345350965 -0.051399784529518
0.345491502812526 -0.051516648711433
0.350479603871956 -0.051628714262291
0.355484101527764 -0.051735984043192
0.360504446980385 -0.051838463445807
0.365540089692367 -0.051935921919140
0.370590477448739 -0.052027562019806
0.375655056417572 -0.052112494642650
0.380733271210709 -0.052189820114160
0.385824564944672 -0.052258644383407
0.390928379301728 -0.052318411572700
0.396044154591120 -0.052368898179881
0.401171329810437 -0.052409896946660
0.406309342707137 -0.052441202236226
0.411457629840208 -0.052462700907950
0.416615626641949 -0.052475015931028
0.421782767479884 -0.052479138100731
0.426958485718794 -0.052476075132121
0.432142213782848 -0.052466848236688
0.437333383217848 -0.052452373248710
0.442531424753567 -0.052433062220281
0.447735768366173 -0.052409192694069
0.452945843340743 -0.052381046243576
0.458161078333842 -0.052348907995425
0.463380901436184 -0.052312873108611
0.468604740235343 -0.052272512283520
0.473832021878528 -0.052227306774264
0.479062173135400 -0.052176738210200
0.484294620460935 -0.052120289305386
0.489528790058321 -0.052057551446606
0.494764107941877 -0.051988318463932
0.500000000000000 -0.051912407788593
0.505235892058122 -0.051829640567258
0.510471209941678 -0.051739842407204
0.515705379539064 -0.051642934221855
0.520937826864600 -0.051538961690541
0.526167978121472 -0.051427982457106
0.531395259764656 -0.051310056145675
0.536619098563816 -0.051185238856379
0.541838921666157 -0.051053436094207
0.547054156659257 -0.050914415132785
0.552264231633827 -0.050767943453091
0.557468575246433 -0.050613792123918
0.562666616782152 -0.050451721912583
0.567857786217152 -0.050281316132965
0.573041514281206 -0.050102062825672
0.578217232520115 -0.049913454027862
0.583384373358051 -0.049714992571140
0.588542370159791 -0.049506231899550
0.593690657292862 -0.049286955014970
0.598828670189563 -0.049057021339608
0.603955845408879 -0.048816299710355
0.609071620698271 -0.048564663525878
0.614175435055328 -0.048302113851600
0.619266728789290 -0.048028923562483
0.624344943582427 -0.047745403200387
0.629409522551260 -0.047451867110886
0.634459910307633 -0.047148611521836
0.639495553019614 -0.046835637133227
0.644515898472235 -0.046512693844191
0.649520396128043 -0.046179532203376
0.654508497187474 -0.045835915168672
0.659479654649035 -0.045481443192019
0.664433323369291 -0.045115055717917
0.669368960122646 -0.044735553594706
0.674286023660907 -0.044341771949586
0.679183974772650 -0.043932584241967
0.684062276342339 -0.043506972103065
0.688920393409233 -0.043064013520106
0.693757793226051 -0.042602819122861
0.698573945317390 -0.042122540136696
0.703368321537900 -0.041622913953140
0.708140396130200 -0.041104830995760
0.712889645782536 -0.040569308921089
0.717615549686163 -0.040017357878747
0.722317589592464 -0.039449985677071
0.726995249869773 -0.038868214763824
0.731648017559930 -0.038273065972232
0.736275382434527 -0.037665543271409
0.740876837050857 -0.037046634210045
0.745451876807570 -0.036417300737080
0.750000000000000 -0.035778482756613
0.754520707875185 -0.035131105938748
0.759013504686565 -0.034476073000428
0.763477897748338 -0.033814271359252
0.767913397489498 -0.033146567223417
0.772319517507513 -0.032473806818649
0.776695774621672 -0.031796819347434
0.781041688926065 -0.031116417932099
0.785356783842216 -0.030433401167194
0.789640586171339 -0.029748539425621
0.793892626146236 -0.029062579569867
0.798112437482808 -0.028376229912358
0.802299557431187 -0.027690189524149
0.806453526826488 -0.027005105299305
0.810573890139155 -0.026321561613041
0.814660195524918 -0.025640089309598
0.818711994874345 -0.024961216743279
0.822728843861975 -0.024285457484141
0.826710301995052 -0.023613316004475
0.830655932661826 -0.022945267572686
0.834565303179429 -0.022281777133069
0.838437984841330 -0.021623270928752
0.842273552964344 -0.020970157710929
0.846071586935203 -0.020322845214787
0.849831670256683 -0.019681760992910
0.853553390593274 -0.019047326404003
0.857236339816401 -0.018419963657084
0.860880114049181 -0.017800174114935
0.864484313710706 -0.017188453492888
0.868048543559867 -0.016585250185504
0.871572412738697 -0.015990977452150
0.875055534815230 -0.015406008801929
0.878497527825878 -0.014830695001639
0.881898014317321 -0.014265370533647
0.885256621387894 -0.013710328721363
0.888572980728485 -0.013165843932525
0.891846728662920 -0.012632162931476
0.895077506187845 -0.012109496639965
0.898264959012098 -0.011598047726341
0.901408737595557 -0.011097982045259
0.904508497187474 -0.010609520824902
0.907563897864277 -0.010132922514791
0.910574604566852 -0.009668426690356
0.913540287137281 -0.009216226659844
0.916460620355049 -0.008776485775912
0.919335283972712 -0.008349333214370
0.922163962751007 -0.007934868882256
0.924946346493432 -0.007533156904332
0.927682130080253 -0.007144241676145
0.930371013501972 -0.006768128405203
0.933012701892219 -0.006404801780686
0.935606905560095 -0.006054217873922
0.938153340021932 -0.005716307377278
0.940651726032496 -0.005390981835308
0.943101789615607 -0.005078127912731
0.945503262094184 -0.004777610438641
0.947855880119706 -0.004489272171754
0.950159385701097 -0.004212945926228
0.952413526233010 -0.003948438176728
0.954618054523534 -0.003695544724855
0.956772728821300 -0.003454042323973
0.958877312841991 -0.003223699559753
0.960931575794250 -0.003004269743922
0.962935292404997 -0.002795490951784
0.964888242944126 -0.002597101240950
0.966790213248601 -0.002408821933008
0.968640994745946 -0.002230366580066
0.970440384477113 -0.002061448659710
0.972188185118740 -0.001901769885812
0.973884205004793 -0.001751033123830
0.975528258147577 -0.001608933339798
0.977120164258138 -0.001475166183642
0.978659748766034 -0.001349425621204
0.980146842838471 -0.001231406733199
0.981581283398829 -0.001120805216950
0.982962913144534 -0.001017319426690
0.984291580564316 -0.000920647772075
0.985567139954818 -0.000830497230570
0.986789451436580 -0.000746575264960
0.987958380969374 -0.000668600033639
0.989073800366903 -0.000596291407085
0.990135587310861 -0.000529378575562
0.991143625364344 -0.000467599395745
0.992097803984621 -0.000410701817871
0.992998018535252 -0.000358440257864
0.993844170297569 -0.000310580800200
0.994636166481494 -0.000266902069430
0.995373920235722 -0.000227192318979
0.996057350657239 -0.000191252109026
0.996686382800198 -0.000158894520992
0.997260947684137 -0.000129946526221
0.997780982301540 -0.000104247998801
0.998246429624752 -0.000081654539230
0.998657238612229 -0.000062032424566
0.999013364214136 -0.000045265826632
0.999314767377287 -0.000031252518021
0.999561415049429 -0.000019906118792
0.999753280182866 -0.000011155350417
0.999890341737423 -0.000004944596372
0.999972584682756 -0.000001234124628
1.000000000000000 0.000000000000000
