1.000000000000000 0.000000000000000
0.999972584682756 0.000002566590153
0.999890341737423 0.000010275963835
0.999753280182866 0.000023158625663
0.999561415049429 0.000041257342079
0.999314767377287 0.000064640728703
0.999013364214136 0.000093392810615
0.998657238612229 0.000127612720280
0.998246429624752 0.000167424933415
0.997780982301540 0.000212963171764
0.997260947684137 0.000264384107009
0.996686382800198 0.000321861755923
0.996057350657239 0.000385581495682
0.995373920235722 0.000455746752070
0.994636166481494 0.000532582401952
0.993844170297569 0.000616317182615
0.992998018535252 0.000707201897930
0.992097803984621 0.000805499346306
0.991143625364344 0.000911485502810
0.990135587310861 0.001025442554820
0.989073800366903 0.001147674451260
0.987958380969374 0.001278483348247
0.986789451436580 0.001418189478347
0.985567139954818 0.001567119864404
0.984291580564316 0.001725607161477
0.982962913144534 0.001893988438390
0.981581283398829 0.002072611020726
0.980146842838472 0.002261824626683
0.978659748766034 0.002461980021603
0.977120164258138 0.002673430149994
0.975528258147577 0.002896528954915
0.973884205004793 0.003131632773884
0.972188185118741 0.003379091361412
0.970440384477113 0.003639254265802
0.968640994745946 0.003912461465881
0.966790213248601 0.004199055671802
0.964888242944126 0.004499358721502
0.962935292404997 0.004813698240236
0.960931575794250 0.005142377704378
0.958877312841991 0.005485698053924
0.956772728821300 0.005843944693680
0.954618054523534 0.006217379504957
0.952413526233010 0.006606261049773
0.950159385701097 0.007010818121916
0.947855880119706 0.007431263832453
0.945503262094184 0.007867787650400
0.943101789615607 0.008320560619930
0.940651726032496 0.008789723651558
0.938153340021932 0.009275389288159
0.935606905560095 0.009777650514862
0.933012701892219 0.010296558310585
0.930371013501972 0.010832141032815
0.927682130080253 0.011384389250052
0.924946346493432 0.011953261052216
0.922163962751008 0.012538672304226
0.919335283972712 0.013140506308651
0.916460620355050 0.013758607963051
0.913540287137281 0.014392780526166
0.910574604566852 0.015042779427031
0.907563897864277 0.015708302665099
0.904508497187474 0.016389005409785
0.901408737595557 0.017084543731080
0.898264959012098 0.017794581801779
0.895077506187845 0.018518843803801
0.891846728662920 0.019257292292605
0.888572980728485 0.020009884130759
0.885256621387895 0.020776545729962
0.881898014317321 0.021557165714687
0.878497527825878 0.022351625190111
0.875055534815230 0.023159795543451
0.871572412738697 0.023981527551704
0.868048543559867 0.024816665250132
0.864484313710706 0.025665028295648
0.860880114049181 0.026526417063263
0.857236339816402 0.027400629112452
0.853553390593274 0.028287424847061
0.849831670256683 0.029186554832546
0.846071586935203 0.030097788463098
0.842273552964344 0.031020893315052
0.838437984841330 0.031955620166138
0.834565303179429 0.032901708004223
0.830655932661826 0.033858892628709
0.826710301995053 0.034826879266623
0.822728843861975 0.035805364244344
0.818711994874345 0.036794030646467
0.814660195524919 0.037792548209676
0.810573890139155 0.038800568531565
0.806453526826488 0.039817719821821
0.802299557431188 0.040843625403101
0.798112437482808 0.041877884572924
0.793892626146237 0.042920070661313
0.789640586171339 0.043969702777766
0.785356783842216 0.045026311381903
0.781041688926065 0.046089391021835
0.776695774621672 0.047158432329788
0.772319517507513 0.048232903356522
0.767913397489498 0.049312262569359
0.763477897748339 0.050395948111243
0.759013504686565 0.051483382143453
0.754520707875186 0.052573969158768
0.750000000000000 0.053667117517803
0.745451876807570 0.054762371404221
0.740876837050858 0.055859364822802
0.736275382434527 0.056957725365971
0.731648017559931 0.058057088474916
0.726995249869773 0.059157107652513
0.722317589592464 0.060257443600382
0.717615549686164 0.061357759649912
0.712889645782536 0.062457710047213
0.708140396130201 0.063556858662844
0.703368321537900 0.064654699816712
0.698573945317390 0.065750734549283
0.693757793226052 0.066844441384568
0.688920393409234 0.067935152501718
0.684062276342339 0.069022036421117
0.679183974772650 0.070104236968571
0.674286023660908 0.071180892918578
0.669368960122646 0.072251154927482
0.664433323369292 0.073314188776045
0.659479654649035 0.074369158819051
0.654508497187474 0.075415235533256
0.649520396128043 0.076451597832196
0.644515898472236 0.077477659685120
0.639495553019615 0.078492962584109
0.634459910307633 0.079497047785837
0.629409522551260 0.080489466310116
0.624344943582428 0.081469780563374
0.619266728789291 0.082437599412827
0.614175435055328 0.083392537233959
0.609071620698271 0.084334215986938
0.603955845408880 0.085262241489493
0.598828670189563 0.086175963753070
0.593690657292862 0.087074472849651
0.588542370159792 0.087956858619784
0.583384373358051 0.088822220974992
0.578217232520115 0.089669640634242
0.573041514281206 0.090498151618589
0.567857786217152 0.091306765902114
0.562666616782152 0.092094491685016
0.557468575246433 0.092860348679467
0.552264231633827 0.093603381707355
0.547054156659257 0.094322668529374
0.541838921666158 0.095017320810815
0.536619098563816 0.095686451234289
0.531395259764657 0.096329182034822
0.526167978121472 0.096944620001570
0.520937826864600 0.097531786541745
0.515705379539064 0.098089697950919
0.510471209941678 0.098617380306778
0.505235892058123 0.099113879709084
0.500000000000000 0.099578572127721
0.494764107941877 0.100011590569096
0.489528790058322 0.100413181202489
0.484294620460936 0.100783595580306
0.479062173135400 0.101123094791315
0.473832021878528 0.101432023513191
0.468604740235343 0.101710888663657
0.463380901436184 0.101960219958169
0.458161078333842 0.102180551929563
0.452945843340743 0.102372426529222
0.447735768366173 0.102536321382589
0.442531424753567 0.102672598222889
0.437333383217848 0.102781615158542
0.432142213782848 0.102863736217292
0.426958485718794 0.102919331339451
0.421782767479885 0.102948768256517
0.416615626641949 0.102952408367569
0.411457629840209 0.102930618187684
0.406309342707138 0.102883770474207
0.401171329810437 0.102812245618942
0.396044154591120 0.102716496565219
0.390928379301729 0.102597054561783
0.385824564944672 0.102454458928508
0.380733271210710 0.102289251216655
0.375655056417573 0.102101979865183
0.370590477448740 0.101893243649111
0.365540089692367 0.101663675921523
0.360504446980385 0.101413911680205
0.355484101527764 0.101144586414645
0.350479603871957 0.100856298033268
0.345491502812526 0.100549403194417
0.340520345350965 0.100224172762793
0.335566676630708 0.099880881317540
0.330631039877354 0.099519811515038
0.325713976339092 0.099141215131566
0.320816025227350 0.098745272519445
0.315937723657661 0.098332153189849
0.311079606590766 0.097902042827774
0.306242206773949 0.097455130571093
0.301426054682610 0.096991631449620
0.296631678462100 0.096511776879869
0.291859603869799 0.096015805429468
0.287110354217464 0.095503966611968
0.282384450313836 0.094976506364043
0.277682410407536 0.094433674380842
0.273004750130227 0.093875715370353
0.268351982440069 0.093302889836528
0.263724617565473 0.092715466798641
0.259123162949143 0.092113723034299
0.254548123192430 0.091497949952657
0.250000000000000 0.090868446061134
0.245479292124815 0.090225507930284
0.240986495313435 0.089569375853765
0.236522102251661 0.088900228929120
0.232086602510502 0.088218265460853
0.227680482492487 0.087523690542779
0.223304225378328 0.086816714656477
0.218958311073935 0.086097553739276
0.214643216157784 0.085366440500715
0.210359413828661 0.084623612725378
0.206107373853763 0.083869323691071
0.201887562517192 0.083103839408791
0.197700442568813 0.082327440537386
0.193546473173512 0.081540400090970
0.189426109860845 0.080742873006814
0.185339804475081 0.079934944489057
0.181288005125655 0.079116725609147
0.177271156138025 0.078288339090920
0.173289698004947 0.077449932775623
0.169344067338174 0.076601659008600
0.165434696820571 0.075743700248570
0.161562015158670 0.074876266051766
0.157726447035656 0.073999579348032
0.153928413064797 0.073113892819450
0.150168329743317 0.072219471302246
0.146446609406726 0.071316550162795
0.142763660183598 0.070405393325764
0.139119885950819 0.069486267319866
0.135515686289294 0.068559406930152
0.131951456440133 0.067625018825655
0.128427587261303 0.066683346826385
0.124944465184770 0.065734667921820
0.121502472174122 0.064779287641972
0.118101985682679 0.063817528773517
0.114743378612105 0.062849744276524
0.111427019271515 0.061876287796990
0.108153271337080 0.060897539905085
0.104922493812155 0.059913919919867
0.101735040987902 0.058925907062865
0.098591262404443 0.057933972285991
0.095491502812526 0.056938503220071
0.092436102135723 0.055939826177782
0.089425395433148 0.054938243326038
0.086459712862719 0.053933951743914
0.083539379644950 0.052927086058051
0.080664716027288 0.051917867285827
0.077836037248993 0.050906597149091
0.075053653506568 0.049893637049458
0.072317869919747 0.048879335744532
0.069628986498028 0.047864060502879
0.066987298107781 0.046848116865631
0.064393094439905 0.045831558856423
0.061846659978068 0.044814472937905
0.059348273967504 0.043797039811131
0.056898210384393 0.042779526182982
0.054496737905816 0.041762261867361
0.052144119880294 0.040745621062009
0.049840614298903 0.039730072064441
0.047586473766990 0.038716211258670
0.045381945476466 0.037704619814239
0.043227271178700 0.036695551411813
0.041122687158010 0.035689162264357
0.039068424205750 0.034685584715492
0.037064707595003 0.033685004056736
0.035111757055874 0.032687758750968
0.033209786751399 0.031694331343004
0.031359005254054 0.030705288553331
0.029559615522887 0.029721324727630
0.027811814881260 0.028743212078494
0.026115794995207 0.027771857935502
0.024471741852423 0.026808230243904
0.022879835741862 0.025853438406164
0.021340251233966 0.024908668636158
0.019853157161529 0.023974342422988
0.018418716601171 0.023048937674427
0.017037086855466 0.022131118907843
0.015708419435685 0.021219964070828
0.014432860045182 0.020315072889412
0.013210548563420 0.019416459849101
0.012041619030626 0.018524449267471
0.010926199633097 0.017639984207732
0.009864412689139 0.016764625808292
0.008856374635656 0.015898839383976
0.007902196015379 0.015041876616434
0.007001981464748 0.014191195122653
0.006155829702431 0.013344954499509
0.005363833518506 0.012502292624365
0.004626079764278 0.011662331271044
0.003942649342761 0.010820835126676
0.003313617199802 0.009969081329835
0.002739052315863 0.009098826635058
0.002219017698460 0.008207335828959
0.001753570375248 0.007298517328338
0.001342761387771 0.006378543624769
0.000986635785864 0.005452568832328
0.000685232622713 0.004525211459211
0.000438584950571 0.003600596124240
0.000246719817134 0.002682484659240
0.000109658262577 0.001774378926379
0.000027415317244 0.000879290787553
0.000000000000000 0.000000000000000
0.000027415317244 -0.000860837040029
0.000109658262577 -0.001700542939204
0.000246719817134 -0.002517349423263
0.000438584950571 -0.003308855429507
0.000685232622713 -0.004078542513471
0.000986635785864 -0.004835073880357
0.001342761387771 -0.005582652480252
0.001753570375248 -0.006322845760403
0.002219017698460 -0.007056342948155
0.002739052315863 -0.007783154411804
0.003313617199802 -0.008502995265509
0.003942649342761 -0.009215342588272
0.004626079764278 -0.009919454207943
0.005363833518506 -0.010614379074259
0.006155829702431 -0.011298901372176
0.007001981464748 -0.011971616562643
0.007902196015379 -0.012630826220756
0.008856374635656 -0.013273476193004
0.009864412689139 -0.013896031369096
0.010926199633097 -0.014495284835779
0.012041619030626 -0.015070554538710
0.013210548563420 -0.015623664494782
0.014432860045182 -0.016157391015303
0.015708419435684 -0.016675167270634
0.017037086855466 -0.017180410071070
0.018418716601171 -0.017675207073288
0.019853157161528 -0.018159263344135
0.021340251233966 -0.018632799673503
0.022879835741862 -0.019096801592249
0.024471741852423 -0.019552622963078
0.026115794995207 -0.020002156314466
0.027811814881259 -0.020448382677082
0.029559615522887 -0.020894597747240
0.031359005254054 -0.021342346992446
0.033209786751399 -0.021792381653634
0.035111757055874 -0.022243926979814
0.037064707595003 -0.022696020784661
0.039068424205750 -0.023148082886916
0.041122687158009 -0.023599607967388
0.043227271178699 -0.024050011989664
0.045381945476466 -0.024498728353626
0.047586473766990 -0.024945259643990
0.049840614298903 -0.025389150655718
0.052144119880293 -0.025829950945344
0.054496737905816 -0.026267260448686
0.056898210384393 -0.026700817531162
0.059348273967504 -0.027130454726725
0.061846659978068 -0.027556151849076
0.064393094439905 -0.027977993738011
0.066987298107781 -0.028396128981361
0.069628986498028 -0.028810763750456
0.072317869919747 -0.029222201539018
0.075053653506568 -0.029630938278406
0.077836037248992 -0.030037548798284
0.080664716027288 -0.030442378761667
0.083539379644950 -0.030845636348480
0.086459712862719 -0.031247361829577
0.089425395433148 -0.031647112436552
0.092436102135723 -0.032044380929038
0.095491502812526 -0.032438735034558
0.098591262404443 -0.032829787321785
0.101735040987902 -0.033217158937180
0.104922493812155 -0.033600499458473
0.108153271337080 -0.033979467402785
0.111427019271514 -0.034353808591199
0.114743378612105 -0.034723439600533
0.118101985682679 -0.035088310491642
0.121502472174122 -0.035448386446275
0.124944465184770 -0.035803636608297
0.128427587261303 -0.036154057013162
0.131951456440133 -0.036499662918476
0.135515686289294 -0.036840493032945
0.139119885950819 -0.037176613865229
0.142763660183598 -0.037508138598464
0.146446609406726 -0.037835231788481
0.150168329743317 -0.038158090989854
0.153928413064796 -0.038476852011655
0.157726447035656 -0.038791526988931
0.161562015158669 -0.039102132498328
0.165434696820571 -0.039408654814029
0.169344067338174 -0.039710950204201
0.173289698004947 -0.040008842544536
0.177271156138025 -0.040302166571691
0.181288005125655 -0.040590784999184
0.185339804475081 -0.040874587479821
0.189426109860845 -0.041153469753262
0.193546473173511 -0.041427330682702
0.197700442568812 -0.041696071348034
0.201887562517192 -0.041959597250673
0.206107373853763 -0.042217817574573
0.210359413828660 -0.042470630279700
0.214643216157784 -0.042717922283995
0.218958311073935 -0.042959582022685
0.223304225378328 -0.043195507428975
0.227680482492486 -0.043425597559106
0.232086602510501 -0.043649757931088
0.236522102251661 -0.043867900506298
0.240986495313435 -0.044079940427808
0.245479292124814 -0.044285796163936
0.250000000000000 -0.044485390531500
0.254548123192429 -0.044678651776510
0.259123162949142 -0.044865504360200
0.263724617565473 -0.045045841399142
0.268351982440069 -0.045219541811107
0.273004750130227 -0.045386488869569
0.277682410407536 -0.045546570640232
0.282384450313836 -0.045699670794377
0.287110354217464 -0.045845672320986
0.291859603869799 -0.045984464447185
0.296631678462100 -0.046115939046986
0.301426054682609 -0.046240026924170
0.306242206773948 -0.046356700363012
0.311079606590766 -0.046465937217637
0.315937723657661 -0.046567720968289
0.320816025227350 -0.046662074536563
0.325713976339092 -0.046749118319279
0.330631039877354 -0.046828994974594
0.335566676630708 -0.046901856962303
0.340520345350965 -0.046967849198221
0.345491502812526 -0.047026942450447
0.350479603871956 -0.047078992223378
0.355484101527764 -0.047123852899978
0.360504446980385 -0.047161380930657
0.365540089692367 -0.047191283681414
0.370590477448739 -0.047212807333197
0.375655056417572 -0.047225101613206
0.380733271210709 -0.047227306904894
0.385824564944672 -0.047218559909471
0.390928379301728 -0.047198141729667
0.396044154591120 -0.047165509530899
0.401171329810437 -0.047120129627890
0.406309342707137 -0.047061466767647
0.411457629840208 -0.046989022795713
0.416615626641949 -0.046902680476112
0.421782767479884 -0.046802548989338
0.426958485718794 -0.046688746445940
0.432142213782848 -0.046561399910635
0.437333383217848 -0.046420638493357
0.442531424753567 -0.046266576026839
0.447735768366173 -0.046099326291154
0.452945843340743 -0.045919010546941
0.458161078333842 -0.045725755234148
0.463380901436184 -0.045519741156764
0.468604740235343 -0.045301297825862
0.473832021878528 -0.045070788304735
0.479062173135400 -0.044828583636589
0.484294620460935 -0.044575060826871
0.489528790058321 -0.044310558218409
0.494764107941877 -0.044035337342133
0.500000000000000 -0.043749654035692
0.505235892058122 -0.043453770480478
0.510471209941678 -0.043147948607877
0.515705379539064 -0.042832369780200
0.520937826864600 -0.042507100157806
0.526167978121472 -0.042172206478450
0.531395259764656 -0.041827755925166
0.536619098563816 -0.041473825317715
0.541838921666157 -0.041110583079920
0.547054156659257 -0.040738275898715
0.552264231633827 -0.040357154201198
0.557468575246433 -0.039967473395406
0.562666616782152 -0.039569505779178
0.567857786217152 -0.039163647988302
0.573041514281206 -0.038750368730145
0.578217232520115 -0.038330132714993
0.583384373358051 -0.037903407905641
0.588542370159791 -0.037470631655720
0.593690657292862 -0.037032128906000
0.598828670189563 -0.036588194684129
0.603955845408879 -0.036139127770330
0.609071620698271 -0.035685218079688
0.614175435055328 -0.035226697791637
0.619266728789290 -0.034763677167724
0.624344943582427 -0.034296259711048
0.629409522551260 -0.033824554707983
0.634459910307633 -0.033348669641463
0.639495553019614 -0.032868779690811
0.644515898472235 -0.032385089052895
0.649520396128043 -0.031897804456120
0.654508497187474 -0.031407134606955
0.659479654649035 -0.030913325566526
0.664433323369291 -0.030416717290695
0.669368960122646 -0.029917661280589
0.674286023660907 -0.029416505308705
0.679183974772650 -0.028913593829048
0.684062276342339 -0.028409254449081
0.688920393409233 -0.027903800034011
0.693757793226051 -0.027397541437302
0.698573945317390 -0.026890784780856
0.703368321537900 -0.026383813429159
0.708140396130200 -0.025876872850416
0.712889645782536 -0.025370215264200
0.717615549686163 -0.024864078359324
0.722317589592464 -0.024358704318624
0.726995249869773 -0.023854325278306
0.731648017559930 -0.023351171926992
0.736275382434527 -0.022849471458682
0.740876837050857 -0.022349441134888
0.745451876807570 -0.021851281974622
0.750000000000000 -0.021355187043550
0.754520707875185 -0.020861346514806
0.759013504686565 -0.020369938404896
0.763477897748338 -0.019881108291577
0.767913397489498 -0.019395000821852
0.772319517507513 -0.018911755983981
0.776695774621672 -0.018431507527279
0.781041688926065 -0.017954382852934
0.785356783842216 -0.017480508249279
0.789640586171339 -0.017010008993663
0.793892626146236 -0.016543031664285
0.798112437482808 -0.016079733757485
0.802299557431187 -0.015620262382302
0.806453526826488 -0.015164811908937
0.810573890139155 -0.014713667999668
0.814660195524918 -0.014267124443799
0.818711994874345 -0.013825448040783
0.822728843861975 -0.013388892229221
0.826710301995052 -0.012957678710074
0.830655932661826 -0.012532026656937
0.834565303179429 -0.012112140121406
0.838437984841330 -0.011698222113933
0.842273552964344 -0.011290465818609
0.846071586935203 -0.010889036243578
0.849831670256683 -0.010494068624374
0.853553390593274 -0.010105691036456
0.857236339816401 -0.009724000388064
0.860880114049181 -0.009349053077718
0.864484313710706 -0.008980889705756
0.868048543559867 -0.008619553332084
0.871572412738697 -0.008265083154448
0.875055534815230 -0.007917510104743
0.878497527825878 -0.007576862354934
0.881898014317321 -0.007243157896072
0.885256621387894 -0.006916405917496
0.888572980728485 -0.006596610802627
0.891846728662920 -0.006283768171042
0.895077506187845 -0.005977869614636
0.898264959012098 -0.005678915943951
0.901408737595557 -0.005386911477293
0.904508497187474 -0.005102029014910
0.907563897864277 -0.004824582733890
0.910574604566852 -0.004554850793658
0.913540287137281 -0.004293066963511
0.916460620355049 -0.004039432594449
0.919335283972712 -0.003794118517243
0.922163962751007 -0.003557263784274
0.924946346493432 -0.003328980463929
0.927682130080253 -0.003109347206812
0.930371013501972 -0.002898417817752
0.933012701892219 -0.002696217333537
0.935606905560095 -0.002502748735330
0.938153340021932 -0.002317984840431
0.940651726032496 -0.002141879906698
0.943101789615607 -0.001974362395476
0.945503262094184 -0.001815342265279
0.947855880119706 -0.001664708718328
0.950159385701097 -0.001522330746093
0.952413526233010 -0.001388061649025
0.954618054523534 -0.001261737032732
0.956772728821300 -0.001143178346650
0.958877312841991 -0.001032191158055
0.960931575794250 -0.000928568299586
0.962935292404997 -0.000832093566588
0.964888242944126 -0.000742536907057
0.966790213248601 -0.000659659166573
0.968640994745946 -0.000583215274702
0.970440384477113 -0.000512949316127
0.972188185118740 -0.000448601791659
0.973884205004793 -0.000389906821882
0.975528258147577 -0.000336595568585
0.977120164258138 -0.000288394924851
0.978659748766034 -0.000245031421490
0.980146842838471 -0.000206228701735
0.981581283398829 -0.000171712230429
0.982962913144534 -0.000141207232020
0.984291580564316 -0.000114442400428
0.985567139954818 -0.000091147909411
0.986789451436580 -0.000071058034014
0.987958380969374 -0.000053912194362
0.989073800366903 -0.000039454993291
0.990135587310861 -0.000027437418608
0.991143625364344 -0.000017617436774
0.992097803984621 -0.000009760663522
0.992998018535252 -0.000003641560268
0.993844170297569 0.000000956330497
0.994636166481494 0.000004239712709
0.995373920235722 0.000006404822366
0.996057350657239 0.000007636838009
0.996686382800198 0.000008109470020
0.997260947684137 0.000007984313595
0.997780982301540 0.000007410500660
0.998246429624752 0.000006524217302
0.998657238612229 0.000005448394397
0.999013364214136 0.000004292291985
0.999314767377287 0.000003151184858
0.999561415049429 0.000002106131411
0.999753280182866 0.000001223854373
0.999890341737423 0.000000556374263
0.999972584682756 0.000000140958113
1.000000000000000 0.000000000000000
