1.000000000000000 0.000000000000000
0.999972584682756 0.000003485653502
0.999890341737423 0.000013941927645
0.999753280182866 0.000031366763327
0.999561415049429 0.000055752174589
0.999314767377287 0.000087093360787
0.999013364214136 0.000125379599086
0.998657238612229 0.000170598803247
0.998246429624752 0.000222735253053
0.997780982301540 0.000281776420080
0.997260947684137 0.000347701603987
0.996686382800198 0.000420491034171
0.996057350657239 0.000500123599470
0.995373920235722 0.000586570055555
0.994636166481494 0.000679808904635
0.993844170297569 0.000779808269300
0.992998018535252 0.000886539496255
0.992097803984621 0.000999968113617
0.991143625364344 0.001120060624815
0.990135587310861 0.001246775498048
0.989073800366903 0.001380081204266
0.987958380969374 0.001519929207772
0.986789451436580 0.001666280988350
0.985567139954818 0.001819090061185
0.984291580564316 0.001978310977536
0.982962913144534 0.002143892622563
0.981581283398829 0.002315784946768
0.980146842838472 0.002493934510861
0.978659748766034 0.002678288957208
0.977120164258138 0.002868788138058
0.975528258147577 0.003065377460572
0.973884205004793 0.003267996799849
0.972188185118741 0.003476580556156
0.970440384477113 0.003691068704274
0.968640994745946 0.003911393580280
0.966790213248601 0.004137488720008
0.964888242944126 0.004369286667001
0.962935292404997 0.004606716810308
0.960931575794250 0.004849705426650
0.958877312841991 0.005098177890614
0.956772728821300 0.005352063012614
0.954618054523534 0.005611280071127
0.952413526233010 0.005875751837801
0.950159385701097 0.006145400251380
0.947855880119706 0.006420144298910
0.945503262094184 0.006699897935398
0.943101789615607 0.006984578659370
0.940651726032496 0.007274103234314
0.938153340021932 0.007568383487971
0.935606905560095 0.007867328502310
0.933012701892219 0.008170853050872
0.930371013501972 0.008478867071522
0.927682130080253 0.008791275757699
0.924946346493432 0.009107985873094
0.922163962751008 0.009428907801769
0.919335283972712 0.009753943144425
0.916460620355050 0.010082997195453
0.913540287137281 0.010415970717629
0.910574604566852 0.010752770211632
0.907563897864277 0.011093291609286
0.904508497187474 0.011437438664073
0.901408737595557 0.011785110760916
0.898264959012098 0.012136203011013
0.895077506187845 0.012490616284874
0.891846728662920 0.012848247201389
0.888572980728485 0.013208992829247
0.885256621387895 0.013572747918277
0.881898014317321 0.013939415460988
0.878497527825878 0.014308890727990
0.875055534815230 0.014681069230190
0.871572412738697 0.015055850570155
0.868048543559867 0.015433130690603
0.864484313710706 0.015812805817238
0.860880114049181 0.016194772491880
0.857236339816402 0.016578925715553
0.853553390593274 0.016965164656040
0.849831670256683 0.017353383225178
0.846071586935203 0.017743479539221
0.842273552964344 0.018135346607775
0.838437984841330 0.018528885390764
0.834565303179429 0.018923988200295
0.830655932661826 0.019320555316247
0.826710301995053 0.019718480318206
0.822728843861975 0.020117662772119
0.818711994874345 0.020517999219253
0.814660195524919 0.020919388712532
0.810573890139155 0.021321727842844
0.806453526826488 0.021724916234153
0.802299557431188 0.022128854373355
0.798112437482808 0.022533443034230
0.793892626146237 0.022938578047534
0.789640586171339 0.023344157201217
0.785356783842216 0.023750080703787
0.781041688926065 0.024156245267854
0.776695774621672 0.024562541911356
0.772319517507513 0.024968863852063
0.767913397489498 0.025375108368575
0.763477897748339 0.025781169062517
0.759013504686565 0.026186940663449
0.754520707875186 0.026592320358772
0.750000000000000 0.026997206126739
0.745451876807570 0.027401496671375
0.740876837050858 0.027805086771416
0.736275382434527 0.028207876929223
0.731648017559931 0.028609766925105
0.726995249869773 0.029010657258592
0.722317589592464 0.029410446277258
0.717615549686164 0.029809037980139
0.712889645782536 0.030206333013445
0.708140396130201 0.030602237197875
0.703368321537900 0.030996656300274
0.698573945317390 0.031389495791221
0.693757793226052 0.031780662859620
0.688920393409234 0.032170056438924
0.684062276342339 0.032557568284664
0.679183974772650 0.032943096723294
0.674286023660908 0.033326532417156
0.669368960122646 0.033707773079441
0.664433323369292 0.034086713225344
0.659479654649035 0.034463246907292
0.654508497187474 0.034837270599773
0.649520396128043 0.035208681858377
0.644515898472236 0.035577378123664
0.639495553019615 0.035943259356124
0.634459910307633 0.036306225387441
0.629409522551260 0.036666177328392
0.624344943582428 0.037023019536148
0.619266728789291 0.037376655939152
0.614175435055328 0.037726994417795
0.609071620698271 0.038073942995636
0.603955845408880 0.038417410418946
0.598828670189563 0.038757300857899
0.593690657292862 0.039093520350944
0.588542370159792 0.039425974373063
0.583384373358051 0.039754569906199
0.578217232520115 0.040079213032942
0.573041514281206 0.040399808578996
0.567857786217152 0.040716259203017
0.562666616782152 0.041028469750469
0.557468575246433 0.041336346221526
0.552264231633827 0.041639798281905
0.547054156659257 0.041938732124889
0.541838921666158 0.042233061037339
0.536619098563816 0.042522695793671
0.531395259764657 0.042807551758679
0.526167978121472 0.043087551598616
0.520937826864600 0.043362624427258
0.515705379539064 0.043632702796585
0.510471209941678 0.043897720058157
0.505235892058123 0.044157608578111
0.500000000000000 0.044412271566667
0.494764107941877 0.044661595772937
0.489528790058322 0.044905470420503
0.484294620460936 0.045143787420920
0.479062173135400 0.045376434443354
0.473832021878528 0.045603261223416
0.468604740235343 0.045824107995643
0.463380901436184 0.046038817542640
0.458161078333842 0.046247235439266
0.452945843340743 0.046449212632862
0.447735768366173 0.046644610129906
0.442531424753567 0.046833295041530
0.437333383217848 0.047015135339650
0.432142213782848 0.047190006821364
0.426958485718794 0.047357788140232
0.421782767479885 0.047518368715181
0.416615626641949 0.047671640646263
0.411457629840209 0.047817501969818
0.406309342707138 0.047955854283830
0.401171329810437 0.048086581280984
0.396044154591120 0.048209548010111
0.390928379301729 0.048324623104243
0.385824564944672 0.048431680162562
0.380733271210710 0.048530596381172
0.375655056417573 0.048621223172949
0.370590477448740 0.048703401740102
0.365540089692367 0.048776979752883
0.360504446980385 0.048841812091829
0.355484101527764 0.048897763465169
0.350479603871957 0.048944712652059
0.345491502812526 0.048982547437068
0.340520345350965 0.049011162808559
0.335566676630708 0.049030461176217
0.330631039877354 0.049040350047603
0.325713976339092 0.049040742288745
0.320816025227350 0.049031558570555
0.315937723657661 0.049012727627647
0.311079606590766 0.048984188021800
0.306242206773949 0.048945892589162
0.301426054682610 0.048897803339569
0.296631678462100 0.048839890499864
0.291859603869799 0.048772137186754
0.287110354217464 0.048694583622357
0.282384450313836 0.048607306337055
0.277682410407536 0.048510387393951
0.273004750130227 0.048403916469679
0.268351982440069 0.048287996715008
0.263724617565473 0.048162750446229
0.259123162949143 0.048028303047819
0.254548123192430 0.047884785450048
0.250000000000000 0.047732286488362
0.245479292124815 0.047570826957854
0.240986495313435 0.047400429319565
0.236522102251661 0.047221127138199
0.232086602510502 0.047032913507261
0.227680482492487 0.046835720832400
0.223304225378328 0.046629486921034
0.218958311073935 0.046414166631029
0.214643216157784 0.046189738357731
0.210359413828661 0.045956208246965
0.206107373853763 0.045713594625672
0.201887562517192 0.045461931448892
0.197700442568813 0.045201268297663
0.193546473173512 0.044931668186635
0.189426109860845 0.044653208284185
0.185339804475081 0.044365984264402
0.181288005125655 0.044070110052000
0.177271156138025 0.043765720327905
0.173289698004947 0.043452955538023
0.169344067338174 0.043131960921378
0.165434696820571 0.042802883586567
0.161562015158670 0.042465884452207
0.157726447035656 0.042121146216385
0.153928413064797 0.041768893623731
0.150168329743317 0.041409358733198
0.146446609406726 0.041042728414292
0.142763660183598 0.040668970576377
0.139119885950819 0.040288018109083
0.135515686289294 0.039899819327913
0.131951456440133 0.039504300599992
0.128427587261303 0.039101395014158
0.124944465184770 0.038691070418068
0.121502472174122 0.038273338832592
0.118101985682679 0.037848255129775
0.114743378612105 0.037415894036844
0.111427019271515 0.036976366030780
0.108153271337080 0.036529800615418
0.104922493812155 0.036076360718823
0.101735040987902 0.035616227120009
0.098591262404443 0.035149608565483
0.095491502812526 0.034676763984269
0.092436102135723 0.034198018285368
0.089425395433148 0.033713704701051
0.086459712862719 0.033224158893519
0.083539379644950 0.032729711324784
0.080664716027288 0.032230758929464
0.077836037248993 0.031727795973207
0.075053653506568 0.031221278021980
0.072317869919747 0.030711236849452
0.069628986498028 0.030197563833057
0.066987298107781 0.029679711169626
0.064393094439905 0.029156688334989
0.061846659978068 0.028627708427760
0.059348273967504 0.028092305585147
0.056898210384393 0.027550174376883
0.054496737905816 0.027001158890035
0.052144119880294 0.026445227081586
0.049840614298903 0.025882471591107
0.047586473766990 0.025313136803507
0.045381945476466 0.024738188249093
0.043227271178700 0.024158955769552
0.041122687158010 0.023576728426259
0.039068424205750 0.022992755041483
0.037064707595003 0.022408167008687
0.035111757055874 0.021824008944205
0.033209786751399 0.021241275690352
0.031359005254054 0.020660924177633
0.029559615522887 0.020083805778900
0.027811814881260 0.019510787247427
0.026115794995207 0.018942799854040
0.024471741852423 0.018380547916121
0.022879835741862 0.017824040469717
0.021340251233966 0.017268287268303
0.019853157161529 0.016705339805756
0.018418716601171 0.016129752432945
0.017037086855466 0.015538223773688
0.015708419435685 0.014929573096769
0.014432860045182 0.014304449168000
0.013210548563420 0.013664938605318
0.012041619030626 0.013014525022226
0.010926199633097 0.012356927106612
0.009864412689139 0.011695610687445
0.008856374635656 0.011032987933104
0.007902196015379 0.010370853330905
0.007001981464748 0.009710589380219
0.006155829702431 0.009053424391046
0.005363833518506 0.008400309389172
0.004626079764278 0.007752035519097
0.003942649342761 0.007109366935497
0.003313617199802 0.006472873863611
0.002739052315863 0.005843106403302
0.002219017698460 0.005220550287970
0.001753570375248 0.004605596937647
0.001342761387771 0.003998681535087
0.000986635785864 0.003400077870234
0.000685232622713 0.002810205888252
0.000438584950571 0.002229229864804
0.000246719817134 0.001657535303238
0.000109658262577 0.001095245056342
0.000027415317244 0.000542751366296
0.000000000000000 0.000000000000000
0.000027415317244 -0.000533561374042
0.000109658262577 -0.001067667645847
0.000246719817134 -0.001605903800831
0.000438584950571 -0.002148186674953
0.000685232622713 -0.002694369734036
0.000986635785864 -0.003244286486884
0.001342761387771 -0.003797706303037
0.001753570375248 -0.004354334219580
0.002219017698460 -0.004913908072886
0.002739052315863 -0.005476077993060
0.003313617199802 -0.006040578533822
0.003942649342761 -0.006606947331010
0.004626079764278 -0.007174788017628
0.005363833518506 -0.007743644093507
0.006155829702431 -0.008312912744800
0.007001981464748 -0.008882015485172
0.007902196015379 -0.009450166744812
0.008856374635656 -0.010016525088100
0.009864412689139 -0.010580038235832
0.010926199633097 -0.011139397511003
0.012041619030626 -0.011693078341473
0.013210548563420 -0.012238763821251
0.014432860045182 -0.012773578980247
0.015708419435684 -0.013293735789304
0.017037086855466 -0.013795918832779
0.018418716601171 -0.014277908552064
0.019853157161528 -0.014739049864534
0.021340251233966 -0.015180236062860
0.022879835741862 -0.015604413188569
0.024471741852423 -0.016017235873585
0.026115794995207 -0.016426497852655
0.027811814881259 -0.016836069154940
0.029559615522887 -0.017247335210534
0.031359005254054 -0.017659317594636
0.033209786751399 -0.018070920725863
0.035111757055874 -0.018481535325565
0.037064707595003 -0.018890421812283
0.039068424205750 -0.019296705477418
0.041122687158009 -0.019699481915858
0.043227271178699 -0.020097818946035
0.045381945476466 -0.020490698208313
0.047586473766990 -0.020877033750881
0.049840614298903 -0.021255602825015
0.052144119880293 -0.021625156150580
0.054496737905816 -0.021985072821956
0.056898210384393 -0.022335186390712
0.059348273967504 -0.022675505231313
0.061846659978068 -0.023006193802865
0.064393094439905 -0.023327559488152
0.066987298107781 -0.023640030556249
0.069628986498028 -0.023944267246693
0.072317869919747 -0.024241245916551
0.075053653506568 -0.024531996331245
0.077836037248992 -0.024817041135898
0.080664716027288 -0.025096782696069
0.083539379644950 -0.025371200042034
0.086459712862719 -0.025639915442164
0.089425395433148 -0.025902604336369
0.092436102135723 -0.026159068265315
0.095491502812526 -0.026409150445533
0.098591262404443 -0.026652680041727
0.101735040987902 -0.026889476462196
0.104922493812155 -0.027119381416732
0.108153271337080 -0.027342260198042
0.111427019271514 -0.027557999334900
0.114743378612105 -0.027766506178417
0.118101985682679 -0.027967719390338
0.121502472174122 -0.028161597812367
0.124944465184770 -0.028348126594016
0.128427587261303 -0.028527315671114
0.131951456440133 -0.028699203042106
0.135515686289294 -0.028863862890717
0.139119885950819 -0.029021401645226
0.142763660183598 -0.029171955966321
0.146446609406726 -0.029315658946861
0.150168329743317 -0.029452653179447
0.153928413064796 -0.029583101334246
0.157726447035656 -0.029707066507045
0.161562015158669 -0.029824509571017
0.165434696820571 -0.029935399092118
0.169344067338174 -0.030039724674670
0.173289698004947 -0.030137504678944
0.177271156138025 -0.030228771245473
0.181288005125655 -0.030313574915987
0.185339804475081 -0.030391986595974
0.189426109860845 -0.030464095601304
0.193546473173511 -0.030530004899459
0.197700442568812 -0.030589794922474
0.201887562517192 -0.030643515855822
0.206107373853763 -0.030691227337842
0.210359413828660 -0.030732991956262
0.214643216157784 -0.030768826255175
0.218958311073935 -0.030798733871356
0.223304225378328 -0.030822726478146
0.227680482492486 -0.030840827752699
0.232086602510501 -0.030853079762168
0.236522102251661 -0.030859535173582
0.240986495313435 -0.030860255208600
0.245479292124814 -0.030855312725678
0.250000000000000 -0.030844794406000
0.254548123192429 -0.030828796377256
0.259123162949142 -0.030807423805426
0.263724617565473 -0.030780794653072
0.268351982440069 -0.030749042376634
0.273004750130227 -0.030712310505750
0.277682410407536 -0.030670750861703
0.282384450313836 -0.030624526535635
0.287110354217464 -0.030573811828153
0.291859603869799 -0.030518791169375
0.296631678462100 -0.030459656858848
0.301426054682609 -0.030396577330031
0.306242206773948 -0.030329594794954
0.311079606590766 -0.030258719556241
0.315937723657661 -0.030183966199945
0.320816025227350 -0.030105350537187
0.325713976339092 -0.030022886192371
0.330631039877354 -0.029936585129896
0.335566676630708 -0.029846462950271
0.340520345350965 -0.029752536742597
0.345491502812526 -0.029654826836358
0.350479603871956 -0.029553356690265
0.355484101527764 -0.029448153391102
0.360504446980385 -0.029339245276926
0.365540089692367 -0.029226663883373
0.370590477448739 -0.029110443912169
0.375655056417572 -0.028990623545071
0.380733271210709 -0.028867242812062
0.385824564944672 -0.028740344846275
0.390928379301728 -0.028609971341900
0.396044154591120 -0.028476157256721
0.401171329810437 -0.028338937499645
0.406309342707137 -0.028198348719868
0.411457629840208 -0.028054430123291
0.416615626641949 -0.027907217468034
0.421782767479884 -0.027756741402752
0.426958485718794 -0.027603034486718
0.432142213782848 -0.027446129634602
0.437333383217848 -0.027286063849119
0.442531424753567 -0.027122875249127
0.447735768366173 -0.026956605738733
0.452945843340743 -0.026787299112114
0.458161078333842 -0.026614999916023
0.463380901436184 -0.026439754144859
0.468604740235343 -0.026261607598283
0.473832021878528 -0.026080605061858
0.479062173135400 -0.025896792464475
0.484294620460935 -0.025710219088730
0.489528790058321 -0.025520936356254
0.494764107941877 -0.025329007571579
0.500000000000000 -0.025134502915043
0.505235892058122 -0.024937491354138
0.510471209941678 -0.024738044537414
0.515705379539064 -0.024536237139000
0.520937826864600 -0.024332154087859
0.526167978121472 -0.024125882437028
0.531395259764656 -0.023917508302091
0.536619098563816 -0.023707121309646
0.541838921666157 -0.023494808503911
0.547054156659257 -0.023280655711041
0.552264231633827 -0.023064748541493
0.557468575246433 -0.022847174234204
0.562666616782152 -0.022628019503477
0.567857786217152 -0.022407374341254
0.573041514281206 -0.022185333313783
0.578217232520115 -0.021961989097658
0.583384373358051 -0.021737435125413
0.588542370159791 -0.021511763276660
0.593690657292862 -0.021285048214961
0.598828670189563 -0.021057356721786
0.603955845408879 -0.020828756937300
0.609071620698271 -0.020599315144331
0.614175435055328 -0.020369095567014
0.619266728789290 -0.020138149871631
0.624344943582427 -0.019906529763440
0.629409522551260 -0.019674284827107
0.634459910307633 -0.019441466791492
0.639495553019614 -0.019208128216646
0.644515898472235 -0.018974324486973
0.649520396128043 -0.018740110975425
0.654508497187474 -0.018505542971173
0.659479654649035 -0.018270675577394
0.664433323369291 -0.018035563379549
0.669368960122646 -0.017800260797498
0.674286023660907 -0.017564822211782
0.679183974772650 -0.017329302865552
0.684062276342339 -0.017093755399315
0.688920393409233 -0.016858232844900
0.693757793226051 -0.016622789141988
0.698573945317390 -0.016387475509452
0.703368321537900 -0.016152342658295
0.708140396130200 -0.015917436123995
0.712889645782536 -0.015682801244103
0.717615549686163 -0.015448482804981
0.722317589592464 -0.015214525286001
0.726995249869773 -0.014980975789323
0.731648017559930 -0.014747879370455
0.736275382434527 -0.014515281509794
0.740876837050857 -0.014283228086389
0.745451876807570 -0.014051764518643
0.750000000000000 -0.013820935899898
0.754520707875185 -0.013590787075821
0.759013504686565 -0.013361362639523
0.763477897748338 -0.013132707598765
0.767913397489498 -0.012904866059913
0.772319517507513 -0.012677881368942
0.776695774621672 -0.012451798011433
0.781041688926065 -0.012226662607617
0.785356783842216 -0.012002516348358
0.789640586171339 -0.011779405837194
0.793892626146236 -0.011557371091246
0.798112437482808 -0.011336446780980
0.802299557431187 -0.011116669483051
0.806453526826488 -0.010898075768624
0.810573890139155 -0.010680699298892
0.814660195524918 -0.010464572922477
0.818711994874345 -0.010249728807711
0.822728843861975 -0.010036201356934
0.826710301995052 -0.009824024741962
0.830655932661826 -0.009613233797762
0.834565303179429 -0.009403861261315
0.838437984841330 -0.009195943335330
0.842273552964344 -0.008989512298410
0.846071586935203 -0.008784604163415
0.849831670256683 -0.008581252469403
0.853553390593274 -0.008379491547851
0.857236339816401 -0.008179354658167
0.860880114049181 -0.007980878877967
0.864484313710706 -0.007784096649544
0.868048543559867 -0.007589042639041
0.871572412738697 -0.007395751896689
0.875055534815230 -0.007204256595098
0.878497527825878 -0.007014593140599
0.881898014317321 -0.006826794633452
0.885256621387894 -0.006640894513990
0.888572980728485 -0.006456927312363
0.891846728662920 -0.006274926484112
0.895077506187845 -0.006094925042465
0.898264959012098 -0.005916952108985
0.901408737595557 -0.005741038140099
0.904508497187474 -0.005567210675102
0.907563897864277 -0.005395500831428
0.910574604566852 -0.005225937986717
0.913540287137281 -0.005058551481560
0.916460620355049 -0.004893370966036
0.919335283972712 -0.004730428962237
0.922163962751007 -0.004569751989368
0.924946346493432 -0.004411372435879
0.927682130080253 -0.004255319820034
0.930371013501972 -0.004101622620958
0.933012701892219 -0.003950313639628
0.935606905560095 -0.003801420500621
0.938153340021932 -0.003654973188528
0.940651726032496 -0.003511002425959
0.943101789615607 -0.003369536760450
0.945503262094184 -0.003230605075536
0.947855880119706 -0.003094237113018
0.950159385701097 -0.002960462464585
0.952413526233010 -0.002829308461865
0.954618054523534 -0.002700803320920
0.956772728821300 -0.002574976715368
0.958877312841991 -0.002451854197074
0.960931575794250 -0.002331464710839
0.962935292404997 -0.002213835278353
0.964888242944126 -0.002098991359510
0.966790213248601 -0.001986961267519
0.968640994745946 -0.001877768186121
0.970440384477113 -0.001771438905140
0.972188185118740 -0.001667999257986
0.973884205004793 -0.001567471075926
0.975528258147577 -0.001469880851663
0.977120164258138 -0.001375250462989
0.978659748766034 -0.001283602371929
0.980146842838471 -0.001194959201470
0.981581283398829 -0.001109343209612
0.982962913144534 -0.001026775825300
0.984291580564316 -0.000947275425110
0.985567139954818 -0.000870862569756
0.986789451436580 -0.000797556271044
0.987958380969374 -0.000727376325116
0.989073800366903 -0.000660338534364
0.990135587310861 -0.000596459644534
0.991143625364344 -0.000535757301744
0.992097803984621 -0.000478247174346
0.992998018535252 -0.000423942430215
0.993844170297569 -0.000372857598001
0.994636166481494 -0.000325006388984
0.995373920235722 -0.000280400132904
0.996057350657239 -0.000239052037492
0.996686382800198 -0.000200971075702
0.997260947684137 -0.000166168509009
0.997780982301540 -0.000134652814355
0.998246429624752 -0.000106431832153
0.998657238612229 -0.000081513873863
0.999013364214136 -0.000059905300616
0.999314767377287 -0.000041611234786
0.999561415049429 -0.000026636142347
0.999753280182866 -0.000014984988115
0.999890341737423 -0.000006660625211
0.999972584682756 -0.000001665220408
1.000000000000000 0.000000000000000
