1.000000000000000 0.000000000000000
0.999972584682756 0.000006018129834
0.999890341737423 0.000024072624613
0.999753280182866 0.000054175557308
0.999561415049429 0.000096347014075
0.999314767377287 0.000150611108531
0.999013364214136 0.000216995885235
0.998657238612229 0.000295541078195
0.998246429624752 0.000386294061627
0.997780982301540 0.000489305749066
0.997260947684137 0.000604638321768
0.996686382800198 0.000732345206210
0.996057350657239 0.000872506538990
0.995373920235722 0.001025193216418
0.994636166481494 0.001190490472620
0.993844170297569 0.001368477620788
0.992998018535252 0.001559251759330
0.992097803984621 0.001762907418946
0.991143625364344 0.001979544210607
0.990135587310861 0.002209262391373
0.989073800366903 0.002452170586268
0.987958380969374 0.002708377256077
0.986789451436580 0.002977994322145
0.985567139954818 0.003261132591577
0.984291580564316 0.003557913683489
0.982962913144534 0.003868444692966
0.981581283398829 0.004192846686941
0.980146842838472 0.004531237629717
0.978659748766034 0.004883723311388
0.977120164258138 0.005250430520448
0.975528258147577 0.005631455747075
0.973884205004793 0.006026919692318
0.972188185118741 0.006436924193928
0.970440384477113 0.006861568553725
0.968640994745946 0.007300948938495
0.966790213248601 0.007755166514122
0.964888242944126 0.008224296279782
0.962935292404997 0.008708421236158
0.960931575794250 0.009207614315423
0.958877312841991 0.009721942093296
0.956772728821300 0.010251450715318
0.954618054523534 0.010796191899578
0.952413526233010 0.011356200023216
0.950159385701097 0.011931495768880
0.947855880119706 0.012522094504472
0.945503262094184 0.013127991959566
0.943101789615607 0.013749177185297
0.940651726032496 0.014385618115258
0.938153340021932 0.015037279276582
0.935606905560095 0.015704093394085
0.933012701892219 0.016385993073654
0.930371013501972 0.017082877613386
0.927682130080253 0.017794640271892
0.924946346493432 0.018521153580303
0.922163962751008 0.019262268726015
0.919335283972712 0.020017819528452
0.916460620355050 0.020787612541736
0.913540287137281 0.021571445203699
0.910574604566852 0.022369076600533
0.907563897864277 0.023180260108941
0.904508497187474 0.024004715058229
0.901408737595557 0.024842141105087
0.898264959012098 0.025692222432590
0.895077506187845 0.026554705149822
0.891846728662920 0.027429346721089
0.888572980728485 0.028315891256208
0.885256621387895 0.029214054425050
0.881898014317321 0.030123562154295
0.878497527825878 0.031044097584227
0.875055534815230 0.031975339236676
0.871572412738697 0.032916951934657
0.868048543559867 0.033868574058141
0.864484313710706 0.034829849365591
0.860880114049181 0.035800380086296
0.857236339816402 0.036779754804828
0.853553390593274 0.037767540846745
0.849831670256683 0.038763310852194
0.846071586935203 0.039766686407994
0.842273552964344 0.040777275628768
0.838437984841330 0.041794689145855
0.834565303179429 0.042818546841438
0.830655932661826 0.043848457885818
0.826710301995053 0.044884021205719
0.822728843861975 0.045924816183292
0.818711994874345 0.046970411918937
0.814660195524919 0.048020373804257
0.810573890139155 0.049074253961956
0.806453526826488 0.050131603220259
0.802299557431188 0.051191959367945
0.798112437482808 0.052254823447906
0.793892626146237 0.053319649581424
0.789640586171339 0.054385873804457
0.785356783842216 0.055452929772482
0.781041688926065 0.056520215498453
0.776695774621672 0.057587124216519
0.772319517507513 0.058653039205368
0.767913397489498 0.059717331249154
0.763477897748339 0.060779366051999
0.759013504686565 0.061838501339196
0.754520707875186 0.062894090461980
0.750000000000000 0.063945447807758
0.745451876807570 0.064991876899849
0.740876837050858 0.066032650019517
0.736275382434527 0.067067043669249
0.731648017559931 0.068094315675149
0.726995249869773 0.069113702713027
0.722317589592464 0.070124441527177
0.717615549686164 0.071125758343297
0.712889645782536 0.072116873090753
0.708140396130201 0.073097013946633
0.703368321537900 0.074065401147468
0.698573945317390 0.075021250783971
0.693757793226052 0.075963787985688
0.688920393409234 0.076892267355500
0.684062276342339 0.077805943779248
0.679183974772650 0.078704074183349
0.674286023660908 0.079585913985985
0.669368960122646 0.080450752437179
0.664433323369292 0.081297885820565
0.659479654649035 0.082126614841535
0.654508497187474 0.082936242902661
0.649520396128043 0.083725897465751
0.644515898472236 0.084494396023785
0.639495553019615 0.085240519413352
0.634459910307633 0.085963043106245
0.629409522551260 0.086660706454381
0.624344943582428 0.087331910498053
0.619266728789291 0.087974845349438
0.614175435055328 0.088587688494732
0.609071620698271 0.089168616613101
0.603955845408880 0.089716233711354
0.598828670189563 0.090230823445117
0.593690657292862 0.090713093019261
0.588542370159792 0.091163765883708
0.583384373358051 0.091583583530450
0.578217232520115 0.091973752932917
0.573041514281206 0.092336432159174
0.567857786217152 0.092673918923693
0.562666616782152 0.092988535457868
0.557468575246433 0.093282609330985
0.552264231633827 0.093557751443792
0.547054156659257 0.093814578244378
0.541838921666158 0.094053643849049
0.536619098563816 0.094275510912087
0.531395259764657 0.094480738868303
0.526167978121472 0.094669544446752
0.520937826864600 0.094841777115360
0.515705379539064 0.094997276537846
0.510471209941678 0.095135887828193
0.505235892058123 0.095257470721142
0.500000000000000 0.095362049127169
0.494764107941877 0.095449794082207
0.489528790058322 0.095520888490764
0.484294620460936 0.095575521090094
0.479062173135400 0.095613889558956
0.473832021878528 0.095636229422449
0.468604740235343 0.095642807481718
0.463380901436184 0.095633896573906
0.458161078333842 0.095609774833258
0.452945843340743 0.095570711853195
0.447735768366173 0.095516816920630
0.442531424753567 0.095448094633855
0.437333383217848 0.095364554269932
0.432142213782848 0.095266210788349
0.426958485718794 0.095153078150563
0.421782767479885 0.095025106714784
0.416615626641949 0.094882215812235
0.411457629840209 0.094724332952949
0.406309342707138 0.094551392558273
0.401171329810437 0.094363351983086
0.396044154591120 0.094160269749502
0.390928379301729 0.093942244231436
0.385824564944672 0.093709381063062
0.380733271210710 0.093461792165631
0.375655056417573 0.093199600892307
0.370590477448740 0.092922964810491
0.365540089692367 0.092632048054235
0.360504446980385 0.092327023586268
0.355484101527764 0.092008067788682
0.350479603871957 0.091675354544130
0.345491502812526 0.091329049820078
0.340520345350965 0.090969320222377
0.335566676630708 0.090596340437010
0.330631039877354 0.090210292939243
0.325713976339092 0.089811376413079
0.320816025227350 0.089399804325241
0.315937723657661 0.088975792914356
0.311079606590766 0.088539568052805
0.306242206773949 0.088091332090056
0.301426054682610 0.087631219759149
0.296631678462100 0.087159365162488
0.291859603869799 0.086675905553209
0.287110354217464 0.086180975692606
0.282384450313836 0.085674609399529
0.277682410407536 0.085156783200040
0.273004750130227 0.084627474708613
0.268351982440069 0.084086686097847
0.263724617565473 0.083534432992898
0.259123162949143 0.082970758844915
0.254548123192430 0.082395720349090
0.250000000000000 0.081809382248002
0.245479292124815 0.081211852307437
0.240986495313435 0.080603328730044
0.236522102251661 0.079984026460572
0.232086602510502 0.079354166831295
0.227680482492487 0.078713983221989
0.223304225378328 0.078063733072583
0.218958311073935 0.077403677625441
0.214643216157784 0.076734086132090
0.210359413828661 0.076055240273051
0.206107373853763 0.075367439314655
0.201887562517192 0.074670991893839
0.197700442568813 0.073966212136745
0.193546473173512 0.073253287231489
0.189426109860845 0.072532229340361
0.185339804475081 0.071803037014755
0.181288005125655 0.071065734348670
0.177271156138025 0.070320344515844
0.173289698004947 0.069566896614657
0.169344067338174 0.068805437330242
0.165434696820571 0.068036044335776
0.161562015158670 0.067258826362140
0.157726447035656 0.066473916194941
0.153928413064797 0.065681457974674
0.150168329743317 0.064881605968413
0.146446609406726 0.064074526308055
0.142763660183598 0.063260394256377
0.139119885950819 0.062439373619360
0.135515686289294 0.061611597896471
0.131951456440133 0.060777216028474
0.128427587261303 0.059936413129633
0.124944465184770 0.059089402865369
0.121502472174122 0.058236410938118
0.118101985682679 0.057377706802573
0.114743378612105 0.056513570151258
0.111427019271515 0.055644303437972
0.108153271337080 0.054770227558001
0.104922493812155 0.053891689482030
0.101735040987902 0.053009054488858
0.098591262404443 0.052122709269271
0.095491502812526 0.051233086362410
0.092436102135723 0.050340628815520
0.089425395433148 0.049445811989245
0.086459712862719 0.048549148456690
0.083539379644950 0.047651172667178
0.080664716027288 0.046752432034016
0.077836037248993 0.045853487995686
0.075053653506568 0.044954910677261
0.072317869919747 0.044057230012122
0.069628986498028 0.043160893925580
0.066987298107781 0.042265463092238
0.064393094439905 0.041370226867017
0.061846659978068 0.040474631843432
0.059348273967504 0.039578244065548
0.056898210384393 0.038680769798963
0.054496737905816 0.037782042314988
0.052144119880294 0.036881996075237
0.049840614298903 0.035980560302180
0.047586473766990 0.035077782006540
0.045381945476466 0.034174327128985
0.043227271178700 0.033271295815708
0.041122687158010 0.032370076074530
0.039068424205750 0.031472260860587
0.037064707595003 0.030579383677738
0.035111757055874 0.029692863158589
0.033209786751399 0.028814104882997
0.031359005254054 0.027944497942326
0.029559615522887 0.027085393479021
0.027811814881260 0.026238096693040
0.026115794995207 0.025403886376331
0.024471741852423 0.024583967903831
0.022879835741862 0.023779590281965
0.021340251233966 0.022991275755448
0.019853157161529 0.022215154077641
0.018418716601171 0.021446311859752
0.017037086855466 0.020680719694502
0.015708419435685 0.019915179791064
0.014432860045182 0.019147221531693
0.013210548563420 0.018375143625175
0.012041619030626 0.017597817490169
0.010926199633097 0.016814645944337
0.009864412689139 0.016025778919646
0.008856374635656 0.015232826947917
0.007902196015379 0.014437939659798
0.007001981464748 0.013643615533420
0.006155829702431 0.012853812539800
0.005363833518506 0.012070644190915
0.004626079764278 0.011290512393643
0.003942649342761 0.010502947833523
0.003313617199802 0.009695369050576
0.002739052315863 0.008860893414675
0.002219017698460 0.008001932887045
0.001753570375248 0.007125233110217
0.001342761387771 0.006235723481360
0.000986635785864 0.005338150698558
0.000685232622713 0.004436845825678
0.000438584950571 0.003535672632998
0.000246719817134 0.002638170529703
0.000109658262577 0.001747855003766
0.000027415317244 0.000867483101457
0.000000000000000 0.000000000000000
0.000027415317244 -0.000852045402414
0.000109658262577 -0.001686311431286
0.000246719817134 -0.002500310269779
0.000438584950571 -0.003297628460958
0.000685232622713 -0.004086837371461
0.000986635785864 -0.004871309719532
0.001342761387771 -0.005651680298468
0.001753570375248 -0.006427695531260
0.002219017698460 -0.007198539782142
0.002739052315863 -0.007963116665523
0.003313617199802 -0.008719967279106
0.003942649342761 -0.009467462156184
0.004626079764278 -0.010203497535886
0.005363833518506 -0.010925730034938
0.006155829702431 -0.011631416636894
0.007001981464748 -0.012316846294735
0.007902196015379 -0.012978484420315
0.008856374635656 -0.013615982758880
0.009864412689139 -0.014230865915703
0.010926199633097 -0.014826155214241
0.012041619030626 -0.015402758383190
0.013210548563420 -0.015960711213246
0.014432860045182 -0.016500787478083
0.015708419435684 -0.017023953521925
0.017037086855466 -0.017530769663907
0.018418716601171 -0.018021975962156
0.019853157161528 -0.018498552047313
0.021340251233966 -0.018962271608289
0.022879835741862 -0.019415718354807
0.024471741852423 -0.019862206024393
0.026115794995207 -0.020305948540318
0.027811814881259 -0.020752388051139
0.029559615522887 -0.021206456823228
0.031359005254054 -0.021668630711709
0.033209786751399 -0.022138362298899
0.035111757055874 -0.022614787023052
0.037064707595003 -0.023096976501840
0.039068424205750 -0.023584021760525
0.041122687158009 -0.024074935240835
0.043227271178699 -0.024568654592850
0.045381945476466 -0.025064059872572
0.047586473766990 -0.025559998090671
0.049840614298903 -0.026055224599021
0.052144119880293 -0.026548328688257
0.054496737905816 -0.027037996607766
0.056898210384393 -0.027523805434499
0.059348273967504 -0.028005648496629
0.061846659978068 -0.028483687655462
0.064393094439905 -0.028958268277752
0.066987298107781 -0.029429786707325
0.069628986498028 -0.029898683699315
0.072317869919747 -0.030365573265682
0.075053653506568 -0.030831333251365
0.077836037248992 -0.031296920353028
0.080664716027288 -0.031762670582503
0.083539379644950 -0.032228609208201
0.086459712862719 -0.032694570842952
0.089425395433148 -0.033159981592796
0.092436102135723 -0.033624224169537
0.095491502812526 -0.034086726534533
0.098591262404443 -0.034546944996832
0.101735040987902 -0.035004353662439
0.104922493812155 -0.035458524015257
0.108153271337080 -0.035909046202840
0.111427019271514 -0.036355626233324
0.114743378612105 -0.036798137612914
0.118101985682679 -0.037236496184336
0.121502472174122 -0.037670613349450
0.124944465184770 -0.038100397273765
0.128427587261303 -0.038525773750501
0.131951456440133 -0.038946692491126
0.135515686289294 -0.039363129394529
0.139119885950819 -0.039775079394426
0.142763660183598 -0.040182582175189
0.146446609406726 -0.040585716355229
0.150168329743317 -0.040984583124034
0.153928413064796 -0.041379223274357
0.157726447035656 -0.041769574435242
0.161562015158669 -0.042155583023361
0.165434696820571 -0.042537173849340
0.169344067338174 -0.042914212880061
0.173289698004947 -0.043286552970302
0.177271156138025 -0.043654063643595
0.181288005125655 -0.044016633342866
0.185339804475081 -0.044374173193831
0.189426109860845 -0.044726602587849
0.193546473173511 -0.045073848116369
0.197700442568812 -0.045415841629773
0.201887562517192 -0.045752520751884
0.206107373853763 -0.046083831110667
0.210359413828660 -0.046409699193893
0.214643216157784 -0.046730032972833
0.218958311073935 -0.047044745651661
0.223304225378328 -0.047353761951989
0.227680482492486 -0.047657009018338
0.232086602510501 -0.047954426164003
0.236522102251661 -0.048245960171385
0.240986495313435 -0.048531563773386
0.245479292124814 -0.048811194282615
0.250000000000000 -0.049084817122100
0.254548123192429 -0.049352405169638
0.259123162949142 -0.049613933644070
0.263724617565473 -0.049869354728655
0.268351982440069 -0.050118622999943
0.273004750130227 -0.050361693106397
0.277682410407536 -0.050598532037950
0.282384450313836 -0.050829130884200
0.287110354217464 -0.051053496774407
0.291859603869799 -0.051271641293282
0.296631678462100 -0.051483583867918
0.301426054682609 -0.051689273194893
0.306242206773948 -0.051888592114835
0.311079606590766 -0.052081423178087
0.315937723657661 -0.052267650913085
0.320816025227350 -0.052447137955246
0.325713976339092 -0.052619682883188
0.330631039877354 -0.052785072518548
0.335566676630708 -0.052943095572630
0.340520345350965 -0.053093543084262
0.345491502812526 -0.053236249566615
0.350479603871956 -0.053371078254937
0.355484101527764 -0.053497894528848
0.360504446980385 -0.053616568297480
0.365540089692367 -0.053726988214985
0.370590477448739 -0.053829104584140
0.375655056417572 -0.053922883375043
0.380733271210709 -0.054008294220265
0.385824564944672 -0.054085311820931
0.390928379301728 -0.054153907270070
0.396044154591120 -0.054214047538584
0.401171329810437 -0.054265702513573
0.406309342707137 -0.054308846245879
0.411457629840208 -0.054343458609931
0.416615626641949 -0.054369541868641
0.421782767479884 -0.054387114563593
0.426958485718794 -0.054396199736984
0.432142213782848 -0.054396824646778
0.437333383217848 -0.054389012074188
0.442531424753567 -0.054372737178845
0.447735768366173 -0.054347959951916
0.452945843340743 -0.054314643659499
0.458161078333842 -0.054272755178461
0.463380901436184 -0.054222228375486
0.468604740235343 -0.054162866222992
0.473832021878528 -0.054094444039268
0.479062173135400 -0.054016740292903
0.484294620460935 -0.053929535853602
0.489528790058321 -0.053832624138004
0.494764107941877 -0.053725820944678
0.500000000000000 -0.053608948745490
0.505235892058122 -0.053481834297771
0.510471209941678 -0.053344310132369
0.515705379539064 -0.053196307810654
0.520937826864600 -0.053037926278960
0.526167978121472 -0.052869285632179
0.531395259764656 -0.052690509678270
0.536619098563816 -0.052501714869351
0.541838921666157 -0.052302662360239
0.547054156659257 -0.052092695660961
0.552264231633827 -0.051871142428558
0.557468575246433 -0.051637337858872
0.562666616782152 -0.051390559590495
0.567857786217152 -0.051129125337576
0.573041514281206 -0.050850640019731
0.578217232520115 -0.050552714924826
0.583384373358051 -0.050232985077183
0.588542370159791 -0.049889272874994
0.593690657292862 -0.049520503392684
0.598828670189563 -0.049126060182776
0.603955845408879 -0.048705343705058
0.609071620698271 -0.048257769328922
0.614175435055328 -0.047783327002280
0.619266728789290 -0.047283576041288
0.624344943582427 -0.046760345547139
0.629409522551260 -0.046215456623716
0.634459910307633 -0.045650705758235
0.639495553019614 -0.045067588902416
0.644515898472235 -0.044467304028554
0.649520396128043 -0.043851026774330
0.654508497187474 -0.043219930304859
0.659479654649035 -0.042575106670506
0.664433323369291 -0.041917364057653
0.669368960122646 -0.041247421726758
0.674286023660907 -0.040566003652154
0.679183974772650 -0.039873822717248
0.684062276342339 -0.039171612614440
0.688920393409233 -0.038460121558594
0.693757793226051 -0.037740083743196
0.698573945317390 -0.037012238083898
0.703368321537900 -0.036277349582079
0.708140396130200 -0.035536272939415
0.712889645782536 -0.034789849597574
0.717615549686163 -0.034038913955318
0.722317589592464 -0.033284293617819
0.726995249869773 -0.032526822362979
0.731648017559930 -0.031767317387143
0.736275382434527 -0.031006582786157
0.740876837050857 -0.030245390291055
0.745451876807570 -0.029484432029073
0.750000000000000 -0.028724367171401
0.754520707875185 -0.027965845431497
0.759013504686565 -0.027209449369853
0.763477897748338 -0.026455624634344
0.767913397489498 -0.025704783994268
0.772319517507513 -0.024957327466975
0.776695774621672 -0.024213651591383
0.781041688926065 -0.023474142730316
0.785356783842216 -0.022739181782381
0.789640586171339 -0.022009139674947
0.793892626146236 -0.021284415586171
0.798112437482808 -0.020565407609516
0.802299557431187 -0.019852515733883
0.806453526826488 -0.019146180881009
0.810573890139155 -0.018447029075715
0.814660195524918 -0.017755683434055
0.818711994874345 -0.017072734511146
0.822728843861975 -0.016398713605925
0.826710301995052 -0.015734110010278
0.830655932661826 -0.015079388357339
0.834565303179429 -0.014434997272554
0.838437984841330 -0.013801371851520
0.842273552964344 -0.013178922176901
0.846071586935203 -0.012567991734996
0.849831670256683 -0.011968830432513
0.853553390593274 -0.011381660503544
0.857236339816401 -0.010806622776227
0.860880114049181 -0.010243713822707
0.864484313710706 -0.009692912466697
0.868048543559867 -0.009154195990788
0.871572412738697 -0.008627550771005
0.875055534815230 -0.008112961361443
0.878497527825878 -0.007610395056121
0.881898014317321 -0.007119801455601
0.885256621387894 -0.006641135650473
0.888572980728485 -0.006174315339953
0.891846728662920 -0.005719259926770
0.895077506187845 -0.005275887887493
0.898264959012098 -0.004844160248752
0.901408737595557 -0.004424060380510
0.904508497187474 -0.004016069770452
0.907563897864277 -0.003621020097602
0.910574604566852 -0.003239651047567
0.913540287137281 -0.002872575217345
0.916460620355049 -0.002520319712358
0.919335283972712 -0.002183337104432
0.922163962751007 -0.001862009247696
0.924946346493432 -0.001556636086522
0.927682130080253 -0.001267442480896
0.930371013501972 -0.000994586742676
0.933012701892219 -0.000738156257337
0.935606905560095 -0.000498173690037
0.938153340021932 -0.000274604132483
0.940651726032496 -0.000067347851530
0.943101789615607 0.000123746508547
0.945503262094184 0.000298888368094
0.947855880119706 0.000458331203165
0.950159385701097 0.000602380362321
0.952413526233010 0.000731383138998
0.954618054523534 0.000845729819476
0.956772728821300 0.000945847734409
0.958877312841991 0.001032200569919
0.960931575794250 0.001105284326519
0.962935292404997 0.001165623616218
0.964888242944126 0.001213771765575
0.966790213248601 0.001250305256990
0.968640994745946 0.001275821631651
0.970440384477113 0.001290936494280
0.972188185118740 0.001296281973944
0.973884205004793 0.001292502589338
0.975528258147577 0.001280253311038
0.977120164258138 0.001260196876840
0.978659748766034 0.001233000939008
0.980146842838471 0.001199335944939
0.981581283398829 0.001159872955151
0.982962913144534 0.001115279460452
0.984291580564316 0.001066220536612
0.985567139954818 0.001013352344313
0.986789451436580 0.000957322718366
0.987958380969374 0.000898769644383
0.989073800366903 0.000838315197663
0.990135587310861 0.000776569315379
0.991143625364344 0.000714122017397
0.992097803984621 0.000651546637495
0.992998018535252 0.000589394782577
0.993844170297569 0.000528195543166
0.994636166481494 0.000468454306876
0.995373920235722 0.000410650042813
0.996057350657239 0.000355237464857
0.996686382800198 0.000302640730435
0.997260947684137 0.000253255736039
0.997780982301540 0.000207444836656
0.998246429624752 0.000165544881281
0.998657238612229 0.000127855751726
0.999013364214136 0.000094643588068
0.999314767377287 0.000066141511878
0.999561415049429 0.000042548964328
0.999753280182866 0.000024029867834
0.999890341737423 0.000010709972310
0.999972584682756 0.000002681951278
1.000000000000000 0.000000000000000
