1.000000000000000 0.000000000000000
0.999972584682756 0.000006172042850
0.999890341737423 0.000024694026022
0.999753280182866 0.000055583499014
0.999561415049429 0.000098865603286
0.999314767377287 0.000154577037259
0.999013364214136 0.000222770015666
0.998657238612229 0.000303504007458
0.998246429624752 0.000396845530539
0.997780982301540 0.000502880202246
0.997260947684137 0.000621687942060
0.996686382800198 0.000753379599472
0.996057350657239 0.000898055589777
0.995373920235722 0.001055834309349
0.994636166481494 0.001226847754855
0.993844170297569 0.001411220284875
0.992998018535252 0.001609105725656
0.992097803984621 0.001820645119783
0.991143625364344 0.002045999758141
0.990135587310861 0.002285325367305
0.989073800366903 0.002538797014685
0.987958380969374 0.002806587313349
0.986789451436580 0.003088869955145
0.985567139954818 0.003385827709890
0.984291580564316 0.003697643133595
0.982962913144534 0.004024506618150
0.981581283398829 0.004366606953694
0.980146842838472 0.004724130489796
0.978659748766034 0.005097264768018
0.977120164258138 0.005486206831143
0.975528258147577 0.005891135383126
0.973884205004793 0.006312236950228
0.972188185118741 0.006749696127357
0.970440384477113 0.007203685445933
0.968640994745946 0.007674378272652
0.966790213248601 0.008161933962562
0.964888242944126 0.008666520385780
0.962935292404997 0.009188280094679
0.960931575794250 0.009727357619023
0.958877312841991 0.010283879531975
0.956772728821300 0.010857962949151
0.954618054523534 0.011449714590595
0.952413526233010 0.012059229874190
0.950159385701097 0.012686582008846
0.947855880119706 0.013331830795115
0.945503262094184 0.013995026617485
0.943101789615607 0.014676194599758
0.940651726032496 0.015375343415872
0.938153340021932 0.016092454269779
0.935606905560095 0.016827494932714
0.933012701892219 0.017580408785715
0.930371013501972 0.018351113619337
0.927682130080253 0.019139506039593
0.924946346493432 0.019945455043302
0.922163962751008 0.020768806359750
0.919335283972712 0.021609360450578
0.916460620355050 0.022466914372211
0.913540287137281 0.023341218395989
0.910574604566852 0.024231994159728
0.907563897864277 0.025138933740620
0.904508497187474 0.026061698667355
0.901408737595557 0.026999919955666
0.898264959012098 0.027953220811257
0.895077506187845 0.028921331760002
0.891846728662920 0.029904060504128
0.888572980728485 0.030901173196745
0.885256621387895 0.031912427121720
0.881898014317321 0.032937559949842
0.878497527825878 0.033976291664514
0.875055534815230 0.035028340249398
0.871572412738697 0.036093388222260
0.868048543559867 0.037171109713226
0.864484313710706 0.038261159260641
0.860880114049181 0.039363186617488
0.857236339816402 0.040476801926622
0.853553390593274 0.041601605095442
0.849831670256683 0.042737185488861
0.846071586935203 0.043883158566243
0.842273552964344 0.045039098080577
0.838437984841330 0.046204594506791
0.834565303179429 0.047379211648648
0.830655932661826 0.048562518302626
0.826710301995053 0.049754048630034
0.822728843861975 0.050953325632941
0.818711994874345 0.052159864108335
0.814660195524919 0.053373151320641
0.810573890139155 0.054592685396872
0.806453526826488 0.055817935832148
0.802299557431188 0.057048370788374
0.798112437482808 0.058283393886003
0.793892626146237 0.059522299316283
0.789640586171339 0.060764362565302
0.785356783842216 0.062008831473368
0.781041688926065 0.063254929180489
0.776695774621672 0.064501868944745
0.772319517507513 0.065748828164719
0.767913397489498 0.066994970885242
0.763477897748339 0.068239446008565
0.759013504686565 0.069481366240536
0.754520707875186 0.070719846080421
0.750000000000000 0.071954025297995
0.745451876807570 0.073183114211261
0.740876837050858 0.074406311812664
0.736275382434527 0.075622819206744
0.731648017559931 0.076831841428454
0.726995249869773 0.078032588327229
0.722317589592464 0.079224274683143
0.717615549686164 0.080406105598119
0.712889645782536 0.081577271442845
0.708140396130201 0.082736978315596
0.703368321537900 0.083884410792405
0.698573945317390 0.085018759294898
0.693757793226052 0.086139198276340
0.688920393409234 0.087244900785786
0.684062276342339 0.088335018370710
0.679183974772650 0.089408717673811
0.674286023660908 0.090465163482289
0.669368960122646 0.091503588255935
0.664433323369292 0.092523267507868
0.659479654649035 0.093523475576638
0.654508497187474 0.094503493447631
0.649520396128043 0.095462234752660
0.644515898472236 0.096397933119083
0.639495553019615 0.097308750744447
0.634459910307633 0.098192838325067
0.629409522551260 0.099048298108420
0.624344943582428 0.099872710764064
0.619266728789291 0.100663313949205
0.614175435055328 0.101417340273303
0.609071620698271 0.102132014681145
0.603955845408880 0.102805115164021
0.598828670189563 0.103436870122728
0.593690657292862 0.104028187188786
0.588542370159792 0.104579984132357
0.583384373358051 0.105093189871881
0.578217232520115 0.105569262104440
0.573041514281206 0.106010954738648
0.567857786217152 0.106421241696027
0.562666616782152 0.106803119596116
0.557468575246433 0.107159599765620
0.552264231633827 0.107492916256361
0.547054156659257 0.107803884283071
0.541838921666158 0.108093175560898
0.536619098563816 0.108361474438545
0.531395259764657 0.108609470552073
0.526167978121472 0.108837544319426
0.520937826864600 0.109045598463762
0.515705379539064 0.109233498417042
0.510471209941678 0.109401118878355
0.505235892058123 0.109548345032879
0.500000000000000 0.109675205896814
0.494764107941877 0.109781933853072
0.489528790058322 0.109868783869142
0.484294620460936 0.109936017741450
0.479062173135400 0.109983905313824
0.473832021878528 0.110012741296913
0.468604740235343 0.110022853254731
0.463380901436184 0.110014576938304
0.458161078333842 0.109988253929878
0.452945843340743 0.109944228193908
0.447735768366173 0.109882713519413
0.442531424753567 0.109803750358381
0.437333383217848 0.109707373015347
0.432142213782848 0.109593623979780
0.426958485718794 0.109462550658479
0.421782767479885 0.109314163556378
0.416615626641949 0.109148427710679
0.411457629840209 0.108965313384085
0.406309342707138 0.108764798896908
0.401171329810437 0.108546874225464
0.396044154591120 0.108311610775929
0.390928379301729 0.108059160545484
0.385824564944672 0.107789683778316
0.380733271210710 0.107503347112498
0.375655056417573 0.107200324042025
0.370590477448740 0.106880822282470
0.365540089692367 0.106545066475480
0.360504446980385 0.106193289360926
0.355484101527764 0.105825728433893
0.350479603871957 0.105442613269001
0.345491502812526 0.105044110233790
0.340520345350965 0.104630361746792
0.335566676630708 0.104201522918645
0.330631039877354 0.103757748556502
0.325713976339092 0.103299204317093
0.320816025227350 0.102826040747939
0.315937723657661 0.102338424414389
0.311079606590766 0.101836521481638
0.306242206773949 0.101320505477528
0.301426054682610 0.100790522428598
0.296631678462100 0.100246694263788
0.291859603869799 0.099689159312082
0.287110354217464 0.099118055337753
0.282384450313836 0.098533512554417
0.277682410407536 0.097935612864727
0.273004750130227 0.097324436458098
0.268351982440069 0.096700074480419
0.263724617565473 0.096062630570958
0.259123162949143 0.095412231654461
0.254548123192430 0.094749021650252
0.250000000000000 0.094073155282763
0.245479292124815 0.093384798341132
0.240986495313435 0.092684127190868
0.236522102251661 0.091971340947427
0.232086602510502 0.091246642095768
0.227680482492487 0.090510243918746
0.223304225378328 0.089762378546776
0.218958311073935 0.089003284905042
0.214643216157784 0.088233210207776
0.210359413828661 0.087452422464159
0.206107373853763 0.086661180976717
0.201887562517192 0.085859745671912
0.197700442568813 0.085048400357193
0.193546473173512 0.084227410588510
0.189426109860845 0.083396868756639
0.185339804475081 0.082556729457176
0.181288005125655 0.081706977816583
0.177271156138025 0.080847614894534
0.173289698004947 0.079978674202354
0.169344067338174 0.079100219792723
0.165434696820571 0.078212342335032
0.161562015158670 0.077315151237125
0.157726447035656 0.076408779028214
0.153928413064797 0.075493392802562
0.150168329743317 0.074569166511695
0.146446609406726 0.073636291972227
0.142763660183598 0.072694975921353
0.139119885950819 0.071745444462404
0.135515686289294 0.070787930600292
0.131951456440133 0.069822674902133
0.128427587261303 0.068849948982675
0.124944465184770 0.067870034674223
0.121502472174122 0.066883256279515
0.118101985682679 0.065889954816143
0.114743378612105 0.064890491086717
0.111427019271515 0.063885239327838
0.108153271337080 0.062874604152116
0.104922493812155 0.061859009474471
0.101735040987902 0.060838921770337
0.098591262404443 0.059814828064663
0.095491502812526 0.058787177451121
0.092436102135723 0.057756365576174
0.089425395433148 0.056722784395528
0.086459712862719 0.055686827141050
0.083539379644950 0.054648835153651
0.080664716027288 0.053609229396059
0.077836037248993 0.052568513365861
0.075053653506568 0.051527249317038
0.072317869919747 0.050485893999947
0.069628986498028 0.049444706476060
0.066987298107781 0.048403931776538
0.064393094439905 0.047363460996477
0.061846659978068 0.046323077893846
0.059348273967504 0.045282707894345
0.056898210384393 0.044242447233820
0.054496737905816 0.043202463619415
0.052144119880294 0.042162984776473
0.049840614298903 0.041124317915212
0.047586473766990 0.040086866460050
0.045381945476466 0.039051096680759
0.043227271178700 0.038017465806149
0.041122687158010 0.036986458175169
0.039068424205750 0.035958643411200
0.037064707595003 0.034934664052723
0.035111757055874 0.033915257166919
0.033209786751399 0.032901201119068
0.031359005254054 0.031893383359012
0.029559615522887 0.030892799720467
0.027811814881260 0.029900440817494
0.026115794995207 0.028917261182161
0.024471741852423 0.027944576849527
0.022879835741862 0.026983990144888
0.021340251233966 0.026035783288012
0.019853157161529 0.025099049584568
0.018418716601171 0.024171517239466
0.017037086855466 0.023250480362699
0.015708419435685 0.022334188665452
0.014432860045182 0.021421549547155
0.013210548563420 0.020511866419829
0.012041619030626 0.019604941657649
0.010926199633097 0.018701024560923
0.009864412689139 0.017800883755508
0.008856374635656 0.016905691342689
0.007902196015379 0.016017005203364
0.007001981464748 0.015136708969444
0.006155829702431 0.014266965311566
0.005363833518506 0.013411126181692
0.004626079764278 0.012568731901952
0.003942649342761 0.011727865430348
0.003313617199802 0.010873215841835
0.002739052315863 0.009989893349632
0.002219017698460 0.009073753752895
0.001753570375248 0.008127536851130
0.001342761387771 0.007156542774562
0.000986635785864 0.006164739098598
0.000685232622713 0.005156220694413
0.000438584950571 0.004134964671545
0.000246719817134 0.003105085407236
0.000109658262577 0.002070158599868
0.000027415317244 0.001033984674483
0.000000000000000 0.000000000000000
0.000027415317244 -0.001027972901765
0.000109658262577 -0.002046672152975
0.000246719817134 -0.003052628645425
0.000438584950571 -0.004043068706688
0.000685232622713 -0.005020953571484
0.000986635785864 -0.005990317541372
0.001342761387771 -0.006952179813699
0.001753570375248 -0.007906113108939
0.002219017698460 -0.008850906145805
0.002739052315863 -0.009785036399470
0.003313617199802 -0.010706559980086
0.003942649342761 -0.011613317163483
0.004626079764278 -0.012502810858869
0.005363833518506 -0.013372304415276
0.006155829702431 -0.014218739475087
0.007001981464748 -0.015038001720242
0.007902196015379 -0.015827018061383
0.008856374635656 -0.016585020902273
0.009864412689139 -0.017316285809447
0.010926199633097 -0.018027343015239
0.012041619030626 -0.018721170933838
0.013210548563420 -0.019400072600698
0.014432860045182 -0.020066476909851
0.015708419435684 -0.020722882891712
0.017037086855466 -0.021371595243230
0.018418716601171 -0.022013593508789
0.019853157161528 -0.022648478725012
0.021340251233966 -0.023276554536731
0.022879835741862 -0.023898864763465
0.024471741852423 -0.024516804202349
0.026115794995207 -0.025132238062519
0.027811814881259 -0.025747782783214
0.029559615522887 -0.026366436600225
0.031359005254054 -0.026988830990573
0.033209786751399 -0.027614450379135
0.035111757055874 -0.028242612325234
0.037064707595003 -0.028872566562166
0.039068424205750 -0.029503670084433
0.041122687158009 -0.030135391969718
0.043227271178699 -0.030767233912812
0.045381945476466 -0.031398758324101
0.047586473766990 -0.032029592554766
0.049840614298903 -0.032659448567003
0.052144119880293 -0.033288119118372
0.054496737905816 -0.033915440173236
0.056898210384393 -0.034541306355082
0.059348273967504 -0.035165522341116
0.061846659978068 -0.035787945493451
0.064393094439905 -0.036408501966807
0.066987298107781 -0.037027189920569
0.069628986498028 -0.037644095828034
0.072317869919747 -0.038259377696437
0.075053653506568 -0.038873270896010
0.077836037248992 -0.039486071491059
0.080664716027288 -0.040098136497416
0.083539379644950 -0.040709474471003
0.086459712862719 -0.041319638452192
0.089425395433148 -0.041928171344923
0.092436102135723 -0.042534646766029
0.095491502812526 -0.043138650714641
0.098591262404443 -0.043739772043129
0.101735040987902 -0.044337612548427
0.104922493812155 -0.044931769358744
0.108153271337080 -0.045521904165555
0.111427019271514 -0.046107750832839
0.114743378612105 -0.046689065318369
0.118101985682679 -0.047265622669001
0.121502472174122 -0.047837223918658
0.124944465184770 -0.048403690180895
0.128427587261303 -0.048964857894623
0.131951456440133 -0.049520585334707
0.135515686289294 -0.050070752085190
0.139119885950819 -0.050615262693438
0.142763660183598 -0.051154057051608
0.146446609406726 -0.051687104100816
0.150168329743317 -0.052214364357947
0.153928413064796 -0.052735777136614
0.157726447035656 -0.053251300220848
0.161562015158669 -0.053760883021142
0.165434696820571 -0.054264372595068
0.169344067338174 -0.054761599448419
0.173289698004947 -0.055252406502368
0.177271156138025 -0.055736659862946
0.181288005125655 -0.056214250719731
0.185339804475081 -0.056685086429888
0.189426109860845 -0.057149086356050
0.193546473173511 -0.057606185778267
0.197700442568812 -0.058056332582326
0.201887562517192 -0.058499492373643
0.206107373853763 -0.058935610649842
0.210359413828660 -0.059364603926043
0.214643216157784 -0.059786391940457
0.218958311073935 -0.060200908600754
0.223304225378328 -0.060608082143319
0.227680482492486 -0.061007849318987
0.232086602510501 -0.061400153344634
0.236522102251661 -0.061784946676171
0.240986495313435 -0.062162201968873
0.245479292124814 -0.062531903024750
0.250000000000000 -0.062894049238983
0.254548123192429 -0.063248645250337
0.259123162949142 -0.063595627060508
0.263724617565473 -0.063934874071889
0.268351982440069 -0.064266269095663
0.273004750130227 -0.064589699461514
0.277682410407536 -0.064905058925953
0.282384450313836 -0.065212253404940
0.287110354217464 -0.065511190151381
0.291859603869799 -0.065801786067847
0.296631678462100 -0.066083952688002
0.301426054682609 -0.066357570821336
0.306242206773948 -0.066622524680471
0.311079606590766 -0.066878698031963
0.315937723657661 -0.067125980546326
0.320816025227350 -0.067364227961994
0.325713976339092 -0.067593279539831
0.330631039877354 -0.067812975778507
0.335566676630708 -0.068023161564558
0.340520345350965 -0.068223689132558
0.345491502812526 -0.068414423255156
0.350479603871956 -0.068595235922938
0.355484101527764 -0.068766003110690
0.360504446980385 -0.068926604455282
0.365540089692367 -0.069076928238563
0.370590477448739 -0.069216870796666
0.375655056417572 -0.069346334578755
0.380733271210709 -0.069465225355590
0.385824564944672 -0.069573452456436
0.390928379301728 -0.069670929747475
0.396044154591120 -0.069757574832701
0.401171329810437 -0.069833309149020
0.406309342707137 -0.069898059283854
0.411457629840208 -0.069951762401259
0.416615626641949 -0.069994382140245
0.421782767479884 -0.070025892132472
0.426958485718794 -0.070046270720577
0.432142213782848 -0.070055501397855
0.437333383217848 -0.070053553722067
0.442531424753567 -0.070040360874707
0.447735768366173 -0.070015855171000
0.452945843340743 -0.069979973359769
0.458161078333842 -0.069932655229904
0.463380901436184 -0.069873751773587
0.468604740235343 -0.069802973461470
0.473832021878528 -0.069720021419688
0.479062173135400 -0.069624600766408
0.484294620460935 -0.069516420643636
0.489528790058321 -0.069395204113511
0.494764107941877 -0.069260690416965
0.500000000000000 -0.069112624021748
0.505235892058122 -0.068950754038192
0.510471209941678 -0.068774844418175
0.515705379539064 -0.068584825621573
0.520937826864600 -0.068380785387158
0.526167978121472 -0.068162823418781
0.531395259764656 -0.067931044459585
0.536619098563816 -0.067685520135831
0.541838921666157 -0.067425817429075
0.547054156659257 -0.067151160561241
0.552264231633827 -0.066860774038752
0.557468575246433 -0.066553895045435
0.562666616782152 -0.066229574845422
0.567857786217152 -0.065885360655706
0.573041514281206 -0.065518098875935
0.578217232520115 -0.065124659578992
0.583384373358051 -0.064701935461550
0.588542370159791 -0.064247191758975
0.593690657292862 -0.063759187539788
0.598828670189563 -0.063237091648896
0.603955845408879 -0.062680089430810
0.609071620698271 -0.062087387066923
0.614175435055328 -0.061459337593739
0.619266728789290 -0.060798545646670
0.624344943582427 -0.060107872314800
0.629409522551260 -0.059390173406699
0.634459910307633 -0.058648253982519
0.639495553019614 -0.057884376877069
0.644515898472235 -0.057100390095786
0.649520396128043 -0.056298123811336
0.654508497187474 -0.055479401855598
0.659479654649035 -0.054645815295116
0.664433323369291 -0.053798277436135
0.669368960122646 -0.052937561966764
0.674286023660907 -0.052064436829508
0.679183974772650 -0.051179672139751
0.684062276342339 -0.050284102272386
0.688920393409233 -0.049378596975107
0.693757793226051 -0.048464020075250
0.698573945317390 -0.047541228509363
0.703368321537900 -0.046611090781549
0.708140396130200 -0.045674507067267
0.712889645782536 -0.044732369509329
0.717615549686163 -0.043785558767735
0.722317589592464 -0.042834941684872
0.726995249869773 -0.041881384543756
0.731648017559930 -0.040925755006799
0.736275382434527 -0.039968885972751
0.740876837050857 -0.039011594054403
0.745451876807570 -0.038054662075189
0.750000000000000 -0.037098838032934
0.754520707875185 -0.036144867417907
0.759013504686565 -0.035193442659787
0.763477897748338 -0.034245211637085
0.767913397489498 -0.033300794004117
0.772319517507513 -0.032360786565429
0.776695774621672 -0.031425781726960
0.781041688926065 -0.030496331906308
0.785356783842216 -0.029572986982727
0.789640586171339 -0.028656270370795
0.793892626146236 -0.027746737084426
0.798112437482808 -0.026844926087779
0.802299557431187 -0.025951360677374
0.806453526826488 -0.025066629085354
0.810573890139155 -0.024191474229529
0.814660195524918 -0.023326607425736
0.818711994874345 -0.022472710127901
0.822728843861975 -0.021630398841858
0.826710301995052 -0.020800242802543
0.830655932661826 -0.019982778056466
0.834565303179429 -0.019178531648851
0.838437984841330 -0.018388000143280
0.842273552964344 -0.017611660220418
0.846071586935203 -0.016849886250390
0.849831670256683 -0.016102957144980
0.853553390593274 -0.015371120604378
0.857236339816401 -0.014654482548014
0.860880114049181 -0.013952980523626
0.864484313710706 -0.013266538628197
0.868048543559867 -0.012595087799598
0.871572412738697 -0.011938579837864
0.875055534815230 -0.011296950642997
0.878497527825878 -0.010670118164065
0.881898014317321 -0.010057998878353
0.885256621387894 -0.009460485783153
0.888572980728485 -0.008877471367160
0.891846728662920 -0.008308835148768
0.895077506187845 -0.007754456187398
0.898264959012098 -0.007214223649359
0.901408737595557 -0.006688099210592
0.904508497187474 -0.006176690257285
0.907563897864277 -0.005680880834048
0.910574604566852 -0.005201447784154
0.913540287137281 -0.004739051968955
0.916460620355049 -0.004294264077671
0.919335283972712 -0.003867572277913
0.922163962751007 -0.003459370945626
0.924946346493432 -0.003069974490985
0.927682130080253 -0.002699616996758
0.930371013501972 -0.002348447946287
0.933012701892219 -0.002016549482274
0.935606905560095 -0.001703925875491
0.938153340021932 -0.001410519740259
0.940651726032496 -0.001136205172464
0.943101789615607 -0.000880794286761
0.945503262094184 -0.000644046412755
0.947855880119706 -0.000425658783971
0.950159385701097 -0.000225281122120
0.952413526233010 -0.000042516635255
0.954618054523534 0.000123078907606
0.956772728821300 0.000271991602127
0.958877312841991 0.000404744980441
0.960931575794250 0.000521894983786
0.962935292404997 0.000624032465733
0.964888242944126 0.000711777106588
0.966790213248601 0.000785772760403
0.968640994745946 0.000846684749472
0.970440384477113 0.000895199528714
0.972188185118740 0.000932018526788
0.973884205004793 0.000957857450167
0.975528258147577 0.000973441731359
0.977120164258138 0.000979504876743
0.978659748766034 0.000976784656420
0.980146842838471 0.000966021086104
0.981581283398829 0.000947953970861
0.982962913144534 0.000923318893559
0.984291580564316 0.000892847028620
0.985567139954818 0.000857260220377
0.986789451436580 0.000817270122383
0.987958380969374 0.000773576061067
0.989073800366903 0.000726861309632
0.990135587310861 0.000677794310915
0.991143625364344 0.000627020065508
0.992097803984621 0.000575166742265
0.992998018535252 0.000522836698375
0.993844170297569 0.000470608395353
0.994636166481494 0.000419034813014
0.995373920235722 0.000368639726965
0.996057350657239 0.000319916076828
0.996686382800198 0.000273329509002
0.997260947684137 0.000229308263908
0.997780982301540 0.000188253790791
0.998246429624752 0.000150526504946
0.998657238612229 0.000116454167157
0.999013364214136 0.000086329384371
0.999314767377287 0.000060404561828
0.999561415049429 0.000038896626547
0.999753280182866 0.000021983848306
0.999890341737423 0.000009803347792
0.999972584682756 0.000002455707018
1.000000000000000 0.000000000000000
