1.000000000000000 0.000000000000000
0.999972584682756 0.000002805770239
0.999890341737423 0.000011219721566
0.999753280182866 0.000025244621593
0.999561415049429 0.000044880190956
0.999314767377287 0.000070126775383
0.999013364214136 0.000100981676331
0.998657238612229 0.000137448334164
0.998246429624752 0.000179525316536
0.997780982301540 0.000227213667806
0.997260947684137 0.000280511402998
0.996686382800198 0.000339420864936
0.996057350657239 0.000403941379753
0.995373920235722 0.000474072939679
0.994636166481494 0.000549818054195
0.993844170297569 0.000631176237174
0.992998018535252 0.000718145851979
0.992097803984621 0.000810729652329
0.991143625364344 0.000908929267691
0.990135587310861 0.001012745210936
0.989073800366903 0.001122175036761
0.987958380969374 0.001237226294704
0.986789451436580 0.001357894357561
0.985567139954818 0.001484184626652
0.984291580564316 0.001616097745548
0.982962913144534 0.001753635163251
0.981581283398829 0.001896799151165
0.980146842838472 0.002045592820806
0.978659748766034 0.002200020142237
0.977120164258138 0.002360082232489
0.975528258147577 0.002525781087983
0.973884205004793 0.002697123343061
0.972188185118741 0.002874110951552
0.970440384477113 0.003056750545086
0.968640994745946 0.003245044090720
0.966790213248601 0.003438998273388
0.964888242944126 0.003638618893977
0.962935292404997 0.003843908989968
0.960931575794250 0.004054880161657
0.958877312841991 0.004271533730229
0.956772728821300 0.004493879620798
0.954618054523534 0.004721926952318
0.952413526233010 0.004955682139569
0.950159385701097 0.005195154597512
0.947855880119706 0.005440352959107
0.945503262094184 0.005691288904793
0.943101789615607 0.005947971447722
0.940651726032496 0.006210412680367
0.938153340021932 0.006478623961466
0.935606905560095 0.006752619774910
0.933012701892219 0.007032410027635
0.930371013501972 0.007318011643509
0.927682130080253 0.007609436985384
0.924946346493432 0.007906701591257
0.922163962751008 0.008209822239798
0.919335283972712 0.008518815030111
0.916460620355050 0.008833695446641
0.913540287137281 0.009154486192716
0.910574604566852 0.009481205176071
0.907563897864277 0.009813867380557
0.904508497187474 0.010152497363150
0.901408737595557 0.010497116239907
0.898264959012098 0.010847743887882
0.895077506187845 0.011204339534358
0.891846728662920 0.011566822655247
0.888572980728485 0.011935100706773
0.885256621387895 0.012309074875836
0.881898014317321 0.012688636681438
0.878497527825878 0.013073671822646
0.875055534815230 0.013464053934199
0.871572412738697 0.013859648959196
0.868048543559867 0.014260319039599
0.864484313710706 0.014665915341863
0.860880114049181 0.015076281227194
0.857236339816402 0.015491238681930
0.853553390593274 0.015910604051229
0.849831670256683 0.016334188200086
0.846071586935203 0.016761860535524
0.842273552964344 0.017193499060988
0.838437984841330 0.017628980196598
0.834565303179429 0.018068196765918
0.830655932661826 0.018511050121219
0.826710301995053 0.018957436791612
0.822728843861975 0.019407240977304
0.818711994874345 0.019860347336450
0.814660195524919 0.020316631973143
0.810573890139155 0.020775974703637
0.806453526826488 0.021238257797557
0.802299557431188 0.021703357650174
0.798112437482808 0.022171138596786
0.793892626146237 0.022641409756075
0.789640586171339 0.023113959862047
0.785356783842216 0.023588576011845
0.781041688926065 0.024065034532840
0.776695774621672 0.024543098842425
0.772319517507513 0.025022532528804
0.767913397489498 0.025503086702315
0.763477897748339 0.025984501502300
0.759013504686565 0.026466510072604
0.754520707875186 0.026948832124181
0.750000000000000 0.027431207056904
0.745451876807570 0.027913436554384
0.740876837050858 0.028395333274258
0.736275382434527 0.028876713976198
0.731648017559931 0.029357392231081
0.726995249869773 0.029837208657455
0.722317589592464 0.030315997862902
0.717615549686164 0.030793599640414
0.712889645782536 0.031269849347545
0.708140396130201 0.031744582086963
0.703368321537900 0.032217632256207
0.698573945317390 0.032688830536655
0.693757793226052 0.033158015131452
0.688920393409234 0.033625036794498
0.684062276342339 0.034089751916260
0.679183974772650 0.034552021115712
0.674286023660908 0.035011702711796
0.669368960122646 0.035468665939463
0.664433323369292 0.035922784171327
0.659479654649035 0.036373933984343
0.654508497187474 0.036821993230418
0.649520396128043 0.037266809146021
0.644515898472236 0.037708137408817
0.639495553019615 0.038145720750289
0.634459910307633 0.038579293142657
0.629409522551260 0.039008592140079
0.624344943582428 0.039433319492775
0.619266728789291 0.039853149949802
0.614175435055328 0.040267756503527
0.609071620698271 0.040676812823148
0.603955845408880 0.041080012713879
0.598828670189563 0.041477157707323
0.593690657292862 0.041868076410001
0.588542370159792 0.042252599160405
0.583384373358051 0.042630562119298
0.578217232520115 0.043001839864087
0.573041514281206 0.043366382454617
0.567857786217152 0.043724151155575
0.562666616782152 0.044075108750267
0.557468575246433 0.044419217991568
0.552264231633827 0.044756340608216
0.547054156659257 0.045086242898822
0.541838921666158 0.045408690307174
0.536619098563816 0.045723451175676
0.531395259764657 0.046030286679214
0.526167978121472 0.046328864678311
0.520937826864600 0.046618802122343
0.515705379539064 0.046899719740768
0.510471209941678 0.047171242686828
0.505235892058123 0.047433024168807
0.500000000000000 0.047684861681187
0.494764107941877 0.047926607184270
0.489528790058322 0.048158115097193
0.484294620460936 0.048379246546046
0.479062173135400 0.048589907668473
0.473832021878528 0.048790153534450
0.468604740235343 0.048980073414538
0.463380901436184 0.049159762154702
0.458161078333842 0.049329315033130
0.452945843340743 0.049488666688250
0.447735768366173 0.049637399000863
0.442531424753567 0.049775057920533
0.437333383217848 0.049901196221273
0.432142213782848 0.050015370036585
0.426958485718794 0.050116911786316
0.421782767479885 0.050204870419222
0.416615626641949 0.050278289181888
0.411457629840209 0.050336228278305
0.406309342707138 0.050377817521191
0.401171329810437 0.050402895960243
0.396044154591120 0.050411800809367
0.390928379301729 0.050404882714472
0.385824564944672 0.050382494943317
0.380733271210710 0.050345111229976
0.375655056417573 0.050293805874256
0.370590477448740 0.050229834930618
0.365540089692367 0.050154441901760
0.360504446980385 0.050068852818525
0.355484101527764 0.049974006447356
0.350479603871957 0.049870344912865
0.345491502812526 0.049758256565310
0.340520345350965 0.049638128474042
0.335566676630708 0.049510298081641
0.330631039877354 0.049374669060086
0.325713976339092 0.049230915519467
0.320816025227350 0.049078721870437
0.315937723657661 0.048917786963913
0.311079606590766 0.048747888054167
0.306242206773949 0.048568934220964
0.301426054682610 0.048380855008010
0.296631678462100 0.048183591252349
0.291859603869799 0.047977129304891
0.287110354217464 0.047761662070377
0.282384450313836 0.047537442065343
0.277682410407536 0.047304724469593
0.273004750130227 0.047063763878551
0.268351982440069 0.046814819597114
0.263724617565473 0.046558152022025
0.259123162949143 0.046294021201921
0.254548123192430 0.046022683969994
0.250000000000000 0.045744323498959
0.245479292124815 0.045459070017085
0.240986495313435 0.045167059154825
0.236522102251661 0.044868425509921
0.232086602510502 0.044563245675737
0.227680482492487 0.044251562523298
0.223304225378328 0.043933424022882
0.218958311073935 0.043608890769278
0.214643216157784 0.043278049091242
0.210359413828661 0.042941002610078
0.206107373853763 0.042597864161995
0.201887562517192 0.042248743835633
0.197700442568813 0.041893731011161
0.193546473173512 0.041532917385812
0.189426109860845 0.041166401214531
0.185339804475081 0.040794280502523
0.181288005125655 0.040416642759901
0.177271156138025 0.040033591542427
0.173289698004947 0.039645236759452
0.169344067338174 0.039251695463531
0.165434696820571 0.038853097561223
0.161562015158670 0.038449584008849
0.157726447035656 0.038041309165459
0.153928413064797 0.037628448651760
0.150168329743317 0.037211181916853
0.146446609406726 0.036789629306040
0.142763660183598 0.036363840185250
0.139119885950819 0.035933876149436
0.135515686289294 0.035499796999307
0.131951456440133 0.035061660050355
0.128427587261303 0.034619538947819
0.124944465184770 0.034173523424885
0.121502472174122 0.033723732447803
0.118101985682679 0.033270299238856
0.114743378612105 0.032813368003528
0.111427019271515 0.032353097219558
0.108153271337080 0.031889663534139
0.104922493812155 0.031423260827865
0.101735040987902 0.030954111336794
0.098591262404443 0.030482433759363
0.095491502812526 0.030008382592485
0.092436102135723 0.029532108901705
0.089425395433148 0.029053763489957
0.086459712862719 0.028573484116773
0.083539379644950 0.028091439492390
0.080664716027288 0.027607850078795
0.077836037248993 0.027122982860781
0.075053653506568 0.026637028677932
0.072317869919747 0.026150089026442
0.069628986498028 0.025662187027326
0.066987298107781 0.025172984149026
0.064393094439905 0.024682157625600
0.061846659978068 0.024189512937449
0.059348273967504 0.023694954169143
0.056898210384393 0.023198455263039
0.054496737905816 0.022700047083386
0.052144119880294 0.022199822019043
0.049840614298903 0.021697947957808
0.047586473766990 0.021194662385768
0.045381945476466 0.020690274074327
0.043227271178700 0.020185157030404
0.041122687158010 0.019679733532413
0.039068424205750 0.019174474299667
0.037064707595003 0.018669878662927
0.035111757055874 0.018166484129210
0.033209786751399 0.017664856307467
0.031359005254054 0.017165630266629
0.029559615522887 0.016669456712195
0.027811814881260 0.016176893886272
0.026115794995207 0.015688651020297
0.024471741852423 0.015205817502346
0.022879835741862 0.014728035668416
0.021340251233966 0.014252986972899
0.019853157161529 0.013777917089788
0.018418716601171 0.013300301146807
0.017037086855466 0.012818536055434
0.015708419435685 0.012331645119074
0.014432860045182 0.011839179521002
0.013210548563420 0.011341192058825
0.012041619030626 0.010838270696242
0.010926199633097 0.010331616515856
0.009864412689139 0.009823495215991
0.008856374635656 0.009316614426259
0.007902196015379 0.008813141658184
0.007001981464748 0.008316091936064
0.006155829702431 0.007824835096845
0.005363833518506 0.007327336016889
0.004626079764278 0.006814181161505
0.003942649342761 0.006282734350905
0.003313617199802 0.005739161793325
0.002739052315863 0.005189483900043
0.002219017698460 0.004638491758681
0.001753570375248 0.004089499760342
0.001342761387771 0.003545086136954
0.000986635785864 0.003007317775498
0.000685232622713 0.002477982115481
0.000438584950571 0.001958447624793
0.000246719817134 0.001449929766113
0.000109658262577 0.000953477490110
0.000027415317244 0.000469904314746
0.000000000000000 0.000000000000000
0.000027415317244 -0.000455561756838
0.000109658262577 -0.000904213110389
0.000246719817134 -0.001354787527378
0.000438584950571 -0.001808004530831
0.000685232622713 -0.002263535321734
0.000986635785864 -0.002720821441800
0.001342761387771 -0.003179169783477
0.001753570375248 -0.003637703849045
0.002219017698460 -0.004095402216927
0.002739052315863 -0.004551071955713
0.003313617199802 -0.005003054831297
0.003942649342761 -0.005449468176181
0.004626079764278 -0.005887782733386
0.005363833518506 -0.006313967122431
0.006155829702431 -0.006723510770781
0.007001981464748 -0.007113715740462
0.007902196015379 -0.007489799461558
0.008856374635656 -0.007860948314418
0.009864412689139 -0.008230682465352
0.010926199633097 -0.008598484970899
0.012041619030626 -0.008961871123760
0.013210548563420 -0.009319219927907
0.014432860045182 -0.009669103369188
0.015708419435684 -0.010010324614777
0.017037086855466 -0.010342438592763
0.018418716601171 -0.010665485236558
0.019853157161528 -0.010979938813883
0.021340251233966 -0.011286815862807
0.022879835741862 -0.011587779919163
0.024471741852423 -0.011885255928973
0.026115794995207 -0.012181974678803
0.027811814881259 -0.012480509636437
0.029559615522887 -0.012780976527925
0.031359005254054 -0.013082640185087
0.033209786751399 -0.013385066003411
0.035111757055874 -0.013687847712134
0.037064707595003 -0.013990522043534
0.039068424205750 -0.014292665082016
0.041122687158009 -0.014593891797815
0.043227271178699 -0.014893836586097
0.045381945476466 -0.015192161911932
0.047586473766990 -0.015488555830010
0.049840614298903 -0.015782743232444
0.052144119880293 -0.016074501342216
0.054496737905816 -0.016363650046767
0.056898210384393 -0.016650101076376
0.059348273967504 -0.016933829704622
0.061846659978068 -0.017214861140150
0.064393094439905 -0.017493276698013
0.066987298107781 -0.017769212685857
0.069628986498028 -0.018042853244310
0.072317869919747 -0.018314498528009
0.075053653506568 -0.018584549352790
0.077836037248992 -0.018853289581172
0.080664716027288 -0.019120696856595
0.083539379644950 -0.019386710774175
0.086459712862719 -0.019651164330925
0.089425395433148 -0.019913857892849
0.092436102135723 -0.020174628205713
0.095491502812526 -0.020433346747348
0.098591262404443 -0.020689890522172
0.101735040987902 -0.020944142107171
0.104922493812155 -0.021195989298674
0.108153271337080 -0.021445330124418
0.111427019271514 -0.021692069681752
0.114743378612105 -0.021936128430436
0.118101985682679 -0.022177436038403
0.121502472174122 -0.022415941599532
0.124944465184770 -0.022651603448329
0.128427587261303 -0.022884391339923
0.131951456440133 -0.023114289851542
0.135515686289294 -0.023341299644899
0.139119885950819 -0.023565449011318
0.142763660183598 -0.023786782645008
0.146446609406726 -0.024005343714419
0.150168329743317 -0.024221155093129
0.153928413064796 -0.024434242863536
0.157726447035656 -0.024644604426907
0.161562015158669 -0.024852103995012
0.165434696820571 -0.025056576075297
0.169344067338174 -0.025257861516049
0.173289698004947 -0.025455823325567
0.177271156138025 -0.025650333128518
0.181288005125655 -0.025841265916095
0.185339804475081 -0.026028489081873
0.189426109860845 -0.026211862657559
0.193546473173511 -0.026391246793756
0.197700442568812 -0.026566518008710
0.201887562517192 -0.026737599139674
0.206107373853763 -0.026904424953824
0.210359413828660 -0.027066938056186
0.214643216157784 -0.027225108302704
0.218958311073935 -0.027378940285571
0.223304225378328 -0.027528444664627
0.227680482492486 -0.027673642591268
0.232086602510501 -0.027814578291122
0.236522102251661 -0.027951313409086
0.240986495313435 -0.028083915518586
0.245479292124814 -0.028212438187225
0.250000000000000 -0.028336831980572
0.254548123192429 -0.028457018275582
0.259123162949142 -0.028572922467733
0.263724617565473 -0.028684439760838
0.268351982440069 -0.028791341621474
0.273004750130227 -0.028893364743154
0.277682410407536 -0.028990241958901
0.282384450313836 -0.029081705291511
0.287110354217464 -0.029167494296564
0.291859603869799 -0.029247350099624
0.296631678462100 -0.029321010251214
0.301426054682609 -0.029388232286207
0.306242206773948 -0.029448979332466
0.311079606590766 -0.029503340083124
0.315937723657661 -0.029551411956451
0.320816025227350 -0.029593301294190
0.325713976339092 -0.029629199759814
0.330631039877354 -0.029659413444449
0.335566676630708 -0.029684267242788
0.340520345350965 -0.029704096915812
0.345491502812526 -0.029719139577220
0.350479603871956 -0.029729143897410
0.355484101527764 -0.029733715247897
0.360504446980385 -0.029732454398478
0.365540089692367 -0.029724947864932
0.370590477448739 -0.029710446944572
0.375655056417572 -0.029687794924975
0.380733271210709 -0.029655796240974
0.385824564944672 -0.029613240433334
0.390928379301728 -0.029558990892116
0.396044154591120 -0.029492511585205
0.401171329810437 -0.029413528201096
0.406309342707137 -0.029321770383920
0.411457629840208 -0.029216969226376
0.416615626641949 -0.029099139051132
0.421782767479884 -0.028969067074712
0.426958485718794 -0.028827686453895
0.432142213782848 -0.028675945517737
0.437333383217848 -0.028514801125896
0.442531424753567 -0.028344995963870
0.447735768366173 -0.028166970622957
0.452945843340743 -0.027981149839456
0.458161078333842 -0.027787965656780
0.463380901436184 -0.027587836261954
0.468604740235343 -0.027380913210106
0.473832021878528 -0.027167132060152
0.479062173135400 -0.026946424823301
0.484294620460935 -0.026718727283788
0.489528790058321 -0.026483995236813
0.494764107941877 -0.026242318234848
0.500000000000000 -0.025993855922687
0.505235892058122 -0.025738768439147
0.510471209941678 -0.025477220874484
0.515705379539064 -0.025209408263498
0.520937826864600 -0.024935651527811
0.526167978121472 -0.024656310508653
0.531395259764656 -0.024371747526470
0.536619098563816 -0.024082323845547
0.541838921666157 -0.023788369397069
0.547054156659257 -0.023490120140930
0.552264231633827 -0.023187799175942
0.557468575246433 -0.022881632854208
0.562666616782152 -0.022571844546995
0.567857786217152 -0.022258594608679
0.573041514281206 -0.021941957912314
0.578217232520115 -0.021622000977914
0.583384373358051 -0.021298793490387
0.588542370159791 -0.020972411455618
0.593690657292862 -0.020642981930694
0.598828670189563 -0.020310669404374
0.603955845408879 -0.019975641918208
0.609071620698271 -0.019638066247911
0.614175435055328 -0.019298123329850
0.619266728789290 -0.018956064990965
0.624344943582427 -0.018612160441397
0.629409522551260 -0.018266676390233
0.634459910307633 -0.017919879545499
0.639495553019614 -0.017572011897784
0.644515898472235 -0.017223292879028
0.649520396128043 -0.016873936083163
0.654508497187474 -0.016524151095211
0.659479654649035 -0.016174140577037
0.664433323369291 -0.015824046039264
0.669368960122646 -0.015473993485636
0.674286023660907 -0.015124103383890
0.679183974772650 -0.014774496571273
0.684062276342339 -0.014425295643192
0.688920393409233 -0.014076625193154
0.693757793226051 -0.013728607224164
0.698573945317390 -0.013381365019138
0.703368321537900 -0.013035031158000
0.708140396130200 -0.012689782565280
0.712889645782536 -0.012345791337765
0.717615549686163 -0.012003232678078
0.722317589592464 -0.011662272925348
0.726995249869773 -0.011323082076773
0.731648017559930 -0.010985823766497
0.736275382434527 -0.010650659228340
0.740876837050857 -0.010317745438336
0.745451876807570 -0.009987237469490
0.750000000000000 -0.009659286371993
0.754520707875185 -0.009334038262568
0.759013504686565 -0.009011640000398
0.763477897748338 -0.008692245325667
0.767913397489498 -0.008376005950083
0.772319517507513 -0.008063067917673
0.776695774621672 -0.007753570939933
0.781041688926065 -0.007447638573951
0.785356783842216 -0.007145392251131
0.789640586171339 -0.006846945158214
0.793892626146236 -0.006552420588124
0.798112437482808 -0.006261944206512
0.802299557431187 -0.005975635338938
0.806453526826488 -0.005693629477506
0.810573890139155 -0.005416132596167
0.814660195524918 -0.005143363004101
0.818711994874345 -0.004875525130918
0.822728843861975 -0.004612801968504
0.826710301995052 -0.004355357051450
0.830655932661826 -0.004103341756634
0.834565303179429 -0.003856900955456
0.838437984841330 -0.003616169941752
0.842273552964344 -0.003381279116213
0.846071586935203 -0.003152334252971
0.849831670256683 -0.002929406996620
0.853553390593274 -0.002712554272961
0.857236339816401 -0.002501809909031
0.860880114049181 -0.002297148997965
0.864484313710706 -0.002098528625406
0.868048543559867 -0.001905905452076
0.871572412738697 -0.001719239993884
0.875055534815230 -0.001538487362750
0.878497527825878 -0.001363599472396
0.881898014317321 -0.001194519973246
0.885256621387894 -0.001031189579100
0.888572980728485 -0.000873540907073
0.891846728662920 -0.000721501970349
0.895077506187845 -0.000574998694600
0.898264959012098 -0.000433964657697
0.901408737595557 -0.000298336771751
0.904508497187474 -0.000168181747250
0.907563897864277 -0.000043743600158
0.910574604566852 0.000074753733244
0.913540287137281 0.000187130005891
0.916460620355049 0.000293237243604
0.919335283972712 0.000392956306894
0.922163962751007 0.000486195169012
0.924946346493432 0.000572890024683
0.927682130080253 0.000653003363253
0.930371013501972 0.000726526465745
0.933012701892219 0.000793472515300
0.935606905560095 0.000853880926838
0.938153340021932 0.000907812114491
0.940651726032496 0.000955349426287
0.943101789615607 0.000996596753835
0.945503262094184 0.001031676758700
0.947855880119706 0.001060731508638
0.950159385701097 0.001083920240236
0.952413526233010 0.001101418258590
0.954618054523534 0.001113416025533
0.956772728821300 0.001120118365081
0.958877312841991 0.001121742891076
0.960931575794250 0.001118519017393
0.962935292404997 0.001110687049032
0.964888242944126 0.001098496693017
0.966790213248601 0.001082206640625
0.968640994745946 0.001062082656976
0.970440384477113 0.001038397211921
0.972188185118740 0.001011427897392
0.973884205004793 0.000981456783258
0.975528258147577 0.000948769035789
0.977120164258138 0.000913652594999
0.978659748766034 0.000876396220693
0.980146842838471 0.000837288106325
0.981581283398829 0.000796617848413
0.982962913144534 0.000754671450733
0.984291580564316 0.000711732747836
0.985567139954818 0.000668083494666
0.986789451436580 0.000623999577794
0.987958380969374 0.000579752212167
0.989073800366903 0.000535606589646
0.990135587310861 0.000491820982313
0.991143625364344 0.000448646425955
0.992097803984621 0.000406326627066
0.992998018535252 0.000365093310898
0.993844170297569 0.000325170962416
0.994636166481494 0.000286774357155
0.995373920235722 0.000250104794843
0.996057350657239 0.000215354550284
0.996686382800198 0.000182702464124
0.997260947684137 0.000152315667574
0.997780982301540 0.000124347689625
0.998246429624752 0.000098940204242
0.998657238612229 0.000076218534303
0.999013364214136 0.000056295031882
0.999314767377287 0.000039269100357
0.999561415049429 0.000025224953356
0.999753280182866 0.000014229130716
0.999890341737423 0.000006336747117
0.999972584682756 0.000001586062324
1.000000000000000 0.000000000000000
