1.000000000000000 0.000000000000000
0.999972584682756 0.000003850509602
0.999890341737423 0.000015437344013
0.999753280182866 0.000034868594701
0.999561415049429 0.000062321445020
0.999314767377287 0.000098032281236
0.999013364214136 0.000142317444346
0.998657238612229 0.000195543544066
0.998246429624752 0.000258138857118
0.997780982301540 0.000330580070458
0.997260947684137 0.000413394664431
0.996686382800198 0.000507139786921
0.996057350657239 0.000612417968176
0.995373920235722 0.000729842254671
0.994636166481494 0.000860041464114
0.993844170297569 0.001003653775658
0.992998018535252 0.001161303121899
0.992097803984621 0.001333593667991
0.991143625364344 0.001521093714121
0.990135587310861 0.001724329869004
0.989073800366903 0.001943765457200
0.987958380969374 0.002179777069006
0.986789451436580 0.002432662710278
0.985567139954818 0.002702583699871
0.984291580564316 0.002989609185625
0.982962913144534 0.003293935733902
0.981581283398829 0.003615845657405
0.980146842838472 0.003955600337786
0.978659748766034 0.004313387999777
0.977120164258138 0.004689324472290
0.975528258147577 0.005083448758840
0.973884205004793 0.005495695924698
0.972188185118741 0.005925925557977
0.970440384477113 0.006373868904880
0.968640994745946 0.006839122511673
0.966790213248601 0.007321253809023
0.964888242944126 0.007819874004643
0.962935292404997 0.008334703832697
0.960931575794250 0.008865463069846
0.958877312841991 0.009411760136148
0.956772728821300 0.009973113482595
0.954618054523534 0.010548976668438
0.952413526233010 0.011138721806328
0.950159385701097 0.011741619475169
0.947855880119706 0.012356806619447
0.945503262094184 0.012983373110381
0.943101789615607 0.013620515020770
0.940651726032496 0.014267483793340
0.938153340021932 0.014923682792223
0.935606905560095 0.015588486842130
0.933012701892219 0.016261174840668
0.930371013501972 0.016940992142984
0.927682130080253 0.017627149748673
0.924946346493432 0.018318804699976
0.922163962751008 0.019014999561001
0.919335283972712 0.019714734222080
0.916460620355050 0.020417348058788
0.913540287137281 0.021122376136666
0.910574604566852 0.021829486749319
0.907563897864277 0.022538522235219
0.904508497187474 0.023249331616855
0.901408737595557 0.023961748696347
0.898264959012098 0.024675615780982
0.895077506187845 0.025390795589017
0.891846728662920 0.026107171771488
0.888572980728485 0.026824675104430
0.885256621387895 0.027543323714285
0.881898014317321 0.028263177145987
0.878497527825878 0.028984360733339
0.875055534815230 0.029707064638218
0.871572412738697 0.030431527845564
0.868048543559867 0.031158010754062
0.864484313710706 0.031886812368487
0.860880114049181 0.032618270934035
0.857236339816402 0.033352746070422
0.853553390593274 0.034090630172764
0.849831670256683 0.034832292683144
0.846071586935203 0.035577796985500
0.842273552964344 0.036327094506741
0.838437984841330 0.037080139783110
0.834565303179429 0.037836915408570
0.830655932661826 0.038597419166471
0.826710301995053 0.039361652053030
0.822728843861975 0.040129633816326
0.818711994874345 0.040901392296216
0.814660195524919 0.041676965243076
0.810573890139155 0.042456335567572
0.806453526826488 0.043239368526626
0.802299557431188 0.044025921264330
0.798112437482808 0.044815851085464
0.793892626146237 0.045608999250451
0.789640586171339 0.046405214924227
0.785356783842216 0.047204344589479
0.781041688926065 0.048006230515908
0.776695774621672 0.048810726248053
0.772319517507513 0.049617686823278
0.767913397489498 0.050426958450228
0.763477897748339 0.051238398879143
0.759013504686565 0.052051860859256
0.754520707875186 0.052867201682860
0.750000000000000 0.053684277700326
0.745451876807570 0.054502959787251
0.740876837050858 0.055323129462775
0.736275382434527 0.056144673749237
0.731648017559931 0.056967468450123
0.726995249869773 0.057791313388768
0.722317589592464 0.058615958585416
0.717615549686164 0.059441148165954
0.712889645782536 0.060266619206091
0.708140396130201 0.061092077801068
0.703368321537900 0.061917184916603
0.698573945317390 0.062741609809959
0.693757793226052 0.063565009322570
0.688920393409234 0.064387046540146
0.684062276342339 0.065207388373758
0.679183974772650 0.066025703457785
0.674286023660908 0.066841658433903
0.669368960122646 0.067654918537767
0.664433323369292 0.068465162170295
0.659479654649035 0.069272073669322
0.654508497187474 0.070075336597285
0.649520396128043 0.070874626814660
0.644515898472236 0.071669595346422
0.639495553019615 0.072459856565264
0.634459910307633 0.073245025477365
0.629409522551260 0.074024713567937
0.624344943582428 0.074798508419832
0.619266728789291 0.075565856238817
0.614175435055328 0.076326167798464
0.609071620698271 0.077078840964471
0.603955845408880 0.077823282635382
0.598828670189563 0.078558855828506
0.593690657292862 0.079284877886413
0.588542370159792 0.080000650844527
0.583384373358051 0.080705474269079
0.578217232520115 0.081398640483647
0.573041514281206 0.082079055132932
0.567857786217152 0.082745240088706
0.562666616782152 0.083395686144140
0.557468575246433 0.084028893406074
0.552264231633827 0.084643383142692
0.547054156659257 0.085237919348308
0.541838921666158 0.085811440650679
0.536619098563816 0.086362892334124
0.531395259764657 0.086891230111906
0.526167978121472 0.087395473135779
0.520937826864600 0.087875150762690
0.515705379539064 0.088330043411553
0.510471209941678 0.088759939986135
0.505235892058123 0.089164641778931
0.500000000000000 0.089543989975726
0.494764107941877 0.089898037570961
0.489528790058322 0.090226934448692
0.484294620460936 0.090530834867897
0.479062173135400 0.090809904791074
0.473832021878528 0.091064401295972
0.468604740235343 0.091295104250731
0.463380901436184 0.091502979652935
0.458161078333842 0.091688997908988
0.452945843340743 0.091854130384992
0.447735768366173 0.091999293206618
0.442531424753567 0.092125114999641
0.437333383217848 0.092232137474693
0.432142213782848 0.092320904624365
0.426958485718794 0.092391963490017
0.421782767479885 0.092445838652555
0.416615626641949 0.092482951738320
0.411457629840209 0.092503699977830
0.406309342707138 0.092508483677022
0.401171329810437 0.092497705667693
0.396044154591120 0.092471738565749
0.390928379301729 0.092430857548094
0.385824564944672 0.092375321975403
0.380733271210710 0.092305394534158
0.375655056417573 0.092221341738650
0.370590477448740 0.092123402877901
0.365540089692367 0.092011761188806
0.360504446980385 0.091886597322502
0.355484101527764 0.091748096672371
0.350479603871957 0.091596448200812
0.345491502812526 0.091431832497193
0.340520345350965 0.091254419467577
0.335566676630708 0.091064385767696
0.330631039877354 0.090861908509077
0.325713976339092 0.090647171467963
0.320816025227350 0.090420352860222
0.315937723657661 0.090181629173649
0.311079606590766 0.089931183984416
0.306242206773949 0.089669202787011
0.301426054682610 0.089395862150511
0.296631678462100 0.089111297988527
0.291859603869799 0.088815651732014
0.287110354217464 0.088509066725152
0.282384450313836 0.088191695897750
0.277682410407536 0.087863685461572
0.273004750130227 0.087525188104508
0.268351982440069 0.087176358194621
0.263724617565473 0.086817359105791
0.259123162949143 0.086448324401669
0.254548123192430 0.086069339838580
0.250000000000000 0.085680497760660
0.245479292124815 0.085281896187260
0.240986495313435 0.084873626865796
0.236522102251661 0.084455723803459
0.232086602510502 0.084028223200420
0.227680482492487 0.083591174709225
0.223304225378328 0.083144636457385
0.218958311073935 0.082688664542046
0.214643216157784 0.082223335582194
0.210359413828661 0.081748724534833
0.206107373853763 0.081264903462497
0.201887562517192 0.080771808715107
0.197700442568813 0.080269362604252
0.193546473173512 0.079757498998201
0.189426109860845 0.079236195147954
0.185339804475081 0.078705491975085
0.181288005125655 0.078165457272270
0.177271156138025 0.077616180288993
0.173289698004947 0.077057657056421
0.169344067338174 0.076489711030870
0.165434696820571 0.075912191231614
0.161562015158670 0.075324960700038
0.157726447035656 0.074727856385385
0.153928413064797 0.074120706403359
0.150168329743317 0.073503367327011
0.146446609406726 0.072875749248907
0.142763660183598 0.072237809356545
0.139119885950819 0.071589541527729
0.135515686289294 0.070930949184232
0.131951456440133 0.070261854292163
0.128427587261303 0.069582012982802
0.124944465184770 0.068891222594259
0.121502472174122 0.068189355521244
0.118101985682679 0.067476333733116
0.114743378612105 0.066752135485944
0.111427019271515 0.066016761758379
0.108153271337080 0.065270240741459
0.104922493812155 0.064512638474177
0.101735040987902 0.063743858991490
0.098591262404443 0.062963418310844
0.095491502812526 0.062170880342431
0.092436102135723 0.061365903036254
0.089425395433148 0.060548235262850
0.086459712862719 0.059717721984497
0.083539379644950 0.058874304469246
0.080664716027288 0.058018023279719
0.077836037248993 0.057148980836871
0.075053653506568 0.056267012725235
0.072317869919747 0.055371820606282
0.069628986498028 0.054463205195072
0.066987298107781 0.053540981115779
0.064393094439905 0.052605077657569
0.061846659978068 0.051655531274486
0.059348273967504 0.050692536481344
0.056898210384393 0.049716352876358
0.054496737905816 0.048727211156036
0.052144119880294 0.047725407016041
0.049840614298903 0.046711084526708
0.047586473766990 0.045684254161276
0.045381945476466 0.044645054055692
0.043227271178700 0.043593759172428
0.041122687158010 0.042530794596842
0.039068424205750 0.041456724063496
0.037064707595003 0.040372187441685
0.035111757055874 0.039277783639359
0.033209786751399 0.038174041311215
0.031359005254054 0.037061130341358
0.029559615522887 0.035939046197343
0.027811814881260 0.034808030770507
0.026115794995207 0.033668589669208
0.024471741852423 0.032521339335125
0.022879835741862 0.031367072331894
0.021340251233966 0.030206914907215
0.019853157161529 0.029042093753913
0.018418716601171 0.027872882612281
0.017037086855466 0.026699240709591
0.015708419435685 0.025520928858997
0.014432860045182 0.024337832796971
0.013210548563420 0.023150062381865
0.012041619030626 0.021957910767224
0.010926199633097 0.020761831914814
0.009864412689139 0.019562415584875
0.008856374635656 0.018360750512238
0.007902196015379 0.017158775753634
0.007001981464748 0.015959502730358
0.006155829702431 0.014766634742712
0.005363833518506 0.013584515490341
0.004626079764278 0.012418260370023
0.003942649342761 0.011274091946500
0.003313617199802 0.010158853512916
0.002739052315863 0.009081475072392
0.002219017698460 0.008047596235622
0.001753570375248 0.007053472384482
0.001342761387771 0.006092375410415
0.000986635785864 0.005159585620844
0.000685232622713 0.004251464841567
0.000438584950571 0.003365250894288
0.000246719817134 0.002498689492692
0.000109658262577 0.001649843896247
0.000027415317244 0.000817409121903
0.000000000000000 0.000000000000000
0.000027415317244 -0.000806688597640
0.000109658262577 -0.001618517396181
0.000246719817134 -0.002434163080624
0.000438584950571 -0.003248956395508
0.000685232622713 -0.004057870299722
0.000986635785864 -0.004855505091450
0.001342761387771 -0.005636252740517
0.001753570375248 -0.006394228140081
0.002219017698460 -0.007122602654367
0.002739052315863 -0.007815550238251
0.003313617199802 -0.008470550750724
0.003942649342761 -0.009091236170534
0.004626079764278 -0.009681466881556
0.005363833518506 -0.010244354475597
0.006155829702431 -0.010783170777041
0.007001981464748 -0.011301443948435
0.007902196015379 -0.011803143696611
0.008856374635656 -0.012292759718373
0.009864412689139 -0.012775688644862
0.010926199633097 -0.013259441101369
0.012041619030626 -0.013752090097524
0.013210548563420 -0.014255381407444
0.014432860045182 -0.014768682497823
0.015708419435684 -0.015289924360241
0.017037086855466 -0.015817100012951
0.018418716601171 -0.016348520872295
0.019853157161528 -0.016882426654749
0.021340251233966 -0.017417036077130
0.022879835741862 -0.017950702282349
0.024471741852423 -0.018481850027206
0.026115794995207 -0.019008963302027
0.027811814881259 -0.019531013241596
0.029559615522887 -0.020047535056345
0.031359005254054 -0.020558346694625
0.033209786751399 -0.021063536268966
0.035111757055874 -0.021563334712042
0.037064707595003 -0.022058175320362
0.039068424205750 -0.022548637672951
0.041122687158009 -0.023035552747771
0.043227271178699 -0.023520111868194
0.045381945476466 -0.024003744217014
0.047586473766990 -0.024487475599164
0.049840614298903 -0.024972150364809
0.052144119880293 -0.025457662167029
0.054496737905816 -0.025943406627650
0.056898210384393 -0.026428968878340
0.059348273967504 -0.026914103105227
0.061846659978068 -0.027398568080459
0.064393094439905 -0.027882109503025
0.066987298107781 -0.028364523407274
0.069628986498028 -0.028845677978032
0.072317869919747 -0.029325482203561
0.075053653506568 -0.029803804971792
0.077836037248992 -0.030280536586366
0.080664716027288 -0.030755573348269
0.083539379644950 -0.031228835158505
0.086459712862719 -0.031700266252993
0.089425395433148 -0.032169847226237
0.092436102135723 -0.032637598858263
0.095491502812526 -0.033103596690083
0.098591262404443 -0.033567986499125
0.101735040987902 -0.034030928061084
0.104922493812155 -0.034492437486697
0.108153271337080 -0.034952482718875
0.111427019271514 -0.035411019682392
0.114743378612105 -0.035867910178509
0.118101985682679 -0.036323013998907
0.121502472174122 -0.036776215161530
0.124944465184770 -0.037227444353435
0.128427587261303 -0.037676652029442
0.131951456440133 -0.038123791674069
0.135515686289294 -0.038568828107883
0.139119885950819 -0.039011743901841
0.142763660183598 -0.039452475636479
0.146446609406726 -0.039890894942838
0.150168329743317 -0.040326873610175
0.153928413064796 -0.040760294536657
0.157726447035656 -0.041191052341881
0.161562015158669 -0.041619056249118
0.165434696820571 -0.042044219553808
0.169344067338174 -0.042466468581894
0.173289698004947 -0.042885742193469
0.177271156138025 -0.043301984472213
0.181288005125655 -0.043715088760539
0.185339804475081 -0.044124910654860
0.189426109860845 -0.044531305689397
0.193546473173511 -0.044934136100967
0.197700442568812 -0.045333266326567
0.201887562517192 -0.045728567590588
0.206107373853763 -0.046119912982210
0.210359413828660 -0.046507182957201
0.214643216157784 -0.046890258276489
0.218958311073935 -0.047269025079423
0.223304225378328 -0.047643374902413
0.227680482492486 -0.048013186605553
0.232086602510501 -0.048378328138546
0.236522102251661 -0.048738677743822
0.240986495313435 -0.049094112130777
0.245479292124814 -0.049444530956506
0.250000000000000 -0.049789839244302
0.254548123192429 -0.050129945862226
0.259123162949142 -0.050464758948088
0.263724617565473 -0.050794140334738
0.268351982440069 -0.051117924480683
0.273004750130227 -0.051435954640146
0.277682410407536 -0.051748068023622
0.282384450313836 -0.052054081976583
0.287110354217464 -0.052353802096487
0.291859603869799 -0.052647030439366
0.296631678462100 -0.052933574315590
0.301426054682609 -0.053213250052327
0.306242206773948 -0.053485887872488
0.311079606590766 -0.053751322119202
0.315937723657661 -0.054009389499437
0.320816025227350 -0.054259935497515
0.325713976339092 -0.054502832114186
0.330631039877354 -0.054737962669194
0.335566676630708 -0.054965212133874
0.340520345350965 -0.055184466258273
0.345491502812526 -0.055395598752670
0.350479603871956 -0.055598466589725
0.355484101527764 -0.055792930198876
0.360504446980385 -0.055978855127841
0.365540089692367 -0.056156075159680
0.370590477448739 -0.056324306881394
0.375655056417572 -0.056483236359034
0.380733271210709 -0.056632550123576
0.385824564944672 -0.056771935557660
0.390928379301728 -0.056901088900070
0.396044154591120 -0.057019720176067
0.401171329810437 -0.057127540550534
0.406309342707137 -0.057224264538555
0.411457629840208 -0.057309610868411
0.416615626641949 -0.057383339958494
0.421782767479884 -0.057445244974969
0.426958485718794 -0.057495123222606
0.432142213782848 -0.057532775216472
0.437333383217848 -0.057558000453218
0.442531424753567 -0.057570565722941
0.447735768366173 -0.057570225991007
0.452945843340743 -0.057556740121517
0.458161078333842 -0.057529871193223
0.463380901436184 -0.057489327988608
0.468604740235343 -0.057434577667072
0.473832021878528 -0.057365026173732
0.479062173135400 -0.057280082310087
0.484294620460935 -0.057179159842690
0.489528790058321 -0.057061650476933
0.494764107941877 -0.056926880211240
0.500000000000000 -0.056774167805833
0.505235892058122 -0.056602837509019
0.510471209941678 -0.056412217733564
0.515705379539064 -0.056201243125267
0.520937826864600 -0.055968089320716
0.526167978121472 -0.055710853294793
0.531395259764656 -0.055427641140491
0.536619098563816 -0.055116579274374
0.541838921666157 -0.054776151512287
0.547054156659257 -0.054405304388260
0.552264231633827 -0.054003020633859
0.557468575246433 -0.053568294160112
0.562666616782152 -0.053100206968891
0.567857786217152 -0.052599021848930
0.573041514281206 -0.052065951183912
0.578217232520115 -0.051502245239705
0.583384373358051 -0.050909151289616
0.588542370159791 -0.050287940099598
0.593690657292862 -0.049639941794809
0.598828670189563 -0.048966512569131
0.603955845408879 -0.048269018524802
0.609071620698271 -0.047548822330159
0.614175435055328 -0.046807633029618
0.619266728789290 -0.046048044366764
0.624344943582427 -0.045272779142396
0.629409522551260 -0.044484541976578
0.634459910307633 -0.043685997919207
0.639495553019614 -0.042879543251439
0.644515898472235 -0.042067327789083
0.649520396128043 -0.041251471298804
0.654508497187474 -0.040434060473844
0.659479654649035 -0.039616884864605
0.664433323369291 -0.038800836645285
0.669368960122646 -0.037986597564554
0.674286023660907 -0.037174850030605
0.679183974772650 -0.036366261490965
0.684062276342339 -0.035561589464778
0.688920393409233 -0.034761635002465
0.693757793226051 -0.033967177903242
0.698573945317390 -0.033178980328590
0.703368321537900 -0.032397602836991
0.708140396130200 -0.031623372012292
0.712889645782536 -0.030856575031701
0.717615549686163 -0.030097501833236
0.722317589592464 -0.029346412113853
0.726995249869773 -0.028603538141704
0.731648017559930 -0.027869099154321
0.736275382434527 -0.027143306931706
0.740876837050857 -0.026426365202213
0.745451876807570 -0.025718483236181
0.750000000000000 -0.025019859104399
0.754520707875185 -0.024330683041393
0.759013504686565 -0.023651136647469
0.763477897748338 -0.022981403091340
0.767913397489498 -0.022321649548010
0.772319517507513 -0.021672039435841
0.776695774621672 -0.021032720089195
0.781041688926065 -0.020403831352308
0.785356783842216 -0.019785501459244
0.789640586171339 -0.019177850307057
0.793892626146236 -0.018580974370200
0.798112437482808 -0.017994967968342
0.802299557431187 -0.017419908065740
0.806453526826488 -0.016855859001284
0.810573890139155 -0.016302869984677
0.814660195524918 -0.015760985295336
0.818711994874345 -0.015230233477324
0.822728843861975 -0.014710636888783
0.826710301995052 -0.014202218180778
0.830655932661826 -0.013704982220366
0.834565303179429 -0.013218920484787
0.838437984841330 -0.012744016855288
0.842273552964344 -0.012280240072173
0.846071586935203 -0.011827543492977
0.849831670256683 -0.011385858302957
0.853553390593274 -0.010955101462529
0.857236339816401 -0.010535196682016
0.860880114049181 -0.010126055362758
0.864484313710706 -0.009727589989677
0.868048543559867 -0.009339703287308
0.871572412738697 -0.008962287773965
0.875055534815230 -0.008595231210008
0.878497527825878 -0.008238432223889
0.881898014317321 -0.007891803751166
0.885256621387894 -0.007555244968593
0.888572980728485 -0.007228675704157
0.891846728662920 -0.006912007421649
0.895077506187845 -0.006605148267162
0.898264959012098 -0.006307988717414
0.901408737595557 -0.006020421361568
0.904508497187474 -0.005742322995285
0.907563897864277 -0.005473571296500
0.910574604566852 -0.005214035876145
0.913540287137281 -0.004963579519191
0.916460620355049 -0.004722060202697
0.919335283972712 -0.004489335012532
0.922163962751007 -0.004265254597758
0.924946346493432 -0.004049664761999
0.927682130080253 -0.003842405903254
0.930371013501972 -0.003643314467468
0.933012701892219 -0.003452226368869
0.935606905560095 -0.003268969474566
0.938153340021932 -0.003093370089748
0.940651726032496 -0.002925249684371
0.943101789615607 -0.002764436558820
0.945503262094184 -0.002610683682202
0.947855880119706 -0.002463521601483
0.950159385701097 -0.002322461535842
0.952413526233010 -0.002187048519082
0.954618054523534 -0.002056865807728
0.956772728821300 -0.001931536069592
0.958877312841991 -0.001810715557132
0.960931575794250 -0.001694092086485
0.962935292404997 -0.001581394717689
0.964888242944126 -0.001472381423278
0.966790213248601 -0.001366802421023
0.968640994745946 -0.001264534014179
0.970440384477113 -0.001165726388028
0.972188185118740 -0.001070592327397
0.973884205004793 -0.000979345777144
0.975528258147577 -0.000892140036995
0.977120164258138 -0.000809082187583
0.978659748766034 -0.000730244770875
0.980146842838471 -0.000655662714633
0.981581283398829 -0.000585341524365
0.982962913144534 -0.000519261133091
0.984291580564316 -0.000457349085625
0.985567139954818 -0.000399569314814
0.986789451436580 -0.000345983065999
0.987958380969374 -0.000296771404701
0.989073800366903 -0.000252044738009
0.990135587310861 -0.000211804458213
0.991143625364344 -0.000175983683340
0.992097803984621 -0.000144445303429
0.992998018535252 -0.000116998278820
0.993844170297569 -0.000093404787611
0.994636166481494 -0.000073392612632
0.995373920235722 -0.000056662076103
0.996057350657239 -0.000042895803368
0.996686382800198 -0.000031766946323
0.997260947684137 -0.000022945965351
0.997780982301540 -0.000016109095731
0.998246429624752 -0.000010942903059
0.998657238612229 -0.000007151859929
0.999013364214136 -0.000004462094334
0.999314767377287 -0.000002627439192
0.999561415049429 -0.000001432257369
0.999753280182866 -0.000000695700255
0.999890341737423 -0.000000274086634
0.999972584682756 -0.000000063232786
1.000000000000000 0.000000000000000
