1.000000000000000 0.000000000000000
0.999972584682756 0.000011263300555
0.999890341737423 0.000045080517983
0.999753280182866 0.000101581930531
0.999561415049429 0.000180942938174
0.999314767377287 0.000283437027540
0.999013364214136 0.000409382210712
0.998657238612229 0.000559184862970
0.998246429624752 0.000733276014707
0.997780982301540 0.000932131114796
0.997260947684137 0.001156282216302
0.996686382800198 0.001406256213199
0.996057350657239 0.001682590939658
0.995373920235722 0.001985806308360
0.994636166481494 0.002316395962414
0.993844170297569 0.002674802689328
0.992998018535252 0.003061384309376
0.992097803984621 0.003476393252886
0.991143625364344 0.003919970129150
0.990135587310861 0.004392081215748
0.989073800366903 0.004892515781959
0.987958380969374 0.005420826022336
0.986789451436580 0.005976350096310
0.985567139954818 0.006558320472225
0.984291580564316 0.007166045319599
0.982962913144534 0.007798745618642
0.981581283398829 0.008455414415388
0.980146842838472 0.009134827239436
0.978659748766034 0.009835542199562
0.977120164258138 0.010555867997943
0.975528258147577 0.011293890778394
0.973884205004793 0.012047291677670
0.972188185118741 0.012813711930668
0.970440384477113 0.013591467643969
0.968640994745946 0.014379521726166
0.966790213248601 0.015177291023536
0.964888242944126 0.015984079312743
0.962935292404997 0.016799211681064
0.960931575794250 0.017622094036805
0.958877312841991 0.018452168424363
0.956772728821300 0.019288919726139
0.954618054523534 0.020131872158592
0.952413526233010 0.020980663941070
0.950159385701097 0.021835149761844
0.947855880119706 0.022695325866643
0.945503262094184 0.023561306560499
0.943101789615607 0.024433275299892
0.940651726032496 0.025311529880205
0.938153340021932 0.026196493672494
0.935606905560095 0.027088698033821
0.933012701892219 0.027988784840916
0.930371013501972 0.028897423260449
0.927682130080253 0.029815181793422
0.924946346493432 0.030742035123194
0.922163962751008 0.031677837005944
0.919335283972712 0.032622512025574
0.916460620355050 0.033576065243596
0.913540287137281 0.034538499762165
0.910574604566852 0.035509852299787
0.907563897864277 0.036490200117230
0.904508497187474 0.037479650587023
0.901408737595557 0.038478328496089
0.898264959012098 0.039486116888220
0.895077506187845 0.040502728798154
0.891846728662920 0.041527881815370
0.888572980728485 0.042561281407471
0.885256621387895 0.043602651131895
0.881898014317321 0.044651700314035
0.878497527825878 0.045708146350073
0.875055534815230 0.046771709151021
0.871572412738697 0.047842101995827
0.868048543559867 0.048919052633409
0.864484313710706 0.050002286556492
0.860880114049181 0.051091533828877
0.857236339816402 0.052186522972919
0.853553390593274 0.053286992047201
0.849831670256683 0.054392686794641
0.846071586935203 0.055503352870114
0.842273552964344 0.056618737267298
0.838437984841330 0.057738573598985
0.834565303179429 0.058862581534447
0.830655932661826 0.059990500111895
0.826710301995053 0.061121990897693
0.822728843861975 0.062256692281641
0.818711994874345 0.063394235838758
0.814660195524919 0.064534265851678
0.810573890139155 0.065676435174114
0.806453526826488 0.066820402969846
0.802299557431188 0.067965807131173
0.798112437482808 0.069112259759128
0.793892626146237 0.070259341693284
0.789640586171339 0.071406631554838
0.785356783842216 0.072553690884474
0.781041688926065 0.073700033605984
0.776695774621672 0.074845166299796
0.772319517507513 0.075988592265288
0.767913397489498 0.077129822474216
0.763477897748339 0.078268361155987
0.759013504686565 0.079403719266107
0.754520707875186 0.080535396147703
0.750000000000000 0.081662888275295
0.745451876807570 0.082785698560575
0.740876837050858 0.083903319211822
0.736275382434527 0.085015246508795
0.731648017559931 0.086120982891834
0.726995249869773 0.087220041017574
0.722317589592464 0.088311929102381
0.717615549686164 0.089396158963765
0.712889645782536 0.090472154133070
0.708140396130201 0.091539288741818
0.703368321537900 0.092596928905855
0.698573945317390 0.093644438921443
0.693757793226052 0.094681188536387
0.688920393409234 0.095706578763342
0.684062276342339 0.096719996285025
0.679183974772650 0.097720835593568
0.674286023660908 0.098708431289495
0.669368960122646 0.099681844997744
0.664433323369292 0.100640052994435
0.659479654649035 0.101582027216784
0.654508497187474 0.102506732407165
0.649520396128043 0.103413007313215
0.644515898472236 0.104299558279567
0.639495553019615 0.105165059717714
0.634459910307633 0.106008198961146
0.629409522551260 0.106827714927456
0.624344943582428 0.107622792577587
0.619266728789291 0.108392821741772
0.614175435055328 0.109137187413933
0.609071620698271 0.109855286423807
0.603955845408880 0.110546550923527
0.598828670189563 0.111210496233196
0.593690657292862 0.111846658060079
0.588542370159792 0.112454586514540
0.583384373358051 0.113033838743149
0.578217232520115 0.113584218101889
0.573041514281206 0.114106010212613
0.567857786217152 0.114599571021222
0.562666616782152 0.115065257575953
0.557468575246433 0.115503448333715
0.552264231633827 0.115914540195660
0.547054156659257 0.116298975942220
0.541838921666158 0.116657201054011
0.536619098563816 0.116989679256811
0.531395259764657 0.117296879525716
0.526167978121472 0.117579277954184
0.520937826864600 0.117837348368637
0.515705379539064 0.118071577179622
0.510471209941678 0.118282457308175
0.505235892058123 0.118470489607985
0.500000000000000 0.118636122135960
0.494764107941877 0.118779729222678
0.489528790058322 0.118901685827596
0.484294620460936 0.119002375046462
0.479062173135400 0.119082185195536
0.473832021878528 0.119141409195676
0.468604740235343 0.119180201649300
0.463380901436184 0.119198714263004
0.458161078333842 0.119197105464425
0.452945843340743 0.119175540658521
0.447735768366173 0.119134185497010
0.442531424753567 0.119073203100225
0.437333383217848 0.118992762434860
0.432142213782848 0.118893038996361
0.426958485718794 0.118774214977968
0.421782767479885 0.118636461682136
0.416615626641949 0.118479933154027
0.411457629840209 0.118304788808115
0.406309342707138 0.118111193300524
0.401171329810437 0.117899318077542
0.396044154591120 0.117669304374747
0.390928379301729 0.117421256802400
0.385824564944672 0.117155283413193
0.380733271210710 0.116871500861636
0.375655056417573 0.116570031099627
0.370590477448740 0.116250990064633
0.365540089692367 0.115914492475665
0.360504446980385 0.115560655713696
0.355484101527764 0.115189608078671
0.350479603871957 0.114801479720171
0.345491502812526 0.114396389942239
0.340520345350965 0.113974447419877
0.335566676630708 0.113535775762596
0.330631039877354 0.113080498408504
0.325713976339092 0.112608755779416
0.320816025227350 0.112120689082906
0.315937723657661 0.111616445523447
0.311079606590766 0.111096187544753
0.306242206773949 0.110560076906115
0.301426054682610 0.110008254434376
0.296631678462100 0.109440828334571
0.291859603869799 0.108857906505191
0.287110354217464 0.108259616041882
0.282384450313836 0.107646082491039
0.277682410407536 0.107017459039746
0.273004750130227 0.106373897685766
0.268351982440069 0.105715567759123
0.263724617565473 0.105042641303779
0.259123162949143 0.104355253631555
0.254548123192430 0.103653489568100
0.250000000000000 0.102937452863985
0.245479292124815 0.102207252993254
0.240986495313435 0.101463019067745
0.236522102251661 0.100704895377716
0.232086602510502 0.099933026692315
0.227680482492487 0.099147585277046
0.223304225378328 0.098348740308010
0.218958311073935 0.097536632982207
0.214643216157784 0.096711417010087
0.210359413828661 0.095873259671747
0.206107373853763 0.095022342259081
0.201887562517192 0.094158866457936
0.197700442568813 0.093283039524219
0.193546473173512 0.092395090909146
0.189426109860845 0.091495240705113
0.185339804475081 0.090583677658322
0.181288005125655 0.089660605439085
0.177271156138025 0.088726244998344
0.173289698004947 0.087780756744088
0.169344067338174 0.086824273624040
0.165434696820571 0.085856938168965
0.161562015158670 0.084878922682924
0.157726447035656 0.083890455122684
0.153928413064797 0.082891795890943
0.150168329743317 0.081883212892198
0.146446609406726 0.080864913976147
0.142763660183598 0.079837003199353
0.139119885950819 0.078799622377616
0.135515686289294 0.077752923548803
0.131951456440133 0.076697068524120
0.128427587261303 0.075632244791167
0.124944465184770 0.074558665735802
0.121502472174122 0.073476601707477
0.118101985682679 0.072386328934473
0.114743378612105 0.071288163939453
0.111427019271515 0.070182273391175
0.108153271337080 0.069068822318120
0.104922493812155 0.067947997101166
0.101735040987902 0.066820022006317
0.098591262404443 0.065685154326178
0.095491502812526 0.064543705367760
0.092436102135723 0.063396043196041
0.089425395433148 0.062242576730714
0.086459712862719 0.061083673677495
0.083539379644950 0.059919484570680
0.080664716027288 0.058750164291813
0.077836037248993 0.057575899209621
0.075053653506568 0.056396892557611
0.072317869919747 0.055213426543631
0.069628986498028 0.054025871938170
0.066987298107781 0.052834655358276
0.064393094439905 0.051640225638828
0.061846659978068 0.050442973696623
0.059348273967504 0.049243307289555
0.056898210384393 0.048041301427479
0.054496737905816 0.046837068513691
0.052144119880294 0.045630847429418
0.049840614298903 0.044422978093552
0.047586473766990 0.043213885521772
0.045381945476466 0.042004065509465
0.043227271178700 0.040794100620156
0.041122687158010 0.039584553564025
0.039068424205750 0.038375978868587
0.037064707595003 0.037168620509059
0.035111757055874 0.035962877054070
0.033209786751399 0.034759361477692
0.031359005254054 0.033558745600917
0.029559615522887 0.032361865967145
0.027811814881260 0.031169748922528
0.026115794995207 0.029983751591515
0.024471741852423 0.028804670917102
0.022879835741862 0.027632739113472
0.021340251233966 0.026466968922156
0.019853157161529 0.025305971229841
0.018418716601171 0.024148889393533
0.017037086855466 0.022995169728978
0.015708419435685 0.021844382203450
0.014432860045182 0.020696417177385
0.013210548563420 0.019551330107772
0.012041619030626 0.018409285709359
0.010926199633097 0.017272205610784
0.009864412689139 0.016143812089197
0.008856374635656 0.015028865233832
0.007902196015379 0.013932571354537
0.007001981464748 0.012860408034136
0.006155829702431 0.011818048661409
0.005363833518506 0.010811450994470
0.004626079764278 0.009846125305963
0.003942649342761 0.008928319740920
0.003313617199802 0.008060098313779
0.002739052315863 0.007232636374868
0.002219017698460 0.006436973503538
0.001753570375248 0.005666443184906
0.001342761387771 0.004916474036366
0.000986635785864 0.004183387042849
0.000685232622713 0.003464365741418
0.000438584950571 0.002757180411251
0.000246719817134 0.002059935809835
0.000109658262577 0.001370940464824
0.000027415317244 0.000687974835300
0.000000000000000 0.000000000000000
0.000027415317244 -0.000703138809779
0.000109658262577 -0.001418030284282
0.000246719817134 -0.002139785288624
0.000438584950571 -0.002863598498343
0.000685232622713 -0.003584015040742
0.000986635785864 -0.004295207152112
0.001342761387771 -0.004990865386943
0.001753570375248 -0.005663863037744
0.002219017698460 -0.006306170209507
0.002739052315863 -0.006915183746424
0.003313617199802 -0.007491981829638
0.003942649342761 -0.008039287984315
0.004626079764278 -0.008559655630451
0.005363833518506 -0.009055706645821
0.006155829702431 -0.009530695801253
0.007001981464748 -0.009988382957152
0.007902196015379 -0.010433377089177
0.008856374635656 -0.010871083301975
0.009864412689139 -0.011309085354263
0.010926199633097 -0.011757180369221
0.012041619030626 -0.012219672930267
0.013210548563420 -0.012696471456984
0.014432860045182 -0.013185599142583
0.015708419435684 -0.013684640366254
0.017037086855466 -0.014191390593714
0.018418716601171 -0.014703350285893
0.019853157161528 -0.015217756380235
0.021340251233966 -0.015731770091786
0.022879835741862 -0.016242325360234
0.024471741852423 -0.016746082846247
0.026115794995207 -0.017240772453285
0.027811814881259 -0.017725258606632
0.029559615522887 -0.018199241468946
0.031359005254054 -0.018662898546560
0.033209786751399 -0.019116442916497
0.035111757055874 -0.019560281797253
0.037064707595003 -0.019995054171118
0.039068424205750 -0.020421699919508
0.041122687158009 -0.020841488864798
0.043227271178699 -0.021255807593980
0.045381945476466 -0.021665953152793
0.047586473766990 -0.022072643455348
0.049840614298903 -0.022475248230778
0.052144119880293 -0.022873094662852
0.054496737905816 -0.023265737381947
0.056898210384393 -0.023652791321567
0.059348273967504 -0.024033869040670
0.061846659978068 -0.024408622751270
0.064393094439905 -0.024776786184417
0.066987298107781 -0.025138149704294
0.069628986498028 -0.025492536502007
0.072317869919747 -0.025839803805259
0.075053653506568 -0.026179840249493
0.077836037248992 -0.026512554321414
0.080664716027288 -0.026837912483084
0.083539379644950 -0.027155919513675
0.086459712862719 -0.027466644617393
0.089425395433148 -0.027770235723937
0.092436102135723 -0.028066928745474
0.095491502812526 -0.028356984333956
0.098591262404443 -0.028640550902021
0.101735040987902 -0.028917783340359
0.104922493812155 -0.029188702970789
0.108153271337080 -0.029453118363375
0.111427019271514 -0.029710837775271
0.114743378612105 -0.029961739309879
0.118101985682679 -0.030205747498653
0.121502472174122 -0.030442812712069
0.124944465184770 -0.030672906772788
0.128427587261303 -0.030896023532519
0.131951456440133 -0.031112171446948
0.135515686289294 -0.031321327675687
0.139119885950819 -0.031523474274190
0.142763660183598 -0.031718610572797
0.146446609406726 -0.031906733470698
0.150168329743317 -0.032087853601286
0.153928413064796 -0.032262002813818
0.157726447035656 -0.032429257890109
0.161562015158669 -0.032589724659583
0.165434696820571 -0.032743532385575
0.169344067338174 -0.032890761907878
0.173289698004947 -0.033031445566761
0.177271156138025 -0.033165627838141
0.181288005125655 -0.033293344353559
0.185339804475081 -0.033414574960830
0.189426109860845 -0.033529300850290
0.193546473173511 -0.033637514956777
0.197700442568812 -0.033739243570988
0.201887562517192 -0.033834539905314
0.206107373853763 -0.033923471479876
0.210359413828660 -0.034006098842060
0.214643216157784 -0.034082425204710
0.218958311073935 -0.034152446606490
0.223304225378328 -0.034216168255507
0.227680482492486 -0.034273591884579
0.232086602510501 -0.034324707397737
0.236522102251661 -0.034369510354673
0.240986495313435 -0.034408003344749
0.245479292124814 -0.034440197588293
0.250000000000000 -0.034466112078751
0.254548123192429 -0.034485773624209
0.259123162949142 -0.034499215286400
0.263724617565473 -0.034506441692426
0.268351982440069 -0.034507420163643
0.273004750130227 -0.034502120131814
0.277682410407536 -0.034490515715718
0.282384450313836 -0.034472591436076
0.287110354217464 -0.034448346200958
0.291859603869799 -0.034417785203480
0.296631678462100 -0.034380918132244
0.301426054682609 -0.034337746736237
0.306242206773948 -0.034288233283393
0.311079606590766 -0.034232334605710
0.315937723657661 -0.034170010709076
0.320816025227350 -0.034101223407695
0.325713976339092 -0.034025921643690
0.330631039877354 -0.033944048898461
0.335566676630708 -0.033855550285029
0.340520345350965 -0.033760374518757
0.345491502812526 -0.033658475461919
0.350479603871956 -0.033549813051920
0.355484101527764 -0.033434352135780
0.360504446980385 -0.033312059248501
0.365540089692367 -0.033182907004935
0.370590477448739 -0.033046888344645
0.375655056417572 -0.032904011364978
0.380733271210709 -0.032754288363205
0.385824564944672 -0.032597733478615
0.390928379301728 -0.032434347789254
0.396044154591120 -0.032264070968020
0.401171329810437 -0.032086833308506
0.406309342707137 -0.031902566953864
0.411457629840208 -0.031711204952077
0.416615626641949 -0.031512589986381
0.421782767479884 -0.031306429117909
0.426958485718794 -0.031092418568424
0.432142213782848 -0.030870252974567
0.437333383217848 -0.030639629131826
0.442531424753567 -0.030400225519795
0.447735768366173 -0.030151711293458
0.452945843340743 -0.029893753729490
0.458161078333842 -0.029626023740175
0.463380901436184 -0.029348159606462
0.468604740235343 -0.029059527765333
0.473832021878528 -0.028759354981600
0.479062173135400 -0.028446869381108
0.484294620460935 -0.028121299543046
0.489528790058321 -0.027781897967686
0.494764107941877 -0.027428031501927
0.500000000000000 -0.027059100372417
0.505235892058122 -0.026674515587848
0.510471209941678 -0.026273689093302
0.515705379539064 -0.025856240681345
0.520937826864600 -0.025422434141422
0.526167978121472 -0.024972662539519
0.531395259764656 -0.024507325322762
0.536619098563816 -0.024026829184224
0.541838921666157 -0.023531570770863
0.547054156659257 -0.023021928448601
0.552264231633827 -0.022498276125998
0.557468575246433 -0.021960999564017
0.562666616782152 -0.021410496312623
0.567857786217152 -0.020847476429447
0.573041514281206 -0.020272983340727
0.578217232520115 -0.019688078006271
0.583384373358051 -0.019093820906313
0.588542370159791 -0.018491270429969
0.593690657292862 -0.017881473285315
0.598828670189563 -0.017265472722400
0.603955845408879 -0.016644304033584
0.609071620698271 -0.016018996333562
0.614175435055328 -0.015390494081624
0.619266728789290 -0.014759478977157
0.624344943582427 -0.014126577655261
0.629409522551260 -0.013492406579501
0.634459910307633 -0.012857571073189
0.639495553019614 -0.012222657527276
0.644515898472235 -0.011588228308107
0.649520396128043 -0.010954827960966
0.654508497187474 -0.010323002793713
0.659479654649035 -0.009693280598839
0.664433323369291 -0.009066181622634
0.669368960122646 -0.008442210735784
0.674286023660907 -0.007821863594902
0.679183974772650 -0.007205625805589
0.684062276342339 -0.006593964437194
0.688920393409233 -0.005987326423623
0.693757793226051 -0.005386147103295
0.698573945317390 -0.004790852427217
0.703368321537900 -0.004201856141934
0.708140396130200 -0.003619561646427
0.712889645782536 -0.003044364567944
0.717615549686163 -0.002476641309531
0.722317589592464 -0.001916768925359
0.726995249869773 -0.001365124596733
0.731648017559930 -0.000822083993679
0.736275382434527 -0.000288002266420
0.740876837050857 0.000236783128720
0.745451876807570 0.000751949062570
0.750000000000000 0.001257198910472
0.754520707875185 0.001752245377178
0.759013504686565 0.002236815505134
0.763477897748338 0.002710632683801
0.767913397489498 0.003173437287512
0.772319517507513 0.003624985140137
0.776695774621672 0.004065031568746
0.781041688926065 0.004493313578838
0.785356783842216 0.004909586407594
0.789640586171339 0.005313621335081
0.793892626146236 0.005705222284049
0.798112437482808 0.006084217200188
0.802299557431187 0.006450450182966
0.806453526826488 0.006803784623714
0.810573890139155 0.007144085710285
0.814660195524918 0.007471232982832
0.818711994874345 0.007785126872722
0.822728843861975 0.008085623362907
0.826710301995052 0.008372554987732
0.830655932661826 0.008645782790061
0.834565303179429 0.008905188899086
0.838437984841330 0.009150689352851
0.842273552964344 0.009382221189897
0.846071586935203 0.009599746826670
0.849831670256683 0.009803260757533
0.853553390593274 0.009992779708674
0.857236339816401 0.010168329367577
0.860880114049181 0.010329918535092
0.864484313710706 0.010477569003772
0.868048543559867 0.010611315434489
0.871572412738697 0.010731171415059
0.875055534815230 0.010837169746672
0.878497527825878 0.010929372392472
0.881898014317321 0.011007874925956
0.885256621387894 0.011072798351449
0.888572980728485 0.011124290310851
0.891846728662920 0.011162522624496
0.895077506187845 0.011187687490948
0.898264959012098 0.011199982184597
0.901408737595557 0.011199618169656
0.904508497187474 0.011186740649637
0.907563897864277 0.011161349118185
0.910574604566852 0.011123467028391
0.913540287137281 0.011073171629821
0.916460620355049 0.011010586688445
0.919335283972712 0.010935872923258
0.922163962751007 0.010849228829102
0.924946346493432 0.010750884457129
0.927682130080253 0.010641096382995
0.930371013501972 0.010520157720302
0.933012701892219 0.010388433545331
0.935606905560095 0.010246301134994
0.938153340021932 0.010093914812875
0.940651726032496 0.009931334231405
0.943101789615607 0.009758615928349
0.945503262094184 0.009575837619977
0.947855880119706 0.009383164752992
0.950159385701097 0.009180839376716
0.952413526233010 0.008969161579021
0.954618054523534 0.008748485180954
0.956772728821300 0.008519221546556
0.958877312841991 0.008281831538006
0.960931575794250 0.008036832947092
0.962935292404997 0.007784781151308
0.964888242944126 0.007526247596204
0.966790213248601 0.007261760936220
0.968640994745946 0.006991792706576
0.970440384477113 0.006716875421619
0.972188185118740 0.006437608384484
0.973884205004793 0.006154631755059
0.975528258147577 0.005868640502830
0.977120164258138 0.005580364002722
0.978659748766034 0.005290574837122
0.980146842838471 0.005000075391596
0.981581283398829 0.004709698892828
0.982962913144534 0.004420298974093
0.984291580564316 0.004132752649137
0.985567139954818 0.003847975947207
0.986789451436580 0.003566969054707
0.987958380969374 0.003290728813542
0.989073800366903 0.003020228253234
0.990135587310861 0.002756414691472
0.991143625364344 0.002500190995033
0.992097803984621 0.002252445844118
0.992998018535252 0.002014028794874
0.993844170297569 0.001785744945949
0.994636166481494 0.001568371600909
0.995373920235722 0.001362645123560
0.996057350657239 0.001169259959339
0.996686382800198 0.000988865467036
0.997260947684137 0.000822065787929
0.997780982301540 0.000669422820468
0.998246429624752 0.000531440324333
0.998657238612229 0.000408590727341
0.999013364214136 0.000301279269992
0.999314767377287 0.000209862730929
0.999561415049429 0.000134651497041
0.999753280182866 0.000075888375464
0.999890341737423 0.000033775283541
0.999972584682756 0.000008450042497
1.000000000000000 0.000000000000000
