1.000000000000000 0.000000000000000
0.999972584682756 0.000007464010408
0.999890341737423 0.000029838917856
0.999753280182866 0.000067084007128
0.999561415049429 0.000119137907470
0.999314767377287 0.000185913857657
0.999013364214136 0.000267316213180
0.998657238612229 0.000363253979934
0.998246429624752 0.000473637140966
0.997780982301540 0.000598398627464
0.997260947684137 0.000737523764237
0.996686382800198 0.000891036104588
0.996057350657239 0.001059040628239
0.995373920235722 0.001241745513560
0.994636166481494 0.001439255560613
0.993844170297569 0.001651555372733
0.992998018535252 0.001878557932773
0.992097803984621 0.002120147792333
0.991143625364344 0.002376148560030
0.990135587310861 0.002646339934545
0.989073800366903 0.002930494040932
0.987958380969374 0.003228478144627
0.986789451436580 0.003540165321985
0.985567139954818 0.003865419059717
0.984291580564316 0.004204085953864
0.982962913144534 0.004556018539860
0.981581283398829 0.004920991525474
0.980146842838472 0.005298712212421
0.978659748766034 0.005688795771549
0.977120164258138 0.006090800171048
0.975528258147577 0.006504238583476
0.973884205004793 0.006928539225952
0.972188185118741 0.007363207124396
0.970440384477113 0.007807904191128
0.968640994745946 0.008262601118623
0.966790213248601 0.008727280466985
0.964888242944126 0.009201960694845
0.962935292404997 0.009686730195195
0.960931575794250 0.010181677613741
0.958877312841991 0.010686789097982
0.956772728821300 0.011201975103054
0.954618054523534 0.011727080008886
0.952413526233010 0.012261962617723
0.950159385701097 0.012806511574646
0.947855880119706 0.013360642605510
0.945503262094184 0.013924335670924
0.943101789615607 0.014497821428530
0.940651726032496 0.015081424037676
0.938153340021932 0.015675505578918
0.935606905560095 0.016280480740501
0.933012701892219 0.016896837582056
0.930371013501972 0.017525073908238
0.927682130080253 0.018165553539466
0.924946346493432 0.018818616147461
0.922163962751008 0.019484672032942
0.919335283972712 0.020164175458524
0.916460620355050 0.020857555676913
0.913540287137281 0.021565207027324
0.910574604566852 0.022287351272325
0.907563897864277 0.023023822620525
0.904508497187474 0.023774418688999
0.901408737595557 0.024538955395017
0.898264959012098 0.025317255805600
0.895077506187845 0.026109076864606
0.891846728662920 0.026914108220248
0.888572980728485 0.027732013511320
0.885256621387895 0.028562407357618
0.881898014317321 0.029404866911645
0.878497527825878 0.030258929159915
0.875055534815230 0.031124092474364
0.871572412738697 0.031999806343710
0.868048543559867 0.032885425930764
0.864484313710706 0.033780207818469
0.860880114049181 0.034683365415554
0.857236339816402 0.035594126945113
0.853553390593274 0.036511703913627
0.849831670256683 0.037435334694267
0.846071586935203 0.038364685413933
0.842273552964344 0.039299719592313
0.838437984841330 0.040240408647760
0.834565303179429 0.041186717262231
0.830655932661826 0.042138598473594
0.826710301995053 0.043096022979697
0.822728843861975 0.044059136597821
0.818711994874345 0.045028295511928
0.814660195524919 0.046003885014003
0.810573890139155 0.046986298075277
0.806453526826488 0.047975846393722
0.802299557431188 0.048972846366445
0.798112437482808 0.049977621394581
0.793892626146237 0.050990346947204
0.789640586171339 0.052011104184819
0.785356783842216 0.053039976317221
0.781041688926065 0.054076989050196
0.776695774621672 0.055121985123406
0.772319517507513 0.056174761615258
0.767913397489498 0.057235104165915
0.763477897748339 0.058302677797007
0.759013504686565 0.059376949522190
0.754520707875186 0.060457382223830
0.750000000000000 0.061543395152531
0.745451876807570 0.062634270372249
0.740876837050858 0.063729163442760
0.736275382434527 0.064827187773186
0.731648017559931 0.065927459607254
0.726995249869773 0.067029092861880
0.722317589592464 0.068131230117814
0.717615549686164 0.069232989372668
0.712889645782536 0.070333479654062
0.708140396130201 0.071431953202135
0.703368321537900 0.072527818271991
0.698573945317390 0.073620478921767
0.693757793226052 0.074709325814340
0.688920393409234 0.075793781657491
0.684062276342339 0.076873308408922
0.679183974772650 0.077947361582830
0.674286023660908 0.079015398393282
0.669368960122646 0.080076887068184
0.664433323369292 0.081131315323302
0.659479654649035 0.082178169970335
0.654508497187474 0.083216945293465
0.649520396128043 0.084247138952430
0.644515898472236 0.085268232953954
0.639495553019615 0.086279704504335
0.634459910307633 0.087281031110395
0.629409522551260 0.088271691389495
0.624344943582428 0.089251151540049
0.619266728789291 0.090218855049518
0.614175435055328 0.091174223302515
0.609071620698271 0.092116679830848
0.603955845408880 0.093045650668022
0.598828670189563 0.093960551424308
0.593690657292862 0.094860737442900
0.588542370159792 0.095745570324882
0.583384373358051 0.096614409016504
0.578217232520115 0.097466618237864
0.573041514281206 0.098301553351944
0.567857786217152 0.099118548271395
0.562666616782152 0.099916945995052
0.557468575246433 0.100696089357166
0.552264231633827 0.101455333651169
0.547054156659257 0.102194063885899
0.541838921666158 0.102911677129463
0.536619098563816 0.103607587613042
0.531395259764657 0.104281214548320
0.526167978121472 0.104931997175518
0.520937826864600 0.105559496335311
0.515705379539064 0.106163363555539
0.510471209941678 0.106743259234599
0.505235892058123 0.107298846953091
0.500000000000000 0.107829818850896
0.494764107941877 0.108336002898099
0.489528790058322 0.108817304748042
0.484294620460936 0.109273643386044
0.479062173135400 0.109704944397421
0.473832021878528 0.110111170310734
0.468604740235343 0.110492538440907
0.463380901436184 0.110849407102776
0.458161078333842 0.111182146271526
0.452945843340743 0.111491125168884
0.447735768366173 0.111776717025475
0.442531424753567 0.112039230428540
0.437333383217848 0.112278945266229
0.432142213782848 0.112496147343625
0.426958485718794 0.112691127920524
0.421782767479885 0.112864140413859
0.416615626641949 0.113015072896221
0.411457629840209 0.113143642897419
0.406309342707138 0.113249578783960
0.401171329810437 0.113332620940009
0.396044154591120 0.113392558206386
0.390928379301729 0.113429432363879
0.385824564944672 0.113443394103912
0.380733271210710 0.113434602222623
0.375655056417573 0.113403223501803
0.370590477448740 0.113349352756176
0.365540089692367 0.113272714924024
0.360504446980385 0.113172936813823
0.355484101527764 0.113049662727903
0.350479603871957 0.112902554139954
0.345491502812526 0.112731351885310
0.340520345350965 0.112535979392256
0.335566676630708 0.112316403816597
0.330631039877354 0.112072603877174
0.325713976339092 0.111804577549921
0.320816025227350 0.111512475191270
0.315937723657661 0.111196648715413
0.311079606590766 0.110857463696812
0.306242206773949 0.110495298620952
0.301426054682610 0.110110499309665
0.296631678462100 0.109703129998829
0.291859603869799 0.109273127400593
0.287110354217464 0.108820440396559
0.282384450313836 0.108345040128975
0.277682410407536 0.107847156895991
0.273004750130227 0.107327530962166
0.268351982440069 0.106786954619515
0.263724617565473 0.106226215999531
0.259123162949143 0.105646094370232
0.254548123192430 0.105047285238520
0.250000000000000 0.104430461257275
0.245479292124815 0.103796286639556
0.240986495313435 0.103145409105713
0.236522102251661 0.102478117561988
0.232086602510502 0.101794415428563
0.227680482492487 0.101094299179248
0.223304225378328 0.100377805651057
0.218958311073935 0.099645187916348
0.214643216157784 0.098896981535648
0.210359413828661 0.098133735034584
0.206107373853763 0.097356003170984
0.201887562517192 0.096564257517895
0.197700442568813 0.095758866727005
0.193546473173512 0.094940194422366
0.189426109860845 0.094108604607827
0.185339804475081 0.093264082750258
0.181288005125655 0.092406247527255
0.177271156138025 0.091534742721242
0.173289698004947 0.090649285010385
0.169344067338174 0.089749864250987
0.165434696820571 0.088836615009335
0.161562015158670 0.087909708937063
0.157726447035656 0.086969378137714
0.153928413064797 0.086016027994294
0.150168329743317 0.085050095210656
0.146446609406726 0.084072016490227
0.142763660183598 0.083081975577935
0.139119885950819 0.082079970201906
0.135515686289294 0.081066055413311
0.131951456440133 0.080040276672682
0.128427587261303 0.079002666145118
0.124944465184770 0.077953300495520
0.121502472174122 0.076892319158441
0.118101985682679 0.075820058649449
0.114743378612105 0.074736907854214
0.111427019271515 0.073643297470546
0.108153271337080 0.072539711545369
0.104922493812155 0.071426663221535
0.101735040987902 0.070304656374239
0.098591262404443 0.069173931986764
0.095491502812526 0.068034684887517
0.092436102135723 0.066887126992796
0.089425395433148 0.065731454298226
0.086459712862719 0.064567887248707
0.083539379644950 0.063396793142567
0.080664716027288 0.062218877556550
0.077836037248993 0.061034901669366
0.075053653506568 0.059845790560822
0.072317869919747 0.058652614867029
0.069628986498028 0.057456417749265
0.066987298107781 0.056258009319092
0.064393094439905 0.055058104520093
0.061846659978068 0.053857070827731
0.059348273967504 0.052654703835588
0.056898210384393 0.051450887047097
0.054496737905816 0.050245832664082
0.052144119880294 0.049039860154379
0.049840614298903 0.047832936304481
0.047586473766990 0.046624749866001
0.045381945476466 0.045414975354214
0.043227271178700 0.044203196084270
0.041122687158010 0.042989143754862
0.039068424205750 0.041772784997361
0.037064707595003 0.040554225862475
0.035111757055874 0.039333715504319
0.033209786751399 0.038111639765187
0.031359005254054 0.036888437453557
0.029559615522887 0.035664728063466
0.027811814881260 0.034441524908818
0.026115794995207 0.033219692434338
0.024471741852423 0.031998902838242
0.022879835741862 0.030778374307605
0.021340251233966 0.029556721882425
0.019853157161529 0.028332885418845
0.018418716601171 0.027106231088541
0.017037086855466 0.025876450456823
0.015708419435685 0.024643550020745
0.014432860045182 0.023408349287207
0.013210548563420 0.022171978036852
0.012041619030626 0.020935795287242
0.010926199633097 0.019701376471149
0.009864412689139 0.018470636514332
0.008856374635656 0.017245893039703
0.007902196015379 0.016031030016445
0.007001981464748 0.014830747813947
0.006155829702431 0.013650128911679
0.005363833518506 0.012494448295449
0.004626079764278 0.011369717376749
0.003942649342761 0.010281287391597
0.003313617199802 0.009230142372913
0.002739052315863 0.008212120244474
0.002219017698460 0.007225561784383
0.001753570375248 0.006271387402640
0.001342761387771 0.005353065792073
0.000986635785864 0.004478728706109
0.000685232622713 0.003650932351792
0.000438584950571 0.002862831108599
0.000246719817134 0.002107585197483
0.000109658262577 0.001380794562362
0.000027415317244 0.000679125340077
0.000000000000000 0.000000000000000
0.000027415317244 -0.000664480935428
0.000109658262577 -0.001335008995099
0.000246719817134 -0.002010458036506
0.000438584950571 -0.002686330435420
0.000685232622713 -0.003357705752875
0.000986635785864 -0.004019064656315
0.001342761387771 -0.004665108452980
0.001753570375248 -0.005297373231976
0.002219017698460 -0.005919951934705
0.002739052315863 -0.006537226529535
0.003313617199802 -0.007153747612336
0.003942649342761 -0.007775618458682
0.004626079764278 -0.008408832057023
0.005363833518506 -0.009056358644752
0.006155829702431 -0.009713431345126
0.007001981464748 -0.010375391771461
0.007902196015379 -0.011038426103546
0.008856374635656 -0.011698799034073
0.009864412689139 -0.012353218373539
0.010926199633097 -0.012999402844729
0.012041619030626 -0.013637041568222
0.013210548563420 -0.014266524053895
0.014432860045182 -0.014888867724403
0.015708419435684 -0.015505911132676
0.017037086855466 -0.016119928481960
0.018418716601171 -0.016733197109427
0.019853157161528 -0.017346416464890
0.021340251233966 -0.017959118335498
0.022879835741862 -0.018571418380363
0.024471741852423 -0.019183939178740
0.026115794995207 -0.019797790023847
0.027811814881259 -0.020413753635421
0.029559615522887 -0.021031915923210
0.031359005254054 -0.021651886474585
0.033209786751399 -0.022272959403393
0.035111757055874 -0.022894668958637
0.037064707595003 -0.023516734769373
0.039068424205750 -0.024138803759785
0.041122687158009 -0.024760458504425
0.043227271178699 -0.025381021001593
0.045381945476466 -0.025999719287765
0.047586473766990 -0.026615902983918
0.049840614298903 -0.027228975282560
0.052144119880293 -0.027838339651260
0.054496737905816 -0.028443404785469
0.056898210384393 -0.029043547450892
0.059348273967504 -0.029638117856442
0.061846659978068 -0.030226474122342
0.064393094439905 -0.030807984197032
0.066987298107781 -0.031382173567097
0.069628986498028 -0.031948803526081
0.072317869919747 -0.032507800364096
0.075053653506568 -0.033059502882345
0.077836037248992 -0.033604429218647
0.080664716027288 -0.034143196403750
0.083539379644950 -0.034676534660065
0.086459712862719 -0.035205174440139
0.089425395433148 -0.035729656063812
0.092436102135723 -0.036250598497379
0.095491502812526 -0.036768742377131
0.098591262404443 -0.037284961063615
0.101735040987902 -0.037800129978383
0.104922493812155 -0.038314773507541
0.108153271337080 -0.038829368162699
0.111427019271514 -0.039344190796266
0.114743378612105 -0.039859050511833
0.118101985682679 -0.040373718159591
0.121502472174122 -0.040887950768987
0.124944465184770 -0.041401479248180
0.128427587261303 -0.041914019553721
0.131951456440133 -0.042424876008225
0.135515686289294 -0.042932924354226
0.139119885950819 -0.043436978539123
0.142763660183598 -0.043935908177596
0.146446609406726 -0.044428646845238
0.150168329743317 -0.044914096226071
0.153928413064796 -0.045391210206628
0.157726447035656 -0.045859050599986
0.161562015158669 -0.046316653657928
0.165434696820571 -0.046763115986551
0.169344067338174 -0.047197737281782
0.173289698004947 -0.047619857768200
0.177271156138025 -0.048028862936583
0.181288005125655 -0.048424687886624
0.185339804475081 -0.048807627511813
0.189426109860845 -0.049178018363347
0.193546473173511 -0.049536190147263
0.197700442568812 -0.049882398241792
0.201887562517192 -0.050216917180085
0.206107373853763 -0.050540052688028
0.210359413828660 -0.050852144860230
0.214643216157784 -0.051153570791409
0.218958311073935 -0.051444739461021
0.223304225378328 -0.051726087006029
0.227680482492486 -0.051998046871349
0.232086602510501 -0.052261062482428
0.236522102251661 -0.052515609004185
0.240986495313435 -0.052762146861191
0.245479292124814 -0.053000918434019
0.250000000000000 -0.053232100703598
0.254548123192429 -0.053455886908362
0.259123162949142 -0.053672380581823
0.263724617565473 -0.053881084886500
0.268351982440069 -0.054081270650192
0.273004750130227 -0.054272194190697
0.277682410407536 -0.054453094197415
0.282384450313836 -0.054623197343474
0.287110354217464 -0.054781714171497
0.291859603869799 -0.054927842563941
0.296631678462100 -0.055060770264894
0.301426054682609 -0.055179789329496
0.306242206773948 -0.055284305837603
0.311079606590766 -0.055373727725153
0.315937723657661 -0.055447459308140
0.320816025227350 -0.055505026508245
0.325713976339092 -0.055546348709045
0.330631039877354 -0.055571428569410
0.335566676630708 -0.055580279072718
0.340520345350965 -0.055572947154357
0.345491502812526 -0.055549838050454
0.350479603871956 -0.055511641240880
0.355484101527764 -0.055459076310245
0.360504446980385 -0.055392885109267
0.365540089692367 -0.055313740147156
0.370590477448739 -0.055221989407157
0.375655056417572 -0.055117911556555
0.380733271210709 -0.055001797941360
0.385824564944672 -0.054873944630878
0.390928379301728 -0.054734390120135
0.396044154591120 -0.054582782453753
0.401171329810437 -0.054418737406391
0.406309342707137 -0.054241872551099
0.411457629840208 -0.054051782738272
0.416615626641949 -0.053847760051154
0.421782767479884 -0.053628863147830
0.426958485718794 -0.053394141736325
0.432142213782848 -0.053142641464265
0.437333383217848 -0.052873405415229
0.442531424753567 -0.052585494477557
0.447735768366173 -0.052277969749203
0.452945843340743 -0.051949893826631
0.458161078333842 -0.051600330095595
0.463380901436184 -0.051228390905357
0.468604740235343 -0.050833400244268
0.473832021878528 -0.050414747875970
0.479062173135400 -0.049971820179524
0.484294620460935 -0.049504013450468
0.489528790058321 -0.049010863337157
0.494764107941877 -0.048492294785353
0.500000000000000 -0.047948302095023
0.505235892058122 -0.047378888434686
0.510471209941678 -0.046784068351344
0.515705379539064 -0.046164081812900
0.520937826864600 -0.045519564701287
0.526167978121472 -0.044851205306513
0.531395259764656 -0.044159702741204
0.536619098563816 -0.043445763494021
0.541838921666157 -0.042710202907737
0.547054156659257 -0.041953934409710
0.552264231633827 -0.041177890930093
0.557468575246433 -0.040383007068124
0.562666616782152 -0.039570229667196
0.567857786217152 -0.038740448424445
0.573041514281206 -0.037894531651050
0.578217232520115 -0.037033343467057
0.583384373358051 -0.036157758242904
0.588542370159791 -0.035268653906421
0.593690657292862 -0.034366912523543
0.598828670189563 -0.033453418156064
0.603955845408879 -0.032529059774925
0.609071620698271 -0.031594717867002
0.614175435055328 -0.030651311713498
0.619266728789290 -0.029699816738604
0.624344943582427 -0.028741201154621
0.629409522551260 -0.027776434484918
0.634459910307633 -0.026806484522234
0.639495553019614 -0.025832378267435
0.644515898472235 -0.024855167755296
0.649520396128043 -0.023875894283129
0.654508497187474 -0.022895587644332
0.659479654649035 -0.021915353253349
0.664433323369291 -0.020936474302983
0.669368960122646 -0.019960214404768
0.674286023660907 -0.018987835185437
0.679183974772650 -0.018020587460388
0.684062276342339 -0.017059920898851
0.688920393409233 -0.016107321151665
0.693757793226051 -0.015164233627299
0.698573945317390 -0.014232084909551
0.703368321537900 -0.013312582226311
0.708140396130200 -0.012407627695697
0.712889645782536 -0.011519045903856
0.717615549686163 -0.010648606454654
0.722317589592464 -0.009797986679679
0.726995249869773 -0.008968792531401
0.731648017559930 -0.008162546800047
0.736275382434527 -0.007380707782328
0.740876837050857 -0.006624607032963
0.745451876807570 -0.005895459201517
0.750000000000000 -0.005194400940030
0.754520707875185 -0.004522491133092
0.759013504686565 -0.003880402032993
0.763477897748338 -0.003268466503152
0.767913397489498 -0.002686960726366
0.772319517507513 -0.002136094153018
0.776695774621672 -0.001615742452206
0.781041688926065 -0.001125594206848
0.785356783842216 -0.000665322156585
0.789640586171339 -0.000234461489450
0.793892626146236 0.000167894378889
0.798112437482808 0.000542737238593
0.802299557431187 0.000891030708149
0.806453526826488 0.001213659287884
0.810573890139155 0.001511419905500
0.814660195524918 0.001785097702573
0.818711994874345 0.002035467046064
0.822728843861975 0.002263302036558
0.826710301995052 0.002469364832310
0.830655932661826 0.002654423133958
0.834565303179429 0.002819356430721
0.838437984841330 0.002965092838168
0.842273552964344 0.003092540587997
0.846071586935203 0.003202613110017
0.849831670256683 0.003296223963500
0.853553390593274 0.003374257301420
0.857236339816401 0.003437456359268
0.860880114049181 0.003486415954178
0.864484313710706 0.003521712294152
0.868048543559867 0.003543859903282
0.871572412738697 0.003553314276060
0.875055534815230 0.003550545495364
0.878497527825878 0.003536272294403
0.881898014317321 0.003511369352303
0.885256621387894 0.003476699140377
0.888572980728485 0.003433192687406
0.891846728662920 0.003381775477198
0.895077506187845 0.003323348930435
0.898264959012098 0.003258810552193
0.901408737595557 0.003189026634635
0.904508497187474 0.003114954277320
0.907563897864277 0.003037577402116
0.910574604566852 0.002957815133568
0.913540287137281 0.002876523463270
0.916460620355049 0.002794464703016
0.919335283972712 0.002712149965741
0.922163962751007 0.002629969869041
0.924946346493432 0.002548236943332
0.927682130080253 0.002467194474982
0.930371013501972 0.002387072105663
0.933012701892219 0.002308094626887
0.935606905560095 0.002230464310907
0.938153340021932 0.002154354686036
0.940651726032496 0.002079915012466
0.943101789615607 0.002007267725523
0.945503262094184 0.001936532157144
0.947855880119706 0.001867859054005
0.950159385701097 0.001801242526345
0.952413526233010 0.001736296159516
0.954618054523534 0.001672581642680
0.956772728821300 0.001609647020188
0.958877312841991 0.001547090094922
0.960931575794250 0.001484572222330
0.962935292404997 0.001421912386958
0.964888242944126 0.001359085841619
0.966790213248601 0.001296317687852
0.968640994745946 0.001233877118041
0.970440384477113 0.001171964785537
0.972188185118740 0.001110787272965
0.973884205004793 0.001050528690016
0.975528258147577 0.000991223000107
0.977120164258138 0.000932818057535
0.978659748766034 0.000875210732521
0.980146842838471 0.000818363044011
0.981581283398829 0.000762247784672
0.982962913144534 0.000706852764023
0.984291580564316 0.000652384308574
0.985567139954818 0.000599249412243
0.986789451436580 0.000547971865939
0.987958380969374 0.000498936593418
0.989073800366903 0.000452433134326
0.990135587310861 0.000408683181641
0.991143625364344 0.000367784572129
0.992097803984621 0.000329399005463
0.992998018535252 0.000293100864221
0.993844170297569 0.000258588905232
0.994636166481494 0.000225680658375
0.995373920235722 0.000194269893976
0.996057350657239 0.000164396660431
0.996686382800198 0.000136391382479
0.997260947684137 0.000110801283603
0.997780982301540 0.000087941262664
0.998246429624752 0.000067950412766
0.998657238612229 0.000050834058336
0.999013364214136 0.000036503664725
0.999314767377287 0.000024810516369
0.999561415049429 0.000015577803486
0.999753280182866 0.000008623763458
0.999890341737423 0.000003787286006
0.999972584682756 0.000000939822246
1.000000000000000 0.000000000000000
