1.000000000000000 0.000000000000000
0.999972584682756 0.000006424029706
0.999890341737423 0.000025713238606
0.999753280182866 0.000057901875296
0.999561415049429 0.000103057286083
0.999314767377287 0.000161261618342
0.999013364214136 0.000232626693158
0.998657238612229 0.000317270213753
0.998246429624752 0.000415342356716
0.997780982301540 0.000526987944737
0.997260947684137 0.000652367718272
0.996686382800198 0.000791640611872
0.996057350657239 0.000944958207313
0.995373920235722 0.001112467418242
0.994636166481494 0.001294295219931
0.993844170297569 0.001490541448121
0.992998018535252 0.001701266610935
0.992097803984621 0.001926501491188
0.991143625364344 0.002166216200589
0.990135587310861 0.002420324398983
0.989073800366903 0.002688655526139
0.987958380969374 0.002970976319592
0.986789451436580 0.003266945199093
0.985567139954818 0.003576120548267
0.984291580564316 0.003897941541850
0.982962913144534 0.004231729126524
0.981581283398829 0.004576616192065
0.980146842838472 0.004931821166853
0.978659748766034 0.005296979412482
0.977120164258138 0.005671922086404
0.975528258147577 0.006056558627251
0.973884205004793 0.006450793785273
0.972188185118741 0.006854611897492
0.970440384477113 0.007268000184533
0.968640994745946 0.007690830489832
0.966790213248601 0.008122870657122
0.964888242944126 0.008563824857573
0.962935292404997 0.009013408749380
0.960931575794250 0.009471341823320
0.958877312841991 0.009937326274161
0.956772728821300 0.010411078755181
0.954618054523534 0.010892332589821
0.952413526233010 0.011380857244294
0.950159385701097 0.011876440979670
0.947855880119706 0.012378862377808
0.945503262094184 0.012887915508495
0.943101789615607 0.013403409009100
0.940651726032496 0.013925148555764
0.938153340021932 0.014452933151754
0.935606905560095 0.014986553836371
0.933012701892219 0.015525802418250
0.930371013501972 0.016070468053848
0.927682130080253 0.016620352667959
0.924946346493432 0.017175263200412
0.922163962751008 0.017735025164343
0.919335283972712 0.018299468079487
0.916460620355050 0.018868444824634
0.913540287137281 0.019441841630049
0.910574604566852 0.020019557400869
0.907563897864277 0.020601499221023
0.904508497187474 0.021187584941822
0.901408737595557 0.021777752363101
0.898264959012098 0.022371957748726
0.895077506187845 0.022970130483613
0.891846728662920 0.023572190131927
0.888572980728485 0.024178054729673
0.885256621387895 0.024787650261999
0.881898014317321 0.025400924240942
0.878497527825878 0.026017825009717
0.875055534815230 0.026638317141897
0.871572412738697 0.027262369620040
0.868048543559867 0.027889936498731
0.864484313710706 0.028520950963435
0.860880114049181 0.029155349494339
0.857236339816402 0.029793076884985
0.853553390593274 0.030434099002775
0.849831670256683 0.031078390316318
0.846071586935203 0.031725908898432
0.842273552964344 0.032376610420806
0.838437984841330 0.033030447642778
0.834565303179429 0.033687369149204
0.830655932661826 0.034347306713223
0.826710301995053 0.035010193634390
0.822728843861975 0.035675972721121
0.818711994874345 0.036344588050803
0.814660195524919 0.037015998860797
0.810573890139155 0.037690151860340
0.806453526826488 0.038366947260908
0.802299557431188 0.039046270358357
0.798112437482808 0.039728008743509
0.793892626146237 0.040412053462742
0.789640586171339 0.041098306106361
0.785356783842216 0.041786668329410
0.781041688926065 0.042477040982852
0.776695774621672 0.043169274184158
0.772319517507513 0.043863205776335
0.767913397489498 0.044558670562482
0.763477897748339 0.045255499646292
0.759013504686565 0.045953527331823
0.754520707875186 0.046652581656083
0.750000000000000 0.047352487790839
0.745451876807570 0.048053072546902
0.740876837050858 0.048754137079885
0.736275382434527 0.049455488583362
0.731648017559931 0.050156930813554
0.726995249869773 0.050858257039427
0.722317589592464 0.051559267517300
0.717615549686164 0.052259753292634
0.712889645782536 0.052959507692283
0.708140396130201 0.053658322308213
0.703368321537900 0.054355968341309
0.698573945317390 0.055052219521697
0.693757793226052 0.055746846305829
0.688920393409234 0.056439615302583
0.684062276342339 0.057130268500174
0.679183974772650 0.057818546249006
0.674286023660908 0.058504175035362
0.669368960122646 0.059186889052390
0.664433323369292 0.059866368072668
0.659479654649035 0.060542232300071
0.654508497187474 0.061214104393760
0.649520396128043 0.061881597412240
0.644515898472236 0.062544332959161
0.639495553019615 0.063201934768520
0.634459910307633 0.063854041169851
0.629409522551260 0.064500277852285
0.624344943582428 0.065140279522145
0.619266728789291 0.065773675308246
0.614175435055328 0.066400103560810
0.609071620698271 0.067019194176932
0.603955845408880 0.067630586703089
0.598828670189563 0.068233925120844
0.593690657292862 0.068828948032306
0.588542370159792 0.069415454599847
0.583384373358051 0.069993250196227
0.578217232520115 0.070562140139525
0.573041514281206 0.071121944769035
0.567857786217152 0.071672540677190
0.562666616782152 0.072213825538152
0.557468575246433 0.072745700486574
0.552264231633827 0.073268070209563
0.547054156659257 0.073780862427571
0.541838921666158 0.074284066254369
0.536619098563816 0.074777687713264
0.531395259764657 0.075261738255704
0.526167978121472 0.075736233011432
0.520937826864600 0.076201168243016
0.515705379539064 0.076656475827459
0.510471209941678 0.077102081255807
0.505235892058123 0.077537914899496
0.500000000000000 0.077963909253620
0.494764107941877 0.078379978163722
0.489528790058322 0.078785972280648
0.484294620460936 0.079181743442635
0.479062173135400 0.079567144999530
0.473832021878528 0.079942034418018
0.468604740235343 0.080306246190792
0.463380901436184 0.080659556149896
0.458161078333842 0.081001737061751
0.452945843340743 0.081332568029561
0.447735768366173 0.081651834358435
0.442531424753567 0.081959295899946
0.437333383217848 0.082254664876603
0.432142213782848 0.082537652939417
0.426958485718794 0.082807979825234
0.421782767479885 0.083065372317986
0.416615626641949 0.083309574672963
0.411457629840209 0.083540349316313
0.406309342707138 0.083757470343026
0.401171329810437 0.083960718465478
0.396044154591120 0.084149885073670
0.390928379301729 0.084324784991097
0.385824564944672 0.084485262334253
0.380733271210710 0.084631171614240
0.375655056417573 0.084762375860807
0.370590477448740 0.084878750102276
0.365540089692367 0.084980224220315
0.360504446980385 0.085066778981288
0.355484101527764 0.085138404242040
0.350479603871957 0.085195098535222
0.345491502812526 0.085236876249099
0.340520345350965 0.085263834703117
0.335566676630708 0.085276118703250
0.330631039877354 0.085273878893257
0.325713976339092 0.085257271196851
0.320816025227350 0.085226473369796
0.315937723657661 0.085181730806471
0.311079606590766 0.085123307505102
0.306242206773949 0.085051470756043
0.301426054682610 0.084966489475378
0.296631678462100 0.084868653551276
0.291859603869799 0.084758276090969
0.287110354217464 0.084635674016798
0.282384450313836 0.084501163429495
0.277682410407536 0.084355056107291
0.273004750130227 0.084197622329547
0.268351982440069 0.084029118335081
0.263724617565473 0.083849804326629
0.259123162949143 0.083659939220775
0.254548123192430 0.083459751392518
0.250000000000000 0.083249434995413
0.245479292124815 0.083029183684599
0.240986495313435 0.082799197338330
0.236522102251661 0.082559636114785
0.232086602510502 0.082310547195844
0.227680482492487 0.082051970620408
0.223304225378328 0.081783958775309
0.218958311073935 0.081506560991328
0.214643216157784 0.081219790640393
0.210359413828661 0.080923663499030
0.206107373853763 0.080618205545693
0.201887562517192 0.080303427898803
0.197700442568813 0.079979183720777
0.193546473173512 0.079645293569781
0.189426109860845 0.079301602392190
0.185339804475081 0.078947975204242
0.181288005125655 0.078584280936764
0.177271156138025 0.078210410479113
0.173289698004947 0.077826277435874
0.169344067338174 0.077431730781029
0.165434696820571 0.077026394619404
0.161562015158670 0.076609895278574
0.157726447035656 0.076181907045677
0.153928413064797 0.075742147473642
0.150168329743317 0.075290385227228
0.146446609406726 0.074826432317068
0.142763660183598 0.074350102021475
0.139119885950819 0.073860972010836
0.135515686289294 0.073358570582609
0.131951456440133 0.072842490772121
0.128427587261303 0.072312410433834
0.124944465184770 0.071768089736558
0.121502472174122 0.071209346115318
0.118101985682679 0.070635978294561
0.114743378612105 0.070047514140273
0.111427019271515 0.069443478526930
0.108153271337080 0.068823471557118
0.104922493812155 0.068187128587955
0.101735040987902 0.067534122705930
0.098591262404443 0.066864220429577
0.095491502812526 0.066177166761512
0.092436102135723 0.065472717771785
0.089425395433148 0.064750714179239
0.086459712862719 0.064010923615885
0.083539379644950 0.063253071413454
0.080664716027288 0.062476968132430
0.077836037248993 0.061682541920624
0.075053653506568 0.060869811079909
0.072317869919747 0.060038907675441
0.069628986498028 0.059190343135101
0.066987298107781 0.058324837207083
0.064393094439905 0.057443177965246
0.061846659978068 0.056546221631775
0.059348273967504 0.055634857721892
0.056898210384393 0.054710069702108
0.054496737905816 0.053772909385548
0.052144119880294 0.052824539369596
0.049840614298903 0.051866840683643
0.047586473766990 0.050902108536833
0.045381945476466 0.049932598640405
0.043227271178700 0.048960451821737
0.041122687158010 0.047987755457153
0.039068424205750 0.047016456401852
0.037064707595003 0.046048381604171
0.035111757055874 0.045084129147552
0.033209786751399 0.044122200533699
0.031359005254054 0.043161145047262
0.029559615522887 0.042199786845941
0.027811814881260 0.041237276688391
0.026115794995207 0.040273523795392
0.024471741852423 0.039308987955920
0.022879835741862 0.038342309480989
0.021340251233966 0.037369166491719
0.019853157161529 0.036385216972352
0.018418716601171 0.035385414146337
0.017037086855466 0.034364944925997
0.015708419435685 0.033319321273545
0.014432860045182 0.032244167851038
0.013210548563420 0.031135681043181
0.012041619030626 0.029990488558087
0.010926199633097 0.028809145935558
0.009864412689139 0.027594251165795
0.008856374635656 0.026347447191935
0.007902196015379 0.025069891594936
0.007001981464748 0.023762549928236
0.006155829702431 0.022425588769799
0.005363833518506 0.021058370545986
0.004626079764278 0.019661072088952
0.003942649342761 0.018234995244391
0.003313617199802 0.016783026967591
0.002739052315863 0.015307845211172
0.002219017698460 0.013812378871434
0.001753570375248 0.012299671097884
0.001342761387771 0.010773320481679
0.000986635785864 0.009237576222868
0.000685232622713 0.007697260421766
0.000438584950571 0.006155003960037
0.000246719817134 0.004612467677267
0.000109658262577 0.003071533933146
0.000027415317244 0.001533360942814
0.000000000000000 0.000000000000000
0.000027415317244 -0.001528520469269
0.000109658262577 -0.003051833620008
0.000246719817134 -0.004567506203525
0.000438584950571 -0.006073960375918
0.000685232622713 -0.007569071730447
0.000986635785864 -0.009050968393504
0.001342761387771 -0.010518408445413
0.001753570375248 -0.011970705439797
0.002219017698460 -0.013406943020871
0.002739052315863 -0.014825480993705
0.003313617199802 -0.016224278317686
0.003942649342761 -0.017601206213886
0.004626079764278 -0.018953974353479
0.005363833518506 -0.020280062422318
0.006155829702431 -0.021577547679294
0.007001981464748 -0.022845321291959
0.007902196015379 -0.024082366120588
0.008856374635656 -0.025287425532077
0.009864412689139 -0.026458680870861
0.010926199633097 -0.027594109825183
0.012041619030626 -0.028691352563224
0.013210548563420 -0.029747962329119
0.014432860045182 -0.030761486469906
0.015708419435684 -0.031730351308186
0.017037086855466 -0.032653196685828
0.018418716601171 -0.033528339521007
0.019853157161528 -0.034353716136847
0.021340251233966 -0.035126505770987
0.022879835741862 -0.035843153058895
0.024471741852423 -0.036500817737184
0.026115794995207 -0.037098502349791
0.027811814881259 -0.037635525096844
0.029559615522887 -0.038113122851305
0.031359005254054 -0.038533307553608
0.033209786751399 -0.038897998543076
0.035111757055874 -0.039209173146105
0.037064707595003 -0.039469035591567
0.039068424205750 -0.039679520913571
0.041122687158009 -0.039842889585545
0.043227271178699 -0.039961475205770
0.045381945476466 -0.040037676874574
0.047586473766990 -0.040074664249634
0.049840614298903 -0.040077142392299
0.052144119880293 -0.040050952367603
0.054496737905816 -0.040001266639284
0.056898210384393 -0.039931643309415
0.059348273967504 -0.039845780539724
0.061846659978068 -0.039745494456946
0.064393094439905 -0.039631600890770
0.066987298107781 -0.039505320341143
0.069628986498028 -0.039368868038873
0.072317869919747 -0.039224902972673
0.075053653506568 -0.039075539687138
0.077836037248992 -0.038921868366772
0.080664716027288 -0.038764987740684
0.083539379644950 -0.038605822935817
0.086459712862719 -0.038445151153607
0.089425395433148 -0.038283814361993
0.092436102135723 -0.038122716121133
0.095491502812526 -0.037962826219029
0.098591262404443 -0.037805074558469
0.101735040987902 -0.037649624323938
0.104922493812155 -0.037496257328958
0.108153271337080 -0.037344727561256
0.111427019271514 -0.037194819592255
0.114743378612105 -0.037046316215075
0.118101985682679 -0.036898980438516
0.121502472174122 -0.036752603463897
0.124944465184770 -0.036606990915982
0.128427587261303 -0.036461924415597
0.131951456440133 -0.036317178754590
0.135515686289294 -0.036172520792234
0.139119885950819 -0.036027695631390
0.142763660183598 -0.035882458768842
0.146446609406726 -0.035736619575253
0.150168329743317 -0.035589982960406
0.153928413064796 -0.035442349432685
0.157726447035656 -0.035293597798808
0.161562015158669 -0.035143639701566
0.165434696820571 -0.034992382454343
0.169344067338174 -0.034839731286541
0.173289698004947 -0.034685593670200
0.177271156138025 -0.034529875784404
0.181288005125655 -0.034372478170037
0.185339804475081 -0.034213350451121
0.189426109860845 -0.034052472308764
0.193546473173511 -0.033889825773638
0.197700442568812 -0.033725389982529
0.201887562517192 -0.033559147242263
0.206107373853763 -0.033391080555690
0.210359413828660 -0.033221170461996
0.214643216157784 -0.033049403692859
0.218958311073935 -0.032875791831020
0.223304225378328 -0.032700350211148
0.227680482492486 -0.032523097001222
0.232086602510501 -0.032344050099668
0.236522102251661 -0.032163231697071
0.240986495313435 -0.031980664443642
0.245479292124814 -0.031796373241945
0.250000000000000 -0.031610382585538
0.254548123192429 -0.031422724679586
0.259123162949142 -0.031233435880204
0.263724617565473 -0.031042550523577
0.268351982440069 -0.030850107731927
0.273004750130227 -0.030656152535838
0.277682410407536 -0.030460738388740
0.282384450313836 -0.030263917851527
0.287110354217464 -0.030065744818934
0.291859603869799 -0.029866276081875
0.296631678462100 -0.029665569779601
0.301426054682609 -0.029463684545851
0.306242206773948 -0.029260681023573
0.311079606590766 -0.029056618146381
0.315937723657661 -0.028851546148933
0.320816025227350 -0.028645513587055
0.325713976339092 -0.028438568173625
0.330631039877354 -0.028230759021028
0.335566676630708 -0.028022134533519
0.340520345350965 -0.027812737354267
0.345491502812526 -0.027602611862972
0.350479603871956 -0.027391802881935
0.355484101527764 -0.027180354327711
0.360504446980385 -0.026968306340713
0.365540089692367 -0.026755697503888
0.370590477448739 -0.026542565039460
0.375655056417572 -0.026328947150855
0.380733271210709 -0.026114879632975
0.385824564944672 -0.025900384072753
0.390928379301728 -0.025685481395196
0.396044154591120 -0.025470189655593
0.401171329810437 -0.025254529072538
0.406309342707137 -0.025038517150921
0.411457629840208 -0.024822169367795
0.416615626641949 -0.024605498108405
0.421782767479884 -0.024388519015666
0.426958485718794 -0.024171245019035
0.432142213782848 -0.023953688670279
0.437333383217848 -0.023735857728359
0.442531424753567 -0.023517761468811
0.447735768366173 -0.023299407345620
0.452945843340743 -0.023080803406031
0.458161078333842 -0.022861964986891
0.463380901436184 -0.022642909963475
0.468604740235343 -0.022423658966695
0.473832021878528 -0.022204231711073
0.479062173135400 -0.021984646646823
0.484294620460935 -0.021764917835156
0.489528790058321 -0.021545052984266
0.494764107941877 -0.021325060805731
0.500000000000000 -0.021104947949507
0.505235892058122 -0.020884724304425
0.510471209941678 -0.020664391388685
0.515705379539064 -0.020443948211111
0.520937826864600 -0.020223396187445
0.526167978121472 -0.020002733081033
0.531395259764656 -0.019781963299764
0.536619098563816 -0.019561110947664
0.541838921666157 -0.019340212017503
0.547054156659257 -0.019119300783619
0.552264231633827 -0.018898413851085
0.557468575246433 -0.018677584511870
0.562666616782152 -0.018456842365615
0.567857786217152 -0.018236215566002
0.573041514281206 -0.018015732875460
0.578217232520115 -0.017795420390495
0.583384373358051 -0.017575307178997
0.588542370159791 -0.017355415956909
0.593690657292862 -0.017135771824164
0.598828670189563 -0.016916398449514
0.603955845408879 -0.016697319791404
0.609071620698271 -0.016478563921401
0.614175435055328 -0.016260164484980
0.619266728789290 -0.016042155616042
0.624344943582427 -0.015824570070360
0.629409522551260 -0.015607441924462
0.634459910307633 -0.015390806494556
0.639495553019614 -0.015174701337248
0.644515898472235 -0.014959162198634
0.649520396128043 -0.014744225847787
0.654508497187474 -0.014529929139621
0.659479654649035 -0.014316314815513
0.664433323369291 -0.014103426359782
0.669368960122646 -0.013891304142393
0.674286023660907 -0.013679992020792
0.679183974772650 -0.013469524725153
0.684062276342339 -0.013259935586007
0.688920393409233 -0.013051258430579
0.693757793226051 -0.012843525976656
0.698573945317390 -0.012636768329461
0.703368321537900 -0.012431015703217
0.708140396130200 -0.012226298026695
0.712889645782536 -0.012022642842753
0.717615549686163 -0.011820080814808
0.722317589592464 -0.011618643196966
0.726995249869773 -0.011418361726624
0.731648017559930 -0.011219268023753
0.736275382434527 -0.011021393629319
0.740876837050857 -0.010824769469838
0.745451876807570 -0.010629424456744
0.750000000000000 -0.010435389491085
0.754520707875185 -0.010242694263805
0.759013504686565 -0.010051370599316
0.763477897748338 -0.009861451162612
0.767913397489498 -0.009672969711833
0.772319517507513 -0.009485956113982
0.776695774621672 -0.009300439881563
0.781041688926065 -0.009116451057660
0.785356783842216 -0.008934017263545
0.789640586171339 -0.008753159815956
0.793892626146236 -0.008573890232279
0.798112437482808 -0.008396221947394
0.802299557431187 -0.008220164499569
0.806453526826488 -0.008045729498949
0.810573890139155 -0.007872927831376
0.814660195524918 -0.007701771037682
0.818711994874345 -0.007532272239064
0.822728843861975 -0.007364455531170
0.826710301995052 -0.007198341066913
0.830655932661826 -0.007033951157727
0.834565303179429 -0.006871310124694
0.838437984841330 -0.006710443202149
0.842273552964344 -0.006551372770884
0.846071586935203 -0.006394110184431
0.849831670256683 -0.006238665513106
0.853553390593274 -0.006085044241297
0.857236339816401 -0.005933243621126
0.860880114049181 -0.005783255120188
0.864484313710706 -0.005635071473637
0.868048543559867 -0.005488688510672
0.871572412738697 -0.005344103518037
0.875055534815230 -0.005201314589644
0.878497527825878 -0.005060321775766
0.881898014317321 -0.004921127489086
0.885256621387894 -0.004783732119756
0.888572980728485 -0.004648140431832
0.891846728662920 -0.004514354301940
0.895077506187845 -0.004382379196004
0.898264959012098 -0.004252219811614
0.901408737595557 -0.004123879283664
0.904508497187474 -0.003997358578685
0.907563897864277 -0.003872654246346
0.910574604566852 -0.003749766744023
0.913540287137281 -0.003628693921914
0.916460620355049 -0.003509438075220
0.919335283972712 -0.003392001362519
0.922163962751007 -0.003276388418582
0.924946346493432 -0.003162593743065
0.927682130080253 -0.003050607790153
0.930371013501972 -0.002940420725138
0.933012701892219 -0.002832021037058
0.935606905560095 -0.002725401717209
0.938153340021932 -0.002620558660597
0.940651726032496 -0.002517489488523
0.943101789615607 -0.002416197819087
0.945503262094184 -0.002316688324914
0.947855880119706 -0.002218976355783
0.950159385701097 -0.002123076297307
0.952413526233010 -0.002029003118138
0.954618054523534 -0.001936773119372
0.956772728821300 -0.001846402585257
0.958877312841991 -0.001757910415926
0.960931575794250 -0.001671316500361
0.962935292404997 -0.001586646052419
0.964888242944126 -0.001503921195447
0.966790213248601 -0.001423167625772
0.968640994745946 -0.001344407520127
0.970440384477113 -0.001267662403621
0.972188185118740 -0.001192959076688
0.973884205004793 -0.001120333435505
0.975528258147577 -0.001049835733378
0.977120164258138 -0.000981511069874
0.978659748766034 -0.000915398340109
0.980146842838471 -0.000851531456844
0.981581283398829 -0.000789938470865
0.982962913144534 -0.000730638702893
0.984291580564316 -0.000673634600474
0.985567139954818 -0.000618927413677
0.986789451436580 -0.000566515764020
0.987958380969374 -0.000516402576398
0.989073800366903 -0.000468588305811
0.990135587310861 -0.000423076011583
0.991143625364344 -0.000379867547408
0.992097803984621 -0.000338967096845
0.992998018535252 -0.000300376883689
0.993844170297569 -0.000264101417301
0.994636166481494 -0.000230143520574
0.995373920235722 -0.000198507266084
0.996057350657239 -0.000169196983370
0.996686382800198 -0.000142215107040
0.997260947684137 -0.000117566178115
0.997780982301540 -0.000095252309849
0.998246429624752 -0.000075279173018
0.998657238612229 -0.000057647701383
0.999013364214136 -0.000042360553932
0.999314767377287 -0.000029421809269
0.999561415049429 -0.000018832140663
0.999753280182866 -0.000010594608091
0.999890341737423 -0.000004708980336
0.999972584682756 -0.000001177263515
1.000000000000000 0.000000000000000
