1.000000000000000 0.000000000000000
0.999972584682756 0.000005384526440
0.999890341737423 0.000021531020618
0.999753280182866 0.000048428709607
0.999561415049429 0.000086052684239
0.999314767377287 0.000134377888697
0.999013364214136 0.000193361737695
0.998657238612229 0.000262958129434
0.998246429624752 0.000343110559966
0.997780982301540 0.000433759157716
0.997260947684137 0.000534826930373
0.996686382800198 0.000646237212650
0.996057350657239 0.000767903399981
0.995373920235722 0.000899725694903
0.994636166481494 0.001041605020600
0.993844170297569 0.001193426047196
0.992998018535252 0.001355081289770
0.992097803984621 0.001526437230012
0.991143625364344 0.001707365202506
0.990135587310861 0.001897727988851
0.989073800366903 0.002097383440446
0.987958380969374 0.002306181376303
0.986789451436580 0.002523967204617
0.985567139954818 0.002750575578618
0.984291580564316 0.002985850488803
0.982962913144534 0.003229612576974
0.981581283398829 0.003481692363331
0.980146842838472 0.003741907598989
0.978659748766034 0.004010076655918
0.977120164258138 0.004286018734474
0.975528258147577 0.004569538229224
0.973884205004793 0.004860447469268
0.972188185118741 0.005158551104385
0.970440384477113 0.005463652843511
0.968640994745946 0.005775558872312
0.966790213248601 0.006094065831092
0.964888242944126 0.006418976680347
0.962935292404997 0.006750088759454
0.960931575794250 0.007087206335236
0.958877312841991 0.007430128838929
0.956772728821300 0.007778657348971
0.954618054523534 0.008132594941514
0.952413526233010 0.008491747059504
0.950159385701097 0.008855916101110
0.947855880119706 0.009224913451906
0.945503262094184 0.009598551098774
0.943101789615607 0.009976642127393
0.940651726032496 0.010359003966443
0.938153340021932 0.010745464280334
0.935606905560095 0.011135841930238
0.933012701892219 0.011529975054312
0.930371013501972 0.011927699299330
0.927682130080253 0.012328853873363
0.924946346493432 0.012733289917129
0.922163962751008 0.013140860228668
0.919335283972712 0.013551427514987
0.916460620355050 0.013964859331142
0.913540287137281 0.014381033694889
0.910574604566852 0.014799829812416
0.907563897864277 0.015221143776415
0.904508497187474 0.015644874671377
0.901408737595557 0.016070930711080
0.898264959012098 0.016499229453205
0.895077506187845 0.016929763054649
0.891846728662920 0.017362576187637
0.888572980728485 0.017797726739168
0.885256621387895 0.018235307148409
0.881898014317321 0.018675418343549
0.878497527825878 0.019118188231679
0.875055534815230 0.019563760225604
0.871572412738697 0.020012301124900
0.868048543559867 0.020463997070493
0.864484313710706 0.020919060708343
0.860880114049181 0.021377717690484
0.857236339816402 0.021840223413307
0.853553390593274 0.022306856154851
0.849831670256683 0.022777912409905
0.846071586935203 0.023253712904604
0.842273552964344 0.023734601411432
0.838437984841330 0.024220946185185
0.834565303179429 0.024713144392798
0.830655932661826 0.025211614880507
0.826710301995053 0.025716806536701
0.822728843861975 0.026229173952815
0.818711994874345 0.026749180407798
0.814660195524919 0.027277320326869
0.810573890139155 0.027814148252201
0.806453526826488 0.028360305753221
0.802299557431188 0.028916472643933
0.798112437482808 0.029483193880222
0.793892626146237 0.030060248286021
0.789640586171339 0.030647158801624
0.785356783842216 0.031243417365030
0.781041688926065 0.031848423088914
0.776695774621672 0.032461454465203
0.772319517507513 0.033081747552775
0.767913397489498 0.033708504638819
0.763477897748339 0.034340922717650
0.759013504686565 0.034978173347172
0.754520707875186 0.035619400434456
0.750000000000000 0.036263713394521
0.745451876807570 0.036910200207817
0.740876837050858 0.037557918794849
0.736275382434527 0.038205891782097
0.731648017559931 0.038853117440812
0.726995249869773 0.039498520485635
0.722317589592464 0.040140992647423
0.717615549686164 0.040779394678036
0.712889645782536 0.041412587235523
0.708140396130201 0.042039549079390
0.703368321537900 0.042659291638787
0.698573945317390 0.043270805245773
0.693757793226052 0.043873138545404
0.688920393409234 0.044466124508704
0.684062276342339 0.045050124500281
0.679183974772650 0.045625523569580
0.674286023660908 0.046192727186980
0.669368960122646 0.046752111497988
0.664433323369292 0.047303993737457
0.659479654649035 0.047848707469294
0.654508497187474 0.048386593430213
0.649520396128043 0.048918008846724
0.644515898472236 0.049443319789417
0.639495553019615 0.049962900157913
0.634459910307633 0.050477141208392
0.629409522551260 0.050986444607348
0.624344943582428 0.051491269523685
0.619266728789291 0.051992161514808
0.614175435055328 0.052489683424804
0.609071620698271 0.052984409471461
0.603955845408880 0.053476871261189
0.598828670189563 0.053967105571127
0.593690657292862 0.054454891676560
0.588542370159792 0.054939995602275
0.583384373358051 0.055422192350561
0.578217232520115 0.055901185956789
0.573041514281206 0.056376431686890
0.567857786217152 0.056847327303738
0.562666616782152 0.057313269140003
0.557468575246433 0.057773645313625
0.552264231633827 0.058227885001582
0.547054156659257 0.058675472000111
0.541838921666158 0.059115904905622
0.536619098563816 0.059548679907188
0.531395259764657 0.059973294669326
0.526167978121472 0.060389213906671
0.520937826864600 0.060795858858617
0.515705379539064 0.061192655478648
0.510471209941678 0.061579028958033
0.505235892058123 0.061954421545332
0.500000000000000 0.062318471999442
0.494764107941877 0.062670985517278
0.489528790058322 0.063011777844304
0.484294620460936 0.063340671178294
0.479062173135400 0.063657498621055
0.473832021878528 0.063962198220519
0.468604740235343 0.064254769023644
0.463380901436184 0.064535216836014
0.458161078333842 0.064803550994016
0.452945843340743 0.065059781940745
0.447735768366173 0.065303892528863
0.442531424753567 0.065535856539216
0.437333383217848 0.065755653069748
0.432142213782848 0.065963266036736
0.426958485718794 0.066158694672566
0.421782767479885 0.066341980728713
0.416615626641949 0.066513180461654
0.411457629840209 0.066672355293088
0.406309342707138 0.066819570627120
0.401171329810437 0.066954817130881
0.396044154591120 0.067077896457178
0.390928379301729 0.067188590446598
0.385824564944672 0.067286689225455
0.380733271210710 0.067371991404370
0.375655056417573 0.067444252752721
0.370590477448740 0.067503177736636
0.365540089692367 0.067548477418614
0.360504446980385 0.067579875634882
0.355484101527764 0.067597110412421
0.350479603871957 0.067599954202960
0.345491502812526 0.067588203290198
0.340520345350965 0.067561666177830
0.335566676630708 0.067520163550974
0.330631039877354 0.067463519511661
0.325713976339092 0.067391547137303
0.320816025227350 0.067304068538806
0.315937723657661 0.067200920615750
0.311079606590766 0.067081959408750
0.306242206773949 0.066947127188677
0.301426054682610 0.066796427732478
0.296631678462100 0.066629876274535
0.291859603869799 0.066447500628270
0.287110354217464 0.066249425640063
0.282384450313836 0.066035948459004
0.277682410407536 0.065807387611465
0.273004750130227 0.065564066950526
0.268351982440069 0.065306303670514
0.263724617565473 0.065034390387544
0.259123162949143 0.064748613311919
0.254548123192430 0.064449265385642
0.250000000000000 0.064136642589453
0.245479292124815 0.063811059216461
0.240986495313435 0.063472835788261
0.236522102251661 0.063122296744440
0.232086602510502 0.062759766208998
0.227680482492487 0.062385562168083
0.223304225378328 0.061999999010650
0.218958311073935 0.061603395523216
0.214643216157784 0.061196079973111
0.210359413828661 0.060778429154482
0.206107373853763 0.060350830152428
0.201887562517192 0.059913672776228
0.197700442568813 0.059467195600581
0.193546473173512 0.059011245111723
0.189426109860845 0.058545627800855
0.185339804475081 0.058070173370188
0.181288005125655 0.057584696702037
0.177271156138025 0.057088996763142
0.173289698004947 0.056582899767886
0.169344067338174 0.056066258230329
0.165434696820571 0.055538950654635
0.161562015158670 0.055000873404044
0.157726447035656 0.054451967627615
0.153928413064797 0.053892288241848
0.150168329743317 0.053322002490955
0.146446609406726 0.052741295279148
0.142763660183598 0.052150685919818
0.139119885950819 0.051551174186631
0.135515686289294 0.050943787207663
0.131951456440133 0.050329493169810
0.128427587261303 0.049709195906487
0.124944465184770 0.049083758311012
0.121502472174122 0.048454016365406
0.118101985682679 0.047820749069593
0.114743378612105 0.047184706816113
0.111427019271515 0.046546709364083
0.108153271337080 0.045907715280725
0.104922493812155 0.045268659729467
0.101735040987902 0.044629962313884
0.098591262404443 0.043991427238585
0.095491502812526 0.043352710889053
0.092436102135723 0.042711811209794
0.089425395433148 0.042065809017361
0.086459712862719 0.041412121212258
0.083539379644950 0.040748686542482
0.080664716027288 0.040073748055229
0.077836037248993 0.039385638888676
0.075053653506568 0.038682805655226
0.072317869919747 0.037964214468442
0.069628986498028 0.037230177047219
0.066987298107781 0.036481360318772
0.064393094439905 0.035718540261483
0.061846659978068 0.034942572477943
0.059348273967504 0.034154425062128
0.056898210384393 0.033355158450146
0.054496737905816 0.032545837496035
0.052144119880294 0.031727480030100
0.049840614298903 0.030901324547455
0.047586473766990 0.030069357947859
0.045381945476466 0.029233747590752
0.043227271178700 0.028397043035364
0.041122687158010 0.027561738766630
0.039068424205750 0.026729955542110
0.037064707595003 0.025903641261044
0.035111757055874 0.025084587255855
0.033209786751399 0.024274489895254
0.031359005254054 0.023474955673960
0.029559615522887 0.022687365759779
0.027811814881260 0.021912863240052
0.026115794995207 0.021153024757191
0.024471741852423 0.020409248074401
0.022879835741862 0.019678131317860
0.021340251233966 0.018954302385698
0.019853157161529 0.018232281334435
0.018418716601171 0.017508411653265
0.017037086855466 0.016781055225544
0.015708419435685 0.016050122217170
0.014432860045182 0.015316747852055
0.013210548563420 0.014583284400472
0.012041619030626 0.013852343823307
0.010926199633097 0.013126174094598
0.009864412689139 0.012405261367413
0.008856374635656 0.011689816601202
0.007902196015379 0.010980165906020
0.007001981464748 0.010276577387672
0.006155829702431 0.009579334104387
0.005363833518506 0.008888594932638
0.004626079764278 0.008204628712643
0.003942649342761 0.007527599429764
0.003313617199802 0.006857682418620
0.002739052315863 0.006195061511627
0.002219017698460 0.005539892122152
0.001753570375248 0.004892304520164
0.001342761387771 0.004252458023824
0.000986635785864 0.003620461521349
0.000685232622713 0.002996473491403
0.000438584950571 0.002380556871912
0.000246719817134 0.001772823583234
0.000109658262577 0.001173413520238
0.000027415317244 0.000582575918311
0.000000000000000 0.000000000000000
0.000027415317244 -0.000574395270934
0.000109658262577 -0.001149235212987
0.000246719817134 -0.001730119776030
0.000438584950571 -0.002316951351123
0.000685232622713 -0.002909569032582
0.000986635785864 -0.003507516899892
0.001342761387771 -0.004110339016340
0.001753570375248 -0.004717559000849
0.002219017698460 -0.005328618169470
0.002739052315863 -0.005942911326862
0.003313617199802 -0.006559751321760
0.003942649342761 -0.007178373513489
0.004626079764278 -0.007797880629876
0.005363833518506 -0.008417334322456
0.006155829702431 -0.009035582020521
0.007001981464748 -0.009651269326332
0.007902196015379 -0.010262913374574
0.008856374635656 -0.010868566069759
0.009864412689139 -0.011466043565132
0.010926199633097 -0.012052562154049
0.012041619030626 -0.012624492273018
0.013210548563420 -0.013177108354179
0.014432860045182 -0.013706304912788
0.015708419435684 -0.014208826383134
0.017037086855466 -0.014683220997712
0.018418716601171 -0.015129672693421
0.019853157161528 -0.015550613663566
0.021340251233966 -0.015950589766632
0.022879835741862 -0.016336713726173
0.024471741852423 -0.016720191768533
0.026115794995207 -0.017111571502118
0.027811814881259 -0.017514768141347
0.029559615522887 -0.017930455112576
0.031359005254054 -0.018356367918746
0.033209786751399 -0.018790668965842
0.035111757055874 -0.019231806826255
0.037064707595003 -0.019677777075082
0.039068424205750 -0.020126267033268
0.041122687158009 -0.020574757295502
0.043227271178699 -0.021020488730275
0.045381945476466 -0.021460386577586
0.047586473766990 -0.021891049234987
0.049840614298903 -0.022308592979002
0.052144119880293 -0.022709491050358
0.054496737905816 -0.023093072135191
0.056898210384393 -0.023459607296240
0.059348273967504 -0.023809741302385
0.061846659978068 -0.024144384760764
0.064393094439905 -0.024464656015008
0.066987298107781 -0.024771898682316
0.069628986498028 -0.025067913286195
0.072317869919747 -0.025355004109928
0.075053653506568 -0.025635309264219
0.077836037248992 -0.025910139380107
0.080664716027288 -0.026180662887649
0.083539379644950 -0.026447028971330
0.086459712862719 -0.026708947094894
0.089425395433148 -0.026966301885432
0.092436102135723 -0.027219211229048
0.095491502812526 -0.027467842252004
0.098591262404443 -0.027712301733238
0.101735040987902 -0.027952697763903
0.104922493812155 -0.028189051966996
0.108153271337080 -0.028421164488265
0.111427019271514 -0.028648815413938
0.114743378612105 -0.028871809496596
0.118101985682679 -0.029089966880857
0.121502472174122 -0.029303120261916
0.124944465184770 -0.029511110138243
0.128427587261303 -0.029713780139744
0.131951456440133 -0.029910986415556
0.135515686289294 -0.030102603861282
0.139119885950819 -0.030288521717808
0.142763660183598 -0.030468635818768
0.146446609406726 -0.030642838258323
0.150168329743317 -0.030811021980823
0.153928413064796 -0.030973075947670
0.157726447035656 -0.031128732712849
0.161562015158669 -0.031277621114749
0.165434696820571 -0.031419362514160
0.169344067338174 -0.031553588326640
0.173289698004947 -0.031679945869955
0.177271156138025 -0.031798078852167
0.181288005125655 -0.031907613665088
0.185339804475081 -0.032008128980667
0.189426109860845 -0.032099187060260
0.193546473173511 -0.032180353670192
0.197700442568812 -0.032251330532622
0.201887562517192 -0.032311928366676
0.206107373853763 -0.032361968126837
0.210359413828660 -0.032401343180881
0.214643216157784 -0.032430229134087
0.218958311073935 -0.032448891824899
0.223304225378328 -0.032457621689351
0.227680482492486 -0.032456709319663
0.232086602510501 -0.032446422791157
0.236522102251661 -0.032427046952055
0.240986495313435 -0.032398888461303
0.245479292124814 -0.032362285998094
0.250000000000000 -0.032317613572014
0.254548123192429 -0.032265267928442
0.259123162949142 -0.032205667763942
0.263724617565473 -0.032139242298153
0.268351982440069 -0.032066427648018
0.273004750130227 -0.031987680550747
0.277682410407536 -0.031903477329502
0.282384450313836 -0.031814341750721
0.287110354217464 -0.031720862406403
0.291859603869799 -0.031623652657836
0.296631678462100 -0.031523346577150
0.301426054682609 -0.031420455619386
0.306242206773948 -0.031315077592292
0.311079606590766 -0.031207235649530
0.315937723657661 -0.031096953102260
0.320816025227350 -0.030984246334236
0.325713976339092 -0.030869049982807
0.330631039877354 -0.030751256404336
0.335566676630708 -0.030630755352429
0.340520345350965 -0.030507436326506
0.345491502812526 -0.030381203030233
0.350479603871956 -0.030251981848588
0.355484101527764 -0.030119701629120
0.360504446980385 -0.029984291101502
0.365540089692367 -0.029845676555307
0.370590477448739 -0.029703759885065
0.375655056417572 -0.029558432303154
0.380733271210709 -0.029409583990025
0.385824564944672 -0.029257104827600
0.390928379301728 -0.029100916231502
0.396044154591120 -0.028941019060706
0.401171329810437 -0.028777428839440
0.406309342707137 -0.028610163558097
0.411457629840208 -0.028439245094055
0.416615626641949 -0.028264791566126
0.421782767479884 -0.028087031625514
0.426958485718794 -0.027906205901174
0.432142213782848 -0.027722555321015
0.437333383217848 -0.027536324872946
0.442531424753567 -0.027347731528950
0.447735768366173 -0.027156977337085
0.452945843340743 -0.026964267319774
0.458161078333842 -0.026769807699170
0.463380901436184 -0.026573812641734
0.468604740235343 -0.026376534519912
0.473832021878528 -0.026178241115882
0.479062173135400 -0.025979199597239
0.484294620460935 -0.025779681046269
0.489528790058321 -0.025579915540473
0.494764107941877 -0.025380008072389
0.500000000000000 -0.025180034576712
0.505235892058122 -0.024980071492128
0.510471209941678 -0.024780193930061
0.515705379539064 -0.024580374586614
0.520937826864600 -0.024380368409847
0.526167978121472 -0.024179902961834
0.531395259764656 -0.023978707301082
0.536619098563816 -0.023776513060913
0.541838921666157 -0.023573082094373
0.547054156659257 -0.023368219121595
0.552264231633827 -0.023161732798918
0.557468575246433 -0.022953434374437
0.562666616782152 -0.022743133609804
0.567857786217152 -0.022530612423085
0.573041514281206 -0.022315630333173
0.578217232520115 -0.022097950327157
0.583384373358051 -0.021877338699314
0.588542370159791 -0.021653584464455
0.593690657292862 -0.021426600561709
0.598828670189563 -0.021196347900892
0.603955845408879 -0.020962788544984
0.609071620698271 -0.020725890384610
0.614175435055328 -0.020485717749734
0.619266728789290 -0.020242567221352
0.624344943582427 -0.019996768522084
0.629409522551260 -0.019748649867428
0.634459910307633 -0.019498532553093
0.639495553019614 -0.019246702797466
0.644515898472235 -0.018993417891693
0.649520396128043 -0.018738930078598
0.654508497187474 -0.018483487294124
0.659479654649035 -0.018227340031889
0.664433323369291 -0.017970742589054
0.669368960122646 -0.017713947376487
0.674286023660907 -0.017457203626178
0.679183974772650 -0.017200756318809
0.684062276342339 -0.016944847162894
0.688920393409233 -0.016689715777402
0.693757793226051 -0.016435594868031
0.698573945317390 -0.016182714483313
0.703368321537900 -0.015931261552477
0.708140396130200 -0.015681365749261
0.712889645782536 -0.015433147879255
0.717615549686163 -0.015186726803119
0.722317589592464 -0.014942211387799
0.726995249869773 -0.014699701623402
0.731648017559930 -0.014459289003919
0.736275382434527 -0.014221065179422
0.740876837050857 -0.013985118535364
0.745451876807570 -0.013751537197637
0.750000000000000 -0.013520405787818
0.754520707875185 -0.013291809401439
0.759013504686565 -0.013065824281503
0.763477897748338 -0.012842523345202
0.767913397489498 -0.012621975892107
0.772319517507513 -0.012404248106357
0.776695774621672 -0.012189405913609
0.781041688926065 -0.011977517260434
0.785356783842216 -0.011768648554864
0.789640586171339 -0.011562858730929
0.793892626146236 -0.011360183429113
0.798112437482808 -0.011160642285871
0.802299557431187 -0.010964249513462
0.806453526826488 -0.010770962319741
0.810573890139155 -0.010580560288023
0.814660195524918 -0.010392794221781
0.818711994874345 -0.010207426732224
0.822728843861975 -0.010024248015552
0.826710301995052 -0.009843066733473
0.830655932661826 -0.009663701891616
0.834565303179429 -0.009485980259758
0.838437984841330 -0.009309736164248
0.842273552964344 -0.009134812458112
0.846071586935203 -0.008961062380384
0.849831670256683 -0.008788353680789
0.853553390593274 -0.008616560671536
0.857236339816401 -0.008445569196701
0.860880114049181 -0.008275275506478
0.864484313710706 -0.008105584111400
0.868048543559867 -0.007936410323327
0.871572412738697 -0.007767677936366
0.875055534815230 -0.007599320759984
0.878497527825878 -0.007431281886968
0.881898014317321 -0.007263515172797
0.885256621387894 -0.007095979338093
0.888572980728485 -0.006928645645361
0.891846728662920 -0.006761491489619
0.895077506187845 -0.006594503217732
0.898264959012098 -0.006427677426092
0.901408737595557 -0.006261020002871
0.904508497187474 -0.006094585025784
0.907563897864277 -0.005928491571087
0.910574604566852 -0.005762855531848
0.913540287137281 -0.005597794445339
0.916460620355049 -0.005433421457403
0.919335283972712 -0.005269847798273
0.922163962751007 -0.005107185334040
0.924946346493432 -0.004945542009560
0.927682130080253 -0.004785025616919
0.930371013501972 -0.004625742040702
0.933012701892219 -0.004467793738458
0.935606905560095 -0.004311282358232
0.938153340021932 -0.004156309100029
0.940651726032496 -0.004002972321086
0.943101789615607 -0.003851366499596
0.945503262094184 -0.003701587442955
0.947855880119706 -0.003553727514166
0.950159385701097 -0.003407876602204
0.952413526233010 -0.003264126049645
0.954618054523534 -0.003122559343918
0.956772728821300 -0.002983263258408
0.958877312841991 -0.002846319753552
0.960931575794250 -0.002711810156391
0.962935292404997 -0.002579813562983
0.964888242944126 -0.002450408109045
0.966790213248601 -0.002323667572156
0.968640994745946 -0.002199665478499
0.970440384477113 -0.002078472229586
0.972188185118740 -0.001960157081280
0.973884205004793 -0.001844787080530
0.975528258147577 -0.001732427435910
0.977120164258138 -0.001623141279453
0.978659748766034 -0.001516989098627
0.980146842838471 -0.001414030905849
0.981581283398829 -0.001314322123107
0.982962913144534 -0.001217917058080
0.984291580564316 -0.001124871181159
0.985567139954818 -0.001035232425197
0.986789451436580 -0.000949050566626
0.987958380969374 -0.000866372934532
0.989073800366903 -0.000787242048993
0.990135587310861 -0.000711702527247
0.991143625364344 -0.000639794623662
0.992097803984621 -0.000571554452218
0.992998018535252 -0.000507020439812
0.993844170297569 -0.000446227037988
0.994636166481494 -0.000389204099225
0.995373920235722 -0.000335983306640
0.996057350657239 -0.000286593611846
0.996686382800198 -0.000241058787117
0.997260947684137 -0.000199403340933
0.997780982301540 -0.000161649548076
0.998246429624752 -0.000127817795803
0.998657238612229 -0.000097924004643
0.999013364214136 -0.000071985021697
0.999314767377287 -0.000050013615177
0.999561415049429 -0.000032020735898
0.999753280182866 -0.000018016912018
0.999890341737423 -0.000008009116520
0.999972584682756 -0.000002002482465
1.000000000000000 0.000000000000000
