1.000000000000000 0.000000000000000
0.999972584682756 0.000003908357294
0.999890341737423 0.000015632882494
0.999753280182866 0.000035182234624
0.999561415049429 0.000062561397334
0.999314767377287 0.000097781971199
0.999013364214136 0.000140859590817
0.998657238612229 0.000191811330180
0.998246429624752 0.000250660853414
0.997780982301540 0.000317430640278
0.997260947684137 0.000392147125322
0.996686382800198 0.000474843277244
0.996057350657239 0.000565553388191
0.995373920235722 0.000664313026419
0.994636166481494 0.000771158981399
0.993844170297569 0.000886142323651
0.992998018535252 0.001009302193048
0.992097803984621 0.001140689308452
0.991143625364344 0.001280358098371
0.990135587310861 0.001428361358228
0.989073800366903 0.001584758118679
0.987958380969374 0.001749608302443
0.986789451436580 0.001922972636486
0.985567139954818 0.002104917939267
0.984291580564316 0.002295514419771
0.982962913144534 0.002494830206260
0.981581283398829 0.002702944802639
0.980146842838472 0.002919924593296
0.978659748766034 0.003145855397526
0.977120164258138 0.003380812422809
0.975528258147577 0.003624882071397
0.973884205004793 0.003878145363108
0.972188185118741 0.004140691666372
0.970440384477113 0.004412607522143
0.968640994745946 0.004693984918332
0.966790213248601 0.004984915612785
0.964888242944126 0.005285493848376
0.962935292404997 0.005595813414010
0.960931575794250 0.005915973266842
0.958877312841991 0.006246071729855
0.956772728821300 0.006586209273526
0.954618054523534 0.006936482573411
0.952413526233010 0.007296998958555
0.950159385701097 0.007667855832671
0.947855880119706 0.008049164436108
0.945503262094184 0.008441025799531
0.943101789615607 0.008843547412175
0.940651726032496 0.009256832496861
0.938153340021932 0.009680989654979
0.935606905560095 0.010116133631477
0.933012701892219 0.010562358888617
0.930371013501972 0.011019760040293
0.927682130080253 0.011488518615409
0.924946346493432 0.011968861039491
0.922163962751008 0.012461081745929
0.919335283972712 0.012965519386635
0.916460620355050 0.013482540253031
0.913540287137281 0.014012505184970
0.910574604566852 0.014555806106780
0.907563897864277 0.015112868895595
0.904508497187474 0.015684137713985
0.901408737595557 0.016270059968160
0.898264959012098 0.016871082703617
0.895077506187845 0.017487210238320
0.891846728662920 0.018117780459993
0.888572980728485 0.018762037290095
0.885256621387895 0.019419177785046
0.881898014317321 0.020088356178180
0.878497527825878 0.020768594851437
0.875055534815230 0.021458724412001
0.871572412738697 0.022157493363721
0.868048543559867 0.022863942899880
0.864484313710706 0.023577460139241
0.860880114049181 0.024297434996961
0.857236339816402 0.025023613670545
0.853553390593274 0.025755978132055
0.849831670256683 0.026494530232553
0.846071586935203 0.027239196276263
0.842273552964344 0.027989881651842
0.838437984841330 0.028746474974978
0.834565303179429 0.029508783887298
0.830655932661826 0.030276524863269
0.826710301995053 0.031049424659580
0.822728843861975 0.031827119715049
0.818711994874345 0.032609176352475
0.814660195524919 0.033395136559751
0.810573890139155 0.034184536749615
0.806453526826488 0.034976905005390
0.802299557431188 0.035771765049113
0.798112437482808 0.036568639062633
0.793892626146237 0.037367168662106
0.789640586171339 0.038167065086687
0.785356783842216 0.038968033834291
0.781041688926065 0.039769784074073
0.776695774621672 0.040572034274545
0.772319517507513 0.041374513181214
0.767913397489498 0.042176933955491
0.763477897748339 0.042979000305094
0.759013504686565 0.043780382917474
0.754520707875186 0.044580758814027
0.750000000000000 0.045379794301123
0.745451876807570 0.046177136727160
0.740876837050858 0.046972414842067
0.736275382434527 0.047765253999709
0.731648017559931 0.048555275109450
0.726995249869773 0.049342118398020
0.722317589592464 0.050125424766122
0.717615549686164 0.050904836577904
0.712889645782536 0.051679996055095
0.708140396130201 0.052450559704922
0.703368321537900 0.053216199466111
0.698573945317390 0.053976587396835
0.693757793226052 0.054731392884214
0.688920393409234 0.055480293040642
0.684062276342339 0.056222971188254
0.679183974772650 0.056959106318836
0.674286023660908 0.057688386597901
0.669368960122646 0.058410502936194
0.664433323369292 0.059125170244497
0.659479654649035 0.059832112530964
0.654508497187474 0.060531053453036
0.649520396128043 0.061221723429290
0.644515898472236 0.061903838870111
0.639495553019615 0.062577117220909
0.634459910307633 0.063241275834520
0.629409522551260 0.063896037108708
0.624344943582428 0.064541121915592
0.619266728789291 0.065176245356198
0.614175435055328 0.065801130994974
0.609071620698271 0.066415500936627
0.603955845408880 0.067019081746369
0.598828670189563 0.067611646572850
0.593690657292862 0.068193032831186
0.588542370159792 0.068763082251654
0.583384373358051 0.069321646716005
0.578217232520115 0.069868575772100
0.573041514281206 0.070403730041978
0.567857786217152 0.070926981049211
0.562666616782152 0.071438195530630
0.557468575246433 0.071937255085235
0.552264231633827 0.072424040568677
0.547054156659257 0.072898440442328
0.541838921666158 0.073360349796405
0.536619098563816 0.073809671082264
0.531395259764657 0.074246305543110
0.526167978121472 0.074670166619384
0.520937826864600 0.075081154423533
0.515705379539064 0.075479177818841
0.510471209941678 0.075864148971117
0.505235892058123 0.076235985990349
0.500000000000000 0.076594616874897
0.494764107941877 0.076939997544562
0.489528790058322 0.077272091639583
0.484294620460936 0.077590869654478
0.479062173135400 0.077896306908529
0.473832021878528 0.078188394714078
0.468604740235343 0.078467162812224
0.463380901436184 0.078732648682164
0.458161078333842 0.078984896054665
0.452945843340743 0.079223953068117
0.447735768366173 0.079449842808748
0.442531424753567 0.079662532130166
0.437333383217848 0.079861987519312
0.432142213782848 0.080048179212647
0.426958485718794 0.080221084460713
0.421782767479885 0.080380680427155
0.416615626641949 0.080526939295370
0.411457629840209 0.080659839127592
0.406309342707138 0.080779365066559
0.401171329810437 0.080885505862735
0.396044154591120 0.080978246728527
0.390928379301729 0.081057565762905
0.385824564944672 0.081123447381503
0.380733271210710 0.081175882557313
0.375655056417573 0.081214871370005
0.370590477448740 0.081240442950923
0.365540089692367 0.081252647330006
0.360504446980385 0.081251540792121
0.355484101527764 0.081237185722227
0.350479603871957 0.081209639027460
0.345491502812526 0.081168909377043
0.340520345350965 0.081114996255321
0.335566676630708 0.081047907405356
0.330631039877354 0.080967657565161
0.325713976339092 0.080874225305865
0.320816025227350 0.080767523544705
0.315937723657661 0.080647466954839
0.311079606590766 0.080513982907783
0.306242206773949 0.080367005612490
0.301426054682610 0.080206452033920
0.296631678462100 0.080032236747854
0.291859603869799 0.079844285851028
0.287110354217464 0.079642539309417
0.282384450313836 0.079426939854036
0.277682410407536 0.079197428618468
0.273004750130227 0.078953960462112
0.268351982440069 0.078696502972768
0.263724617565473 0.078425065068531
0.259123162949143 0.078139806880830
0.254548123192430 0.077840935615826
0.250000000000000 0.077528664543402
0.245479292124815 0.077203203528893
0.240986495313435 0.076864689139131
0.236522102251661 0.076513220904087
0.232086602510502 0.076148913437035
0.227680482492487 0.075771874086013
0.223304225378328 0.075382048781334
0.218958311073935 0.074979283195159
0.214643216157784 0.074563440453957
0.210359413828661 0.074134410137437
0.206107373853763 0.073692099676286
0.201887562517192 0.073236440790310
0.197700442568813 0.072767386433105
0.193546473173512 0.072284893920146
0.189426109860845 0.071788839608917
0.185339804475081 0.071279077985848
0.181288005125655 0.070755501298694
0.177271156138025 0.070218070494427
0.173289698004947 0.069666916645579
0.169344067338174 0.069102200613200
0.165434696820571 0.068524127959739
0.161562015158670 0.067933129022744
0.157726447035656 0.067329844668709
0.153928413064797 0.066714911908636
0.150168329743317 0.066088945948503
0.146446609406726 0.065452485759502
0.142763660183598 0.064806055691755
0.139119885950819 0.064150101229038
0.135515686289294 0.063484360591957
0.131951456440133 0.062808262593182
0.128427587261303 0.062121292476880
0.124944465184770 0.061422975245722
0.121502472174122 0.060712878053773
0.118101985682679 0.059990644111403
0.114743378612105 0.059256160561946
0.111427019271515 0.058509615663267
0.108153271337080 0.057751243706454
0.104922493812155 0.056981488041518
0.101735040987902 0.056201010122500
0.098591262404443 0.055410516425387
0.095491502812526 0.054610723477544
0.092436102135723 0.053802389808417
0.089425395433148 0.052986234105892
0.086459712862719 0.052162528112820
0.083539379644950 0.051331338568809
0.080664716027288 0.050492722945471
0.077836037248993 0.049646490766475
0.075053653506568 0.048792480885040
0.072317869919747 0.047930687692574
0.069628986498028 0.047061230230869
0.066987298107781 0.046184314637201
0.064393094439905 0.045300108602343
0.061846659978068 0.044408835020505
0.059348273967504 0.043510664866723
0.056898210384393 0.042605685318464
0.054496737905816 0.041694100780800
0.052144119880294 0.040776191100632
0.049840614298903 0.039852350180035
0.047586473766990 0.038923090626419
0.045381945476466 0.037989024674738
0.043227271178700 0.037050631553849
0.041122687158010 0.036108332470133
0.039068424205750 0.035162276687138
0.037064707595003 0.034212331095276
0.035111757055874 0.033258623759596
0.033209786751399 0.032301489680004
0.031359005254054 0.031341402087754
0.029559615522887 0.030378942386074
0.027811814881260 0.029414942443419
0.026115794995207 0.028450532138695
0.024471741852423 0.027486186907327
0.022879835741862 0.026521821024096
0.021340251233966 0.025557020811095
0.019853157161529 0.024591327391956
0.018418716601171 0.023624684117333
0.017037086855466 0.022657318552715
0.015708419435685 0.021689635960273
0.014432860045182 0.020722354163949
0.013210548563420 0.019756542202661
0.012041619030626 0.018793109410045
0.010926199633097 0.017832337633393
0.009864412689139 0.016872524390641
0.008856374635656 0.015912386809552
0.007902196015379 0.014951534665053
0.007001981464748 0.013990272850053
0.006155829702431 0.013029701933500
0.005363833518506 0.012071734967673
0.004626079764278 0.011119138369695
0.003942649342761 0.010176190185164
0.003313617199802 0.009247250859934
0.002739052315863 0.008334735823738
0.002219017698460 0.007437872332615
0.001753570375248 0.006555866662830
0.001342761387771 0.005688388309963
0.000986635785864 0.004834946233064
0.000685232622713 0.003995382694028
0.000438584950571 0.003169506335195
0.000246719817134 0.002357121366671
0.000109658262577 0.001558054098553
0.000027415317244 0.000772514547094
0.000000000000000 0.000000000000000
0.000027415317244 -0.000765047510599
0.000109658262577 -0.001540142582887
0.000246719817134 -0.002325855089283
0.000438584950571 -0.003120329061921
0.000685232622713 -0.003921661371380
0.000986635785864 -0.004727758300028
0.001342761387771 -0.005536223109172
0.001753570375248 -0.006344345491648
0.002219017698460 -0.007149061443144
0.002739052315863 -0.007946962642065
0.003313617199802 -0.008733989502716
0.003942649342761 -0.009505379000852
0.004626079764278 -0.010257840827973
0.005363833518506 -0.010989639542968
0.006155829702431 -0.011700289096884
0.007001981464748 -0.012389840481124
0.007902196015379 -0.013058840219642
0.008856374635656 -0.013708455573508
0.009864412689139 -0.014340273445580
0.010926199633097 -0.014956435335503
0.012041619030626 -0.015560235986341
0.013210548563420 -0.016154714278265
0.014432860045182 -0.016739917325910
0.015708419435684 -0.017314981248300
0.017037086855466 -0.017878316834221
0.018418716601171 -0.018428891374564
0.019853157161528 -0.018966244403596
0.021340251233966 -0.019490143006203
0.022879835741862 -0.020000763135824
0.024471741852423 -0.020498931203364
0.026115794995207 -0.020985594235993
0.027811814881259 -0.021461140319050
0.029559615522887 -0.021925579271315
0.031359005254054 -0.022378094269967
0.033209786751399 -0.022818082924870
0.035111757055874 -0.023245318387383
0.037064707595003 -0.023659756047045
0.039068424205750 -0.024061463268324
0.041122687158009 -0.024450807190173
0.043227271178699 -0.024828467493277
0.045381945476466 -0.025194953767973
0.047586473766990 -0.025550241876135
0.049840614298903 -0.025894305263397
0.052144119880293 -0.026227052593772
0.054496737905816 -0.026548499400116
0.056898210384393 -0.026858831939922
0.059348273967504 -0.027158383771932
0.061846659978068 -0.027447696154629
0.064393094439905 -0.027727481112873
0.066987298107781 -0.027998234583614
0.069628986498028 -0.028260229957138
0.072317869919747 -0.028513749316475
0.075053653506568 -0.028758961566200
0.077836037248992 -0.028996096543097
0.080664716027288 -0.029225554605912
0.083539379644950 -0.029447865772064
0.086459712862719 -0.029663587776506
0.089425395433148 -0.029873218481453
0.092436102135723 -0.030077287645757
0.095491502812526 -0.030275917366902
0.098591262404443 -0.030468968533602
0.101735040987902 -0.030656331359556
0.104922493812155 -0.030837978857063
0.108153271337080 -0.031013924450870
0.111427019271514 -0.031184224840488
0.114743378612105 -0.031348997979183
0.118101985682679 -0.031508401340722
0.121502472174122 -0.031662721515720
0.124944465184770 -0.031812408448711
0.128427587261303 -0.031957974493566
0.131951456440133 -0.032100033421611
0.135515686289294 -0.032239310624622
0.139119885950819 -0.032376586920101
0.142763660183598 -0.032512400727112
0.146446609406726 -0.032646943710657
0.150168329743317 -0.032780400970234
0.153928413064796 -0.032912804811109
0.157726447035656 -0.033043860082040
0.161562015158669 -0.033173220062247
0.165434696820571 -0.033300561773673
0.169344067338174 -0.033425708643424
0.173289698004947 -0.033548521451141
0.177271156138025 -0.033668876315198
0.181288005125655 -0.033786887897738
0.185339804475081 -0.033902877929811
0.189426109860845 -0.034017193353061
0.193546473173511 -0.034130188918044
0.197700442568812 -0.034242184328361
0.201887562517192 -0.034353509106408
0.206107373853763 -0.034464503602267
0.210359413828660 -0.034575325105984
0.214643216157784 -0.034685901028321
0.218958311073935 -0.034796143880567
0.223304225378328 -0.034905966081517
0.227680482492486 -0.035015292095215
0.232086602510501 -0.035124056131369
0.236522102251661 -0.035232190865882
0.240986495313435 -0.035339633794507
0.245479292124814 -0.035446363678668
0.250000000000000 -0.035552379860851
0.254548123192429 -0.035657683147900
0.259123162949142 -0.035762274033382
0.263724617565473 -0.035866145994577
0.268351982440069 -0.035969288364620
0.273004750130227 -0.036071691696096
0.277682410407536 -0.036173346851151
0.282384450313836 -0.036274234482090
0.287110354217464 -0.036374328399948
0.291859603869799 -0.036473602882858
0.296631678462100 -0.036572031589598
0.301426054682609 -0.036669570877224
0.306242206773948 -0.036766152830268
0.311079606590766 -0.036861706637480
0.315937723657661 -0.036956161330083
0.320816025227350 -0.037049435631826
0.325713976339092 -0.037141411638945
0.330631039877354 -0.037231962260817
0.335566676630708 -0.037320958824191
0.340520345350965 -0.037408273019649
0.345491502812526 -0.037493819638150
0.350479603871956 -0.037577550247553
0.355484101527764 -0.037659417816110
0.360504446980385 -0.037739376746827
0.365540089692367 -0.037817381297212
0.370590477448739 -0.037893388846764
0.375655056417572 -0.037967358185077
0.380733271210709 -0.038039247989322
0.385824564944672 -0.038109018349429
0.390928379301728 -0.038176623753162
0.396044154591120 -0.038242011139434
0.401171329810437 -0.038305127436847
0.406309342707137 -0.038365919962532
0.411457629840208 -0.038424336829445
0.416615626641949 -0.038480330311069
0.421782767479884 -0.038533856622529
0.426958485718794 -0.038584872564497
0.432142213782848 -0.038633335566609
0.437333383217848 -0.038679204274460
0.442531424753567 -0.038722435946322
0.447735768366173 -0.038762988412643
0.452945843340743 -0.038800820265093
0.458161078333842 -0.038835891394876
0.463380901436184 -0.038868160212475
0.468604740235343 -0.038897577687361
0.473832021878528 -0.038924093591140
0.479062173135400 -0.038947658732013
0.484294620460935 -0.038968225033246
0.489528790058321 -0.038985745470323
0.494764107941877 -0.039000173779394
0.500000000000000 -0.039011464914376
0.505235892058122 -0.039019575146902
0.510471209941678 -0.039024462130902
0.515705379539064 -0.039026082411627
0.520937826864600 -0.039024389312811
0.526167978121472 -0.039019337223442
0.531395259764656 -0.039010882144892
0.536619098563816 -0.038998981386777
0.541838921666157 -0.038983585859009
0.547054156659257 -0.038964637641349
0.552264231633827 -0.038942080474832
0.557468575246433 -0.038915859855457
0.562666616782152 -0.038885923143150
0.567857786217152 -0.038852216319791
0.573041514281206 -0.038814684997297
0.578217232520115 -0.038773277128790
0.583384373358051 -0.038727942848308
0.588542370159791 -0.038678633465304
0.593690657292862 -0.038625291967969
0.598828670189563 -0.038567860152751
0.603955845408879 -0.038506282267149
0.609071620698271 -0.038440505613470
0.614175435055328 -0.038370467768480
0.619266728789290 -0.038296072855986
0.624344943582427 -0.038217221691340
0.629409522551260 -0.038133819390197
0.634459910307633 -0.038045775277989
0.639495553019614 -0.037952994603041
0.644515898472235 -0.037855380523524
0.649520396128043 -0.037752838425558
0.654508497187474 -0.037645280699100
0.659479654649035 -0.037532620806892
0.664433323369291 -0.037414768885900
0.669368960122646 -0.037291634216034
0.674286023660907 -0.037163134216087
0.679183974772650 -0.037029190071187
0.684062276342339 -0.036889716128733
0.688920393409233 -0.036744617151661
0.693757793226051 -0.036593805179559
0.698573945317390 -0.036437197521695
0.703368321537900 -0.036274717605478
0.708140396130200 -0.036106290363392
0.712889645782536 -0.035931845453946
0.717615549686163 -0.035751321535259
0.722317589592464 -0.035564662007709
0.726995249869773 -0.035371800040849
0.731648017559930 -0.035172672923783
0.736275382434527 -0.034967227644927
0.740876837050857 -0.034755416456300
0.745451876807570 -0.034537202402058
0.750000000000000 -0.034312555118901
0.754520707875185 -0.034081452112947
0.759013504686565 -0.033843877951114
0.763477897748338 -0.033599807073190
0.767913397489498 -0.033349212051671
0.772319517507513 -0.033092080404544
0.776695774621672 -0.032828401011516
0.781041688926065 -0.032558162393269
0.785356783842216 -0.032281356475403
0.789640586171339 -0.031997988231322
0.793892626146236 -0.031708074568195
0.798112437482808 -0.031411647442911
0.802299557431187 -0.031108749552560
0.806453526826488 -0.030799432623505
0.810573890139155 -0.030483756986112
0.814660195524918 -0.030161785856164
0.818711994874345 -0.029833597937578
0.822728843861975 -0.029499285054656
0.826710301995052 -0.029158959917806
0.830655932661826 -0.028812748378983
0.834565303179429 -0.028460765863210
0.838437984841330 -0.028103086113906
0.842273552964344 -0.027739770468585
0.846071586935203 -0.027370892154374
0.849831670256683 -0.026996468131345
0.853553390593274 -0.026616495277334
0.857236339816401 -0.026231005526968
0.860880114049181 -0.025840139737752
0.864484313710706 -0.025444116041609
0.868048543559867 -0.025043100891982
0.871572412738697 -0.024636724912813
0.875055534815230 -0.024224353772275
0.878497527825878 -0.023805384242434
0.881898014317321 -0.023379032230871
0.885256621387894 -0.022944519219593
0.888572980728485 -0.022501144240377
0.891846728662920 -0.022048270583499
0.895077506187845 -0.021585355947907
0.898264959012098 -0.021112157271121
0.901408737595557 -0.020628718883946
0.904508497187474 -0.020135377106280
0.907563897864277 -0.019633631301592
0.910574604566852 -0.019125267916038
0.913540287137281 -0.018611890745058
0.916460620355049 -0.018094886094972
0.919335283972712 -0.017575596107760
0.922163962751007 -0.017055300750732
0.924946346493432 -0.016535228738632
0.927682130080253 -0.016016576805169
0.930371013501972 -0.015500455129216
0.933012701892219 -0.014987599602467
0.935606905560095 -0.014478479246539
0.938153340021932 -0.013973469376849
0.940651726032496 -0.013472855998379
0.943101789615607 -0.012976938737047
0.945503262094184 -0.012486048624895
0.947855880119706 -0.012000500027992
0.950159385701097 -0.011520603716870
0.952413526233010 -0.011046675755913
0.954618054523534 -0.010579024422341
0.956772728821300 -0.010117956998328
0.958877312841991 -0.009663775829628
0.960931575794250 -0.009216784523228
0.962935292404997 -0.008777282291944
0.964888242944126 -0.008345556083589
0.966790213248601 -0.007921909259856
0.968640994745946 -0.007506615118654
0.970440384477113 -0.007099965196828
0.972188185118740 -0.006702230735090
0.973884205004793 -0.006313681595839
0.975528258147577 -0.005934592146019
0.977120164258138 -0.005565218638756
0.978659748766034 -0.005205815744757
0.980146842838471 -0.004856634816340
0.981581283398829 -0.004517919455502
0.982962913144534 -0.004189904286977
0.984291580564316 -0.003872820217913
0.985567139954818 -0.003566885478174
0.986789451436580 -0.003272326379334
0.987958380969374 -0.002989339801981
0.989073800366903 -0.002718129346084
0.990135587310861 -0.002458886446534
0.991143625364344 -0.002211803355161
0.992097803984621 -0.001977043514875
0.992998018535252 -0.001754786237927
0.993844170297569 -0.001545183928184
0.994636166481494 -0.001348386393429
0.995373920235722 -0.001164539622434
0.996057350657239 -0.000993769485559
0.996686382800198 -0.000836206079775
0.997260947684137 -0.000691959344724
0.997780982301540 -0.000561131840578
0.998246429624752 -0.000443817214013
0.998657238612229 -0.000340104754338
0.999013364214136 -0.000250071860680
0.999314767377287 -0.000173775775971
0.999561415049429 -0.000111278005503
0.999753280182866 -0.000062621837326
0.999890341737423 -0.000027839499739
0.999972584682756 -0.000006960883508
1.000000000000000 0.000000000000000
