1.000000000000000 0.000000000000000
0.999972584682756 0.000003256157030
0.999890341737423 0.000013042817485
0.999753280182866 0.000029407909418
0.999561415049429 0.000052426161908
0.999314767377287 0.000082210745509
0.999013364214136 0.000118892086228
0.998657238612229 0.000162635066779
0.998246429624752 0.000213621001129
0.997780982301540 0.000272055336943
0.997260947684137 0.000338154975875
0.996686382800198 0.000412150701302
0.996057350657239 0.000494277863534
0.995373920235722 0.000584773375860
0.994636166481494 0.000683869998554
0.993844170297569 0.000791787703196
0.992998018535252 0.000908729339048
0.992097803984621 0.001034871008358
0.991143625364344 0.001170359567596
0.990135587310861 0.001315296672873
0.989073800366903 0.001469733508179
0.987958380969374 0.001633661729410
0.986789451436580 0.001807008415865
0.985567139954818 0.001989736458022
0.984291580564316 0.002181860357677
0.982962913144534 0.002383377844669
0.981581283398829 0.002594246003371
0.980146842838472 0.002814385377785
0.978659748766034 0.003043669096636
0.977120164258138 0.003281919186040
0.975528258147577 0.003528911241217
0.973884205004793 0.003784358876124
0.972188185118741 0.004047900152620
0.970440384477113 0.004319197684662
0.968640994745946 0.004598083844414
0.966790213248601 0.004884413889860
0.964888242944126 0.005178054305745
0.962935292404997 0.005478851997859
0.960931575794250 0.005786634632231
0.958877312841991 0.006101223907042
0.956772728821300 0.006422421157951
0.954618054523534 0.006750013519356
0.952413526233010 0.007083770140737
0.950159385701097 0.007423460121295
0.947855880119706 0.007768955344890
0.945503262094184 0.008120173964071
0.943101789615607 0.008477045340522
0.940651726032496 0.008839502092220
0.938153340021932 0.009207492101633
0.935606905560095 0.009580962602894
0.933012701892219 0.009959871339099
0.930371013501972 0.010344181183472
0.927682130080253 0.010733872028512
0.924946346493432 0.011128924865188
0.922163962751008 0.011529270923326
0.919335283972712 0.011934825023742
0.916460620355050 0.012345504029317
0.913540287137281 0.012761217733884
0.910574604566852 0.013181876499477
0.907563897864277 0.013607396618160
0.904508497187474 0.014037695009059
0.901408737595557 0.014472695741178
0.898264959012098 0.014912317453375
0.895077506187845 0.015356479739328
0.891846728662920 0.015805084105342
0.888572980728485 0.016258036869465
0.885256621387895 0.016715229794154
0.881898014317321 0.017176555775667
0.878497527825878 0.017641906839381
0.875055534815230 0.018111171880423
0.871572412738697 0.018584250395709
0.868048543559867 0.019061036819798
0.864484313710706 0.019541422384307
0.860880114049181 0.020025303400386
0.857236339816402 0.020512541776711
0.853553390593274 0.021002987122570
0.849831670256683 0.021496490874179
0.846071586935203 0.021992892607454
0.842273552964344 0.022492028385825
0.838437984841330 0.022993735594925
0.834565303179429 0.023497848492234
0.830655932661826 0.024004210931762
0.826710301995053 0.024512650806480
0.822728843861975 0.025022977685619
0.818711994874345 0.025534976927404
0.814660195524919 0.026048429800210
0.810573890139155 0.026563105827987
0.806453526826488 0.027078762839987
0.802299557431188 0.027595146832614
0.798112437482808 0.028112005377520
0.793892626146237 0.028629072174675
0.789640586171339 0.029146080159511
0.785356783842216 0.029662752298722
0.781041688926065 0.030178847575049
0.776695774621672 0.030694153124935
0.772319517507513 0.031208457073751
0.767913397489498 0.031721549569211
0.763477897748339 0.032233228259433
0.759013504686565 0.032743292558339
0.754520707875186 0.033251539591444
0.750000000000000 0.033757772992920
0.745451876807570 0.034261791453122
0.740876837050858 0.034763400756303
0.736275382434527 0.035262402852081
0.731648017559931 0.035758605734757
0.726995249869773 0.036251844464330
0.722317589592464 0.036741961964824
0.717615549686164 0.037228800847861
0.712889645782536 0.037712202278201
0.708140396130201 0.038192005829777
0.703368321537900 0.038668048378363
0.698573945317390 0.039140166541970
0.693757793226052 0.039608204723495
0.688920393409234 0.040072055003014
0.684062276342339 0.040531639775931
0.679183974772650 0.040986882073629
0.674286023660908 0.041437715515147
0.669368960122646 0.041884080588263
0.664433323369292 0.042325938831751
0.659479654649035 0.042763256874455
0.654508497187474 0.043196002272133
0.649520396128043 0.043624137280811
0.644515898472236 0.044047565869215
0.639495553019615 0.044466174919226
0.634459910307633 0.044879855162982
0.629409522551260 0.045288497739870
0.624344943582428 0.045691980710724
0.619266728789291 0.046090154597656
0.614175435055328 0.046482874494623
0.609071620698271 0.046869995952766
0.603955845408880 0.047251378317362
0.598828670189563 0.047626897891754
0.593690657292862 0.047996440591848
0.588542370159792 0.048359895514121
0.583384373358051 0.048717151818333
0.578217232520115 0.049068106463324
0.573041514281206 0.049412660018160
0.567857786217152 0.049750721050531
0.562666616782152 0.050082199027759
0.557468575246433 0.050407003540982
0.552264231633827 0.050725052712089
0.547054156659257 0.051036261244345
0.541838921666158 0.051340549381281
0.536619098563816 0.051637841647811
0.531395259764657 0.051928062416119
0.526167978121472 0.052211149066018
0.520937826864600 0.052487048008890
0.515705379539064 0.052755708704220
0.510471209941678 0.053017085694002
0.505235892058123 0.053271131647870
0.500000000000000 0.053517773590224
0.494764107941877 0.053756918920468
0.489528790058322 0.053988476564654
0.484294620460936 0.054212359717000
0.479062173135400 0.054428480031172
0.473832021878528 0.054636719753131
0.468604740235343 0.054836945833153
0.463380901436184 0.055029029646154
0.458161078333842 0.055212845625507
0.452945843340743 0.055388280045906
0.447735768366173 0.055555263756840
0.442531424753567 0.055713743959567
0.437333383217848 0.055863674092317
0.432142213782848 0.056005010700294
0.426958485718794 0.056137723688035
0.421782767479885 0.056261826188997
0.416615626641949 0.056377340643978
0.411457629840209 0.056484294675490
0.406309342707138 0.056582718812318
0.401171329810437 0.056672616354576
0.396044154591120 0.056753935248056
0.390928379301729 0.056826622875717
0.385824564944672 0.056890630428026
0.380733271210710 0.056945912802742
0.375655056417573 0.056992398901514
0.370590477448740 0.057029993270510
0.365540089692367 0.057058605121025
0.360504446980385 0.057078150288208
0.355484101527764 0.057088552521657
0.350479603871957 0.057089753683792
0.345491502812526 0.057081706329883
0.340520345350965 0.057064369373321
0.335566676630708 0.057037708182378
0.330631039877354 0.057001697278057
0.325713976339092 0.056956322967786
0.320816025227350 0.056901578921730
0.315937723657661 0.056837464272104
0.311079606590766 0.056763983165696
0.306242206773949 0.056681124991388
0.301426054682610 0.056588877252805
0.296631678462100 0.056487234759763
0.291859603869799 0.056376199633052
0.287110354217464 0.056255759787211
0.282384450313836 0.056125886048421
0.277682410407536 0.055986557012355
0.273004750130227 0.055837758165756
0.268351982440069 0.055679485248401
0.263724617565473 0.055511739720644
0.259123162949143 0.055334531269443
0.254548123192430 0.055147879500267
0.250000000000000 0.054951794926964
0.245479292124815 0.054746222223930
0.240986495313435 0.054531101009559
0.236522102251661 0.054306385144312
0.232086602510502 0.054072043665036
0.227680482492487 0.053828076236539
0.223304225378328 0.053574497234420
0.218958311073935 0.053311336189139
0.214643216157784 0.053038610577851
0.210359413828661 0.052756286764138
0.206107373853763 0.052464333299620
0.201887562517192 0.052162731847994
0.197700442568813 0.051851477022633
0.193546473173512 0.051530557093649
0.189426109860845 0.051199981930536
0.185339804475081 0.050859772378314
0.181288005125655 0.050509966161557
0.177271156138025 0.050150613808510
0.173289698004947 0.049781778981935
0.169344067338174 0.049403513087357
0.165434696820571 0.049015794068637
0.161562015158670 0.048618606513098
0.157726447035656 0.048211963843677
0.153928413064797 0.047795926836805
0.150168329743317 0.047370574662273
0.146446609406726 0.046936013873387
0.142763660183598 0.046492332901383
0.139119885950819 0.046039614284917
0.135515686289294 0.045577959097304
0.131951456440133 0.045107410922792
0.128427587261303 0.044627942199084
0.124944465184770 0.044139542647361
0.121502472174122 0.043642251995445
0.118101985682679 0.043136161720950
0.114743378612105 0.042621399016582
0.111427019271515 0.042098105140891
0.108153271337080 0.041566437175512
0.104922493812155 0.041026580804685
0.101735040987902 0.040478653775242
0.098591262404443 0.039922735487899
0.095491502812526 0.039358938970289
0.092436102135723 0.038787416096952
0.089425395433148 0.038208348318171
0.086459712862719 0.037621988165663
0.083539379644950 0.037028683093626
0.080664716027288 0.036428785590480
0.077836037248993 0.035822434211037
0.075053653506568 0.035209640319596
0.072317869919747 0.034590368688519
0.069628986498028 0.033964394645640
0.066987298107781 0.033331579008523
0.064393094439905 0.032691900341016
0.061846659978068 0.032045460582328
0.059348273967504 0.031392411015091
0.056898210384393 0.030732978542920
0.054496737905816 0.030067466523583
0.052144119880294 0.029396234587801
0.049840614298903 0.028719729859101
0.047586473766990 0.028038452949240
0.045381945476466 0.027352979140278
0.043227271178700 0.026663958419152
0.041122687158010 0.025972078278345
0.039068424205750 0.025278070759575
0.037064707595003 0.024582735196109
0.035111757055874 0.023887095529323
0.033209786751399 0.023191611715732
0.031359005254054 0.022495131209922
0.029559615522887 0.021796391686521
0.027811814881260 0.021094250165194
0.026115794995207 0.020387880080155
0.024471741852423 0.019676786985864
0.022879835741862 0.018960802980421
0.021340251233966 0.018240016654695
0.019853157161529 0.017514537589045
0.018418716601171 0.016785225210063
0.017037086855466 0.016054296394295
0.015708419435685 0.015324872766416
0.014432860045182 0.014600510545910
0.013210548563420 0.013884453686865
0.012041619030626 0.013179850498435
0.010926199633097 0.012489760047278
0.009864412689139 0.011816693421250
0.008856374635656 0.011163692696060
0.007902196015379 0.010533963542588
0.007001981464748 0.009924824335240
0.006155829702431 0.009329576905113
0.005363833518506 0.008738841348948
0.004626079764278 0.008146070115146
0.003942649342761 0.007546834165735
0.003313617199802 0.006937765048140
0.002739052315863 0.006316845362730
0.002219017698460 0.005683354805921
0.001753570375248 0.005038020370740
0.001342761387771 0.004383473395649
0.000986635785864 0.003725192215594
0.000685232622713 0.003069742542830
0.000438584950571 0.002422952696878
0.000246719817134 0.001789189639345
0.000109658262577 0.001172185263437
0.000027415317244 0.000575022711719
0.000000000000000 0.000000000000000
0.000027415317244 -0.000550354896033
0.000109658262577 -0.001074350178680
0.000246719817134 -0.001574926633429
0.000438584950571 -0.002064395193712
0.000685232622713 -0.002548534900862
0.000986635785864 -0.003029462812306
0.001342761387771 -0.003508662735087
0.001753570375248 -0.003987501300494
0.002219017698460 -0.004467448135514
0.002739052315863 -0.004950293115803
0.003313617199802 -0.005438287977464
0.003942649342761 -0.005935141201533
0.004626079764278 -0.006444757033758
0.005363833518506 -0.006968884953423
0.006155829702431 -0.007504059091117
0.007001981464748 -0.008045042937722
0.007902196015379 -0.008587922159801
0.008856374635656 -0.009129007805313
0.009864412689139 -0.009665140964854
0.010926199633097 -0.010193935391992
0.012041619030626 -0.010713831061771
0.013210548563420 -0.011224245037839
0.014432860045182 -0.011725277083210
0.015708419435684 -0.012216315017950
0.017037086855466 -0.012696645487492
0.018418716601171 -0.013165681391155
0.019853157161528 -0.013623118855787
0.021340251233966 -0.014068915214750
0.022879835741862 -0.014503246282003
0.024471741852423 -0.014926625179631
0.026115794995207 -0.015339897721191
0.027811814881259 -0.015743924197421
0.029559615522887 -0.016139394180005
0.031359005254054 -0.016525724551072
0.033209786751399 -0.016902155106308
0.035111757055874 -0.017268269220415
0.037064707595003 -0.017623824213307
0.039068424205750 -0.017968739036531
0.041122687158009 -0.018303139189516
0.043227271178699 -0.018627391119373
0.045381945476466 -0.018942059950107
0.047586473766990 -0.019247881744767
0.049840614298903 -0.019545061017419
0.052144119880293 -0.019833344741790
0.054496737905816 -0.020112566673182
0.056898210384393 -0.020382666899233
0.059348273967504 -0.020643655930935
0.061846659978068 -0.020895611715486
0.064393094439905 -0.021138741929587
0.066987298107781 -0.021373406396565
0.069628986498028 -0.021599984230600
0.072317869919747 -0.021818670011586
0.075053653506568 -0.022029646594583
0.077836037248992 -0.022232864800233
0.080664716027288 -0.022428195057966
0.083539379644950 -0.022615593098684
0.086459712862719 -0.022795101677933
0.089425395433148 -0.022966825211041
0.092436102135723 -0.023130937661666
0.095491502812526 -0.023287667087955
0.098591262404443 -0.023437198871151
0.101735040987902 -0.023579670239830
0.104922493812155 -0.023715220120605
0.108153271337080 -0.023843838671132
0.111427019271514 -0.023965477295377
0.114743378612105 -0.024080128517989
0.118101985682679 -0.024187841012737
0.121502472174122 -0.024288699154499
0.124944465184770 -0.024382816948974
0.128427587261303 -0.024470342722912
0.131951456440133 -0.024551451017175
0.135515686289294 -0.024626235226577
0.139119885950819 -0.024694707195201
0.142763660183598 -0.024756892371874
0.146446609406726 -0.024812815566715
0.150168329743317 -0.024862502555210
0.153928413064796 -0.024905995522950
0.157726447035656 -0.024943359653661
0.161562015158669 -0.024974687419934
0.165434696820571 -0.025000089584020
0.169344067338174 -0.025019680915472
0.173289698004947 -0.025033559830892
0.177271156138025 -0.025041835522018
0.181288005125655 -0.025044630092962
0.185339804475081 -0.025042061294425
0.189426109860845 -0.025034253397862
0.193546473173511 -0.025021345532307
0.197700442568812 -0.025003505208877
0.201887562517192 -0.024980935560183
0.206107373853763 -0.024953857524992
0.210359413828660 -0.024922488802121
0.214643216157784 -0.024886900690664
0.218958311073935 -0.024847093358897
0.223304225378328 -0.024803071566341
0.227680482492486 -0.024754832871202
0.232086602510501 -0.024702338505209
0.236522102251661 -0.024645543130883
0.240986495313435 -0.024584404470904
0.245479292124814 -0.024518892991775
0.250000000000000 -0.024449004640121
0.254548123192429 -0.024374743508315
0.259123162949142 -0.024296116267638
0.263724617565473 -0.024213164488591
0.268351982440069 -0.024125994943756
0.273004750130227 -0.024034728189305
0.277682410407536 -0.023939492461069
0.282384450313836 -0.023840424686932
0.287110354217464 -0.023737674694750
0.291859603869799 -0.023631399785052
0.296631678462100 -0.023521764922876
0.301426054682609 -0.023408923146837
0.306242206773948 -0.023292945518874
0.311079606590766 -0.023173878185382
0.315937723657661 -0.023051770965895
0.320816025227350 -0.022926674891419
0.325713976339092 -0.022798619462205
0.330631039877354 -0.022667618359252
0.335566676630708 -0.022533685936767
0.340520345350965 -0.022396838644870
0.345491502812526 -0.022257099863159
0.350479603871956 -0.022114502758859
0.355484101527764 -0.021969086525405
0.360504446980385 -0.021820891750243
0.365540089692367 -0.021669960063633
0.370590477448739 -0.021516339592848
0.375655056417572 -0.021360082893288
0.380733271210709 -0.021201243856776
0.385824564944672 -0.021039879301636
0.390928379301728 -0.020876045390489
0.396044154591120 -0.020709796201804
0.401171329810437 -0.020541184954602
0.406309342707137 -0.020370267685721
0.411457629840208 -0.020197100158555
0.416615626641949 -0.020021736519761
0.421782767479884 -0.019844220879930
0.426958485718794 -0.019664597426995
0.432142213782848 -0.019482913641554
0.437333383217848 -0.019299215270598
0.442531424753567 -0.019113548025232
0.447735768366173 -0.018925954446494
0.452945843340743 -0.018736478931717
0.458161078333842 -0.018545167193722
0.463380901436184 -0.018352058148923
0.468604740235343 -0.018157147952183
0.473832021878528 -0.017960409880443
0.479062173135400 -0.017761818653575
0.484294620460935 -0.017561348836377
0.489528790058321 -0.017358975532508
0.494764107941877 -0.017154680293885
0.500000000000000 -0.016948442543845
0.505235892058122 -0.016740245367515
0.510471209941678 -0.016530071364231
0.515705379539064 -0.016317888582878
0.520937826864600 -0.016103618288354
0.526167978121472 -0.015887178673643
0.531395259764656 -0.015668486147534
0.536619098563816 -0.015447458942698
0.541838921666157 -0.015224013042432
0.547054156659257 -0.014998053107720
0.552264231633827 -0.014769485856020
0.557468575246433 -0.014538219946128
0.562666616782152 -0.014304171992271
0.567857786217152 -0.014067367645740
0.573041514281206 -0.013827935660361
0.578217232520115 -0.013586009844448
0.583384373358051 -0.013341723848239
0.588542370159791 -0.013095211815114
0.593690657292862 -0.012846615674867
0.598828670189563 -0.012596077161794
0.603955845408879 -0.012343740971345
0.609071620698271 -0.012089748728529
0.614175435055328 -0.011834264019580
0.619266728789290 -0.011577514534324
0.624344943582427 -0.011319734207276
0.629409522551260 -0.011061157857629
0.634459910307633 -0.010802017417808
0.639495553019614 -0.010542565007396
0.644515898472235 -0.010283077122890
0.649520396128043 -0.010023823680637
0.654508497187474 -0.009765072391746
0.659479654649035 -0.009507078159280
0.664433323369291 -0.009250063340470
0.669368960122646 -0.008994237581029
0.674286023660907 -0.008739806348356
0.679183974772650 -0.008486970409959
0.684062276342339 -0.008235903468815
0.688920393409233 -0.007986754970556
0.693757793226051 -0.007739672187908
0.698573945317390 -0.007494796819826
0.703368321537900 -0.007252269628245
0.708140396130200 -0.007012234235253
0.712889645782536 -0.006774827962354
0.717615549686163 -0.006540184891771
0.722317589592464 -0.006308419371018
0.726995249869773 -0.006079596816344
0.731648017559930 -0.005853771925566
0.736275382434527 -0.005630997252173
0.740876837050857 -0.005411321785891
0.745451876807570 -0.005194788630180
0.750000000000000 -0.004981438441449
0.754520707875185 -0.004771309933368
0.759013504686565 -0.004564442703421
0.763477897748338 -0.004360882955180
0.767913397489498 -0.004160676560711
0.772319517507513 -0.003963867668523
0.776695774621672 -0.003770505809899
0.781041688926065 -0.003580658095372
0.785356783842216 -0.003394387554044
0.789640586171339 -0.003211753798107
0.793892626146236 -0.003032805648174
0.798112437482808 -0.002857584804509
0.802299557431187 -0.002686131149001
0.806453526826488 -0.002518478359296
0.810573890139155 -0.002354668681416
0.814660195524918 -0.002194738220715
0.818711994874345 -0.002038720583355
0.822728843861975 -0.001886651602457
0.826710301995052 -0.001738568379901
0.830655932661826 -0.001594502699231
0.834565303179429 -0.001454479137417
0.838437984841330 -0.001318515438992
0.842273552964344 -0.001186625041291
0.846071586935203 -0.001058815267426
0.849831670256683 -0.000935092289307
0.853553390593274 -0.000815454865144
0.857236339816401 -0.000699901038784
0.860880114049181 -0.000588427784234
0.864484313710706 -0.000481029117946
0.868048543559867 -0.000377692803667
0.871572412738697 -0.000278404295892
0.875055534815230 -0.000183142065249
0.878497527825878 -0.000091878311513
0.881898014317321 -0.000004576148079
0.885256621387894 0.000078804398067
0.888572980728485 0.000158292062494
0.891846728662920 0.000233909863411
0.895077506187845 0.000305678299210
0.898264959012098 0.000373592897687
0.901408737595557 0.000437648210642
0.904508497187474 0.000497850943984
0.907563897864277 0.000554221955322
0.910574604566852 0.000606790407327
0.913540287137281 0.000655590881326
0.916460620355049 0.000700665158930
0.919335283972712 0.000742063762578
0.922163962751007 0.000779844421636
0.924946346493432 0.000814056213348
0.927682130080253 0.000844730791299
0.930371013501972 0.000871907093957
0.933012701892219 0.000895632990159
0.935606905560095 0.000915966076688
0.938153340021932 0.000932973456245
0.940651726032496 0.000946730810654
0.943101789615607 0.000957320596830
0.945503262094184 0.000964833466032
0.947855880119706 0.000969371529231
0.950159385701097 0.000971038147212
0.952413526233010 0.000969912770059
0.954618054523534 0.000966073200912
0.956772728821300 0.000959599390739
0.958877312841991 0.000950581324742
0.960931575794250 0.000939121560912
0.962935292404997 0.000925331919883
0.964888242944126 0.000909332935941
0.966790213248601 0.000891250484096
0.968640994745946 0.000871219676941
0.970440384477113 0.000849389564792
0.972188185118740 0.000825888726863
0.973884205004793 0.000800812418996
0.975528258147577 0.000774237422623
0.977120164258138 0.000746247065033
0.978659748766034 0.000716951435533
0.980146842838471 0.000686474112195
0.981581283398829 0.000654953339876
0.982962913144534 0.000622539848926
0.984291580564316 0.000589393257220
0.985567139954818 0.000555685721323
0.986789451436580 0.000521595774385
0.987958380969374 0.000487286507315
0.989073800366903 0.000452880941539
0.990135587310861 0.000418480139726
0.991143625364344 0.000384221414149
0.992097803984621 0.000350261263235
0.992998018535252 0.000316774279609
0.993844170297569 0.000283949637633
0.994636166481494 0.000251985998664
0.995373920235722 0.000221086256392
0.996057350657239 0.000191458239866
0.996686382800198 0.000163305521570
0.997260947684137 0.000136828268291
0.997780982301540 0.000112220549706
0.998246429624752 0.000089664860799
0.998657238612229 0.000069331524661
0.999013364214136 0.000051376888776
0.999314767377287 0.000035938431832
0.999561415049429 0.000023138510091
0.999753280182866 0.000013075634354
0.999890341737423 0.000005830550385
0.999972584682756 0.000001460493098
1.000000000000000 0.000000000000000
