1.000000000000000 0.000000000000000
0.999972584682756 -0.000000123900152
0.999890341737423 -0.000000492640453
0.999753280182866 -0.000001097016168
0.999561415049429 -0.000001921677323
0.999314767377287 -0.000002945455013
0.999013364214136 -0.000004140773205
0.998657238612229 -0.000005474424983
0.998246429624752 -0.000006906888845
0.997780982301540 -0.000008392874139
0.997260947684137 -0.000009881118756
0.996686382800198 -0.000011314713691
0.996057350657239 -0.000012630813078
0.995373920235722 -0.000013761001803
0.994636166481494 -0.000014631232357
0.993844170297569 -0.000015161932889
0.992998018535252 -0.000015268172145
0.992097803984621 -0.000014859685565
0.991143625364344 -0.000013840986506
0.990135587310861 -0.000012111549399
0.989073800366903 -0.000009565786534
0.987958380969374 -0.000006093446691
0.986789451436580 -0.000001579134080
0.985567139954818 0.000004101883792
0.984291580564316 0.000011085763846
0.982962913144534 0.000019516244208
0.981581283398829 0.000029544333644
0.980146842838472 0.000041329183318
0.978659748766034 0.000055037235126
0.977120164258138 0.000070843079877
0.975528258147577 0.000088929483707
0.973884205004793 0.000109487481899
0.972188185118741 0.000132716832238
0.970440384477113 0.000158825604363
0.968640994745946 0.000188024954717
0.966790213248601 0.000220532682261
0.964888242944126 0.000256573980711
0.962935292404997 0.000296380380988
0.960931575794250 0.000340193304030
0.958877312841991 0.000388261216701
0.956772728821300 0.000440840179839
0.954618054523534 0.000498195717644
0.952413526233010 0.000560599937399
0.950159385701097 0.000628336375655
0.947855880119706 0.000701690743387
0.945503262094184 0.000780955962269
0.943101789615607 0.000866427449478
0.940651726032496 0.000958406125603
0.938153340021932 0.001057202106651
0.935606905560095 0.001163131962461
0.933012701892219 0.001276520297753
0.930371013501972 0.001397696416322
0.927682130080253 0.001527001505281
0.924946346493432 0.001664789967672
0.922163962751008 0.001811405191629
0.919335283972712 0.001967175511239
0.916460620355050 0.002132389047892
0.913540287137281 0.002307254498252
0.910574604566852 0.002491966754100
0.907563897864277 0.002686724354992
0.904508497187474 0.002891718091519
0.901408737595557 0.003107128690503
0.898264959012098 0.003333123572510
0.895077506187845 0.003569861634751
0.891846728662920 0.003817500178655
0.888572980728485 0.004076185552805
0.885256621387895 0.004346013743710
0.881898014317321 0.004627041749430
0.878497527825878 0.004919305217014
0.875055534815230 0.005222807233061
0.871572412738697 0.005537528154765
0.868048543559867 0.005863430991197
0.864484313710706 0.006200463628084
0.860880114049181 0.006548551415092
0.857236339816402 0.006907599258857
0.853553390593274 0.007277486575176
0.849831670256683 0.007658070250592
0.846071586935203 0.008049223468029
0.842273552964344 0.008450841634657
0.838437984841330 0.008862810477032
0.834565303179429 0.009285002264135
0.830655932661826 0.009717277582073
0.826710301995053 0.010159485269620
0.822728843861975 0.010611448333778
0.818711994874345 0.011072947430830
0.814660195524919 0.011543745029407
0.810573890139155 0.012023592274233
0.806453526826488 0.012512331819686
0.802299557431188 0.013009836260404
0.798112437482808 0.013515970621794
0.793892626146237 0.014030622790054
0.789640586171339 0.014553735776650
0.785356783842216 0.015085239570447
0.781041688926065 0.015625060756371
0.776695774621672 0.016173112358404
0.772319517507513 0.016729283869043
0.767913397489498 0.017293464456756
0.763477897748339 0.017865530044336
0.759013504686565 0.018445337722278
0.754520707875186 0.019032730099843
0.750000000000000 0.019627549071591
0.745451876807570 0.020229614873746
0.740876837050858 0.020838736457295
0.736275382434527 0.021454711535372
0.731648017559931 0.022077332358100
0.726995249869773 0.022706380889968
0.722317589592464 0.023341646316030
0.717615549686164 0.023982908839025
0.712889645782536 0.024629934415508
0.708140396130201 0.025282518935575
0.703368321537900 0.025940499628421
0.698573945317390 0.026603712746431
0.693757793226052 0.027271997812026
0.688920393409234 0.027945183906003
0.684062276342339 0.028623118453702
0.679183974772650 0.029305635472469
0.674286023660908 0.029992578140090
0.669368960122646 0.030683766077527
0.664433323369292 0.031378924555952
0.659479654649035 0.032077718272782
0.654508497187474 0.032779810168895
0.649520396128043 0.033484849171527
0.644515898472236 0.034192463026215
0.639495553019615 0.034902225132281
0.634459910307633 0.035613703946954
0.629409522551260 0.036326464344271
0.624344943582428 0.037040058469457
0.619266728789291 0.037754068346719
0.614175435055328 0.038468078414733
0.609071620698271 0.039181669198854
0.603955845408880 0.039894417604945
0.598828670189563 0.040605903057651
0.593690657292862 0.041315708012024
0.588542370159792 0.042023413851026
0.583384373358051 0.042728601053055
0.578217232520115 0.043430844937327
0.573041514281206 0.044129738200308
0.567857786217152 0.044824880343338
0.562666616782152 0.045515872783215
0.557468575246433 0.046202320619438
0.552264231633827 0.046883828620099
0.547054156659257 0.047560030343011
0.541838921666158 0.048230582021412
0.536619098563816 0.048895140744605
0.531395259764657 0.049553366620406
0.526167978121472 0.050204915220803
0.520937826864600 0.050849441712770
0.515705379539064 0.051486595128496
0.510471209941678 0.052116030565203
0.505235892058123 0.052737405470226
0.500000000000000 0.053350378129929
0.494764107941877 0.053954602490876
0.489528790058322 0.054549741092963
0.484294620460936 0.055135453074791
0.479062173135400 0.055711408486459
0.473832021878528 0.056277282544933
0.468604740235343 0.056832765319215
0.463380901436184 0.057377552758712
0.458161078333842 0.057911345909261
0.452945843340743 0.058433852758256
0.447735768366173 0.058944795904743
0.442531424753567 0.059443909894595
0.437333383217848 0.059930939001529
0.432142213782848 0.060405634932491
0.426958485718794 0.060867755687832
0.421782767479885 0.061317065267339
0.416615626641949 0.061753325795797
0.411457629840209 0.062176312949043
0.406309342707138 0.062585805353422
0.401171329810437 0.062981592261905
0.396044154591120 0.063363469420992
0.390928379301729 0.063731235392945
0.385824564944672 0.064084698850332
0.380733271210710 0.064423679386542
0.375655056417573 0.064748003823180
0.370590477448740 0.065057512125250
0.365540089692367 0.065352054659791
0.360504446980385 0.065631490919861
0.355484101527764 0.065895691602917
0.350479603871957 0.066144538983559
0.345491502812526 0.066377926884964
0.340520345350965 0.066595761890352
0.335566676630708 0.066797958789363
0.330631039877354 0.066984444593804
0.325713976339092 0.067155148852990
0.320816025227350 0.067310004344724
0.315937723657661 0.067448955309791
0.311079606590766 0.067571955935965
0.306242206773949 0.067678972522411
0.301426054682610 0.067769983986518
0.296631678462100 0.067844979528632
0.291859603869799 0.067903960495643
0.287110354217464 0.067946937153669
0.282384450313836 0.067973904171640
0.277682410407536 0.067984845432715
0.273004750130227 0.067979756787000
0.268351982440069 0.067958646565272
0.263724617565473 0.067921514783583
0.259123162949143 0.067868333518995
0.254548123192430 0.067799085159913
0.250000000000000 0.067713766890230
0.245479292124815 0.067612389246620
0.240986495313435 0.067494969537389
0.236522102251661 0.067361540348881
0.232086602510502 0.067212148857685
0.227680482492487 0.067046839854783
0.223304225378328 0.066865609392129
0.218958311073935 0.066668450768469
0.214643216157784 0.066455376802177
0.210359413828661 0.066226426391372
0.206107373853763 0.065981674304560
0.201887562517192 0.065721217565144
0.197700442568813 0.065445171382019
0.193546473173512 0.065153603580663
0.189426109860845 0.064846461070936
0.185339804475081 0.064523701147910
0.181288005125655 0.064185304536114
0.177271156138025 0.063831279285213
0.173289698004947 0.063461653593470
0.169344067338174 0.063076482616178
0.165434696820571 0.062675841766098
0.161562015158670 0.062259793988021
0.157726447035656 0.061828423384384
0.153928413064797 0.061381837379332
0.150168329743317 0.060920111639031
0.146446609406726 0.060443301500145
0.142763660183598 0.059951480377141
0.139119885950819 0.059444782696051
0.135515686289294 0.058923422372401
0.131951456440133 0.058387641309343
0.128427587261303 0.057837669337713
0.124944465184770 0.057273538199861
0.121502472174122 0.056695263714666
0.118101985682679 0.056102880339628
0.114743378612105 0.055496360520800
0.111427019271515 0.054875677288588
0.108153271337080 0.054240867097270
0.104922493812155 0.053592062430781
0.101735040987902 0.052929449379667
0.098591262404443 0.052253253608565
0.095491502812526 0.051563628647914
0.092436102135723 0.050860755951862
0.089425395433148 0.050144847755722
0.086459712862719 0.049416096633476
0.083539379644950 0.048674745013006
0.080664716027288 0.047921139451413
0.077836037248993 0.047155695385393
0.075053653506568 0.046378859551801
0.072317869919747 0.045590958740272
0.069628986498028 0.044792325244561
0.066987298107781 0.043983087117799
0.064393094439905 0.043163105138267
0.061846659978068 0.042332345181960
0.059348273967504 0.041490922323246
0.056898210384393 0.040639066562086
0.054496737905816 0.039777143512759
0.052144119880294 0.038905614523846
0.049840614298903 0.038024882284403
0.047586473766990 0.037135228717002
0.045381945476466 0.036236949734075
0.043227271178700 0.035330209016620
0.041122687158010 0.034415261300218
0.039068424205750 0.033492522852231
0.037064707595003 0.032562506549395
0.035111757055874 0.031625920678556
0.033209786751399 0.030683492010215
0.031359005254054 0.029735788608261
0.029559615522887 0.028783236042921
0.027811814881260 0.027825761693159
0.026115794995207 0.026863455069095
0.024471741852423 0.025896806278459
0.022879835741862 0.024926492186501
0.021340251233966 0.023953375784387
0.019853157161529 0.022978768991959
0.018418716601171 0.022004107807907
0.017037086855466 0.021030060798819
0.015708419435685 0.020056637043318
0.014432860045182 0.019082965751916
0.013210548563420 0.018108437116365
0.012041619030626 0.017132792297597
0.010926199633097 0.016155785454307
0.009864412689139 0.015177426695961
0.008856374635656 0.014197845376070
0.007902196015379 0.013217326306930
0.007001981464748 0.012237275478538
0.006155829702431 0.011260583527656
0.005363833518506 0.010291638014487
0.004626079764278 0.009336133606014
0.003942649342761 0.008401051396417
0.003313617199802 0.007494411248380
0.002739052315863 0.006625045408680
0.002219017698460 0.005802159327491
0.001753570375248 0.005030996678203
0.001342761387771 0.004303230551819
0.000986635785864 0.003610917469069
0.000685232622713 0.002949075376110
0.000438584950571 0.002314147271942
0.000246719817134 0.001703487328896
0.000109658262577 0.001115269499940
0.000027415317244 0.000547890061213
0.000000000000000 0.000000000000000
0.000027415317244 -0.000529248380385
0.000109658262577 -0.001041113213196
0.000246719817134 -0.001547088051610
0.000438584950571 -0.002054944240292
0.000685232622713 -0.002564715973294
0.000986635785864 -0.003074833806441
0.001342761387771 -0.003582994963949
0.001753570375248 -0.004086109615396
0.002219017698460 -0.004580363332384
0.002739052315863 -0.005060752847909
0.003313617199802 -0.005520856913789
0.003942649342761 -0.005954059492685
0.004626079764278 -0.006355252880097
0.005363833518506 -0.006721676261133
0.006155829702431 -0.007052116395032
0.007001981464748 -0.007346812260307
0.007902196015379 -0.007607666335791
0.008856374635656 -0.007838160384804
0.009864412689139 -0.008043672991066
0.010926199633097 -0.008231633692985
0.012041619030626 -0.008412308702600
0.013210548563420 -0.008598006325514
0.014432860045182 -0.008792849484616
0.015708419435684 -0.008996126793538
0.017037086855466 -0.009206719124204
0.018418716601171 -0.009423230326280
0.019853157161528 -0.009643978408057
0.021340251233966 -0.009866907327445
0.022879835741862 -0.010089639253770
0.024471741852423 -0.010309499332653
0.026115794995207 -0.010523193709456
0.027811814881259 -0.010727159797079
0.029559615522887 -0.010919529353443
0.031359005254054 -0.011099532899143
0.033209786751399 -0.011267553289575
0.035111757055874 -0.011424239498164
0.037064707595003 -0.011570278361219
0.039068424205750 -0.011706655375795
0.041122687158009 -0.011834682699949
0.043227271178699 -0.011955941453464
0.045381945476466 -0.012072324032639
0.047586473766990 -0.012186122942743
0.049840614298903 -0.012299721632374
0.052144119880293 -0.012413721935780
0.054496737905816 -0.012527921439660
0.056898210384393 -0.012642038155804
0.059348273967504 -0.012755746110934
0.061846659978068 -0.012868714128091
0.064393094439905 -0.012980602045480
0.066987298107781 -0.013091043846540
0.069628986498028 -0.013199651946829
0.072317869919747 -0.013306019961706
0.075053653506568 -0.013409730659098
0.077836037248992 -0.013510479521003
0.080664716027288 -0.013608264936657
0.083539379644950 -0.013703151482110
0.086459712862719 -0.013795227526671
0.089425395433148 -0.013884606581242
0.092436102135723 -0.013971426744142
0.095491502812526 -0.014055849215286
0.098591262404443 -0.014138071286973
0.101735040987902 -0.014218349265764
0.104922493812155 -0.014296979838559
0.108153271337080 -0.014374159557107
0.111427019271514 -0.014449919290936
0.114743378612105 -0.014524279805652
0.118101985682679 -0.014597217728628
0.121502472174122 -0.014668681939162
0.124944465184770 -0.014738626754602
0.128427587261303 -0.014807027461179
0.131951456440133 -0.014873869501265
0.135515686289294 -0.014939140727144
0.139119885950819 -0.015002828475776
0.142763660183598 -0.015064922635204
0.146446609406726 -0.015125408298175
0.150168329743317 -0.015184239998622
0.153928413064796 -0.015241367897343
0.157726447035656 -0.015296744111093
0.161562015158669 -0.015350326035969
0.165434696820571 -0.015402072349483
0.169344067338174 -0.015451944883981
0.173289698004947 -0.015499905705728
0.177271156138025 -0.015545918403390
0.181288005125655 -0.015589949154182
0.185339804475081 -0.015631975154635
0.189426109860845 -0.015671986405905
0.193546473173511 -0.015709977048941
0.197700442568812 -0.015745945049778
0.201887562517192 -0.015779893097177
0.206107373853763 -0.015811828242019
0.210359413828660 -0.015841761270830
0.214643216157784 -0.015869706276791
0.218958311073935 -0.015895681238102
0.223304225378328 -0.015919707990578
0.227680482492486 -0.015941808572484
0.232086602510501 -0.015961980185086
0.236522102251661 -0.015980205991260
0.240986495313435 -0.015996470550976
0.245479292124814 -0.016010759921066
0.250000000000000 -0.016023060074916
0.254548123192429 -0.016033358047077
0.259123162949142 -0.016041642383022
0.263724617565473 -0.016047904336510
0.268351982440069 -0.016052141566800
0.273004750130227 -0.016054355032118
0.277682410407536 -0.016054547575192
0.282384450313836 -0.016052725196533
0.287110354217464 -0.016048903823560
0.291859603869799 -0.016043104593133
0.296631678462100 -0.016035350872747
0.301426054682609 -0.016025668188617
0.306242206773948 -0.016014083806456
0.311079606590766 -0.016000626775763
0.315937723657661 -0.015985328375633
0.320816025227350 -0.015968221684550
0.325713976339092 -0.015949332288492
0.330631039877354 -0.015928673340456
0.335566676630708 -0.015906258044099
0.340520345350965 -0.015882101120061
0.345491502812526 -0.015856218491844
0.350479603871956 -0.015828627661920
0.355484101527764 -0.015799347489771
0.360504446980385 -0.015768398225497
0.365540089692367 -0.015735801275617
0.370590477448739 -0.015701574367157
0.375655056417572 -0.015665730302823
0.380733271210709 -0.015628282869707
0.385824564944672 -0.015589246322199
0.390928379301728 -0.015548635398584
0.396044154591120 -0.015506460225448
0.401171329810437 -0.015462728661927
0.406309342707137 -0.015417449932066
0.411457629840208 -0.015370633652841
0.416615626641949 -0.015322293317946
0.421782767479884 -0.015272451341235
0.426958485718794 -0.015221132970633
0.432142213782848 -0.015168363916226
0.437333383217848 -0.015114170818790
0.442531424753567 -0.015058590124755
0.447735768366173 -0.015001670507327
0.452945843340743 -0.014943462570625
0.458161078333842 -0.014884018080364
0.463380901436184 -0.014823388291745
0.468604740235343 -0.014761611482997
0.473832021878528 -0.014698713786534
0.479062173135400 -0.014634722830778
0.484294620460935 -0.014569665379096
0.489528790058321 -0.014503565107628
0.494764107941877 -0.014436406976469
0.500000000000000 -0.014368157257057
0.505235892058122 -0.014298782687057
0.510471209941678 -0.014228250455049
0.515705379539064 -0.014156530978833
0.520937826864600 -0.014083609560847
0.526167978121472 -0.014009475265548
0.531395259764656 -0.013934118945624
0.536619098563816 -0.013857530640496
0.541838921666157 -0.013779715691951
0.547054156659257 -0.013700716545557
0.552264231633827 -0.013620580738278
0.557468575246433 -0.013539357571992
0.562666616782152 -0.013457095526541
0.567857786217152 -0.013373841485934
0.573041514281206 -0.013289638558667
0.578217232520115 -0.013204529791200
0.583384373358051 -0.013118558845947
0.588542370159791 -0.013031767508378
0.593690657292862 -0.012944181988138
0.598828670189563 -0.012855816131150
0.603955845408879 -0.012766684184233
0.609071620698271 -0.012676800657113
0.614175435055328 -0.012586180597046
0.619266728789290 -0.012494840581999
0.624344943582427 -0.012402798854892
0.629409522551260 -0.012310072877369
0.634459910307633 -0.012216681298438
0.639495553019614 -0.012122636112136
0.644515898472235 -0.012027942140198
0.649520396128043 -0.011932603221354
0.654508497187474 -0.011836624595722
0.659479654649035 -0.011740011183983
0.664433323369291 -0.011642765159199
0.669368960122646 -0.011544887664773
0.674286023660907 -0.011446381822587
0.679183974772650 -0.011347250503801
0.684062276342339 -0.011247502523402
0.688920393409233 -0.011147153104973
0.693757793226051 -0.011046218807907
0.698573945317390 -0.010944716024833
0.703368321537900 -0.010842663794143
0.708140396130200 -0.010740089432675
0.712889645782536 -0.010637020228604
0.717615549686163 -0.010533484996302
0.722317589592464 -0.010429511721847
0.726995249869773 -0.010325125953151
0.731648017559930 -0.010220353855803
0.736275382434527 -0.010115221727782
0.740876837050857 -0.010009751942264
0.745451876807570 -0.009903949341223
0.750000000000000 -0.009797812736853
0.754520707875185 -0.009691342518903
0.759013504686565 -0.009584539756339
0.763477897748338 -0.009477408094370
0.767913397489498 -0.009369952634128
0.772319517507513 -0.009262178767416
0.776695774621672 -0.009154094811637
0.781041688926065 -0.009045708070573
0.785356783842216 -0.008937027912528
0.789640586171339 -0.008828065450471
0.793892626146236 -0.008718830843377
0.798112437482808 -0.008609335585540
0.802299557431187 -0.008499591148307
0.806453526826488 -0.008389611384813
0.810573890139155 -0.008279416175136
0.814660195524918 -0.008169025822600
0.818711994874345 -0.008058462630794
0.822728843861975 -0.007947737689312
0.826710301995052 -0.007836854828103
0.830655932661826 -0.007725818324659
0.834565303179429 -0.007614626025358
0.838437984841330 -0.007503260470005
0.842273552964344 -0.007391703178610
0.846071586935203 -0.007279942656075
0.849831670256683 -0.007167974218962
0.853553390593274 -0.007055797993640
0.857236339816401 -0.006943417122566
0.860880114049181 -0.006830834389069
0.864484313710706 -0.006718055212442
0.868048543559867 -0.006605084912654
0.871572412738697 -0.006491918429821
0.875055534815230 -0.006378552292957
0.878497527825878 -0.006264986731626
0.881898014317321 -0.006151225818525
0.885256621387894 -0.006037278333146
0.888572980728485 -0.005923162400626
0.891846728662920 -0.005808905270271
0.895077506187845 -0.005694531886025
0.898264959012098 -0.005580044585687
0.901408737595557 -0.005465435599609
0.904508497187474 -0.005350677399507
0.907563897864277 -0.005235700311390
0.910574604566852 -0.005120443546948
0.913540287137281 -0.005004869551303
0.916460620355049 -0.004888954743828
0.919335283972712 -0.004772687102958
0.922163962751007 -0.004656062705860
0.924946346493432 -0.004539086958999
0.927682130080253 -0.004421775685566
0.930371013501972 -0.004304110562024
0.933012701892219 -0.004185907003048
0.935606905560095 -0.004066967621992
0.938153340021932 -0.003947130422779
0.940651726032496 -0.003826270797183
0.943101789615607 -0.003704294415292
0.945503262094184 -0.003581139585861
0.947855880119706 -0.003456776386114
0.950159385701097 -0.003331203965508
0.952413526233010 -0.003204437831061
0.954618054523534 -0.003076566470409
0.956772728821300 -0.002947904610206
0.958877312841991 -0.002818820553628
0.960931575794250 -0.002689675083119
0.962935292404997 -0.002560809098746
0.964888242944126 -0.002432539526681
0.966790213248601 -0.002305169378088
0.968640994745946 -0.002178981762751
0.970440384477113 -0.002054245927999
0.972188185118740 -0.001931213075184
0.973884205004793 -0.001810123565027
0.975528258147577 -0.001691306327326
0.977120164258138 -0.001575110301911
0.978659748766034 -0.001461845993009
0.980146842838471 -0.001351784101839
0.981581283398829 -0.001245157032586
0.982962913144534 -0.001142162214666
0.984291580564316 -0.001042964754894
0.985567139954818 -0.000947702482342
0.986789451436580 -0.000856484416157
0.987958380969374 -0.000769387993311
0.989073800366903 -0.000686648061336
0.990135587310861 -0.000608659284292
0.991143625364344 -0.000535726842369
0.992097803984621 -0.000468035977646
0.992998018535252 -0.000405664109594
0.993844170297569 -0.000348604610321
0.994636166481494 -0.000296772837321
0.995373920235722 -0.000250027435998
0.996057350657239 -0.000208175709859
0.996686382800198 -0.000170995016717
0.997260947684137 -0.000138234827984
0.997780982301540 -0.000109631831983
0.998246429624752 -0.000084919476367
0.998657238612229 -0.000063836282710
0.999013364214136 -0.000046131341539
0.999314767377287 -0.000031575490306
0.999561415049429 -0.000019964057147
0.999753280182866 -0.000011121006722
0.999890341737423 -0.000004907986474
0.999972584682756 -0.000001221741038
1.000000000000000 0.000000000000000
