1.000000000000000 0.000000000000000
0.999972584682756 0.000003402257765
0.999890341737423 0.000013657985287
0.999753280182866 0.000030905304281
0.999561415049429 0.000055367494215
0.999314767377287 0.000087347284780
0.999013364214136 0.000127207993791
0.998657238612229 0.000175347573843
0.998246429624752 0.000232189983569
0.997780982301540 0.000298151325231
0.997260947684137 0.000373603468784
0.996686382800198 0.000458838223856
0.996057350657239 0.000554038455873
0.995373920235722 0.000659218656757
0.994636166481494 0.000774182921553
0.993844170297569 0.000898475732390
0.992998018535252 0.001031318261510
0.992097803984621 0.001171728551350
0.991143625364344 0.001319281533061
0.990135587310861 0.001473770855752
0.989073800366903 0.001634975690676
0.987958380969374 0.001802677315550
0.986789451436580 0.001976656778471
0.985567139954818 0.002156693149962
0.984291580564316 0.002342562892351
0.982962913144534 0.002534077942271
0.981581283398829 0.002731100411695
0.980146842838472 0.002933532430248
0.978659748766034 0.003141303096218
0.977120164258138 0.003354377589733
0.975528258147577 0.003572756627005
0.973884205004793 0.003796476963627
0.972188185118741 0.004025620479191
0.970440384477113 0.004260272081712
0.968640994745946 0.004500501293063
0.966790213248601 0.004746407933278
0.964888242944126 0.004998138184083
0.962935292404997 0.005255864435372
0.960931575794250 0.005519814483908
0.958877312841991 0.005790308479025
0.956772728821300 0.006067544110554
0.954618054523534 0.006351578457091
0.952413526233010 0.006642298110306
0.950159385701097 0.006939490020075
0.947855880119706 0.007242963449333
0.945503262094184 0.007552514263116
0.943101789615607 0.007867879699804
0.940651726032496 0.008188800766722
0.938153340021932 0.008515105579246
0.935606905560095 0.008846666578775
0.933012701892219 0.009183465911833
0.930371013501972 0.009525517384854
0.927682130080253 0.009872814091714
0.924946346493432 0.010225350625508
0.922163962751008 0.010583145666572
0.919335283972712 0.010946225773102
0.916460620355050 0.011314541145935
0.913540287137281 0.011687992211573
0.910574604566852 0.012066464378895
0.907563897864277 0.012449840429678
0.904508497187474 0.012837989187709
0.901408737595557 0.013230767087851
0.898264959012098 0.013628023498437
0.895077506187845 0.014029664074358
0.891846728662920 0.014435647070757
0.888572980728485 0.014845939261718
0.885256621387895 0.015260544450127
0.881898014317321 0.015679487806922
0.878497527825878 0.016102791969769
0.875055534815230 0.016530503564223
0.871572412738697 0.016962661466925
0.868048543559867 0.017399205582849
0.864484313710706 0.017839995156278
0.860880114049181 0.018284872127804
0.857236339816402 0.018733645295368
0.853553390593274 0.019186095756048
0.849831670256683 0.019642002159646
0.846071586935203 0.020101182758865
0.842273552964344 0.020563464690384
0.838437984841330 0.021028677936110
0.834565303179429 0.021496760485224
0.830655932661826 0.021967704591322
0.826710301995053 0.022441505489163
0.822728843861975 0.022918153818983
0.818711994874345 0.023397638537506
0.814660195524919 0.023879945997128
0.810573890139155 0.024365044712442
0.806453526826488 0.024852843057223
0.802299557431188 0.025343245035776
0.798112437482808 0.025836153838755
0.793892626146237 0.026331461542027
0.789640586171339 0.026829066281979
0.785356783842216 0.027328859417837
0.781041688926065 0.027830732068679
0.776695774621672 0.028334579453457
0.772319517507513 0.028840288140753
0.767913397489498 0.029347752754018
0.763477897748339 0.029856862390986
0.759013504686565 0.030367506820479
0.754520707875186 0.030879577733336
0.750000000000000 0.031392965230622
0.745451876807570 0.031907541750169
0.740876837050858 0.032423173825064
0.736275382434527 0.032939725066050
0.731648017559931 0.033457062131203
0.726995249869773 0.033975045296229
0.722317589592464 0.034493531342273
0.717615549686164 0.035012382300955
0.712889645782536 0.035531448290602
0.708140396130201 0.036050574777734
0.703368321537900 0.036569591933461
0.698573945317390 0.037088328673513
0.693757793226052 0.037606613203547
0.688920393409234 0.038124281514514
0.684062276342339 0.038641179881564
0.679183974772650 0.039157150770865
0.674286023660908 0.039672036486537
0.669368960122646 0.040185720295170
0.664433323369292 0.040698168399413
0.659479654649035 0.041209364858802
0.654508497187474 0.041719298401638
0.649520396128043 0.042227947326178
0.644515898472236 0.042735204881266
0.639495553019615 0.043240915984716
0.634459910307633 0.043744919587313
0.629409522551260 0.044247060006733
0.624344943582428 0.044747150651662
0.619266728789291 0.045244933555826
0.614175435055328 0.045740145382937
0.609071620698271 0.046232512954900
0.603955845408880 0.046721775269334
0.598828670189563 0.047207710081406
0.593690657292862 0.047690137121680
0.588542370159792 0.048168878202831
0.583384373358051 0.048643759005691
0.578217232520115 0.049114600819538
0.573041514281206 0.049581237992792
0.567857786217152 0.050043504090061
0.562666616782152 0.050501231886850
0.557468575246433 0.050954262599019
0.552264231633827 0.051402434664530
0.547054156659257 0.051845592351932
0.541838921666158 0.052283581783799
0.536619098563816 0.052716255887944
0.531395259764657 0.053143462127976
0.526167978121472 0.053565075365055
0.520937826864600 0.053981002793845
0.515705379539064 0.054391160046617
0.510471209941678 0.054795465763136
0.505235892058123 0.055193838243152
0.500000000000000 0.055586161039019
0.494764107941877 0.055972268843799
0.489528790058322 0.056351991501602
0.484294620460936 0.056725166726378
0.479062173135400 0.057091627600619
0.473832021878528 0.057451112722265
0.468604740235343 0.057803267296040
0.463380901436184 0.058147741682183
0.458161078333842 0.058484188397935
0.452945843340743 0.058812280371762
0.447735768366173 0.059131864602444
0.442531424753567 0.059442904969324
0.437333383217848 0.059745368818253
0.432142213782848 0.060039231383801
0.426958485718794 0.060324438538240
0.421782767479885 0.060600741753625
0.416615626641949 0.060867809796438
0.411457629840209 0.061125319300755
0.406309342707138 0.061372952870477
0.401171329810437 0.061610326123876
0.396044154591120 0.061836761026327
0.390928379301729 0.062051521123087
0.385824564944672 0.062253885637115
0.380733271210710 0.062443151430158
0.375655056417573 0.062618815071350
0.370590477448740 0.062780728264061
0.365540089692367 0.062928790719186
0.360504446980385 0.063062910303773
0.355484101527764 0.063183007156154
0.350479603871957 0.063289053488852
0.345491502812526 0.063381066803041
0.340520345350965 0.063459072532777
0.335566676630708 0.063523103483423
0.330631039877354 0.063573227760876
0.325713976339092 0.063609636068879
0.320816025227350 0.063632553752258
0.315937723657661 0.063642208823200
0.311079606590766 0.063638822669170
0.306242206773949 0.063622376281906
0.301426054682610 0.063592609084544
0.296631678462100 0.063549264672965
0.291859603869799 0.063492103633522
0.287110354217464 0.063420909448422
0.282384450313836 0.063335501718406
0.277682410407536 0.063235719987709
0.273004750130227 0.063121419687169
0.268351982440069 0.062992497699206
0.263724617565473 0.062849046069909
0.259123162949143 0.062691242483963
0.254548123192430 0.062519272883962
0.250000000000000 0.062333326531810
0.245479292124815 0.062133539407365
0.240986495313435 0.061920016355943
0.236522102251661 0.061692873274908
0.232086602510502 0.061452236709155
0.227680482492487 0.061198246704543
0.223304225378328 0.060931056653377
0.218958311073935 0.060650830956452
0.214643216157784 0.060357723746553
0.210359413828661 0.060051726296988
0.206107373853763 0.059732738101955
0.201887562517192 0.059400680582869
0.197700442568813 0.059055492753375
0.193546473173512 0.058697090171349
0.189426109860845 0.058325404353486
0.185339804475081 0.057940387337288
0.181288005125655 0.057542109778899
0.177271156138025 0.057130841760155
0.173289698004947 0.056706876126943
0.169344067338174 0.056270523645568
0.165434696820571 0.055822112991259
0.161562015158670 0.055361981359422
0.157726447035656 0.054890478374488
0.153928413064797 0.054407774613474
0.150168329743317 0.053913768274875
0.146446609406726 0.053408374170678
0.142763660183598 0.052891533183963
0.139119885950819 0.052363214770207
0.135515686289294 0.051823430329189
0.131951456440133 0.051272220290519
0.128427587261303 0.050709656655037
0.124944465184770 0.050135845253493
0.121502472174122 0.049550923421822
0.118101985682679 0.048955070116119
0.114743378612105 0.048348493556369
0.111427019271515 0.047731427629988
0.108153271337080 0.047104112200045
0.104922493812155 0.046466813082716
0.101735040987902 0.045819821811748
0.098591262404443 0.045163434937797
0.095491502812526 0.044497979787413
0.092436102135723 0.043823819623555
0.089425395433148 0.043141337245367
0.086459712862719 0.042450911677092
0.083539379644950 0.041752484376798
0.080664716027288 0.041045763785540
0.077836037248993 0.040330520143510
0.075053653506568 0.039606618271411
0.072317869919747 0.038873989430833
0.069628986498028 0.038132722317167
0.066987298107781 0.037383032940129
0.064393094439905 0.036625317615618
0.061846659978068 0.035860209884206
0.059348273967504 0.035088432276991
0.056898210384393 0.034310739161884
0.054496737905816 0.033527905291436
0.052144119880294 0.032740567073554
0.049840614298903 0.031949274675938
0.047586473766990 0.031154039576687
0.045381945476466 0.030354530314220
0.043227271178700 0.029550614814531
0.041122687158010 0.028742397331788
0.039068424205750 0.027930088077409
0.037064707595003 0.027114036779161
0.035111757055874 0.026294496360028
0.033209786751399 0.025471679076984
0.031359005254054 0.024645869727377
0.029559615522887 0.023817480236162
0.027811814881260 0.022987090555069
0.026115794995207 0.022155400288927
0.024471741852423 0.021323192892521
0.022879835741862 0.020491291281597
0.021340251233966 0.019660424086033
0.019853157161529 0.018831510353749
0.018418716601171 0.018005682149044
0.017037086855466 0.017184298984877
0.015708419435685 0.016368833830406
0.014432860045182 0.015560670397466
0.013210548563420 0.014758721662678
0.012041619030626 0.013960568333394
0.010926199633097 0.013164367199804
0.009864412689139 0.012368947161258
0.008856374635656 0.011573569593166
0.007902196015379 0.010777735013999
0.007001981464748 0.009982790535523
0.006155829702431 0.009192833535005
0.005363833518506 0.008414731496277
0.004626079764278 0.007655527922761
0.003942649342761 0.006922096448496
0.003313617199802 0.006221568509772
0.002739052315863 0.005560504795119
0.002219017698460 0.004942042734285
0.001753570375248 0.004356550321359
0.001342761387771 0.003792795498928
0.000986635785864 0.003243772806244
0.000685232622713 0.002704331070583
0.000438584950571 0.002170446727514
0.000246719817134 0.001638707801061
0.000109658262577 0.001104846763181
0.000027415317244 0.000559485186347
0.000000000000000 0.000000000000000
0.000027415317244 -0.000565120149589
0.000109658262577 -0.001127154115990
0.000246719817134 -0.001677183966537
0.000438584950571 -0.002206606077702
0.000685232622713 -0.002705129306174
0.000986635785864 -0.003168033315433
0.001342761387771 -0.003599409112253
0.001753570375248 -0.004005465208536
0.002219017698460 -0.004390843957768
0.002739052315863 -0.004759783241819
0.003313617199802 -0.005117075723763
0.003942649342761 -0.005469024237838
0.004626079764278 -0.005824137855121
0.005363833518506 -0.006192382178191
0.006155829702431 -0.006579421801131
0.007001981464748 -0.006981857051384
0.007902196015379 -0.007396563812888
0.008856374635656 -0.007820394694396
0.009864412689139 -0.008249594536094
0.010926199633097 -0.008680275535609
0.012041619030626 -0.009108571132611
0.013210548563420 -0.009531053902720
0.014432860045182 -0.009946505038805
0.015708419435684 -0.010354719371641
0.017037086855466 -0.010755754495869
0.018418716601171 -0.011150024684005
0.019853157161528 -0.011538392067252
0.021340251233966 -0.011922319783971
0.022879835741862 -0.012303189903175
0.024471741852423 -0.012681972537059
0.026115794995207 -0.013058124528107
0.027811814881259 -0.013430642990534
0.029559615522887 -0.013798922624940
0.031359005254054 -0.014162474958478
0.033209786751399 -0.014520866866351
0.035111757055874 -0.014873823439500
0.037064707595003 -0.015221190084070
0.039068424205750 -0.015562708757397
0.041122687158009 -0.015898161867903
0.043227271178699 -0.016227421106499
0.045381945476466 -0.016550471789540
0.047586473766990 -0.016867441968722
0.049840614298903 -0.017178541658585
0.052144119880293 -0.017484023397060
0.054496737905816 -0.017784051357386
0.056898210384393 -0.018078376930307
0.059348273967504 -0.018366740964411
0.061846659978068 -0.018648978751225
0.064393094439905 -0.018924993513666
0.066987298107781 -0.019194765877708
0.069628986498028 -0.019458324315087
0.072317869919747 -0.019715603344343
0.075053653506568 -0.019966510538444
0.077836037248992 -0.020210933036021
0.080664716027288 -0.020448741881976
0.083539379644950 -0.020679847695425
0.086459712862719 -0.020904240976714
0.089425395433148 -0.021121951565686
0.092436102135723 -0.021332975027643
0.095491502812526 -0.021537304789250
0.098591262404443 -0.021734941154266
0.101735040987902 -0.021925848138727
0.104922493812155 -0.022110017386495
0.108153271337080 -0.022287502533153
0.111427019271514 -0.022458411619554
0.114743378612105 -0.022622863164560
0.118101985682679 -0.022780872598383
0.121502472174122 -0.022932444383762
0.124944465184770 -0.023077586330561
0.128427587261303 -0.023216282396713
0.131951456440133 -0.023348530401864
0.135515686289294 -0.023474352212006
0.139119885950819 -0.023593796216862
0.142763660183598 -0.023706933271001
0.146446609406726 -0.023813822150120
0.150168329743317 -0.023914480325502
0.153928413064796 -0.024008936648833
0.157726447035656 -0.024097245639893
0.161562015158669 -0.024179499113578
0.165434696820571 -0.024255810848939
0.169344067338174 -0.024326289061611
0.173289698004947 -0.024390954440032
0.177271156138025 -0.024449810839816
0.181288005125655 -0.024502872071248
0.185339804475081 -0.024550137303465
0.189426109860845 -0.024591599025046
0.193546473173511 -0.024627258341874
0.197700442568812 -0.024657129915454
0.201887562517192 -0.024681246893147
0.206107373853763 -0.024699653890542
0.210359413828660 -0.024712406325453
0.214643216157784 -0.024719575034688
0.218958311073935 -0.024721245724078
0.223304225378328 -0.024717514877411
0.227680482492486 -0.024708485116573
0.232086602510501 -0.024694242676965
0.236522102251661 -0.024674873701123
0.240986495313435 -0.024650473405640
0.245479292124814 -0.024621146595967
0.250000000000000 -0.024587009410992
0.254548123192429 -0.024548188128724
0.259123162949142 -0.024504817288981
0.263724617565473 -0.024457005914075
0.268351982440069 -0.024404760521086
0.273004750130227 -0.024348069106441
0.277682410407536 -0.024286923427702
0.282384450313836 -0.024221297483274
0.287110354217464 -0.024151080683727
0.291859603869799 -0.024076141175335
0.296631678462100 -0.023996346227024
0.301426054682609 -0.023911588938676
0.306242206773948 -0.023821978215957
0.311079606590766 -0.023727729258923
0.315937723657661 -0.023629066476995
0.320816025227350 -0.023526223197638
0.325713976339092 -0.023419442816456
0.330631039877354 -0.023308979637203
0.335566676630708 -0.023195096477001
0.340520345350965 -0.023078062622198
0.345491502812526 -0.022958068836773
0.350479603871956 -0.022834989512582
0.355484101527764 -0.022708623968552
0.360504446980385 -0.022578769418112
0.365540089692367 -0.022445225442958
0.370590477448739 -0.022307885038799
0.375655056417572 -0.022166738012528
0.380733271210709 -0.022021779804516
0.385824564944672 -0.021873006892591
0.390928379301728 -0.021720442936918
0.396044154591120 -0.021564254854088
0.401171329810437 -0.021404662455559
0.406309342707137 -0.021241891568150
0.411457629840208 -0.021076170172686
0.416615626641949 -0.020907667661970
0.421782767479884 -0.020736413726514
0.426958485718794 -0.020562421042019
0.432142213782848 -0.020385702587626
0.437333383217848 -0.020206272915888
0.442531424753567 -0.020024133414524
0.447735768366173 -0.019839269125024
0.452945843340743 -0.019651666691936
0.458161078333842 -0.019461314088605
0.463380901436184 -0.019268197280341
0.468604740235343 -0.019072293901724
0.473832021878528 -0.018873573650439
0.479062173135400 -0.018672007503516
0.484294620460935 -0.018467567303603
0.489528790058321 -0.018260224945261
0.494764107941877 -0.018049949603121
0.500000000000000 -0.017836706865927
0.505235892058122 -0.017620465265491
0.510471209941678 -0.017401193272043
0.515705379539064 -0.017178858976742
0.520937826864600 -0.016953418858067
0.526167978121472 -0.016724825309820
0.531395259764656 -0.016493034112749
0.536619098563816 -0.016258003577802
0.541838921666157 -0.016019511654106
0.547054156659257 -0.015776959270562
0.552264231633827 -0.015529700860140
0.557468575246433 -0.015277097447150
0.562666616782152 -0.015018522505655
0.567857786217152 -0.014753615914888
0.573041514281206 -0.014482327818393
0.578217232520115 -0.014204628896348
0.583384373358051 -0.013920496305915
0.588542370159791 -0.013629937321354
0.593690657292862 -0.013333255870283
0.598828670189563 -0.013030929804174
0.603955845408879 -0.012723438934265
0.609071620698271 -0.012411262235355
0.614175435055328 -0.012094912233755
0.619266728789290 -0.011775059125919
0.624344943582427 -0.011452400279186
0.629409522551260 -0.011127626783293
0.634459910307633 -0.010801419009832
0.639495553019614 -0.010474443727055
0.644515898472235 -0.010147350965840
0.649520396128043 -0.009820779603466
0.654508497187474 -0.009495359920142
0.659479654649035 -0.009171663975777
0.664433323369291 -0.008850037813560
0.669368960122646 -0.008530753854001
0.674286023660907 -0.008214071948323
0.679183974772650 -0.007900249883014
0.684062276342339 -0.007589511850896
0.688920393409233 -0.007282054685633
0.693757793226051 -0.006978064070064
0.698573945317390 -0.006677724742330
0.703368321537900 -0.006381160445600
0.708140396130200 -0.006088378755223
0.712889645782536 -0.005799374188926
0.717615549686163 -0.005514137548623
0.722317589592464 -0.005232693575969
0.726995249869773 -0.004955179661058
0.731648017559930 -0.004681755282965
0.736275382434527 -0.004412572973166
0.740876837050857 -0.004147797760052
0.745451876807570 -0.003887676041099
0.750000000000000 -0.003632467635146
0.754520707875185 -0.003382419796677
0.759013504686565 -0.003137739505522
0.763477897748338 -0.002898522249820
0.767913397489498 -0.002664836414223
0.772319517507513 -0.002436742003990
0.776695774621672 -0.002214262506187
0.781041688926065 -0.001997350624389
0.785356783842216 -0.001785951231937
0.789640586171339 -0.001580008882763
0.793892626146236 -0.001379504874643
0.798112437482808 -0.001184448028013
0.802299557431187 -0.000994846866948
0.806453526826488 -0.000810714193357
0.810573890139155 -0.000632108762415
0.814660195524918 -0.000459094051353
0.818711994874345 -0.000291724499979
0.822728843861975 -0.000130037565825
0.826710301995052 0.000025939741439
0.830655932661826 0.000176188843404
0.834565303179429 0.000320693447605
0.838437984841330 0.000459434764532
0.842273552964344 0.000592400103338
0.846071586935203 0.000719584552118
0.849831670256683 0.000840990692092
0.853553390593274 0.000956626327265
0.857236339816401 0.001066512072465
0.860880114049181 0.001170688349649
0.864484313710706 0.001269204506837
0.868048543559867 0.001362119961995
0.871572412738697 0.001449513921716
0.875055534815230 0.001531472152520
0.878497527825878 0.001608086456091
0.881898014317321 0.001679457721797
0.885256621387894 0.001745689704706
0.888572980728485 0.001806858597110
0.891846728662920 0.001863020516397
0.895077506187845 0.001914231893983
0.898264959012098 0.001960524204623
0.901408737595557 0.002001929058754
0.904508497187474 0.002038493727267
0.907563897864277 0.002070283418690
0.910574604566852 0.002097370661208
0.913540287137281 0.002119827082510
0.916460620355049 0.002137729112394
0.919335283972712 0.002151147966482
0.922163962751007 0.002160151553561
0.924946346493432 0.002164820046442
0.927682130080253 0.002165246526468
0.930371013501972 0.002161534259081
0.933012701892219 0.002153796063701
0.935606905560095 0.002142152537809
0.938153340021932 0.002126727146542
0.940651726032496 0.002107649466671
0.943101789615607 0.002085054127985
0.945503262094184 0.002059082484909
0.947855880119706 0.002029884335358
0.950159385701097 0.001997616563926
0.952413526233010 0.001962443252047
0.954618054523534 0.001924534081823
0.956772728821300 0.001884059550764
0.958877312841991 0.001841193549958
0.960931575794250 0.001796109508436
0.962935292404997 0.001748986822000
0.964888242944126 0.001700012329610
0.966790213248601 0.001649367736585
0.968640994745946 0.001597243639534
0.970440384477113 0.001543858306749
0.972188185118740 0.001489345051646
0.973884205004793 0.001433712159788
0.975528258147577 0.001376920614044
0.977120164258138 0.001318950567364
0.978659748766034 0.001259846839562
0.980146842838471 0.001199692767886
0.981581283398829 0.001138607774442
0.982962913144534 0.001076740344844
0.984291580564316 0.001014288367471
0.985567139954818 0.000951508939333
0.986789451436580 0.000888725200070
0.987958380969374 0.000826251892326
0.989073800366903 0.000764396108144
0.990135587310861 0.000703459591779
0.991143625364344 0.000643730521986
0.992097803984621 0.000585503958643
0.992998018535252 0.000529028921868
0.993844170297569 0.000474434992155
0.994636166481494 0.000421698222025
0.995373920235722 0.000370882536565
0.996057350657239 0.000322143369824
0.996686382800198 0.000275700075045
0.997260947684137 0.000231823628279
0.997780982301540 0.000190816535490
0.998246429624752 0.000152998351534
0.998657238612229 0.000118695362987
0.999013364214136 0.000088222882561
0.999314767377287 0.000061877590880
0.999561415049429 0.000039928892657
0.999753280182866 0.000022604812017
0.999890341737423 0.000010092580485
0.999972584682756 0.000002530047262
1.000000000000000 0.000000000000000
