1.000000000000000 0.000000000000000
0.999972584682756 0.000004211001653
0.999890341737423 0.000016938222653
0.999753280182866 0.000038481527744
0.999561415049429 0.000069316453821
0.999314767377287 0.000110107718738
0.999013364214136 0.000161668651797
0.998657238612229 0.000224949894672
0.998246429624752 0.000301014942793
0.997780982301540 0.000390996897639
0.997260947684137 0.000496058125870
0.996686382800198 0.000617355723356
0.996057350657239 0.000755967802827
0.995373920235722 0.000912850180995
0.994636166481494 0.001088758530454
0.993844170297569 0.001284169265151
0.992998018535252 0.001499205383953
0.992097803984621 0.001733574941551
0.991143625364344 0.001986316354207
0.990135587310861 0.002256280256454
0.989073800366903 0.002542657734735
0.987958380969374 0.002845332298859
0.986789451436580 0.003164027692971
0.985567139954818 0.003498274807362
0.984291580564316 0.003847480582332
0.982962913144534 0.004210860160141
0.981581283398829 0.004587390838815
0.980146842838472 0.004975929197807
0.978659748766034 0.005375454823841
0.977120164258138 0.005785128514982
0.975528258147577 0.006204152989514
0.973884205004793 0.006631578823342
0.972188185118741 0.007066391164072
0.970440384477113 0.007507453859533
0.968640994745946 0.007953441822750
0.966790213248601 0.008403238420270
0.964888242944126 0.008856104242591
0.962935292404997 0.009312016607754
0.960931575794250 0.009771271905157
0.958877312841991 0.010234162215511
0.956772728821300 0.010701112772633
0.954618054523534 0.011172700634409
0.952413526233010 0.011649681569366
0.950159385701097 0.012132883509590
0.947855880119706 0.012622676946330
0.945503262094184 0.013119227446956
0.943101789615607 0.013622714387109
0.940651726032496 0.014133362183455
0.938153340021932 0.014651456550088
0.935606905560095 0.015177342228703
0.933012701892219 0.015711428694481
0.930371013501972 0.016254140737639
0.927682130080253 0.016805615982611
0.924946346493432 0.017365881354062
0.922163962751008 0.017934962030931
0.919335283972712 0.018512884106507
0.916460620355050 0.019099710919258
0.913540287137281 0.019695512370282
0.910574604566852 0.020300359421129
0.907563897864277 0.020914301027103
0.904508497187474 0.021537377955332
0.901408737595557 0.022169602448190
0.898264959012098 0.022810966499173
0.895077506187845 0.023461469962484
0.891846728662920 0.024121135561057
0.888572980728485 0.024789991949197
0.885256621387895 0.025468039518593
0.881898014317321 0.026155283526088
0.878497527825878 0.026851706063063
0.875055534815230 0.027557250475983
0.871572412738697 0.028271841730933
0.868048543559867 0.028995414531755
0.864484313710706 0.029727901903010
0.860880114049181 0.030469244583407
0.857236339816402 0.031219368983231
0.853553390593274 0.031978217203771
0.849831670256683 0.032745720060193
0.846071586935203 0.033521814145392
0.842273552964344 0.034306431459038
0.838437984841330 0.035099511601388
0.834565303179429 0.035900988886661
0.830655932661826 0.036710794986400
0.826710301995053 0.037528857337585
0.822728843861975 0.038355091952635
0.818711994874345 0.039189381304573
0.814660195524919 0.040031588042672
0.810573890139155 0.040881591134536
0.806453526826488 0.041739252515519
0.802299557431188 0.042604437386828
0.798112437482808 0.043477011873159
0.793892626146237 0.044356820176667
0.789640586171339 0.045243677614556
0.785356783842216 0.046137381370818
0.781041688926065 0.047037734652447
0.776695774621672 0.047944522240475
0.772319517507513 0.048857524366150
0.767913397489498 0.049776512562608
0.763477897748339 0.050701248903558
0.759013504686565 0.051631513436652
0.754520707875186 0.052567081068759
0.750000000000000 0.053507715215316
0.745451876807570 0.054453181912357
0.740876837050858 0.055403254218085
0.736275382434527 0.056357691630154
0.731648017559931 0.057316265221509
0.726995249869773 0.058278706690958
0.722317589592464 0.059244709843154
0.717615549686164 0.060213957518865
0.712889645782536 0.061186120218000
0.708140396130201 0.062160861536978
0.703368321537900 0.063137821008149
0.698573945317390 0.064116625423253
0.693757793226052 0.065096892936848
0.688920393409234 0.066078248784344
0.684062276342339 0.067060336676472
0.679183974772650 0.068042816649787
0.674286023660908 0.069025342153037
0.669368960122646 0.070007555978840
0.664433323369292 0.070988984344665
0.659479654649035 0.071969014569849
0.654508497187474 0.072947028189390
0.649520396128043 0.073922389687523
0.644515898472236 0.074894385237224
0.639495553019615 0.075861952963523
0.634459910307633 0.076823934200254
0.629409522551260 0.077779162716209
0.624344943582428 0.078726467360614
0.619266728789291 0.079664846355549
0.614175435055328 0.080593534671283
0.609071620698271 0.081511776743106
0.603955845408880 0.082418822708310
0.598828670189563 0.083313927226526
0.593690657292862 0.084196533194820
0.588542370159792 0.085066170863225
0.583384373358051 0.085922381219893
0.578217232520115 0.086764700210562
0.573041514281206 0.087592784590943
0.567857786217152 0.088406783177595
0.562666616782152 0.089207000477929
0.557468575246433 0.089993739226322
0.552264231633827 0.090767321604287
0.547054156659257 0.091527838823366
0.541838921666158 0.092274697436517
0.536619098563816 0.093007179514207
0.531395259764657 0.093724576582289
0.526167978121472 0.094426178694056
0.520937826864600 0.095111307884899
0.515705379539064 0.095779321765882
0.510471209941678 0.096429596168661
0.505235892058123 0.097061512343041
0.500000000000000 0.097674462323769
0.494764107941877 0.098267935437676
0.489528790058322 0.098841604492563
0.484294620460936 0.099395174909829
0.479062173135400 0.099928360173977
0.473832021878528 0.100440885345403
0.468604740235343 0.100932678671453
0.463380901436184 0.101404045927545
0.458161078333842 0.101855343377565
0.452945843340743 0.102286929757520
0.447735768366173 0.102699167599013
0.442531424753567 0.103092188717502
0.437333383217848 0.103465705265449
0.432142213782848 0.103819392844740
0.426958485718794 0.104152935804590
0.421782767479885 0.104466031605725
0.416615626641949 0.104758328352801
0.411457629840209 0.105029381228819
0.406309342707138 0.105278750300968
0.401171329810437 0.105506010990047
0.396044154591120 0.105710758088871
0.390928379301729 0.105892913208045
0.385824564944672 0.106052860061433
0.380733271210710 0.106191023497560
0.375655056417573 0.106307830297361
0.370590477448740 0.106403704970908
0.365540089692367 0.106478909788197
0.360504446980385 0.106533531902082
0.355484101527764 0.106567658339674
0.350479603871957 0.106581384390407
0.345491502812526 0.106574808942352
0.340520345350965 0.106547971160012
0.335566676630708 0.106500872232788
0.330631039877354 0.106433523924976
0.325713976339092 0.106345949242793
0.320816025227350 0.106238158613358
0.315937723657661 0.106110044500317
0.311079606590766 0.105961468313467
0.306242206773949 0.105792308042977
0.301426054682610 0.105602458792423
0.296631678462100 0.105391988590641
0.291859603869799 0.105161286595456
0.287110354217464 0.104910784586044
0.282384450313836 0.104640919311328
0.277682410407536 0.104352113519615
0.273004750130227 0.104044652756477
0.268351982440069 0.103718741452870
0.263724617565473 0.103374593449532
0.259123162949143 0.103012428236508
0.254548123192430 0.102632367893324
0.250000000000000 0.102234327946781
0.245479292124815 0.101818220498681
0.240986495313435 0.101383979734544
0.236522102251661 0.100931585671647
0.232086602510502 0.100461168728446
0.227680482492487 0.099972917626012
0.223304225378328 0.099467029444159
0.218958311073935 0.098943715881709
0.214643216157784 0.098403160434977
0.210359413828661 0.097845545216789
0.206107373853763 0.097271060394981
0.201887562517192 0.096679906429381
0.197700442568813 0.096072192952066
0.193546473173512 0.095447973632310
0.189426109860845 0.094807324224243
0.185339804475081 0.094150343331051
0.181288005125655 0.093477074138378
0.177271156138025 0.092787557453587
0.173289698004947 0.092081857347014
0.169344067338174 0.091360040356179
0.165434696820571 0.090622093547881
0.161562015158670 0.089867984804261
0.157726447035656 0.089097733235738
0.153928413064797 0.088311403109305
0.150168329743317 0.087509148051315
0.146446609406726 0.086691161344032
0.142763660183598 0.085857668766243
0.139119885950819 0.085008962377967
0.135515686289294 0.084145421310717
0.131951456440133 0.083267422925038
0.128427587261303 0.082375256048105
0.124944465184770 0.081469001221123
0.121502472174122 0.080548742753672
0.118101985682679 0.079614586778912
0.114743378612105 0.078666619305523
0.111427019271515 0.077704953621656
0.108153271337080 0.076729725916819
0.104922493812155 0.075740946223782
0.101735040987902 0.074738598074762
0.098591262404443 0.073722695855349
0.095491502812526 0.072693154142011
0.092436102135723 0.071649825188591
0.089425395433148 0.070592637349224
0.086459712862719 0.069521738662511
0.083539379644950 0.068437434522891
0.080664716027288 0.067340106347264
0.077836037248993 0.066230443087955
0.075053653506568 0.065109264067416
0.072317869919747 0.063977436142308
0.069628986498028 0.062835926318850
0.066987298107781 0.061685708194032
0.064393094439905 0.060527277411221
0.061846659978068 0.059360282026772
0.059348273967504 0.058184417379712
0.056898210384393 0.056999354268861
0.054496737905816 0.055804768918690
0.052144119880294 0.054600537872195
0.049840614298903 0.053386699239055
0.047586473766990 0.052163434036233
0.045381945476466 0.050931127226520
0.043227271178700 0.049690262569725
0.041122687158010 0.048441493193863
0.039068424205750 0.047185521614917
0.037064707595003 0.045923133090235
0.035111757055874 0.044655053442909
0.033209786751399 0.043381994938006
0.031359005254054 0.042104273366920
0.029559615522887 0.040822305603710
0.027811814881260 0.039536662497641
0.026115794995207 0.038248142377597
0.024471741852423 0.036957661277705
0.022879835741862 0.035665967008121
0.021340251233966 0.034372294517672
0.019853157161529 0.033075642474754
0.018418716601171 0.031775207718904
0.017037086855466 0.030470393297204
0.015708419435685 0.029160859674671
0.014432860045182 0.027846544989765
0.013210548563420 0.026527906870208
0.012041619030626 0.025205972173749
0.010926199633097 0.023882095150979
0.009864412689139 0.022557884372446
0.008856374635656 0.021235205018782
0.007902196015379 0.019916294004642
0.007001981464748 0.018603431951533
0.006155829702431 0.017298220477702
0.005363833518506 0.016001672447823
0.004626079764278 0.014715260202017
0.003942649342761 0.013440787289480
0.003313617199802 0.012180745732632
0.002739052315863 0.010938132833919
0.002219017698460 0.009714826756309
0.001753570375248 0.008509418427319
0.001342761387771 0.007321504687352
0.000986635785864 0.006152578844282
0.000685232622713 0.005007114361998
0.000438584950571 0.003895582357790
0.000246719817134 0.002837542953409
0.000109658262577 0.001839731618526
0.000027415317244 0.000895538798773
0.000000000000000 0.000000000000000
0.000027415317244 -0.000850122119000
0.000109658262577 -0.001657226915262
0.000246719817134 -0.002423343062470
0.000438584950571 -0.003149562750474
0.000685232622713 -0.003845495348091
0.000986635785864 -0.004526172724753
0.001342761387771 -0.005199076789143
0.001753570375248 -0.005867329255880
0.002219017698460 -0.006532632798876
0.002739052315863 -0.007195925445309
0.003313617199802 -0.007857756408344
0.003942649342761 -0.008518351554308
0.004626079764278 -0.009177361792895
0.005363833518506 -0.009832369207616
0.006155829702431 -0.010481313184130
0.007001981464748 -0.011123377368660
0.007902196015379 -0.011758969530544
0.008856374635656 -0.012389453378699
0.009864412689139 -0.013017329917707
0.010926199633097 -0.013646918882653
0.012041619030626 -0.014282740385439
0.013210548563420 -0.014925339633761
0.014432860045182 -0.015573705449604
0.015708419435684 -0.016225865385400
0.017037086855466 -0.016880277150394
0.018418716601171 -0.017535719978021
0.019853157161528 -0.018191015941430
0.021340251233966 -0.018845172164381
0.022879835741862 -0.019497373889985
0.024471741852423 -0.020146772263451
0.026115794995207 -0.020792569017668
0.027811814881259 -0.021434152379249
0.029559615522887 -0.022071106940081
0.031359005254054 -0.022703176626907
0.033209786751399 -0.023330336635055
0.035111757055874 -0.023952844567592
0.037064707595003 -0.024570822384480
0.039068424205750 -0.025183942854674
0.041122687158009 -0.025791874349148
0.043227271178699 -0.026394342065533
0.045381945476466 -0.026991209910346
0.047586473766990 -0.027582500760608
0.049840614298903 -0.028168365205350
0.052144119880293 -0.028749014765137
0.054496737905816 -0.029324644224134
0.056898210384393 -0.029895049328094
0.059348273967504 -0.030460037480124
0.061846659978068 -0.031019503940037
0.064393094439905 -0.031573454621644
0.066987298107781 -0.032122025107584
0.069628986498028 -0.032665480281608
0.072317869919747 -0.033203924443762
0.075053653506568 -0.033737139698664
0.077836037248992 -0.034264890267606
0.080664716027288 -0.034786845329969
0.083539379644950 -0.035302669497911
0.086459712862719 -0.035812071248260
0.089425395433148 -0.036314811010002
0.092436102135723 -0.036810698418073
0.095491502812526 -0.037299652912150
0.098591262404443 -0.037781667142828
0.101735040987902 -0.038256785082324
0.104922493812155 -0.038725143783405
0.108153271337080 -0.039186926380348
0.111427019271514 -0.039642379028523
0.114743378612105 -0.040091801929750
0.118101985682679 -0.040535527700099
0.121502472174122 -0.040973556768030
0.124944465184770 -0.041405683861756
0.128427587261303 -0.041831719977812
0.131951456440133 -0.042251471491198
0.135515686289294 -0.042664761213420
0.139119885950819 -0.043071427687012
0.142763660183598 -0.043471343769798
0.146446609406726 -0.043864414556500
0.150168329743317 -0.044250563910620
0.153928413064796 -0.044629762420911
0.157726447035656 -0.045002025126363
0.161562015158669 -0.045367387253851
0.165434696820571 -0.045725892684935
0.169344067338174 -0.046077561451180
0.173289698004947 -0.046422435359352
0.177271156138025 -0.046760550513142
0.181288005125655 -0.047091788129826
0.185339804475081 -0.047415983659296
0.189426109860845 -0.047732977834619
0.193546473173511 -0.048042629355017
0.197700442568812 -0.048344821241517
0.201887562517192 -0.048639445906420
0.206107373853763 -0.048926401002282
0.210359413828660 -0.049205547604128
0.214643216157784 -0.049476731339347
0.218958311073935 -0.049739799635852
0.223304225378328 -0.049994613090515
0.227680482492486 -0.050241045046437
0.232086602510501 -0.050478977595031
0.236522102251661 -0.050708300473998
0.240986495313435 -0.050928933881511
0.245479292124814 -0.051140870572611
0.250000000000000 -0.051344129576744
0.254548123192429 -0.051538742908024
0.259123162949142 -0.051724738174365
0.263724617565473 -0.051902107271613
0.268351982440069 -0.052070840746048
0.273004750130227 -0.052230937346655
0.277682410407536 -0.052382384111860
0.282384450313836 -0.052525064116592
0.287110354217464 -0.052658826204041
0.291859603869799 -0.052783522335224
0.296631678462100 -0.052899008730910
0.301426054682609 -0.053005151788417
0.306242206773948 -0.053101825981478
0.311079606590766 -0.053188909616102
0.315937723657661 -0.053266284780366
0.320816025227350 -0.053333817880682
0.325713976339092 -0.053391339968284
0.330631039877354 -0.053438680042234
0.335566676630708 -0.053475670663499
0.340520345350965 -0.053502173861564
0.345491502812526 -0.053518268258085
0.350479603871956 -0.053524142640789
0.355484101527764 -0.053519996500305
0.360504446980385 -0.053506039033227
0.365540089692367 -0.053482459590035
0.370590477448739 -0.053449389798937
0.375655056417572 -0.053406959954274
0.380733271210709 -0.053355307485812
0.385824564944672 -0.053294562520593
0.390928379301728 -0.053224573130012
0.396044154591120 -0.053144924781662
0.401171329810437 -0.053055191130664
0.406309342707137 -0.052954945912398
0.411457629840208 -0.052843800611804
0.416615626641949 -0.052721659913974
0.421782767479884 -0.052588565439612
0.426958485718794 -0.052444565188391
0.432142213782848 -0.052289711863432
0.437333383217848 -0.052124083623186
0.442531424753567 -0.051947847348163
0.447735768366173 -0.051761194275686
0.452945843340743 -0.051564322525423
0.458161078333842 -0.051357435736565
0.463380901436184 -0.051140726265796
0.468604740235343 -0.050914348647537
0.473832021878528 -0.050678457143792
0.479062173135400 -0.050433210561486
0.484294620460935 -0.050178769459282
0.489528790058321 -0.049915225911925
0.494764107941877 -0.049642548480717
0.500000000000000 -0.049360699301237
0.505235892058122 -0.049069645861858
0.510471209941678 -0.048769354456729
0.515705379539064 -0.048459750994049
0.520937826864600 -0.048140708618410
0.526167978121472 -0.047812101612567
0.531395259764656 -0.047473810391439
0.536619098563816 -0.047125737642805
0.541838921666157 -0.046768084337858
0.547054156659257 -0.046401274747400
0.552264231633827 -0.046025743134510
0.557468575246433 -0.045641925850383
0.562666616782152 -0.045250262737158
0.567857786217152 -0.044851217564788
0.573041514281206 -0.044445267944249
0.578217232520115 -0.044032885654446
0.583384373358051 -0.043614548355445
0.588542370159791 -0.043190750662497
0.593690657292862 -0.042762069594246
0.598828670189563 -0.042329099726581
0.603955845408879 -0.041892431150739
0.609071620698271 -0.041452646260001
0.614175435055328 -0.041010144365132
0.619266728789290 -0.040565027396507
0.624344943582427 -0.040117371471723
0.629409522551260 -0.039667259663745
0.634459910307633 -0.039214769010870
0.639495553019614 -0.038759994834674
0.644515898472235 -0.038303038007350
0.649520396128043 -0.037844005091359
0.654508497187474 -0.037382996651096
0.659479654649035 -0.036920193134695
0.664433323369291 -0.036455950879915
0.669368960122646 -0.035990652805456
0.674286023660907 -0.035524674381293
0.679183974772650 -0.035058374942040
0.684062276342339 -0.034592013780302
0.688920393409233 -0.034125790915892
0.693757793226051 -0.033659903514351
0.698573945317390 -0.033194548212328
0.703368321537900 -0.032729849664464
0.708140396130200 -0.032265862872849
0.712889645782536 -0.031802634127326
0.717615549686163 -0.031340213275888
0.722317589592464 -0.030878686738285
0.726995249869773 -0.030418227185868
0.731648017559930 -0.029959014274186
0.736275382434527 -0.029501220524960
0.740876837050857 -0.029045039349340
0.745451876807570 -0.028590701323613
0.750000000000000 -0.028138436891319
0.754520707875185 -0.027688474614367
0.759013504686565 -0.027240997715176
0.763477897748338 -0.026796102704396
0.767913397489498 -0.026353869727421
0.772319517507513 -0.025914377442453
0.776695774621672 -0.025477685601182
0.781041688926065 -0.025043815739107
0.785356783842216 -0.024612789947225
0.789640586171339 -0.024184635719691
0.793892626146236 -0.023759406794596
0.798112437482808 -0.023337174667385
0.802299557431187 -0.022918008584017
0.806453526826488 -0.022501986097829
0.810573890139155 -0.022089194174738
0.814660195524918 -0.021679725585676
0.818711994874345 -0.021273668006952
0.822728843861975 -0.020871101068659
0.826710301995052 -0.020472089209437
0.830655932661826 -0.020076703551830
0.834565303179429 -0.019685000917128
0.838437984841330 -0.019297016584643
0.842273552964344 -0.018912789235901
0.846071586935203 -0.018532360635115
0.849831670256683 -0.018155769093902
0.853553390593274 -0.017783052315160
0.857236339816401 -0.017414254048811
0.860880114049181 -0.017049415936512
0.864484313710706 -0.016688584989254
0.868048543559867 -0.016331800866951
0.871572412738697 -0.015979109286506
0.875055534815230 -0.015630548079571
0.878497527825878 -0.015286164372997
0.881898014317321 -0.014946004887024
0.885256621387894 -0.014610115283146
0.888572980728485 -0.014278415019054
0.891846728662920 -0.013950732577227
0.895077506187845 -0.013626903323545
0.898264959012098 -0.013306772684581
0.901408737595557 -0.012990199133011
0.904508497187474 -0.012677052887745
0.907563897864277 -0.012367227116930
0.910574604566852 -0.012060627676996
0.913540287137281 -0.011757196260219
0.916460620355049 -0.011456892703265
0.919335283972712 -0.011159680107385
0.922163962751007 -0.010865538563015
0.924946346493432 -0.010574468276865
0.927682130080253 -0.010286504076482
0.930371013501972 -0.010001665235117
0.933012701892219 -0.009719860694057
0.935606905560095 -0.009440935227770
0.938153340021932 -0.009164425298748
0.940651726032496 -0.008889819838279
0.943101789615607 -0.008616716685195
0.945503262094184 -0.008344804129591
0.947855880119706 -0.008073863783943
0.950159385701097 -0.007803725384030
0.952413526233010 -0.007534073471277
0.954618054523534 -0.007264489433892
0.956772728821300 -0.006994126267373
0.958877312841991 -0.006722188004272
0.960931575794250 -0.006448107676784
0.962935292404997 -0.006171490307350
0.964888242944126 -0.005892067784958
0.966790213248601 -0.005609637881708
0.968640994745946 -0.005324249171887
0.970440384477113 -0.005036922936411
0.972188185118740 -0.004748997683497
0.973884205004793 -0.004461842758703
0.975528258147577 -0.004176688592516
0.977120164258138 -0.003894639866948
0.978659748766034 -0.003616726324877
0.980146842838471 -0.003343835448688
0.981581283398829 -0.003076841805177
0.982962913144534 -0.002816850922348
0.984291580564316 -0.002564939377901
0.985567139954818 -0.002322052143865
0.986789451436580 -0.002088944803325
0.987958380969374 -0.001866201865114
0.989073800366903 -0.001654302827680
0.990135587310861 -0.001453580993908
0.991143625364344 -0.001264193694754
0.992097803984621 -0.001087283239020
0.992998018535252 -0.000924360522894
0.993844170297569 -0.000776535190396
0.994636166481494 -0.000644250355894
0.995373920235722 -0.000527455665103
0.996057350657239 -0.000425708642861
0.996686382800198 -0.000338244574162
0.997260947684137 -0.000264074764528
0.997780982301540 -0.000202054268579
0.998246429624752 -0.000150947363319
0.998657238612229 -0.000109499668783
0.999013364214136 -0.000076475938723
0.999314767377287 -0.000050721810065
0.999561415049429 -0.000031188194414
0.999753280182866 -0.000016977977395
0.999890341737423 -0.000007365154503
0.999972584682756 -0.000001813960731
1.000000000000000 0.000000000000000
