1.000000000000000 0.000000000000000
0.999972584682756 0.000001886550774
0.999890341737423 0.000007591597096
0.999753280182866 0.000017260168894
0.999561415049429 0.000031125851874
0.999314767377287 0.000049505882764
0.999013364214136 0.000072795299109
0.998657238612229 0.000101457799175
0.998246429624752 0.000136005344520
0.997780982301540 0.000176989646825
0.997260947684137 0.000224979670659
0.996686382800198 0.000280542554857
0.996057350657239 0.000344222643419
0.995373920235722 0.000416511240525
0.994636166481494 0.000497820826924
0.993844170297569 0.000588459975235
0.992998018535252 0.000688587222040
0.992097803984621 0.000798175517012
0.991143625364344 0.000917121288515
0.990135587310861 0.001045498763340
0.989073800366903 0.001183591063855
0.987958380969374 0.001331597597730
0.986789451436580 0.001489682211959
0.985567139954818 0.001657952608588
0.984291580564316 0.001836449858080
0.982962913144534 0.002025134984078
0.981581283398829 0.002223920962287
0.980146842838472 0.002432752940560
0.978659748766034 0.002651692289296
0.977120164258138 0.002880783964218
0.975528258147577 0.003120013284984
0.973884205004793 0.003369340790065
0.972188185118741 0.003628677679304
0.970440384477113 0.003897889711824
0.968640994745946 0.004176777048127
0.966790213248601 0.004465258009418
0.964888242944126 0.004763442366168
0.962935292404997 0.005071469364693
0.960931575794250 0.005389487423039
0.958877312841991 0.005717651723112
0.956772728821300 0.006056128673519
0.954618054523534 0.006405093473527
0.952413526233010 0.006764716788690
0.950159385701097 0.007135141765607
0.947855880119706 0.007516452643606
0.945503262094184 0.007908679642751
0.943101789615607 0.008311857043715
0.940651726032496 0.008726007520845
0.938153340021932 0.009151139345628
0.935606905560095 0.009587252265904
0.933012701892219 0.010034339145340
0.930371013501972 0.010492407351673
0.927682130080253 0.010961525066554
0.924946346493432 0.011441789742133
0.922163962751008 0.011933295961308
0.919335283972712 0.012436128179907
0.916460620355050 0.012950373763474
0.913540287137281 0.013476138949398
0.910574604566852 0.014013498994703
0.907563897864277 0.014562456908670
0.904508497187474 0.015122988225918
0.901408737595557 0.015695021452645
0.898264959012098 0.016278446883290
0.895077506187845 0.016873148668814
0.891846728662920 0.017478983027792
0.888572980728485 0.018095810019655
0.885256621387895 0.018723482805768
0.881898014317321 0.019361845627900
0.878497527825878 0.020010739601034
0.875055534815230 0.020670032294475
0.871572412738697 0.021339570442225
0.868048543559867 0.022019177051152
0.864484313710706 0.022708650199478
0.860880114049181 0.023407769855931
0.857236339816402 0.024116377296226
0.853553390593274 0.024834355927458
0.849831670256683 0.025561598195747
0.846071586935203 0.026298019162550
0.842273552964344 0.027043563136411
0.838437984841330 0.027798174884183
0.834565303179429 0.028561749250189
0.830655932661826 0.029334150819758
0.826710301995053 0.030115224263066
0.822728843861975 0.030904713028474
0.818711994874345 0.031702182777252
0.814660195524919 0.032507175745869
0.810573890139155 0.033319215627153
0.806453526826488 0.034137826683953
0.802299557431188 0.034962503526699
0.798112437482808 0.035792741218301
0.793892626146237 0.036628127544786
0.789640586171339 0.037468308019769
0.785356783842216 0.038312913012146
0.781041688926065 0.039161589542189
0.776695774621672 0.040013984136356
0.772319517507513 0.040869747686903
0.767913397489498 0.041728515254698
0.763477897748339 0.042589721555116
0.759013504686565 0.043452527375789
0.754520707875186 0.044316054025665
0.750000000000000 0.045179392625267
0.745451876807570 0.046041619587417
0.740876837050858 0.046901773832061
0.736275382434527 0.047758883186742
0.731648017559931 0.048611934594412
0.726995249869773 0.049459709496843
0.722317589592464 0.050300839327035
0.717615549686164 0.051133923129989
0.712889645782536 0.051957550272283
0.708140396130201 0.052770580956625
0.703368321537900 0.053572109479411
0.698573945317390 0.054361241551753
0.693757793226052 0.055137071843603
0.688920393409234 0.055899234230514
0.684062276342339 0.056648200770573
0.679183974772650 0.057384533692762
0.674286023660908 0.058108822512890
0.669368960122646 0.058821586653744
0.664433323369292 0.059522999881864
0.659479654649035 0.060213158685350
0.654508497187474 0.060892175259322
0.649520396128043 0.061560162301482
0.644515898472236 0.062217191881403
0.639495553019615 0.062863302639155
0.634459910307633 0.063498530482059
0.629409522551260 0.064122926592119
0.624344943582428 0.064736516690231
0.619266728789291 0.065339189435917
0.614175435055328 0.065930794280544
0.609071620698271 0.066511192121256
0.603955845408880 0.067080243277022
0.598828670189563 0.067637866702130
0.593690657292862 0.068184075767387
0.588542370159792 0.068718895301344
0.583384373358051 0.069242356750344
0.578217232520115 0.069754505368798
0.573041514281206 0.070255415815738
0.567857786217152 0.070745190276466
0.562666616782152 0.071223945983537
0.557468575246433 0.071691800512917
0.552264231633827 0.072148858156362
0.547054156659257 0.072595009048321
0.541838921666158 0.073030017727630
0.536619098563816 0.073453652279648
0.531395259764657 0.073865687183729
0.526167978121472 0.074265911204361
0.520937826864600 0.074654208421898
0.515705379539064 0.075030502942166
0.510471209941678 0.075394725647093
0.505235892058123 0.075746807469726
0.500000000000000 0.076086697105802
0.494764107941877 0.076414371915277
0.489528790058322 0.076729824914604
0.484294620460936 0.077033054519501
0.479062173135400 0.077324064416142
0.473832021878528 0.077602878869029
0.468604740235343 0.077869603113233
0.463380901436184 0.078124362464485
0.458161078333842 0.078367287605919
0.452945843340743 0.078598514143099
0.447735768366173 0.078818092935358
0.442531424753567 0.079025798650373
0.437333383217848 0.079221353186552
0.432142213782848 0.079404485573554
0.426958485718794 0.079574934152821
0.421782767479885 0.079732464727827
0.416615626641949 0.079876901829950
0.411457629840209 0.080008086579002
0.406309342707138 0.080125866419359
0.401171329810437 0.080230099773334
0.396044154591120 0.080320803422353
0.390928379301729 0.080398261841663
0.385824564944672 0.080462786973479
0.380733271210710 0.080514693139264
0.375655056417573 0.080554290376591
0.370590477448740 0.080581747907877
0.365540089692367 0.080597088430940
0.360504446980385 0.080600333629045
0.355484101527764 0.080591511330589
0.350479603871957 0.080570650058715
0.345491502812526 0.080537735980014
0.340520345350965 0.080492736298134
0.335566676630708 0.080435625841598
0.330631039877354 0.080366387528910
0.325713976339092 0.080284975455385
0.320816025227350 0.080191235986048
0.315937723657661 0.080085004527239
0.311079606590766 0.079966128267889
0.306242206773949 0.079834473794622
0.301426054682610 0.079690080425246
0.296631678462100 0.079533148171275
0.291859603869799 0.079363890668919
0.287110354217464 0.079182522793577
0.282384450313836 0.078989260604844
0.277682410407536 0.078784303295842
0.273004750130227 0.078567852650973
0.268351982440069 0.078340114929689
0.263724617565473 0.078101277068932
0.259123162949143 0.077851316641843
0.254548123192430 0.077590093379796
0.250000000000000 0.077317482510529
0.245479292124815 0.077033374352467
0.240986495313435 0.076737695897215
0.236522102251661 0.076430411966171
0.232086602510502 0.076111501378087
0.227680482492487 0.075780960203194
0.223304225378328 0.075438792496446
0.218958311073935 0.075085019682627
0.214643216157784 0.074719672381173
0.210359413828661 0.074342799737151
0.206107373853763 0.073954442541637
0.201887562517192 0.073554631333038
0.197700442568813 0.073143410694570
0.193546473173512 0.072720841611045
0.189426109860845 0.072287011060168
0.185339804475081 0.071842028627521
0.181288005125655 0.071386020737602
0.177271156138025 0.070919091040473
0.173289698004947 0.070441099658831
0.169344067338174 0.069951812554314
0.165434696820571 0.069451024645301
0.161562015158670 0.068938560308843
0.157726447035656 0.068414244299488
0.153928413064797 0.067877938590082
0.150168329743317 0.067329554115382
0.146446609406726 0.066769183503377
0.142763660183598 0.066197042465610
0.139119885950819 0.065613363971236
0.135515686289294 0.065018458047647
0.131951456440133 0.064412721420975
0.128427587261303 0.063796577022511
0.124944465184770 0.063170260924672
0.121502472174122 0.062533363773743
0.118101985682679 0.061885417849305
0.114743378612105 0.061225998921394
0.111427019271515 0.060554622569524
0.108153271337080 0.059870841170466
0.104922493812155 0.059174289671018
0.101735040987902 0.058464673004262
0.098591262404443 0.057741772985229
0.095491502812526 0.057005437383910
0.092436102135723 0.056255522198783
0.089425395433148 0.055491934656776
0.086459712862719 0.054714685313266
0.083539379644950 0.053923909953023
0.080664716027288 0.053119804513481
0.077836037248993 0.052302856509163
0.075053653506568 0.051473861139318
0.072317869919747 0.050633665653460
0.069628986498028 0.049783237986060
0.066987298107781 0.048923617302079
0.064393094439905 0.048055600600710
0.061846659978068 0.047179453290457
0.059348273967504 0.046295380727160
0.056898210384393 0.045402995370243
0.054496737905816 0.044501676774662
0.052144119880294 0.043591056200000
0.049840614298903 0.042671026981172
0.047586473766990 0.041741636391212
0.045381945476466 0.040803023076714
0.043227271178700 0.039855462169566
0.041122687158010 0.038899330135267
0.039068424205750 0.037935122445191
0.037064707595003 0.036963517157949
0.035111757055874 0.035985334654441
0.033209786751399 0.035001233533728
0.031359005254054 0.034011693471517
0.029559615522887 0.033016953603139
0.027811814881260 0.032016989584204
0.026115794995207 0.031011999916986
0.024471741852423 0.030002475704696
0.022879835741862 0.028989140074217
0.021340251233966 0.027972796046264
0.019853157161529 0.026952816254830
0.018418716601171 0.025927608982697
0.017037086855466 0.024895867798536
0.015708419435685 0.023856613078902
0.014432860045182 0.022809217072775
0.013210548563420 0.021753420919807
0.012041619030626 0.020689303302216
0.010926199633097 0.019617197784787
0.009864412689139 0.018537585967603
0.008856374635656 0.017451138187300
0.007902196015379 0.016358679691348
0.007001981464748 0.015261278418030
0.006155829702431 0.014160269715584
0.005363833518506 0.013059096207756
0.004626079764278 0.011963212430160
0.003942649342761 0.010879041444337
0.003313617199802 0.009813811124888
0.002739052315863 0.008775504971168
0.002219017698460 0.007774237835084
0.001753570375248 0.006815877716804
0.001342761387771 0.005894818688154
0.000986635785864 0.005002312824558
0.000685232622713 0.004132286966967
0.000438584950571 0.003280181069452
0.000246719817134 0.002442307275858
0.000109658262577 0.001616057079109
0.000027415317244 0.000800346246895
0.000000000000000 0.000000000000000
0.000027415317244 -0.000778499160021
0.000109658262577 -0.001529392640100
0.000246719817134 -0.002247648537437
0.000438584950571 -0.002929247015936
0.000685232622713 -0.003569610803563
0.000986635785864 -0.004167909938062
0.001342761387771 -0.004731595280255
0.001753570375248 -0.005272320674403
0.002219017698460 -0.005796636620633
0.002739052315863 -0.006309142806843
0.003313617199802 -0.006814210854859
0.003942649342761 -0.007316006004310
0.004626079764278 -0.007820099810025
0.005363833518506 -0.008333603583748
0.006155829702431 -0.008858192643669
0.007001981464748 -0.009392051975174
0.007902196015379 -0.009931823296402
0.008856374635656 -0.010474809417335
0.009864412689139 -0.011019205319408
0.010926199633097 -0.011563673345191
0.012041619030626 -0.012107744998435
0.013210548563420 -0.012651641308412
0.014432860045182 -0.013194932841740
0.015708419435684 -0.013736944265835
0.017037086855466 -0.014276794123164
0.018418716601171 -0.014813910839987
0.019853157161528 -0.015348035630817
0.021340251233966 -0.015879175851333
0.022879835741862 -0.016407567900219
0.024471741852423 -0.016933582825052
0.026115794995207 -0.017456994480413
0.027811814881259 -0.017977033430926
0.029559615522887 -0.018493128758690
0.031359005254054 -0.019004920160608
0.033209786751399 -0.019512193796117
0.035111757055874 -0.020014926698349
0.037064707595003 -0.020513342029009
0.039068424205750 -0.021007526281780
0.041122687158009 -0.021497118619970
0.043227271178699 -0.021981753249702
0.045381945476466 -0.022461117481026
0.047586473766990 -0.022934992056438
0.049840614298903 -0.023403300601990
0.052144119880293 -0.023866017944383
0.054496737905816 -0.024323160865949
0.056898210384393 -0.024774693221637
0.059348273967504 -0.025220345920217
0.061846659978068 -0.025659872141313
0.064393094439905 -0.026093117753309
0.066987298107781 -0.026520014709616
0.069628986498028 -0.026940578108020
0.072317869919747 -0.027354910512358
0.075053653506568 -0.027762981920578
0.077836037248992 -0.028164633667134
0.080664716027288 -0.028559716189467
0.083539379644950 -0.028948075988326
0.086459712862719 -0.029329586604387
0.089425395433148 -0.029704193120536
0.092436102135723 -0.030071903267733
0.095491502812526 -0.030432733887683
0.098591262404443 -0.030786620219039
0.101735040987902 -0.031133527725187
0.104922493812155 -0.031473434853669
0.108153271337080 -0.031806346023891
0.111427019271514 -0.032132302708271
0.114743378612105 -0.032451378759939
0.118101985682679 -0.032763691108598
0.121502472174122 -0.033069336785980
0.124944465184770 -0.033368188055052
0.128427587261303 -0.033660074510844
0.131951456440133 -0.033944842833279
0.135515686289294 -0.034222354104869
0.139119885950819 -0.034492480237645
0.142763660183598 -0.034755132039462
0.146446609406726 -0.035010284774079
0.150168329743317 -0.035257946340411
0.153928413064796 -0.035498162498210
0.157726447035656 -0.035731071803535
0.161562015158669 -0.035956862440267
0.165434696820571 -0.036175748955147
0.169344067338174 -0.036387892764240
0.173289698004947 -0.036593432030787
0.177271156138025 -0.036792525561387
0.181288005125655 -0.036985207193158
0.185339804475081 -0.037171277656940
0.189426109860845 -0.037350518274562
0.193546473173511 -0.037522718872024
0.197700442568812 -0.037687727699704
0.201887562517192 -0.037845422223004
0.206107373853763 -0.037995686507627
0.210359413828660 -0.038138494799979
0.214643216157784 -0.038274017233289
0.218958311073935 -0.038402467367928
0.223304225378328 -0.038524077548120
0.227680482492486 -0.038639066710065
0.232086602510501 -0.038747635001062
0.236522102251661 -0.038849997038837
0.240986495313435 -0.038946369647470
0.245479292124814 -0.039036753297087
0.250000000000000 -0.039120972778675
0.254548123192429 -0.039198848876862
0.259123162949142 -0.039270206152477
0.263724617565473 -0.039334929398083
0.268351982440069 -0.039392951361353
0.273004750130227 -0.039444210814330
0.277682410407536 -0.039488655049875
0.282384450313836 -0.039526354628138
0.287110354217464 -0.039557512074222
0.291859603869799 -0.039582347966187
0.296631678462100 -0.039601094127920
0.301426054682609 -0.039613939443035
0.306242206773948 -0.039620974638292
0.311079606590766 -0.039622284797824
0.315937723657661 -0.039617961506783
0.320816025227350 -0.039608088711248
0.325713976339092 -0.039592679194171
0.330631039877354 -0.039571723480606
0.335566676630708 -0.039545215424401
0.340520345350965 -0.039513151329525
0.345491502812526 -0.039475506899945
0.350479603871956 -0.039432231686663
0.355484101527764 -0.039383276474564
0.360504446980385 -0.039328593429718
0.365540089692367 -0.039268138800620
0.370590477448739 -0.039201875684717
0.375655056417572 -0.039129771865121
0.380733271210709 -0.039051796798270
0.385824564944672 -0.038967924217129
0.390928379301728 -0.038878223523594
0.396044154591120 -0.038782952969422
0.401171329810437 -0.038682400476876
0.406309342707137 -0.038576858903839
0.411457629840208 -0.038466620194532
0.416615626641949 -0.038351823467920
0.421782767479884 -0.038232466482265
0.426958485718794 -0.038108544179202
0.432142213782848 -0.037980052442073
0.437333383217848 -0.037846973992006
0.442531424753567 -0.037709169164390
0.447735768366173 -0.037566434808916
0.452945843340743 -0.037418569044063
0.458161078333842 -0.037265370148529
0.463380901436184 -0.037106687951054
0.468604740235343 -0.036942609274991
0.473832021878528 -0.036773293003598
0.479062173135400 -0.036598901803182
0.484294620460935 -0.036419598761807
0.489528790058321 -0.036235518817666
0.494764107941877 -0.036046704893136
0.500000000000000 -0.035853183866071
0.505235892058122 -0.035654985642979
0.510471209941678 -0.035452140532090
0.515705379539064 -0.035244644503845
0.520937826864600 -0.035032419351231
0.526167978121472 -0.034815383458729
0.531395259764656 -0.034593456341013
0.536619098563816 -0.034366557414211
0.541838921666157 -0.034134508506524
0.547054156659257 -0.033897015768168
0.552264231633827 -0.033653779950018
0.557468575246433 -0.033404510667047
0.562666616782152 -0.033148923541314
0.567857786217152 -0.032886816184296
0.573041514281206 -0.032618044096093
0.578217232520115 -0.032342468593467
0.583384373358051 -0.032059954506541
0.588542370159791 -0.031770422547891
0.593690657292862 -0.031474090515217
0.598828670189563 -0.031171282574793
0.603955845408879 -0.030862321927889
0.609071620698271 -0.030547532132508
0.614175435055328 -0.030227124465655
0.619266728789290 -0.029901050486011
0.624344943582427 -0.029569232136475
0.629409522551260 -0.029231593117756
0.634459910307633 -0.028888061497676
0.639495553019614 -0.028538536841731
0.644515898472235 -0.028182896780469
0.649520396128043 -0.027821024621025
0.654508497187474 -0.027452811981802
0.659479654649035 -0.027078258197671
0.664433323369291 -0.026697738825553
0.669368960122646 -0.026311699923320
0.674286023660907 -0.025920586433480
0.679183974772650 -0.025524832039433
0.684062276342339 -0.025124820455576
0.688920393409233 -0.024720900054268
0.693757793226051 -0.024313410447536
0.698573945317390 -0.023902690178398
0.703368321537900 -0.023489025602474
0.708140396130200 -0.023072626422508
0.712889645782536 -0.022653692117937
0.717615549686163 -0.022232423376867
0.722317589592464 -0.021809059901842
0.726995249869773 -0.021383941439807
0.731648017559930 -0.020957421452874
0.736275382434527 -0.020529850650173
0.740876837050857 -0.020101587846567
0.745451876807570 -0.019673064233122
0.750000000000000 -0.019244713155991
0.754520707875185 -0.018816956408599
0.759013504686565 -0.018390208373968
0.763477897748338 -0.017964885523575
0.767913397489498 -0.017541389470964
0.772319517507513 -0.017120112235563
0.776695774621672 -0.016701451905032
0.781041688926065 -0.016285826730100
0.785356783842216 -0.015873636158690
0.789640586171339 -0.015465263411010
0.793892626146236 -0.015061034065134
0.798112437482808 -0.014661225965478
0.802299557431187 -0.014266100321712
0.806453526826488 -0.013875896038298
0.810573890139155 -0.013490793698615
0.814660195524918 -0.013110953121651
0.818711994874345 -0.012736524646179
0.822728843861975 -0.012367654388888
0.826710301995052 -0.012004477649630
0.830655932661826 -0.011647119876850
0.834565303179429 -0.011295667015236
0.838437984841330 -0.010950161363510
0.842273552964344 -0.010610634415639
0.846071586935203 -0.010277117282390
0.849831670256683 -0.009949634251047
0.853553390593274 -0.009628202900558
0.857236339816401 -0.009312849049636
0.860880114049181 -0.009003617246785
0.864484313710706 -0.008700550944958
0.868048543559867 -0.008403692118871
0.871572412738697 -0.008113089295032
0.875055534815230 -0.007828786949454
0.878497527825878 -0.007550817731948
0.881898014317321 -0.007279210601612
0.885256621387894 -0.007013982580256
0.888572980728485 -0.006755115519072
0.891846728662920 -0.006502566653637
0.895077506187845 -0.006256287799250
0.898264959012098 -0.006016221155730
0.901408737595557 -0.005782303393757
0.904508497187474 -0.005554464170818
0.907563897864277 -0.005332630864346
0.910574604566852 -0.005116735807604
0.913540287137281 -0.004906746811896
0.916460620355049 -0.004702635615870
0.919335283972712 -0.004504390659960
0.922163962751007 -0.004312007353820
0.924946346493432 -0.004125470424082
0.927682130080253 -0.003944745046122
0.930371013501972 -0.003769795249528
0.933012701892219 -0.003600583931855
0.935606905560095 -0.003437006419075
0.938153340021932 -0.003278713285423
0.940651726032496 -0.003125323130497
0.943101789615607 -0.002976476863096
0.945503262094184 -0.002831846203693
0.947855880119706 -0.002691137591728
0.950159385701097 -0.002554087015033
0.952413526233010 -0.002420452953680
0.954618054523534 -0.002290032902555
0.956772728821300 -0.002162669831382
0.958877312841991 -0.002038234663922
0.960931575794250 -0.001916621909844
0.962935292404997 -0.001797740437372
0.964888242944126 -0.001681520303290
0.966790213248601 -0.001567892015491
0.968640994745946 -0.001456816174309
0.970440384477113 -0.001348307226507
0.972188185118740 -0.001242544156410
0.973884205004793 -0.001139845389290
0.975528258147577 -0.001040470422404
0.977120164258138 -0.000944625266720
0.978659748766034 -0.000852481163377
0.980146842838471 -0.000764175057441
0.981581283398829 -0.000679800028466
0.982962913144534 -0.000599423295129
0.984291580564316 -0.000523334330380
0.985567139954818 -0.000451890410292
0.986789451436580 -0.000385365370924
0.987958380969374 -0.000323920100079
0.989073800366903 -0.000267615473584
0.990135587310861 -0.000216431847556
0.991143625364344 -0.000170286329130
0.992097803984621 -0.000128989014436
0.992998018535252 -0.000092608251427
0.993844170297569 -0.000061470915314
0.994636166481494 -0.000035752125718
0.995373920235722 -0.000015370296410
0.996057350657239 -0.000000041515850
0.996686382800198 0.000010672606725
0.997260947684137 0.000017326244380
0.997780982301540 0.000020552607437
0.998246429624752 0.000021028551664
0.998657238612229 0.000019444609742
0.999013364214136 0.000016476335769
0.999314767377287 0.000012759731437
0.999561415049429 0.000008869758652
0.999753280182866 0.000005301805816
0.999890341737423 0.000002456595995
0.999972584682756 0.000000629283145
1.000000000000000 0.000000000000000
