1.000000000000000 0.000000000000000
0.999972584682756 0.000004981391879
0.999890341737423 0.000019930205500
0.999753280182866 0.000044857081206
0.999561415049429 0.000079785130848
0.999314767377287 0.000124743346649
0.999013364214136 0.000179773026577
0.998657238612229 0.000244911274920
0.998246429624752 0.000320220293378
0.997780982301540 0.000405757713923
0.997260947684137 0.000501592746552
0.996686382800198 0.000607802658908
0.996057350657239 0.000724469176720
0.995373920235722 0.000851684802470
0.994636166481494 0.000989542491709
0.993844170297569 0.001138145262088
0.992998018535252 0.001297602494517
0.992097803984621 0.001468026129944
0.991143625364344 0.001649530156577
0.990135587310861 0.001842236918207
0.989073800366903 0.002046273261719
0.987958380969374 0.002261763099729
0.986789451436580 0.002488840619968
0.985567139954818 0.002727635904844
0.984291580564316 0.002978284720703
0.982962913144534 0.003240913844489
0.981581283398829 0.003515665066304
0.980146842838472 0.003802666287458
0.978659748766034 0.004102048457675
0.977120164258138 0.004413944993995
0.975528258147577 0.004738476589504
0.973884205004793 0.005075764846185
0.972188185118741 0.005425935342213
0.970440384477113 0.005789087371573
0.968640994745946 0.006165337370209
0.966790213248601 0.006554777438118
0.964888242944126 0.006957500465433
0.962935292404997 0.007373584341953
0.960931575794250 0.007803102394579
0.958877312841991 0.008246118838814
0.956772728821300 0.008702680204999
0.954618054523534 0.009172818174171
0.952413526233010 0.009656560402343
0.950159385701097 0.010153918053387
0.947855880119706 0.010664876989172
0.945503262094184 0.011189416448257
0.943101789615607 0.011727500476977
0.940651726032496 0.012279064996438
0.938153340021932 0.012844036902776
0.935606905560095 0.013422313126400
0.933012701892219 0.014013775882138
0.930371013501972 0.014618283703366
0.927682130080253 0.015235678838891
0.924946346493432 0.015865765937585
0.922163962751008 0.016508339889753
0.919335283972712 0.017163160429691
0.916460620355050 0.017829963704919
0.913540287137281 0.018508461489282
0.910574604566852 0.019198336368334
0.907563897864277 0.019899241049091
0.904508497187474 0.020610801743524
0.901408737595557 0.021332613423466
0.898264959012098 0.022064239225778
0.895077506187845 0.022805214055246
0.891846728662920 0.023555039947174
0.888572980728485 0.024313189432710
0.885256621387895 0.025079096467979
0.881898014317321 0.025852168977560
0.878497527825878 0.026631781147571
0.875055534815230 0.027417273169978
0.871572412738697 0.028207945500011
0.868048543559867 0.029003073173681
0.864484313710706 0.029801880752337
0.860880114049181 0.030603573880763
0.857236339816402 0.031407339338084
0.853553390593274 0.032212339207519
0.849831670256683 0.033017682707462
0.846071586935203 0.033822362156817
0.842273552964344 0.034625312436458
0.838437984841330 0.035425507895250
0.834565303179429 0.036222249744598
0.830655932661826 0.037014914225352
0.826710301995053 0.037802940647800
0.822728843861975 0.038586327024625
0.818711994874345 0.039365333049763
0.814660195524919 0.040140252400361
0.810573890139155 0.040911336678103
0.806453526826488 0.041678790279884
0.802299557431188 0.042442843634059
0.798112437482808 0.043203759215400
0.793892626146237 0.043961855287821
0.789640586171339 0.044717494682568
0.785356783842216 0.045471058161114
0.781041688926065 0.046222944926973
0.776695774621672 0.046973561446776
0.772319517507513 0.047723333997178
0.767913397489498 0.048472735406674
0.763477897748339 0.049222316752447
0.759013504686565 0.049972690438412
0.754520707875186 0.050724505066768
0.750000000000000 0.051478378321091
0.745451876807570 0.052234703626291
0.740876837050858 0.052993815285094
0.736275382434527 0.053756063551167
0.731648017559931 0.054521671101782
0.726995249869773 0.055290239180485
0.722317589592464 0.056061196631689
0.717615549686164 0.056833946598455
0.712889645782536 0.057607903430342
0.708140396130201 0.058382557141684
0.703368321537900 0.059157423888807
0.698573945317390 0.059932011566844
0.693757793226052 0.060705812972649
0.688920393409234 0.061478299969371
0.684062276342339 0.062248928929176
0.679183974772650 0.063017142813636
0.674286023660908 0.063782380229060
0.669368960122646 0.064544057860847
0.664433323369292 0.065301576112079
0.659479654649035 0.066054324973416
0.654508497187474 0.066801691402073
0.649520396128043 0.067543083762099
0.644515898472236 0.068278081479708
0.639495553019615 0.069006338427079
0.634459910307633 0.069727503737493
0.629409522551260 0.070441227662093
0.624344943582428 0.071147186052129
0.619266728789291 0.071845099504792
0.614175435055328 0.072534694666203
0.609071620698271 0.073215700628532
0.603955845408880 0.073887843680464
0.598828670189563 0.074550853941755
0.593690657292862 0.075204446985705
0.588542370159792 0.075848352862691
0.583384373358051 0.076482297378155
0.578217232520115 0.077106010531997
0.573041514281206 0.077719217866422
0.567857786217152 0.078321643292527
0.562666616782152 0.078913023841058
0.557468575246433 0.079493089483272
0.552264231633827 0.080061632901640
0.547054156659257 0.080618590181036
0.541838921666158 0.081163933185533
0.536619098563816 0.081697637992771
0.531395259764657 0.082219684953866
0.526167978121472 0.082730059793197
0.520937826864600 0.083228743475928
0.515705379539064 0.083715728568279
0.510471209941678 0.084191007098902
0.505235892058123 0.084654578963125
0.500000000000000 0.085106486109608
0.494764107941877 0.085546823300189
0.489528790058322 0.085975695958220
0.484294620460936 0.086393214381340
0.479062173135400 0.086799487977993
0.473832021878528 0.087194459047217
0.468604740235343 0.087577880397999
0.463380901436184 0.087949499119460
0.458161078333842 0.088309067884128
0.452945843340743 0.088656319276947
0.447735768366173 0.088990459706362
0.442531424753567 0.089310209927363
0.437333383217848 0.089614294549340
0.432142213782848 0.089901452092877
0.426958485718794 0.090170452822572
0.421782767479885 0.090420212632760
0.416615626641949 0.090649755669495
0.411457629840209 0.090858127372862
0.406309342707138 0.091044393630448
0.401171329810437 0.091207615634717
0.396044154591120 0.091346677978608
0.390928379301729 0.091460398154463
0.385824564944672 0.091547621142871
0.380733271210710 0.091607219309765
0.375655056417573 0.091638321955044
0.370590477448740 0.091641023349437
0.365540089692367 0.091615671163916
0.360504446980385 0.091562618765445
0.355484101527764 0.091482229149786
0.350479603871957 0.091375213165811
0.345491502812526 0.091242929504748
0.340520345350965 0.091086795486358
0.335566676630708 0.090908215618244
0.330631039877354 0.090708565443504
0.325713976339092 0.090489052969652
0.320816025227350 0.090250757369709
0.315937723657661 0.089994744051498
0.311079606590766 0.089722069030899
0.306242206773949 0.089433817013320
0.301426054682610 0.089131202037137
0.296631678462100 0.088815451385702
0.291859603869799 0.088487766930718
0.287110354217464 0.088149304529557
0.282384450313836 0.087800808725460
0.277682410407536 0.087442742385445
0.273004750130227 0.087075556271997
0.268351982440069 0.086699698279431
0.263724617565473 0.086315185235948
0.259123162949143 0.085921358311234
0.254548123192430 0.085517532094317
0.250000000000000 0.085103049109566
0.245479292124815 0.084677368817840
0.240986495313435 0.084240208068360
0.236522102251661 0.083791348844366
0.232086602510502 0.083330591167178
0.227680482492487 0.082857201756634
0.223304225378328 0.082368501132266
0.218958311073935 0.081861492899023
0.214643216157784 0.081333306619940
0.210359413828661 0.080781127888246
0.206107373853763 0.080202055802059
0.201887562517192 0.079593271111431
0.197700442568813 0.078952087932977
0.193546473173512 0.078276124949045
0.189426109860845 0.077563424251694
0.185339804475081 0.076812152752268
0.181288005125655 0.076020879334787
0.177271156138025 0.075192740398430
0.173289698004947 0.074334150026799
0.169344067338174 0.073451427625721
0.165434696820571 0.072550516332894
0.161562015158670 0.071636688600485
0.157726447035656 0.070714932028099
0.153928413064797 0.069790095544183
0.150168329743317 0.068867499716367
0.146446609406726 0.067952602320498
0.142763660183598 0.067050475165770
0.139119885950819 0.066163633907323
0.135515686289294 0.065291778208615
0.131951456440133 0.064434456157553
0.128427587261303 0.063589587608806
0.124944465184770 0.062752279118357
0.121502472174122 0.061917636871657
0.118101985682679 0.061081418981236
0.114743378612105 0.060240284850806
0.111427019271515 0.059391246982672
0.108153271337080 0.058531482670700
0.104922493812155 0.057658308262203
0.101735040987902 0.056769240958729
0.098591262404443 0.055861809813187
0.095491502812526 0.054933499637129
0.092436102135723 0.053982212559320
0.089425395433148 0.053008357786013
0.086459712862719 0.052013775358288
0.083539379644950 0.051000552685367
0.080664716027288 0.049971562353358
0.077836037248993 0.048929741483226
0.075053653506568 0.047877833768894
0.072317869919747 0.046818429454231
0.069628986498028 0.045753732198907
0.066987298107781 0.044685170126047
0.064393094439905 0.043613923688105
0.061846659978068 0.042540332457385
0.059348273967504 0.041464457313524
0.056898210384393 0.040386673326457
0.054496737905816 0.039307629276405
0.052144119880294 0.038228058759664
0.049840614298903 0.037148780918021
0.047586473766990 0.036070693739261
0.045381945476466 0.034994794409754
0.043227271178700 0.033921674299827
0.041122687158010 0.032851106403492
0.039068424205750 0.031782830076841
0.037064707595003 0.030716584549965
0.035111757055874 0.029652129055865
0.033209786751399 0.028589175252044
0.031359005254054 0.027527449401094
0.029559615522887 0.026466631797933
0.027811814881260 0.025406369289488
0.026115794995207 0.024346294736119
0.024471741852423 0.023285845901570
0.022879835741862 0.022224626074068
0.021340251233966 0.021162988715937
0.019853157161529 0.020104430327087
0.018418716601171 0.019054207907308
0.017037086855466 0.018018274393327
0.015708419435685 0.017002699086643
0.014432860045182 0.016012839527253
0.013210548563420 0.015053340370771
0.012041619030626 0.014128656380599
0.010926199633097 0.013239933368728
0.009864412689139 0.012385137396464
0.008856374635656 0.011559642860306
0.007902196015379 0.010759586433302
0.007001981464748 0.009982802384402
0.006155829702431 0.009227582891559
0.005363833518506 0.008492657372183
0.004626079764278 0.007776942134023
0.003942649342761 0.007079671564000
0.003313617199802 0.006400265606031
0.002739052315863 0.005738096248172
0.002219017698460 0.005092809304854
0.001753570375248 0.004464062370511
0.001342761387771 0.003851501845352
0.000986635785864 0.003254879953911
0.000685232622713 0.002674010528111
0.000438584950571 0.002108716561498
0.000246719817134 0.001558788252430
0.000109658262577 0.001024111706218
0.000027415317244 0.000504553793560
0.000000000000000 0.000000000000000
0.000027415317244 -0.000489565028897
0.000109658262577 -0.000964438109549
0.000246719817134 -0.001424503116435
0.000438584950571 -0.001873755928526
0.000685232622713 -0.002317337025245
0.000986635785864 -0.002757023508293
0.001342761387771 -0.003193186786674
0.001753570375248 -0.003625723335583
0.002219017698460 -0.004054279110898
0.002739052315863 -0.004478297533766
0.003313617199802 -0.004897071953097
0.003942649342761 -0.005309855338676
0.004626079764278 -0.005715594009709
0.005363833518506 -0.006113193528886
0.006155829702431 -0.006501305304924
0.007001981464748 -0.006878254352079
0.007902196015379 -0.007242128643748
0.008856374635656 -0.007590409273079
0.009864412689139 -0.007920098534109
0.010926199633097 -0.008226945146131
0.012041619030626 -0.008505658921595
0.013210548563420 -0.008749419146985
0.014432860045182 -0.008952158095433
0.015708419435684 -0.009109046336156
0.017037086855466 -0.009216966469099
0.018418716601171 -0.009274694750635
0.019853157161528 -0.009284020142554
0.021340251233966 -0.009250413539706
0.022879835741862 -0.009183032145312
0.024471741852423 -0.009092961701172
0.026115794995207 -0.008987975772608
0.027811814881259 -0.008868441649634
0.029559615522887 -0.008735063091835
0.031359005254054 -0.008589331340866
0.033209786751399 -0.008432718836939
0.035111757055874 -0.008266945919179
0.037064707595003 -0.008094133600683
0.039068424205750 -0.007916664936803
0.041122687158009 -0.007737119526735
0.043227271178699 -0.007558905011516
0.045381945476466 -0.007386272408556
0.047586473766990 -0.007221823654125
0.049840614298903 -0.007066267227292
0.052144119880293 -0.006916725583407
0.054496737905816 -0.006767063546104
0.056898210384393 -0.006610756804218
0.059348273967504 -0.006440883661267
0.061846659978068 -0.006249678372726
0.064393094439905 -0.006028452776721
0.066987298107781 -0.005766914658738
0.069628986498028 -0.005452826060870
0.072317869919747 -0.005078274035471
0.075053653506568 -0.004646709895699
0.077836037248992 -0.004164180011708
0.080664716027288 -0.003639178358173
0.083539379644950 -0.003081878616987
0.086459712862719 -0.002504274214312
0.089425395433148 -0.001919945952740
0.092436102135723 -0.001341063089953
0.095491502812526 -0.000776442542610
0.098591262404443 -0.000233807098278
0.101735040987902 0.000286795095201
0.104922493812155 0.000788475238920
0.108153271337080 0.001273868654686
0.111427019271514 0.001744552408266
0.114743378612105 0.002202171712351
0.118101985682679 0.002648833677786
0.121502472174122 0.003087037452907
0.124944465184770 0.003519530431326
0.128427587261303 0.003949430583307
0.131951456440133 0.004380141315671
0.135515686289294 0.004815065106361
0.139119885950819 0.005256858719720
0.142763660183598 0.005708135017721
0.146446609406726 0.006170944481541
0.150168329743317 0.006644939780181
0.153928413064796 0.007129204197379
0.157726447035656 0.007622836088748
0.161562015158669 0.008125281867084
0.165434696820571 0.008636061726816
0.169344067338174 0.009154640479604
0.173289698004947 0.009680320100299
0.177271156138025 0.010212295036866
0.181288005125655 0.010749725533261
0.185339804475081 0.011291862412660
0.189426109860845 0.011838081166150
0.193546473173511 0.012387739630243
0.197700442568812 0.012940210698321
0.201887562517192 0.013495007425494
0.206107373853763 0.014051665978539
0.210359413828660 0.014609701563926
0.214643216157784 0.015168528429108
0.218958311073935 0.015727444096055
0.223304225378328 0.016285721257788
0.227680482492486 0.016842665101266
0.232086602510501 0.017397995257790
0.236522102251661 0.017951642408031
0.240986495313435 0.018503536866112
0.245479292124814 0.019053702053808
0.250000000000000 0.019602547753746
0.254548123192429 0.020150606543579
0.259123162949142 0.020698438135148
0.263724617565473 0.021246605917321
0.268351982440069 0.021795627973553
0.273004750130227 0.022346022380052
0.277682410407536 0.022898327523914
0.282384450313836 0.023452947085719
0.287110354217464 0.024009551855508
0.291859603869799 0.024567589326248
0.296631678462100 0.025126493644969
0.301426054682609 0.025685686386203
0.306242206773948 0.026244555199452
0.311079606590766 0.026802471915356
0.315937723657661 0.027358794090330
0.320816025227350 0.027912867845531
0.325713976339092 0.028464032420266
0.330631039877354 0.029011623410359
0.335566676630708 0.029554960922641
0.340520345350965 0.030093361996860
0.345491502812526 0.030626128165459
0.350479603871956 0.031152544059616
0.355484101527764 0.031671886129305
0.360504446980385 0.032183418220862
0.365540089692367 0.032686403562073
0.370590477448739 0.033180142709332
0.375655056417572 0.033663962688956
0.380733271210709 0.034137195949717
0.385824564944672 0.034599168858522
0.390928379301728 0.035049210637781
0.396044154591120 0.035486667497970
0.401171329810437 0.035910887975081
0.406309342707137 0.036321223508244
0.411457629840208 0.036717025151362
0.416615626641949 0.037097650436648
0.421782767479884 0.037462473454804
0.426958485718794 0.037810871510068
0.432142213782848 0.038142226329345
0.437333383217848 0.038455919086336
0.442531424753567 0.038751279972124
0.447735768366173 0.039027581192943
0.452945843340743 0.039284096819232
0.458161078333842 0.039520104010297
0.463380901436184 0.039734949045606
0.468604740235343 0.039928737783089
0.473832021878528 0.040102073883918
0.479062173135400 0.040255580180899
0.484294620460935 0.040389887855381
0.489528790058321 0.040505653464380
0.494764107941877 0.040603654573845
0.500000000000000 0.040684721698184
0.505235892058122 0.040749693666827
0.510471209941678 0.040799414266015
0.515705379539064 0.040834736339518
0.520937826864600 0.040856530537268
0.526167978121472 0.040865674582678
0.531395259764656 0.040863049255044
0.536619098563816 0.040849537088152
0.541838921666157 0.040825953571703
0.547054156659257 0.040792944997939
0.552264231633827 0.040751132372046
0.557468575246433 0.040701137350065
0.562666616782152 0.040643570019890
0.567857786217152 0.040578483813957
0.573041514281206 0.040505127182179
0.578217232520115 0.040422695539785
0.583384373358051 0.040330395290813
0.588542370159791 0.040227452298120
0.593690657292862 0.040113208278655
0.598828670189563 0.039987098238552
0.603955845408879 0.039848570834541
0.609071620698271 0.039697087272484
0.614175435055328 0.039532100805646
0.619266728789290 0.039352963873256
0.624344943582427 0.039159006464069
0.629409522551260 0.038949575147052
0.634459910307633 0.038724038306926
0.639495553019614 0.038481968429033
0.644515898472235 0.038223281001974
0.649520396128043 0.037947937462404
0.654508497187474 0.037655907136821
0.659479654649035 0.037347273171326
0.664433323369291 0.037022989195312
0.669368960122646 0.036684429749113
0.674286023660907 0.036332953700993
0.679183974772650 0.035969896787588
0.684062276342339 0.035596501479609
0.688920393409233 0.035213870619438
0.693757793226051 0.034823078355923
0.698573945317390 0.034425183871056
0.703368321537900 0.034021224940992
0.708140396130200 0.033612232956636
0.712889645782536 0.033199217070596
0.717615549686163 0.032783163233344
0.722317589592464 0.032365053689393
0.726995249869773 0.031945943784373
0.731648017559930 0.031526904855796
0.736275382434527 0.031108975639678
0.740876837050857 0.030693063771019
0.745451876807570 0.030279276821977
0.750000000000000 0.029867358723089
0.754520707875185 0.029457057649790
0.759013504686565 0.029048095017155
0.763477897748338 0.028639948956048
0.767913397489498 0.028232020992947
0.772319517507513 0.027823735407335
0.776695774621672 0.027414565141240
0.781041688926065 0.027004074253121
0.785356783842216 0.026591870422651
0.789640586171339 0.026177578637297
0.793892626146236 0.025760839687408
0.798112437482808 0.025341290829175
0.802299557431187 0.024918597501656
0.806453526826488 0.024492449836704
0.810573890139155 0.024062589016782
0.814660195524918 0.023628791336551
0.818711994874345 0.023190853318391
0.822728843861975 0.022748544357104
0.826710301995052 0.022301596401228
0.830655932661826 0.021849758215813
0.834565303179429 0.021392958124382
0.838437984841330 0.020931598410647
0.842273552964344 0.020466160585905
0.846071586935203 0.019997168398407
0.849831670256683 0.019525373442331
0.853553390593274 0.019051578222465
0.857236339816401 0.018576549372502
0.860880114049181 0.018100965946144
0.864484313710706 0.017625452171021
0.868048543559867 0.017150617335969
0.871572412738697 0.016677056976896
0.875055534815230 0.016205344473247
0.878497527825878 0.015736025114723
0.881898014317321 0.015269617815023
0.885256621387894 0.014806611542975
0.888572980728485 0.014347467892242
0.891846728662920 0.013892629788586
0.895077506187845 0.013442510049062
0.898264959012098 0.012997497829622
0.901408737595557 0.012557964760911
0.904508497187474 0.012124245497718
0.907563897864277 0.011696663092429
0.910574604566852 0.011275512972990
0.913540287137281 0.010861067850093
0.916460620355049 0.010453576204581
0.919335283972712 0.010053275178204
0.922163962751007 0.009660368908462
0.924946346493432 0.009275047528334
0.927682130080253 0.008897480273811
0.930371013501972 0.008527819653834
0.933012701892219 0.008166195923887
0.935606905560095 0.007812723899027
0.938153340021932 0.007467504365092
0.940651726032496 0.007130613366557
0.943101789615607 0.006802121124106
0.945503262094184 0.006482073876904
0.947855880119706 0.006170511732685
0.950159385701097 0.005867454306620
0.952413526233010 0.005572912358405
0.954618054523534 0.005286883341670
0.956772728821300 0.005009351376513
0.958877312841991 0.004740291628790
0.960931575794250 0.004479671345515
0.962935292404997 0.004227445046970
0.964888242944126 0.003983556176622
0.966790213248601 0.003747945101679
0.968640994745946 0.003520543285115
0.970440384477113 0.003301275356851
0.972188185118740 0.003090057737067
0.973884205004793 0.002886804845379
0.975528258147577 0.002691424850335
0.977120164258138 0.002503821817107
0.978659748766034 0.002323894114716
0.980146842838471 0.002151542696432
0.981581283398829 0.001986662741232
0.982962913144534 0.001829144760959
0.984291580564316 0.001678885954319
0.985567139954818 0.001535774123771
0.986789451436580 0.001399704953914
0.987958380969374 0.001270572054037
0.989073800366903 0.001148264616338
0.990135587310861 0.001032682641419
0.991143625364344 0.000923720021005
0.992097803984621 0.000821279524666
0.992998018535252 0.000725261221116
0.993844170297569 0.000635573701033
0.994636166481494 0.000552125969675
0.995373920235722 0.000474830143909
0.996057350657239 0.000403606476783
0.996686382800198 0.000338376944106
0.997260947684137 0.000279071489613
0.997780982301540 0.000225622090730
0.998246429624752 0.000177965856855
0.998657238612229 0.000136049422232
0.999013364214136 0.000099823494044
0.999314767377287 0.000069244267128
0.999561415049429 0.000044275625596
0.999753280182866 0.000024887180444
0.999890341737423 0.000011055200293
0.999972584682756 0.000002762883361
1.000000000000000 0.000000000000000
