1.000000000000000 0.000000000000000
0.999972584682756 0.000005179770633
0.999890341737423 0.000020719255890
0.999753280182866 0.000046618971733
0.999561415049429 0.000082873014926
0.999314767377287 0.000129482540432
0.999013364214136 0.000186442233581
0.998657238612229 0.000253750396838
0.998246429624752 0.000331395403165
0.997780982301540 0.000419375893445
0.997260947684137 0.000517680462039
0.996686382800198 0.000626304464830
0.996057350657239 0.000745236437725
0.995373920235722 0.000874468139252
0.994636166481494 0.001013980949803
0.993844170297569 0.001163766032119
0.992998018535252 0.001323803960460
0.992097803984621 0.001494081491762
0.991143625364344 0.001674577933648
0.990135587310861 0.001865271765514
0.989073800366903 0.002066137134916
0.987958380969374 0.002277153845272
0.986789451436580 0.002498290248057
0.985567139954818 0.002729520273999
0.984291580564316 0.002970805760726
0.982962913144534 0.003222108313102
0.981581283398829 0.003483387706548
0.980146842838472 0.003754592729947
0.978659748766034 0.004035665402568
0.977120164258138 0.004326546985075
0.975528258147577 0.004627170917884
0.973884205004793 0.004937465937702
0.972188185118741 0.005257355978361
0.970440384477113 0.005586752455124
0.968640994745946 0.005925567259616
0.966790213248601 0.006273704280620
0.964888242944126 0.006631062619978
0.962935292404997 0.006997546928888
0.960931575794250 0.007373047201303
0.958877312841991 0.007757457561517
0.956772728821300 0.008150650250283
0.954618054523534 0.008552505384742
0.952413526233010 0.008962889907610
0.950159385701097 0.009381661716148
0.947855880119706 0.009808674875782
0.945503262094184 0.010243782867540
0.943101789615607 0.010686827662921
0.940651726032496 0.011137649399973
0.938153340021932 0.011596088674574
0.935606905560095 0.012061962622283
0.933012701892219 0.012535093131405
0.930371013501972 0.013015289203828
0.927682130080253 0.013502363340541
0.924946346493432 0.013996134869115
0.922163962751008 0.014496421539354
0.919335283972712 0.015003050662929
0.916460620355050 0.015515836698735
0.913540287137281 0.016034592460191
0.910574604566852 0.016559122145699
0.907563897864277 0.017089230884057
0.904508497187474 0.017624719413360
0.901408737595557 0.018165390515453
0.898264959012098 0.018711047309403
0.895077506187845 0.019261474169873
0.891846728662920 0.019816454754250
0.888572980728485 0.020375783516424
0.885256621387895 0.020939310558450
0.881898014317321 0.021506886209316
0.878497527825878 0.022078378121213
0.875055534815230 0.022653679755966
0.871572412738697 0.023232673504064
0.868048543559867 0.023815223061743
0.864484313710706 0.024401175993431
0.860880114049181 0.024990383257872
0.857236339816402 0.025582669849790
0.853553390593274 0.026177859004627
0.849831670256683 0.026775780205569
0.846071586935203 0.027376286801203
0.842273552964344 0.027979236896977
0.838437984841330 0.028584494455286
0.834565303179429 0.029191922921495
0.830655932661826 0.029801394903432
0.826710301995053 0.030412780251534
0.822728843861975 0.031025925801733
0.818711994874345 0.031640668555993
0.814660195524919 0.032256843626765
0.810573890139155 0.032874288595743
0.806453526826488 0.033492831887469
0.802299557431188 0.034112305147900
0.798112437482808 0.034732532778171
0.793892626146237 0.035353329856899
0.789640586171339 0.035974517314173
0.785356783842216 0.036595902881059
0.781041688926065 0.037217294155777
0.776695774621672 0.037838486753790
0.772319517507513 0.038459275487944
0.767913397489498 0.039079449593030
0.763477897748339 0.039698777440281
0.759013504686565 0.040317009783345
0.754520707875186 0.040933895927064
0.750000000000000 0.041549189650222
0.745451876807570 0.042162623600819
0.740876837050858 0.042773936495360
0.736275382434527 0.043382858342419
0.731648017559931 0.043989126057179
0.726995249869773 0.044592502228515
0.722317589592464 0.045192751030159
0.717615549686164 0.045789639154468
0.712889645782536 0.046382922173619
0.708140396130201 0.046972291376292
0.703368321537900 0.047557415408094
0.698573945317390 0.048137958757170
0.693757793226052 0.048713602794050
0.688920393409234 0.049284180647053
0.684062276342339 0.049849625717937
0.679183974772650 0.050409877808795
0.674286023660908 0.050964881566939
0.669368960122646 0.051514465524750
0.664433323369292 0.052058293444857
0.659479654649035 0.052596010571314
0.654508497187474 0.053127266996474
0.649520396128043 0.053651752904320
0.644515898472236 0.054169426525725
0.639495553019615 0.054680332604901
0.634459910307633 0.055184524302868
0.629409522551260 0.055682058859159
0.624344943582428 0.056172883547617
0.619266728789291 0.056656782797835
0.614175435055328 0.057133527928089
0.609071620698271 0.057602888820764
0.603955845408880 0.058064663055072
0.598828670189563 0.058518816122158
0.593690657292862 0.058965419915571
0.588542370159792 0.059404554000042
0.583384373358051 0.059836304403194
0.578217232520115 0.060260707455104
0.573041514281206 0.060677595978288
0.567857786217152 0.061086751860269
0.562666616782152 0.061487958660404
0.557468575246433 0.061881000740438
0.552264231633827 0.062265705213356
0.547054156659257 0.062641982961135
0.541838921666158 0.063009760472641
0.536619098563816 0.063368968519958
0.531395259764657 0.063719540027098
0.526167978121472 0.064061305923364
0.520937826864600 0.064393948919737
0.515705379539064 0.064717144694282
0.510471209941678 0.065030570991872
0.505235892058123 0.065333910957029
0.500000000000000 0.065626875678792
0.494764107941877 0.065909206065682
0.489528790058322 0.066180647469413
0.484294620460936 0.066440950583137
0.479062173135400 0.066689871543246
0.473832021878528 0.066927158860455
0.468604740235343 0.067152560470104
0.463380901436184 0.067365829432535
0.458161078333842 0.067566723475334
0.452945843340743 0.067755005591221
0.447735768366173 0.067930414698663
0.442531424753567 0.068092680371033
0.437333383217848 0.068241538265836
0.432142213782848 0.068376733474448
0.426958485718794 0.068498054457180
0.421782767479885 0.068605526705927
0.416615626641949 0.068699267012441
0.411457629840209 0.068779396524912
0.406309342707138 0.068846042048145
0.401171329810437 0.068899325486022
0.396044154591120 0.068939341278203
0.390928379301729 0.068966181832826
0.385824564944672 0.068979944490063
0.380733271210710 0.068980731884060
0.375655056417573 0.068968664881621
0.370590477448740 0.068943893085123
0.365540089692367 0.068906573040820
0.360504446980385 0.068856864867339
0.355484101527764 0.068794927293565
0.350479603871957 0.068720829452517
0.345491502812526 0.068634571487613
0.340520345350965 0.068536158861717
0.335566676630708 0.068425603699396
0.330631039877354 0.068302950260817
0.325713976339092 0.068168347280558
0.320816025227350 0.068021975096005
0.315937723657661 0.067864019218724
0.311079606590766 0.067694663493724
0.306242206773949 0.067514023233520
0.301426054682610 0.067322140306652
0.296631678462100 0.067119058705647
0.291859603869799 0.066904832469814
0.287110354217464 0.066679531988368
0.282384450313836 0.066443266775445
0.277682410407536 0.066196163012144
0.273004750130227 0.065938349593917
0.268351982440069 0.065669954524078
0.263724617565473 0.065391040996724
0.259123162949143 0.065101651012993
0.254548123192430 0.064801833169888
0.250000000000000 0.064491649342475
0.245479292124815 0.064171168774067
0.240986495313435 0.063840475243225
0.236522102251661 0.063499657935659
0.232086602510502 0.063148815848871
0.227680482492487 0.062787975303247
0.223304225378328 0.062417116473646
0.218958311073935 0.062036229756035
0.214643216157784 0.061645318189113
0.210359413828661 0.061244366870565
0.206107373853763 0.060833349543605
0.201887562517192 0.060412260582871
0.197700442568813 0.059981095368213
0.193546473173512 0.059539780121292
0.189426109860845 0.059088237254761
0.185339804475081 0.058626404183556
0.181288005125655 0.058154262470211
0.177271156138025 0.057671845481330
0.173289698004947 0.057179211273683
0.169344067338174 0.056676450523327
0.165434696820571 0.056163839057415
0.161562015158670 0.055641745873078
0.157726447035656 0.055110558091847
0.153928413064797 0.054570567276892
0.150168329743317 0.054021919117041
0.146446609406726 0.053464757909045
0.142763660183598 0.052899245258825
0.139119885950819 0.052325528782246
0.135515686289294 0.051743772401267
0.131951456440133 0.051154164153751
0.128427587261303 0.050556915485643
0.124944465184770 0.049952256922506
0.121502472174122 0.049340428204246
0.118101985682679 0.048721555100255
0.114743378612105 0.048095726518600
0.111427019271515 0.047463059173994
0.108153271337080 0.046823621222388
0.104922493812155 0.046177493609770
0.101735040987902 0.045524757680906
0.098591262404443 0.044865391889518
0.095491502812526 0.044199381544480
0.092436102135723 0.043526713242712
0.089425395433148 0.042847341303890
0.086459712862719 0.042161255969629
0.083539379644950 0.041468471778066
0.080664716027288 0.040769045781399
0.077836037248993 0.040063052861605
0.075053653506568 0.039350483311988
0.072317869919747 0.038631372441154
0.069628986498028 0.037905856995810
0.066987298107781 0.037174170205620
0.064393094439905 0.036436533097118
0.061846659978068 0.035693068813394
0.059348273967504 0.034943951321770
0.056898210384393 0.034189388482384
0.054496737905816 0.033429664115385
0.052144119880294 0.032665149510994
0.049840614298903 0.031896284857152
0.047586473766990 0.031123443060151
0.045381945476466 0.030346876562335
0.043227271178700 0.029566918922700
0.041122687158010 0.028783959246320
0.039068424205750 0.027998526176425
0.037064707595003 0.027211296755067
0.035111757055874 0.026422775336449
0.033209786751399 0.025633146610750
0.031359005254054 0.024842589874519
0.029559615522887 0.024051289697447
0.027811814881260 0.023259656331222
0.026115794995207 0.022468290547492
0.024471741852423 0.021677753452052
0.022879835741862 0.020888611757997
0.021340251233966 0.020101284611085
0.019853157161529 0.019316334694924
0.018418716601171 0.018534721404255
0.017037086855466 0.017757239106711
0.015708419435685 0.016984260360309
0.014432860045182 0.016215276537596
0.013210548563420 0.015449696205381
0.012041619030626 0.014687695443431
0.010926199633097 0.013929671576574
0.009864412689139 0.013176178368845
0.008856374635656 0.012427876922068
0.007902196015379 0.011686024860531
0.007001981464748 0.010952081874522
0.006155829702431 0.010225274796938
0.005363833518506 0.009504673552808
0.004626079764278 0.008790140534986
0.003942649342761 0.008081548454670
0.003313617199802 0.007378144094292
0.002739052315863 0.006679046237128
0.002219017698460 0.005984956310151
0.001753570375248 0.005296001288203
0.001342761387771 0.004612301862524
0.000986635785864 0.003935049752261
0.000685232622713 0.003266014050388
0.000438584950571 0.002604556006517
0.000246719817134 0.001948737420990
0.000109658262577 0.001295050094379
0.000027415317244 0.000644076232380
0.000000000000000 0.000000000000000
0.000027415317244 -0.000633463107564
0.000109658262577 -0.001265667999501
0.000246719817134 -0.001902703860972
0.000438584950571 -0.002541962336866
0.000685232622713 -0.003180224648284
0.000986635785864 -0.003817071414020
0.001342761387771 -0.004452556063220
0.001753570375248 -0.005086465171858
0.002219017698460 -0.005718201750639
0.002739052315863 -0.006347442058568
0.003313617199802 -0.006974885433057
0.003942649342761 -0.007601562111812
0.004626079764278 -0.008227981275826
0.005363833518506 -0.008854687967717
0.006155829702431 -0.009484047979838
0.007001981464748 -0.010117124073928
0.007902196015379 -0.010753413790570
0.008856374635656 -0.011392145383057
0.009864412689139 -0.012033027176901
0.010926199633097 -0.012676112321029
0.012041619030626 -0.013320698203524
0.013210548563420 -0.013966483671723
0.014432860045182 -0.014613881405469
0.015708419435684 -0.015262842159951
0.017037086855466 -0.015913004055286
0.018418716601171 -0.016563638897535
0.019853157161528 -0.017214470425474
0.021340251233966 -0.017865579470555
0.022879835741862 -0.018516575560251
0.024471741852423 -0.019166836664851
0.026115794995207 -0.019815573256712
0.027811814881259 -0.020462174606582
0.029559615522887 -0.021106320794142
0.031359005254054 -0.021747605785967
0.033209786751399 -0.022385499764351
0.035111757055874 -0.023019290275557
0.037064707595003 -0.023648209127527
0.039068424205750 -0.024271672935129
0.041122687158009 -0.024889203881366
0.043227271178699 -0.025500389432808
0.045381945476466 -0.026104839810716
0.047586473766990 -0.026702063027121
0.049840614298903 -0.027291587956550
0.052144119880293 -0.027873059914265
0.054496737905816 -0.028446227863333
0.056898210384393 -0.029010920873390
0.059348273967504 -0.029567041308793
0.061846659978068 -0.030114433036031
0.064393094439905 -0.030652894906565
0.066987298107781 -0.031182322169885
0.069628986498028 -0.031702721268381
0.072317869919747 -0.032214173314239
0.075053653506568 -0.032716776608411
0.077836037248992 -0.033210700183852
0.080664716027288 -0.033696028920543
0.083539379644950 -0.034172804501076
0.086459712862719 -0.034641173798564
0.089425395433148 -0.035101416601712
0.092436102135723 -0.035553884702454
0.095491502812526 -0.035998779164250
0.098591262404443 -0.036436216712716
0.101735040987902 -0.036866353245436
0.104922493812155 -0.037289390318503
0.108153271337080 -0.037705575043930
0.111427019271514 -0.038115143395320
0.114743378612105 -0.038518244903314
0.118101985682679 -0.038915056130934
0.121502472174122 -0.039305772580271
0.124944465184770 -0.039690595615044
0.128427587261303 -0.040069758377786
0.131951456440133 -0.040443363888257
0.135515686289294 -0.040811372590110
0.139119885950819 -0.041173759627989
0.142763660183598 -0.041530445529235
0.146446609406726 -0.041881276166997
0.150168329743317 -0.042226110819575
0.153928413064796 -0.042564892204022
0.157726447035656 -0.042897701847125
0.161562015158669 -0.043224649847174
0.165434696820571 -0.043545832301604
0.169344067338174 -0.043861222609685
0.173289698004947 -0.044170772722052
0.177271156138025 -0.044474442403507
0.181288005125655 -0.044772040272725
0.185339804475081 -0.045063288932462
0.189426109860845 -0.045347902371801
0.193546473173511 -0.045625689123150
0.197700442568812 -0.045896683889386
0.201887562517192 -0.046160967495152
0.206107373853763 -0.046418638478860
0.210359413828660 -0.046669698782016
0.214643216157784 -0.046914063527372
0.218958311073935 -0.047151653112430
0.223304225378328 -0.047382396863023
0.227680482492486 -0.047606267513283
0.232086602510501 -0.047823261077518
0.236522102251661 -0.048033383896070
0.240986495313435 -0.048236647315938
0.245479292124814 -0.048433037001157
0.250000000000000 -0.048622536978382
0.254548123192429 -0.048805136470290
0.259123162949142 -0.048980832570488
0.263724617565473 -0.049149603705199
0.268351982440069 -0.049311427700442
0.273004750130227 -0.049466289315796
0.277682410407536 -0.049614178727051
0.282384450313836 -0.049755085220722
0.287110354217464 -0.049888999697890
0.291859603869799 -0.050015919972925
0.296631678462100 -0.050135846772470
0.301426054682609 -0.050248726575933
0.306242206773948 -0.050354445452021
0.311079606590766 -0.050452890339138
0.315937723657661 -0.050543951323414
0.320816025227350 -0.050627521873615
0.325713976339092 -0.050703504975670
0.330631039877354 -0.050771806536748
0.335566676630708 -0.050832336786123
0.340520345350965 -0.050885010644571
0.345491502812526 -0.050929774328432
0.350479603871956 -0.050966597025082
0.355484101527764 -0.050995452521531
0.360504446980385 -0.051016319018329
0.365540089692367 -0.051029160422257
0.370590477448739 -0.051033883634801
0.375655056417572 -0.051030386273745
0.380733271210709 -0.051018568765521
0.385824564944672 -0.050998335190016
0.390928379301728 -0.050969621644322
0.396044154591120 -0.050932404271213
0.401171329810437 -0.050886665424395
0.406309342707137 -0.050832391545088
0.411457629840208 -0.050769572958577
0.416615626641949 -0.050698201956089
0.421782767479884 -0.050618274053974
0.426958485718794 -0.050529788574740
0.432142213782848 -0.050432748929528
0.437333383217848 -0.050327166338944
0.442531424753567 -0.050213080752700
0.447735768366173 -0.050090544065941
0.452945843340743 -0.049959612462568
0.458161078333842 -0.049820346423418
0.463380901436184 -0.049672806252443
0.468604740235343 -0.049517042620769
0.473832021878528 -0.049353107508560
0.479062173135400 -0.049181056460065
0.484294620460935 -0.049000947636426
0.489528790058321 -0.048812887891418
0.494764107941877 -0.048617078931068
0.500000000000000 -0.048413739960532
0.505235892058122 -0.048203091157857
0.510471209941678 -0.047985357830706
0.515705379539064 -0.047760714000612
0.520937826864600 -0.047529260286616
0.526167978121472 -0.047291090495902
0.531395259764656 -0.047046305048801
0.536619098563816 -0.046795007383132
0.541838921666157 -0.046537373126808
0.547054156659257 -0.046273649661373
0.552264231633827 -0.046004086261759
0.557468575246433 -0.045728935771070
0.562666616782152 -0.045448439234370
0.567857786217152 -0.045162694169865
0.573041514281206 -0.044871712632481
0.578217232520115 -0.044575506727187
0.583384373358051 -0.044274092156275
0.588542370159791 -0.043967510537233
0.593690657292862 -0.043655920773082
0.598828670189563 -0.043339519717348
0.603955845408879 -0.043018507448339
0.609071620698271 -0.042693082168873
0.614175435055328 -0.042363357004660
0.619266728789290 -0.042029264479940
0.624344943582427 -0.041690715765273
0.629409522551260 -0.041347625454020
0.634459910307633 -0.040999921999951
0.639495553019614 -0.040647639812672
0.644515898472235 -0.040290904003963
0.649520396128043 -0.039929843421041
0.654508497187474 -0.039564588109491
0.659479654649035 -0.039195237116206
0.664433323369291 -0.038821768101384
0.669368960122646 -0.038444140121113
0.674286023660907 -0.038062315720299
0.679183974772650 -0.037676269185680
0.684062276342339 -0.037286025621825
0.688920393409233 -0.036891655136484
0.693757793226051 -0.036493230539526
0.698573945317390 -0.036090829654386
0.703368321537900 -0.035684539051729
0.708140396130200 -0.035274470631716
0.712889645782536 -0.034860739281491
0.717615549686163 -0.034443458037048
0.722317589592464 -0.034022742623507
0.726995249869773 -0.033598694028761
0.731648017559930 -0.033171410832796
0.736275382434527 -0.032740996757323
0.740876837050857 -0.032307577955477
0.745451876807570 -0.031871356092232
0.750000000000000 -0.031432548655460
0.754520707875185 -0.030991374596395
0.759013504686565 -0.030548036789270
0.763477897748338 -0.030102694177109
0.767913397489498 -0.029655494101496
0.772319517507513 -0.029206585282700
0.776695774621672 -0.028756150113672
0.781041688926065 -0.028304428044778
0.785356783842216 -0.027851666158454
0.789640586171339 -0.027398097776328
0.793892626146236 -0.026943880924109
0.798112437482808 -0.026489097202797
0.802299557431187 -0.026033832976654
0.806453526826488 -0.025578190887960
0.810573890139155 -0.025122318559731
0.814660195524918 -0.024666383491529
0.818711994874345 -0.024210552437149
0.822728843861975 -0.023755046872321
0.826710301995052 -0.023300130496798
0.830655932661826 -0.022846061970993
0.834565303179429 -0.022393021352794
0.838437984841330 -0.021941039129432
0.842273552964344 -0.021490145579653
0.846071586935203 -0.021040373002811
0.849831670256683 -0.020591794818246
0.853553390593274 -0.020144495782248
0.857236339816401 -0.019698569113362
0.860880114049181 -0.019254175496077
0.864484313710706 -0.018811484411605
0.868048543559867 -0.018370653097694
0.871572412738697 -0.017931817245032
0.875055534815230 -0.017495105145488
0.878497527825878 -0.017060635687669
0.881898014317321 -0.016628515095652
0.885256621387894 -0.016198843643586
0.888572980728485 -0.015771739073652
0.891846728662920 -0.015347320407899
0.895077506187845 -0.014925709565432
0.898264959012098 -0.014507050883777
0.901408737595557 -0.014091486708108
0.904508497187474 -0.013679154255264
0.907563897864277 -0.013270192422105
0.910574604566852 -0.012864740275841
0.913540287137281 -0.012462967839156
0.916460620355049 -0.012065051307220
0.919335283972712 -0.011671174537435
0.922163962751007 -0.011281514121201
0.924946346493432 -0.010896251703736
0.927682130080253 -0.010515551095024
0.930371013501972 -0.010139579778762
0.933012701892219 -0.009768512325598
0.935606905560095 -0.009402519206338
0.938153340021932 -0.009041777857555
0.940651726032496 -0.008686451955660
0.943101789615607 -0.008336703990168
0.945503262094184 -0.007992688061326
0.947855880119706 -0.007654546356597
0.950159385701097 -0.007322419698708
0.952413526233010 -0.006996464459127
0.954618054523534 -0.006676828742219
0.956772728821300 -0.006363663073464
0.958877312841991 -0.006057112704802
0.960931575794250 -0.005757305404466
0.962935292404997 -0.005464365504428
0.964888242944126 -0.005178403067864
0.966790213248601 -0.004899528999886
0.968640994745946 -0.004627836512869
0.970440384477113 -0.004363412238225
0.972188185118740 -0.004106336200330
0.973884205004793 -0.003856667992759
0.975528258147577 -0.003614474340108
0.977120164258138 -0.003379811822434
0.978659748766034 -0.003152736629787
0.980146842838471 -0.002933296002272
0.981581283398829 -0.002721536356799
0.982962913144534 -0.002517501772347
0.984291580564316 -0.002321229246351
0.985567139954818 -0.002132759229981
0.986789451436580 -0.001952121127367
0.987958380969374 -0.001779348710237
0.989073800366903 -0.001614473852266
0.990135587310861 -0.001457517737286
0.991143625364344 -0.001308507046936
0.992097803984621 -0.001167460509456
0.992998018535252 -0.001034398124872
0.993844170297569 -0.000909334994271
0.994636166481494 -0.000792287045435
0.995373920235722 -0.000683263091845
0.996057350657239 -0.000582280391832
0.996686382800198 -0.000489346654376
0.997260947684137 -0.000404470713624
0.997780982301540 -0.000327655445440
0.998246429624752 -0.000258913079528
0.998657238612229 -0.000198247475570
0.999013364214136 -0.000145662774208
0.999314767377287 -0.000101159196758
0.999561415049429 -0.000064744236878
0.999753280182866 -0.000036421599039
0.999890341737423 -0.000016187554638
0.999972584682756 -0.000004046840784
1.000000000000000 0.000000000000000
