1.000000000000000 0.000000000000000
0.999972584682756 0.000002695573687
0.999890341737423 0.000010783899613
0.999753280182866 0.000024264497062
0.999561415049429 0.000043133036755
0.999314767377287 0.000067384875031
0.999013364214136 0.000097020352612
0.998657238612229 0.000132030681717
0.998246429624752 0.000172412071988
0.997780982301540 0.000218156915621
0.997260947684137 0.000269257326775
0.996686382800198 0.000325705152399
0.996057350657239 0.000387491984185
0.995373920235722 0.000454605646789
0.994636166481494 0.000527037264291
0.993844170297569 0.000604774225274
0.992998018535252 0.000687803726095
0.992097803984621 0.000776111028260
0.991143625364344 0.000869684759897
0.990135587310861 0.000968509892651
0.989073800366903 0.001072569527001
0.987958380969374 0.001181846675520
0.986789451436580 0.001296327801210
0.985567139954818 0.001415992293474
0.984291580564316 0.001540824799839
0.982962913144534 0.001670804708236
0.981581283398829 0.001805913203430
0.980146842838472 0.001946133291192
0.978659748766034 0.002091441055167
0.977120164258138 0.002241819722824
0.975528258147577 0.002397245663756
0.973884205004793 0.002557697191465
0.972188185118741 0.002723156341696
0.970440384477113 0.002893598396412
0.968640994745946 0.003069000676867
0.966790213248601 0.003249342572745
0.964888242944126 0.003434600327582
0.962935292404997 0.003624754068644
0.960931575794250 0.003819775606605
0.958877312841991 0.004019647693548
0.956772728821300 0.004224343091633
0.954618054523534 0.004433840330849
0.952413526233010 0.004648116757032
0.950159385701097 0.004867150313489
0.947855880119706 0.005090917832463
0.945503262094184 0.005319395072382
0.943101789615607 0.005552560240069
0.940651726032496 0.005790392281029
0.938153340021932 0.006032867430226
0.935606905560095 0.006279966216412
0.933012701892219 0.006531666527270
0.930371013501972 0.006787947128731
0.927682130080253 0.007048787698955
0.924946346493432 0.007314168860101
0.922163962751008 0.007584070466904
0.919335283972712 0.007858471641613
0.916460620355050 0.008137357781822
0.913540287137281 0.008420708396809
0.910574604566852 0.008708505809341
0.907563897864277 0.009000735177362
0.904508497187474 0.009297379378262
0.901408737595557 0.009598422643867
0.898264959012098 0.009903853509135
0.895077506187845 0.010213648525678
0.891846728662920 0.010527783857041
0.888572980728485 0.010846235869240
0.885256621387895 0.011168977605049
0.881898014317321 0.011495985909309
0.878497527825878 0.011827234512572
0.875055534815230 0.012162697534322
0.871572412738697 0.012502349449658
0.868048543559867 0.012846166825784
0.864484313710706 0.013194121324715
0.860880114049181 0.013546186720186
0.857236339816402 0.013902340683113
0.853553390593274 0.014262555998180
0.849831670256683 0.014626804035138
0.846071586935203 0.014995063460139
0.842273552964344 0.015367304480261
0.838437984841330 0.015743502982941
0.834565303179429 0.016123632024419
0.830655932661826 0.016507665156605
0.826710301995053 0.016895579738359
0.822728843861975 0.017287347109475
0.818711994874345 0.017682938223766
0.814660195524919 0.018082326120482
0.810573890139155 0.018485486899748
0.806453526826488 0.018892399137680
0.802299557431188 0.019303040500208
0.798112437482808 0.019717382112437
0.793892626146237 0.020135340839950
0.789640586171339 0.020556820852465
0.785356783842216 0.020981719806831
0.781041688926065 0.021409928030374
0.776695774621672 0.021841330602711
0.772319517507513 0.022275803643320
0.767913397489498 0.022713220215289
0.763477897748339 0.023153455365437
0.759013504686565 0.023596378379761
0.754520707875186 0.024041855539530
0.750000000000000 0.024489751892359
0.745451876807570 0.024939924019557
0.740876837050858 0.025392230885092
0.736275382434527 0.025846526836271
0.731648017559931 0.026302661448891
0.726995249869773 0.026760478867688
0.722317589592464 0.027219823833235
0.717615549686164 0.027680536688838
0.712889645782536 0.028142454217070
0.708140396130201 0.028605418150411
0.703368321537900 0.029069262229539
0.698573945317390 0.029533825050886
0.693757793226052 0.029998942324106
0.688920393409234 0.030464473190968
0.684062276342339 0.030930289626047
0.679183974772650 0.031396263004643
0.674286023660908 0.031862262288836
0.669368960122646 0.032328158449796
0.664433323369292 0.032793817489493
0.659479654649035 0.033259104827418
0.654508497187474 0.033723888772932
0.649520396128043 0.034188029510632
0.644515898472236 0.034651387959900
0.639495553019615 0.035113823669669
0.634459910307633 0.035575192568923
0.629409522551260 0.036035352505446
0.624344943582428 0.036494174602687
0.619266728789291 0.036951535882215
0.614175435055328 0.037407322446067
0.609071620698271 0.037861417574005
0.603955845408880 0.038313685702452
0.598828670189563 0.038763899443602
0.593690657292862 0.039211800056714
0.588542370159792 0.039657119211699
0.583384373358051 0.040099596007788
0.578217232520115 0.040538944124788
0.573041514281206 0.040974827312856
0.567857786217152 0.041406901199028
0.562666616782152 0.041834823177678
0.557468575246433 0.042258248721757
0.552264231633827 0.042676846498939
0.547054156659257 0.043090296340004
0.541838921666158 0.043498281725895
0.536619098563816 0.043900485373416
0.531395259764657 0.044296591958337
0.526167978121472 0.044686270129132
0.520937826864600 0.045069175031688
0.515705379539064 0.045444966839824
0.510471209941678 0.045813307643106
0.505235892058123 0.046173875794237
0.500000000000000 0.046526450188183
0.494764107941877 0.046870855710588
0.489528790058322 0.047206922246230
0.484294620460936 0.047534479857953
0.479062173135400 0.047853378860939
0.473832021878528 0.048163533404337
0.468604740235343 0.048464877557364
0.463380901436184 0.048757348633876
0.458161078333842 0.049040888084358
0.452945843340743 0.049315435543021
0.447735768366173 0.049580911827226
0.442531424753567 0.049837241324302
0.437333383217848 0.050084353425749
0.432142213782848 0.050322181464137
0.426958485718794 0.050550677081905
0.421782767479885 0.050769820812471
0.416615626641949 0.050979599314206
0.411457629840209 0.051180002389612
0.406309342707138 0.051371019779452
0.401171329810437 0.051552544375868
0.396044154591120 0.051724388835354
0.390928379301729 0.051886369574028
0.385824564944672 0.052038311230254
0.380733271210710 0.052180033640948
0.375655056417573 0.052311290724696
0.370590477448740 0.052431817663287
0.365540089692367 0.052541358343445
0.360504446980385 0.052639667823369
0.355484101527764 0.052726518185758
0.350479603871957 0.052801708557587
0.345491502812526 0.052865051549853
0.340520345350965 0.052916369232110
0.335566676630708 0.052955493803435
0.330631039877354 0.052982263352314
0.325713976339092 0.052996523263423
0.320816025227350 0.052998130130297
0.315937723657661 0.052986951772924
0.311079606590766 0.052962870480891
0.306242206773949 0.052925787414091
0.301426054682610 0.052875615795831
0.296631678462100 0.052812280357751
0.291859603869799 0.052735721299571
0.287110354217464 0.052645912869628
0.282384450313836 0.052542850558750
0.277682410407536 0.052426539559612
0.273004750130227 0.052296996490402
0.268351982440069 0.052154245301207
0.263724617565473 0.051998319416297
0.259123162949143 0.051829261603379
0.254548123192430 0.051647127535422
0.250000000000000 0.051451982767201
0.245479292124815 0.051243903756809
0.240986495313435 0.051022980395899
0.236522102251661 0.050789309404080
0.232086602510502 0.050543001165506
0.227680482492487 0.050284176880177
0.223304225378328 0.050012966524439
0.218958311073935 0.049729511271692
0.214643216157784 0.049433963259161
0.210359413828661 0.049126482921763
0.206107373853763 0.048807242038674
0.201887562517192 0.048476425086981
0.197700442568813 0.048134230482367
0.193546473173512 0.047780868831294
0.189426109860845 0.047416562853833
0.185339804475081 0.047041543392101
0.181288005125655 0.046656055211735
0.177271156138025 0.046260357598603
0.173289698004947 0.045854707262112
0.169344067338174 0.045439372852960
0.165434696820571 0.045014623334862
0.161562015158670 0.044580733594173
0.157726447035656 0.044138010457414
0.153928413064797 0.043686779321445
0.150168329743317 0.043227371263408
0.146446609406726 0.042759956964983
0.142763660183598 0.042284375274028
0.139119885950819 0.041800459984675
0.135515686289294 0.041308077182451
0.131951456440133 0.040807098172580
0.128427587261303 0.040297430055471
0.124944465184770 0.039779025462228
0.121502472174122 0.039251873029660
0.118101985682679 0.038716003970026
0.114743378612105 0.038171495870038
0.111427019271515 0.037618465432111
0.108153271337080 0.037057068735888
0.104922493812155 0.036487463968568
0.101735040987902 0.035909794866167
0.098591262404443 0.035324321408401
0.095491502812526 0.034731971144888
0.092436102135723 0.034133958927646
0.089425395433148 0.033531466641772
0.086459712862719 0.032925634343107
0.083539379644950 0.032317568552445
0.080664716027288 0.031708474166563
0.077836037248993 0.031099575695725
0.075053653506568 0.030491611682063
0.072317869919747 0.029884515077099
0.069628986498028 0.029277970421483
0.066987298107781 0.028670700352870
0.064393094439905 0.028061333239822
0.061846659978068 0.027448943156835
0.059348273967504 0.026832902834076
0.056898210384393 0.026212744038486
0.054496737905816 0.025588169421965
0.052144119880294 0.024959032847068
0.049840614298903 0.024325357286607
0.047586473766990 0.023687648378972
0.045381945476466 0.023046996221216
0.043227271178700 0.022404491345838
0.041122687158010 0.021761139893574
0.039068424205750 0.021117859368924
0.037064707595003 0.020475455584330
0.035111757055874 0.019834670762245
0.033209786751399 0.019196184732812
0.031359005254054 0.018560633744635
0.029559615522887 0.017928611563238
0.027811814881260 0.017300591139034
0.026115794995207 0.016677136190215
0.024471741852423 0.016058894485618
0.022879835741862 0.015443921260740
0.021340251233966 0.014828857777794
0.019853157161529 0.014211404651927
0.018418716601171 0.013591041816003
0.017037086855466 0.012968823710910
0.015708419435685 0.012346961707237
0.014432860045182 0.011728348845499
0.013210548563420 0.011116203135102
0.012041619030626 0.010513616136845
0.010926199633097 0.009922026863661
0.009864412689139 0.009340665125951
0.008856374635656 0.008768911735747
0.007902196015379 0.008206514232991
0.007001981464748 0.007653177553767
0.006155829702431 0.007108813285173
0.005363833518506 0.006573265270976
0.004626079764278 0.006046538633478
0.003942649342761 0.005528583870514
0.003313617199802 0.005019338553220
0.002739052315863 0.004518907239223
0.002219017698460 0.004027202036313
0.001753570375248 0.003544260292198
0.001342761387771 0.003070165772375
0.000986635785864 0.002604873404273
0.000685232622713 0.002148433195681
0.000438584950571 0.001700861004175
0.000246719817134 0.001262178366362
0.000109658262577 0.000832451654311
0.000027415317244 0.000411688660292
0.000000000000000 0.000000000000000
0.000027415317244 -0.000402784216821
0.000109658262577 -0.000800716943254
0.000246719817134 -0.001200001739994
0.000438584950571 -0.001601296543760
0.000685232622713 -0.002004679200806
0.000986635785864 -0.002410163588438
0.001342761387771 -0.002817628394831
0.001753570375248 -0.003227051933308
0.002219017698460 -0.003638325587260
0.002739052315863 -0.004051295351446
0.003313617199802 -0.004465884219128
0.003942649342761 -0.004881977474697
0.004626079764278 -0.005299352991942
0.005363833518506 -0.005717980455143
0.006155829702431 -0.006137572012816
0.007001981464748 -0.006558019023857
0.007902196015379 -0.006979090255114
0.008856374635656 -0.007400537155497
0.009864412689139 -0.007822087841033
0.010926199633097 -0.008243464878053
0.012041619030626 -0.008664405397818
0.013210548563420 -0.009083984553156
0.014432860045182 -0.009500457270126
0.015708419435684 -0.009910314365511
0.017037086855466 -0.010310290926160
0.018418716601171 -0.010697883054136
0.019853157161528 -0.011071690481078
0.021340251233966 -0.011431681639476
0.022879835741862 -0.011779720244368
0.024471741852423 -0.012120571803927
0.026115794995207 -0.012459083292895
0.027811814881259 -0.012797837754181
0.029559615522887 -0.013136998118038
0.031359005254054 -0.013475564883598
0.033209786751399 -0.013813066263837
0.035111757055874 -0.014149061128108
0.037064707595003 -0.014482930975128
0.039068424205750 -0.014814026649583
0.041122687158009 -0.015141684637713
0.043227271178699 -0.015465178344417
0.045381945476466 -0.015783728363691
0.047586473766990 -0.016096373957944
0.049840614298903 -0.016402083056372
0.052144119880293 -0.016700081145623
0.054496737905816 -0.016989778434218
0.056898210384393 -0.017270973171205
0.059348273967504 -0.017543712560064
0.061846659978068 -0.017808139726106
0.064393094439905 -0.018064503055624
0.066987298107781 -0.018313216707529
0.069628986498028 -0.018554863773342
0.072317869919747 -0.018790205362775
0.075053653506568 -0.019020209233059
0.077836037248992 -0.019245707464761
0.080664716027288 -0.019466961513359
0.083539379644950 -0.019684186008411
0.086459712862719 -0.019897567066018
0.089425395433148 -0.020107313350594
0.092436102135723 -0.020313722835045
0.095491502812526 -0.020517191118647
0.098591262404443 -0.020718118553138
0.101735040987902 -0.020916708461916
0.104922493812155 -0.021113121117277
0.108153271337080 -0.021307364012180
0.111427019271514 -0.021499210671594
0.114743378612105 -0.021688412620784
0.118101985682679 -0.021874778500485
0.121502472174122 -0.022058147132338
0.124944465184770 -0.022238361464868
0.128427587261303 -0.022415255202272
0.131951456440133 -0.022588661577657
0.135515686289294 -0.022758414962389
0.139119885950819 -0.022924350319535
0.142763660183598 -0.023086301506164
0.146446609406726 -0.023244120986734
0.150168329743317 -0.023397706178524
0.153928413064796 -0.023546969772601
0.157726447035656 -0.023691851894751
0.161562015158669 -0.023832390093103
0.165434696820571 -0.023968658772936
0.169344067338174 -0.024100745778138
0.173289698004947 -0.024228736397402
0.177271156138025 -0.024352721287124
0.181288005125655 -0.024472806515647
0.185339804475081 -0.024589125372223
0.189426109860845 -0.024701841895091
0.193546473173511 -0.024811136694085
0.197700442568812 -0.024917187267949
0.201887562517192 -0.025020101187964
0.206107373853763 -0.025119975894438
0.210359413828660 -0.025216919396589
0.214643216157784 -0.025311009255275
0.218958311073935 -0.025402282936298
0.223304225378328 -0.025490781290003
0.227680482492486 -0.025576552721724
0.232086602510501 -0.025659664072751
0.236522102251661 -0.025740195652737
0.240986495313435 -0.025818234984902
0.245479292124814 -0.025893876532987
0.250000000000000 -0.025967218591240
0.254548123192429 -0.026038365712467
0.259123162949142 -0.026107429207056
0.263724617565473 -0.026174526089437
0.268351982440069 -0.026239778416894
0.273004750130227 -0.026303312917757
0.277682410407536 -0.026365263424363
0.282384450313836 -0.026425771781803
0.287110354217464 -0.026484996927835
0.291859603869799 -0.026543109707040
0.296631678462100 -0.026600287622094
0.301426054682609 -0.026656699818188
0.306242206773948 -0.026712338382490
0.311079606590766 -0.026767068099902
0.315937723657661 -0.026820748085773
0.320816025227350 -0.026873234744615
0.325713976339092 -0.026924372408919
0.330631039877354 -0.026973986547924
0.335566676630708 -0.027021898896611
0.340520345350965 -0.027067927759190
0.345491502812526 -0.027111891474690
0.350479603871956 -0.027153617268067
0.355484101527764 -0.027192934695354
0.360504446980385 -0.027229671120021
0.365540089692367 -0.027263652113609
0.370590477448739 -0.027294685004634
0.375655056417572 -0.027322550514656
0.380733271210709 -0.027347026011663
0.385824564944672 -0.027367887158954
0.390928379301728 -0.027384921456060
0.396044154591120 -0.027398031668326
0.401171329810437 -0.027407180821892
0.406309342707137 -0.027412333914969
0.411457629840208 -0.027413457542752
0.416615626641949 -0.027410566136303
0.421782767479884 -0.027403828183614
0.426958485718794 -0.027393447154977
0.432142213782848 -0.027379630178928
0.437333383217848 -0.027362587683682
0.442531424753567 -0.027342512192867
0.447735768366173 -0.027319564628253
0.452945843340743 -0.027293905514847
0.458161078333842 -0.027265697568617
0.463380901436184 -0.027235107212518
0.468604740235343 -0.027202333800787
0.473832021878528 -0.027167607580225
0.479062173135400 -0.027131161626164
0.484294620460935 -0.027093230382477
0.489528790058321 -0.027054035838853
0.494764107941877 -0.027013665359110
0.500000000000000 -0.026972128953082
0.505235892058122 -0.026929436689534
0.510471209941678 -0.026885599124065
0.515705379539064 -0.026840592129904
0.520937826864600 -0.026794197275812
0.526167978121472 -0.026746129103645
0.531395259764656 -0.026696103561978
0.536619098563816 -0.026643838533674
0.541838921666157 -0.026589068147418
0.547054156659257 -0.026531573334393
0.552264231633827 -0.026471146333650
0.557468575246433 -0.026407582457146
0.562666616782152 -0.026340679003439
0.567857786217152 -0.026270219387835
0.573041514281206 -0.026195960670213
0.578217232520115 -0.026117659711976
0.583384373358051 -0.026035078556302
0.588542370159791 -0.025947987497086
0.593690657292862 -0.025856241935728
0.598828670189563 -0.025759772447466
0.603955845408879 -0.025658514779077
0.609071620698271 -0.025552408360591
0.614175435055328 -0.025441421378803
0.619266728789290 -0.025325673066898
0.624344943582427 -0.025205340223041
0.629409522551260 -0.025080599736016
0.634459910307633 -0.024951627628025
0.639495553019614 -0.024818585659305
0.644515898472235 -0.024681610538236
0.649520396128043 -0.024540835413336
0.654508497187474 -0.024396393848518
0.659479654649035 -0.024248420959284
0.664433323369291 -0.024097055287305
0.669368960122646 -0.023942438966766
0.674286023660907 -0.023784713811769
0.679183974772650 -0.023624019986287
0.684062276342339 -0.023460502943664
0.688920393409233 -0.023294312150657
0.693757793226051 -0.023125596028682
0.698573945317390 -0.022954503976199
0.703368321537900 -0.022781135913696
0.708140396130200 -0.022605426271496
0.712889645782536 -0.022427274977449
0.717615549686163 -0.022246588639563
0.722317589592464 -0.022063278206002
0.726995249869773 -0.021877246630668
0.731648017559930 -0.021688401048162
0.736275382434527 -0.021496654323803
0.740876837050857 -0.021301926855356
0.745451876807570 -0.021104147680817
0.750000000000000 -0.020903254416633
0.754520707875185 -0.020699191370680
0.759013504686565 -0.020491910419046
0.763477897748338 -0.020281370321516
0.767913397489498 -0.020067535656719
0.772319517507513 -0.019850380741007
0.776695774621672 -0.019629882647184
0.781041688926065 -0.019406020696285
0.785356783842216 -0.019178780438954
0.789640586171339 -0.018948153917693
0.793892626146236 -0.018714155821199
0.798112437482808 -0.018476824404162
0.802299557431187 -0.018236207905826
0.806453526826488 -0.017992371246443
0.810573890139155 -0.017745476162726
0.814660195524918 -0.017495727202721
0.818711994874345 -0.017243324769539
0.822728843861975 -0.016988461956581
0.826710301995052 -0.016731320840317
0.830655932661826 -0.016472079677990
0.834565303179429 -0.016210918258184
0.838437984841330 -0.015948017394312
0.842273552964344 -0.015683558921771
0.846071586935203 -0.015417720889613
0.849831670256683 -0.015150679702944
0.853553390593274 -0.014882610835137
0.857236339816401 -0.014613686653883
0.860880114049181 -0.014344080560694
0.864484313710706 -0.014073960631217
0.868048543559867 -0.013803496215468
0.871572412738697 -0.013532853308895
0.875055534815230 -0.013262199435321
0.878497527825878 -0.012991693568583
0.881898014317321 -0.012721499735533
0.885256621387894 -0.012451769679567
0.888572980728485 -0.012182666524945
0.891846728662920 -0.011914349241388
0.895077506187845 -0.011646975352519
0.898264959012098 -0.011380680863800
0.901408737595557 -0.011115587845301
0.904508497187474 -0.010851742985270
0.907563897864277 -0.010589017960913
0.910574604566852 -0.010327274391089
0.913540287137281 -0.010066413669101
0.916460620355049 -0.009806363902999
0.919335283972712 -0.009547076777118
0.922163962751007 -0.009288511704953
0.924946346493432 -0.009030655199501
0.927682130080253 -0.008773510879415
0.930371013501972 -0.008517100367278
0.933012701892219 -0.008261461287580
0.935606905560095 -0.008006650800225
0.938153340021932 -0.007752737838446
0.940651726032496 -0.007499809741111
0.943101789615607 -0.007247966191063
0.945503262094184 -0.006997321188621
0.947855880119706 -0.006748003389204
0.950159385701097 -0.006500149535999
0.952413526233010 -0.006253909545244
0.954618054523534 -0.006009444368270
0.956772728821300 -0.005766923054498
0.958877312841991 -0.005526526301189
0.960931575794250 -0.005288442538905
0.962935292404997 -0.005052862565324
0.964888242944126 -0.004819990435373
0.966790213248601 -0.004590033674361
0.968640994745946 -0.004363199681113
0.970440384477113 -0.004139708343768
0.972188185118740 -0.003919780238446
0.973884205004793 -0.003703636514702
0.975528258147577 -0.003491499267636
0.977120164258138 -0.003283598462955
0.978659748766034 -0.003080155368281
0.980146842838471 -0.002881400427645
0.981581283398829 -0.002687559100132
0.982962913144534 -0.002498848998491
0.984291580564316 -0.002315499753163
0.985567139954818 -0.002137722324814
0.986789451436580 -0.001965734241728
0.987958380969374 -0.001799747988999
0.989073800366903 -0.001639968905616
0.990135587310861 -0.001486593488941
0.991143625364344 -0.001339822772307
0.992097803984621 -0.001199837229219
0.992998018535252 -0.001066822486057
0.993844170297569 -0.000940950666722
0.994636166481494 -0.000822388521510
0.995373920235722 -0.000711291876200
0.996057350657239 -0.000607808091563
0.996686382800198 -0.000512074821049
0.997260947684137 -0.000424224250180
0.997780982301540 -0.000344373622697
0.998246429624752 -0.000272629026162
0.998657238612229 -0.000209093504285
0.999013364214136 -0.000153849490005
0.999314767377287 -0.000106975703699
0.999561415049429 -0.000068536518435
0.999753280182866 -0.000038584002309
0.999890341737423 -0.000017157876218
0.999972584682756 -0.000004290805993
1.000000000000000 0.000000000000000
