1.000000000000000 0.000000000000000
0.999972584682756 0.000007449672856
0.999890341737423 0.000029788067445
0.999753280182866 0.000067011995980
0.999561415049429 0.000119111345345
0.999314767377287 0.000186078608592
0.999013364214136 0.000267884949820
0.998657238612229 0.000364518386138
0.998246429624752 0.000475945499989
0.997780982301540 0.000602140031794
0.997260947684137 0.000743068464516
0.996686382800198 0.000898689936232
0.996057350657239 0.001068965673971
0.995373920235722 0.001253839813713
0.994636166481494 0.001453263108875
0.993844170297569 0.001667178494505
0.992998018535252 0.001895525704915
0.992097803984621 0.002138231620506
0.991143625364344 0.002395224367008
0.990135587310861 0.002666433114798
0.989073800366903 0.002951764206953
0.987958380969374 0.003251129422964
0.986789451436580 0.003564436280461
0.985567139954818 0.003891573681576
0.984291580564316 0.004232444732449
0.982962913144534 0.004586919390638
0.981581283398829 0.004954886047791
0.980146842838472 0.005336208953787
0.978659748766034 0.005730751499250
0.977120164258138 0.006138366591589
0.975528258147577 0.006558901097687
0.973884205004793 0.006992195581324
0.972188185118741 0.007438074767407
0.970440384477113 0.007896365866635
0.968640994745946 0.008366879749128
0.966790213248601 0.008849415379043
0.964888242944126 0.009343773351749
0.962935292404997 0.009849728063012
0.960931575794250 0.010367059582907
0.958877312841991 0.010895530465532
0.956772728821300 0.011434890130918
0.954618054523534 0.011984888186867
0.952413526233010 0.012545247044135
0.950159385701097 0.013115688811527
0.947855880119706 0.013695925918442
0.945503262094184 0.014285647579716
0.943101789615607 0.014884550638030
0.940651726032496 0.015492295066527
0.938153340021932 0.016108547927392
0.935606905560095 0.016732956693565
0.933012701892219 0.017365149216554
0.930371013501972 0.018004759393168
0.927682130080253 0.018651388023812
0.924946346493432 0.019304633089887
0.922163962751008 0.019964076823247
0.919335283972712 0.020629285250152
0.916460620355050 0.021299819257025
0.913540287137281 0.021975214807143
0.910574604566852 0.022654999539743
0.907563897864277 0.023338699837748
0.904508497187474 0.024025809007433
0.901408737595557 0.024715794569024
0.898264959012098 0.025408125885629
0.895077506187845 0.026102469980909
0.891846728662920 0.026798577546253
0.888572980728485 0.027496222546761
0.885256621387895 0.028195219931361
0.881898014317321 0.028895392515416
0.878497527825878 0.029596581968303
0.875055534815230 0.030298631299908
0.871572412738697 0.031001393337481
0.868048543559867 0.031704743969181
0.864484313710706 0.032408566659066
0.860880114049181 0.033112762663287
0.857236339816402 0.033817247740195
0.853553390593274 0.034521948870115
0.849831670256683 0.035226811362815
0.846071586935203 0.035931792213515
0.842273552964344 0.036636863746388
0.838437984841330 0.037342017555977
0.834565303179429 0.038047253447136
0.830655932661826 0.038752601043008
0.826710301995053 0.039458095570864
0.822728843861975 0.040163781989356
0.818711994874345 0.040869723989867
0.814660195524919 0.041575992064923
0.810573890139155 0.042282696517118
0.806453526826488 0.042989984573068
0.802299557431188 0.043698029276642
0.798112437482808 0.044406957046781
0.793892626146237 0.045116656072463
0.789640586171339 0.045826928220714
0.785356783842216 0.046537581879334
0.781041688926065 0.047248399618870
0.776695774621672 0.047959111668857
0.772319517507513 0.048669458032399
0.767913397489498 0.049379163060993
0.763477897748339 0.050087965371630
0.759013504686565 0.050795612546060
0.754520707875186 0.051501843029065
0.750000000000000 0.052206405631650
0.745451876807570 0.052909031634689
0.740876837050858 0.053609458834967
0.736275382434527 0.054307424456159
0.731648017559931 0.055002659908252
0.726995249869773 0.055694896864406
0.722317589592464 0.056383875080296
0.717615549686164 0.057069323570585
0.712889645782536 0.057750976880770
0.708140396130201 0.058428568202948
0.703368321537900 0.059101831813726
0.698573945317390 0.059770507538607
0.693757793226052 0.060434325888714
0.688920393409234 0.061093034522380
0.684062276342339 0.061746380074614
0.679183974772650 0.062394118383201
0.674286023660908 0.063036006601354
0.669368960122646 0.063671794823429
0.664433323369292 0.064301236744060
0.659479654649035 0.064924081930956
0.654508497187474 0.065540084014927
0.649520396128043 0.066148999095412
0.644515898472236 0.066750593975392
0.639495553019615 0.067344646964854
0.634459910307633 0.067930943502311
0.629409522551260 0.068509265348640
0.624344943582428 0.069079391076002
0.619266728789291 0.069641043571143
0.614175435055328 0.070193938017633
0.609071620698271 0.070737787748354
0.603955845408880 0.071272314576286
0.598828670189563 0.071797425566739
0.593690657292862 0.072313356919470
0.588542370159792 0.072820386123344
0.583384373358051 0.073318793268418
0.578217232520115 0.073808876052965
0.573041514281206 0.074291027992937
0.567857786217152 0.074765737213934
0.562666616782152 0.075233499008402
0.557468575246433 0.075694823256468
0.552264231633827 0.076150215170476
0.547054156659257 0.076600143333258
0.541838921666158 0.077045051031904
0.536619098563816 0.077485386717846
0.531395259764657 0.077921601056428
0.526167978121472 0.078354166571776
0.520937826864600 0.078783649553817
0.515705379539064 0.079210669912558
0.510471209941678 0.079635845468595
0.505235892058123 0.080059796567971
0.500000000000000 0.080483016578565
0.494764107941877 0.080905259351817
0.489528790058322 0.081326015411800
0.484294620460936 0.081744776733704
0.479062173135400 0.082161036335273
0.473832021878528 0.082574251379036
0.468604740235343 0.082983691745746
0.463380901436184 0.083388579184828
0.458161078333842 0.083788141303160
0.452945843340743 0.084181609128981
0.447735768366173 0.084568238598238
0.442531424753567 0.084947343673939
0.437333383217848 0.085318261579176
0.432142213782848 0.085680337660500
0.426958485718794 0.086032926163963
0.421782767479885 0.086375378578443
0.416615626641949 0.086707014844013
0.411457629840209 0.087027163274700
0.406309342707138 0.087335160259566
0.401171329810437 0.087630359617867
0.396044154591120 0.087912278052998
0.390928379301729 0.088180739462550
0.385824564944672 0.088435612450617
0.380733271210710 0.088676774420285
0.375655056417573 0.088904110905481
0.370590477448740 0.089117551549390
0.365540089692367 0.089317077572105
0.360504446980385 0.089502678656501
0.355484101527764 0.089674353426872
0.350479603871957 0.089832103359820
0.345491502812526 0.089975897932723
0.340520345350965 0.090105691238182
0.335566676630708 0.090221445079660
0.330631039877354 0.090323129639958
0.325713976339092 0.090410757869837
0.320816025227350 0.090484489258884
0.315937723657661 0.090544523581133
0.311079606590766 0.090591063276086
0.306242206773949 0.090624303034441
0.301426054682610 0.090644008241448
0.296631678462100 0.090649418878896
0.291859603869799 0.090639770785712
0.287110354217464 0.090614331866242
0.282384450313836 0.090572301053041
0.277682410407536 0.090512413775385
0.273004750130227 0.090433303436067
0.268351982440069 0.090333659191407
0.263724617565473 0.090212230831480
0.259123162949143 0.090067896173599
0.254548123192430 0.089899649663217
0.250000000000000 0.089706537982750
0.245479292124815 0.089487660397983
0.240986495313435 0.089242166073081
0.236522102251661 0.088969254282301
0.232086602510502 0.088668173503441
0.227680482492487 0.088338220698953
0.223304225378328 0.087978698068229
0.218958311073935 0.087588842939276
0.214643216157784 0.087167927402897
0.210359413828661 0.086715277696522
0.206107373853763 0.086230496555825
0.201887562517192 0.085713737799838
0.197700442568813 0.085165257987751
0.193546473173512 0.084585347828495
0.189426109860845 0.083975234006550
0.185339804475081 0.083337583532344
0.181288005125655 0.082675135815664
0.177271156138025 0.081990536787459
0.173289698004947 0.081286109087158
0.169344067338174 0.080563922996537
0.165434696820571 0.079825977590690
0.161562015158670 0.079074307392520
0.157726447035656 0.078311154210626
0.153928413064797 0.077538770808233
0.150168329743317 0.076759254469218
0.146446609406726 0.075973312860067
0.142763660183598 0.075180459015300
0.139119885950819 0.074380211551639
0.135515686289294 0.073571958311796
0.131951456440133 0.072754672863961
0.128427587261303 0.071927367698948
0.124944465184770 0.071089172085681
0.121502472174122 0.070239431228741
0.118101985682679 0.069377601891501
0.114743378612105 0.068503221424963
0.111427019271515 0.067615906209569
0.108153271337080 0.066715354594852
0.104922493812155 0.065801322013400
0.101735040987902 0.064873537216726
0.098591262404443 0.063931777991334
0.095491502812526 0.062975554066825
0.092436102135723 0.062002966741809
0.089425395433148 0.061011853439242
0.086459712862719 0.060000268098275
0.083539379644950 0.058966508494718
0.080664716027288 0.057909019225002
0.077836037248993 0.056826222346729
0.075053653506568 0.055716458628052
0.072317869919747 0.054578949873551
0.069628986498028 0.053416531482726
0.066987298107781 0.052233128370062
0.064393094439905 0.051032831217929
0.061846659978068 0.049819929401409
0.059348273967504 0.048598508892540
0.056898210384393 0.047372348536039
0.054496737905816 0.046145142546527
0.052144119880294 0.044920985991562
0.049840614298903 0.043703723055530
0.047586473766990 0.042494239289468
0.045381945476466 0.041291626911463
0.043227271178700 0.040093796375312
0.041122687158010 0.038897678565051
0.039068424205750 0.037700696410641
0.037064707595003 0.036500732190206
0.035111757055874 0.035295761057449
0.033209786751399 0.034083735938572
0.031359005254054 0.032862616302030
0.029559615522887 0.031630438148834
0.027811814881260 0.030385195378842
0.026115794995207 0.029124858782634
0.024471741852423 0.027846803020882
0.022879835741862 0.026552203838230
0.021340251233966 0.025250191294627
0.019853157161529 0.023952185454628
0.018418716601171 0.022670021930346
0.017037086855466 0.021414522310155
0.015708419435685 0.020194934092375
0.014432860045182 0.019018694846797
0.013210548563420 0.017891308966784
0.012041619030626 0.016816045434236
0.010926199633097 0.015791177954572
0.009864412689139 0.014807785168950
0.008856374635656 0.013858833414455
0.007902196015379 0.012939549765566
0.007001981464748 0.012046197092115
0.006155829702431 0.011175971594618
0.005363833518506 0.010326654601571
0.004626079764278 0.009496376469378
0.003942649342761 0.008683726722896
0.003313617199802 0.007887497690880
0.002739052315863 0.007106599808761
0.002219017698460 0.006340208790419
0.001753570375248 0.005587603519415
0.001342761387771 0.004848113259868
0.000986635785864 0.004121174418154
0.000685232622713 0.003406325755109
0.000438584950571 0.002703142712258
0.000246719817134 0.002011275623616
0.000109658262577 0.001330238227987
0.000027415317244 0.000659983883875
0.000000000000000 0.000000000000000
0.000027415317244 -0.000649783137376
0.000109658262577 -0.001289962211226
0.000246719817134 -0.001927229652874
0.000438584950571 -0.002568083649825
0.000685232622713 -0.003213595010234
0.000986635785864 -0.003863560096894
0.001342761387771 -0.004517388418307
0.001753570375248 -0.005174256515314
0.002219017698460 -0.005833237224242
0.002739052315863 -0.006493186666128
0.003313617199802 -0.007152890769558
0.003942649342761 -0.007810960055417
0.004626079764278 -0.008465833079377
0.005363833518506 -0.009115672895617
0.006155829702431 -0.009758457284032
0.007001981464748 -0.010391832931210
0.007902196015379 -0.011012966935859
0.008856374635656 -0.011618636032368
0.009864412689139 -0.012204953580315
0.010926199633097 -0.012767260880563
0.012041619030626 -0.013299070699078
0.013210548563420 -0.013793574260418
0.014432860045182 -0.014244145573915
0.015708419435684 -0.014646517998809
0.017037086855466 -0.014999047773654
0.018418716601171 -0.015301752683655
0.019853157161528 -0.015556184127627
0.021340251233966 -0.015766168413939
0.022879835741862 -0.015938120487683
0.024471741852423 -0.016082159274239
0.026115794995207 -0.016207327979378
0.027811814881259 -0.016320005669744
0.029559615522887 -0.016422090116203
0.031359005254054 -0.016512208505160
0.033209786751399 -0.016590206029728
0.035111757055874 -0.016656617653263
0.037064707595003 -0.016711782772011
0.039068424205750 -0.016756110693038
0.041122687158009 -0.016790274092531
0.043227271178699 -0.016815169759289
0.045381945476466 -0.016831854969710
0.047586473766990 -0.016841609432334
0.049840614298903 -0.016845973220718
0.052144119880293 -0.016846639534216
0.054496737905816 -0.016844909043504
0.056898210384393 -0.016842047720000
0.059348273967504 -0.016839525844664
0.061846659978068 -0.016839007580576
0.064393094439905 -0.016842248276370
0.066987298107781 -0.016851116121892
0.069628986498028 -0.016867973383841
0.072317869919747 -0.016895868741477
0.075053653506568 -0.016937398199906
0.077836037248992 -0.016992711712528
0.080664716027288 -0.017061151240122
0.083539379644950 -0.017139849739408
0.086459712862719 -0.017224302639841
0.089425395433148 -0.017309688551540
0.092436102135723 -0.017391062466426
0.095491502812526 -0.017463123668244
0.098591262404443 -0.017520596313856
0.101735040987902 -0.017558066182155
0.104922493812155 -0.017571221410672
0.108153271337080 -0.017560173786988
0.111427019271514 -0.017526033828765
0.114743378612105 -0.017469815855738
0.118101985682679 -0.017392321336909
0.121502472174122 -0.017294453312986
0.124944465184770 -0.017177317062001
0.128427587261303 -0.017042218696898
0.131951456440133 -0.016890607749648
0.135515686289294 -0.016724102535707
0.139119885950819 -0.016544486507292
0.142763660183598 -0.016353678327937
0.146446609406726 -0.016153551264059
0.150168329743317 -0.015945987991996
0.153928413064796 -0.015732939189523
0.157726447035656 -0.015515178852836
0.161562015158669 -0.015292365730238
0.165434696820571 -0.015064099875412
0.169344067338174 -0.014830053682696
0.173289698004947 -0.014590031820807
0.177271156138025 -0.014343847847921
0.181288005125655 -0.014091286496966
0.185339804475081 -0.013832027757002
0.189426109860845 -0.013565709629574
0.193546473173511 -0.013291967899666
0.197700442568812 -0.013010619852313
0.201887562517192 -0.012721683980046
0.206107373853763 -0.012425192008463
0.210359413828660 -0.012121256264264
0.214643216157784 -0.011810376357251
0.218958311073935 -0.011493209793599
0.223304225378328 -0.011170443128264
0.227680482492486 -0.010842768073783
0.232086602510501 -0.010510837958555
0.236522102251661 -0.010175324488933
0.240986495313435 -0.009836926997237
0.245479292124814 -0.009496387320339
0.250000000000000 -0.009154491938214
0.254548123192429 -0.008812054835914
0.259123162949142 -0.008469922109334
0.263724617565473 -0.008128950128440
0.268351982440069 -0.007790010299899
0.273004750130227 -0.007453994602158
0.277682410407536 -0.007121822857753
0.282384450313836 -0.006794457531557
0.287110354217464 -0.006472933684823
0.291859603869799 -0.006158309106916
0.296631678462100 -0.005851666825328
0.301426054682609 -0.005553983980115
0.306242206773948 -0.005265852583036
0.311079606590766 -0.004987793571942
0.315937723657661 -0.004720331285284
0.320816025227350 -0.004463985288840
0.325713976339092 -0.004219210520115
0.330631039877354 -0.003986426305100
0.335566676630708 -0.003766051489150
0.340520345350965 -0.003558506227559
0.345491502812526 -0.003364212719668
0.350479603871956 -0.003183598255349
0.355484101527764 -0.003017090188095
0.360504446980385 -0.002865114715748
0.365540089692367 -0.002728104392577
0.370590477448739 -0.002606543416884
0.375655056417572 -0.002500942709451
0.380733271210709 -0.002411812625583
0.385824564944672 -0.002339662737080
0.390928379301728 -0.002284904431363
0.396044154591120 -0.002247691818037
0.401171329810437 -0.002228131569268
0.406309342707137 -0.002226323767987
0.411457629840208 -0.002242351508836
0.416615626641949 -0.002275991552460
0.421782767479884 -0.002326662452108
0.426958485718794 -0.002393749525437
0.432142213782848 -0.002476624167019
0.437333383217848 -0.002574650657269
0.442531424753567 -0.002687241275512
0.447735768366173 -0.002813834056257
0.452945843340743 -0.002953856421949
0.458161078333842 -0.003106726434898
0.463380901436184 -0.003271857013618
0.468604740235343 -0.003448678348412
0.473832021878528 -0.003636620173052
0.479062173135400 -0.003835104978467
0.484294620460935 -0.004043548652404
0.489528790058321 -0.004261305760264
0.494764107941877 -0.004487534693891
0.500000000000000 -0.004721349940573
0.505235892058122 -0.004961861144961
0.510471209941678 -0.005208173648834
0.515705379539064 -0.005459220278953
0.520937826864600 -0.005713583963540
0.526167978121472 -0.005969803409804
0.531395259764656 -0.006226421601624
0.536619098563816 -0.006481986426021
0.541838921666157 -0.006735114984804
0.547054156659257 -0.006984512584789
0.552264231633827 -0.007228899108447
0.557468575246433 -0.007467002764345
0.562666616782152 -0.007697556355665
0.567857786217152 -0.007919178737753
0.573041514281206 -0.008130415365228
0.578217232520115 -0.008329825856409
0.583384373358051 -0.008515989564460
0.588542370159791 -0.008687600783042
0.593690657292862 -0.008843921626420
0.598828670189563 -0.008984428180950
0.603955845408879 -0.009108610376513
0.609071620698271 -0.009215975126018
0.614175435055328 -0.009306524681877
0.619266728789290 -0.009381382645919
0.624344943582427 -0.009441818140560
0.629409522551260 -0.009489088148454
0.634459910307633 -0.009524425852002
0.639495553019614 -0.009548895582625
0.644515898472235 -0.009563422831685
0.649520396128043 -0.009568918285756
0.654508497187474 -0.009566280625798
0.659479654649035 -0.009556407326762
0.664433323369291 -0.009540221265321
0.669368960122646 -0.009518638199227
0.674286023660907 -0.009492557554937
0.679183974772650 -0.009462863957259
0.684062276342339 -0.009430454236166
0.688920393409233 -0.009396226723839
0.693757793226051 -0.009361059567892
0.698573945317390 -0.009325805252768
0.703368321537900 -0.009291007021083
0.708140396130200 -0.009256739330316
0.712889645782536 -0.009223033570147
0.717615549686163 -0.009189920513925
0.722317589592464 -0.009157398235424
0.726995249869773 -0.009125381749057
0.731648017559930 -0.009093773729200
0.736275382434527 -0.009062480430515
0.740876837050857 -0.009031417614900
0.745451876807570 -0.009000527270948
0.750000000000000 -0.008969758556423
0.754520707875185 -0.008939061919017
0.759013504686565 -0.008908387279207
0.763477897748338 -0.008877677634540
0.767913397489498 -0.008846876840054
0.772319517507513 -0.008815931799948
0.776695774621672 -0.008784797957358
0.781041688926065 -0.008753444172418
0.785356783842216 -0.008721841977668
0.789640586171339 -0.008689962491621
0.793892626146236 -0.008657745120001
0.798112437482808 -0.008625107903504
0.802299557431187 -0.008591973115922
0.806453526826488 -0.008558175522281
0.810573890139155 -0.008523252695929
0.814660195524918 -0.008486703887709
0.818711994874345 -0.008448056243885
0.822728843861975 -0.008406887282671
0.826710301995052 -0.008362815596069
0.830655932661826 -0.008315485758513
0.834565303179429 -0.008264562729915
0.838437984841330 -0.008209730080567
0.842273552964344 -0.008150695795626
0.846071586935203 -0.008087193656208
0.849831670256683 -0.008018984148802
0.853553390593274 -0.007945852393355
0.857236339816401 -0.007867607039995
0.860880114049181 -0.007784079953207
0.864484313710706 -0.007695126463726
0.868048543559867 -0.007600626127406
0.871572412738697 -0.007500478956399
0.875055534815230 -0.007394609461890
0.878497527825878 -0.007282963171398
0.881898014317321 -0.007165508379798
0.885256621387894 -0.007042234159120
0.888572980728485 -0.006913148353561
0.891846728662920 -0.006778277560614
0.895077506187845 -0.006637668973289
0.898264959012098 -0.006491399804310
0.901408737595557 -0.006339572148013
0.904508497187474 -0.006182552397075
0.907563897864277 -0.006021054818981
0.910574604566852 -0.005855783919287
0.913540287137281 -0.005687399458272
0.916460620355049 -0.005516525234302
0.919335283972712 -0.005343750858467
0.922163962751007 -0.005169634968445
0.924946346493432 -0.004994705680130
0.927682130080253 -0.004819454282260
0.930371013501972 -0.004644343221969
0.933012701892219 -0.004469805083465
0.935606905560095 -0.004296242769737
0.938153340021932 -0.004124027690818
0.940651726032496 -0.003953507832306
0.943101789615607 -0.003785002780618
0.945503262094184 -0.003618803681613
0.947855880119706 -0.003455180779966
0.950159385701097 -0.003294375713133
0.952413526233010 -0.003136610838259
0.954618054523534 -0.002982083962741
0.956772728821300 -0.002830972274646
0.958877312841991 -0.002683432781659
0.960931575794250 -0.002539602997399
0.962935292404997 -0.002399601845882
0.964888242944126 -0.002263531975705
0.966790213248601 -0.002131478319936
0.968640994745946 -0.002003509771831
0.970440384477113 -0.001879681924849
0.972188185118740 -0.001760037479335
0.973884205004793 -0.001644604299764
0.975528258147577 -0.001533400701218
0.977120164258138 -0.001426433171799
0.978659748766034 -0.001323696309565
0.980146842838471 -0.001225181045326
0.981581283398829 -0.001130865255732
0.982962913144534 -0.001040720507810
0.984291580564316 -0.000954712836202
0.985567139954818 -0.000872804046822
0.986789451436580 -0.000794946337079
0.987958380969374 -0.000721094363676
0.989073800366903 -0.000651193904061
0.990135587310861 -0.000585190568360
0.991143625364344 -0.000523027730276
0.992097803984621 -0.000464646764894
0.992998018535252 -0.000409989879417
0.993844170297569 -0.000358999688113
0.994636166481494 -0.000311616142529
0.995373920235722 -0.000267782997090
0.996057350657239 -0.000227445949915
0.996686382800198 -0.000190551139204
0.997260947684137 -0.000157048223400
0.997780982301540 -0.000126888551772
0.998246429624752 -0.000100028968689
0.998657238612229 -0.000076429944300
0.999013364214136 -0.000056052565594
0.999314767377287 -0.000038866958186
0.999561415049429 -0.000024843673299
0.999753280182866 -0.000013960864363
0.999890341737423 -0.000006200415398
0.999972584682756 -0.000001549412279
1.000000000000000 0.000000000000000
