1.000000000000000 0.000000000000000
0.999972584682756 0.000009203203867
0.999890341737423 0.000036822149421
0.999753280182866 0.000082908643828
0.999561415049429 0.000147544891998
0.999314767377287 0.000230837227808
0.999013364214136 0.000332927686102
0.998657238612229 0.000453993572665
0.998246429624752 0.000594240892547
0.997780982301540 0.000753891442746
0.997260947684137 0.000933218424026
0.996686382800198 0.001132502967851
0.996057350657239 0.001352057342307
0.995373920235722 0.001592230133493
0.994636166481494 0.001853386486750
0.993844170297569 0.002135900141339
0.992998018535252 0.002440189580694
0.992097803984621 0.002766678754704
0.991143625364344 0.003115814165962
0.990135587310861 0.003488043595510
0.989073800366903 0.003883846332104
0.987958380969374 0.004303698600499
0.986789451436580 0.004748097394792
0.985567139954818 0.005217531570427
0.984291580564316 0.005712492243971
0.982962913144534 0.006233476904332
0.981581283398829 0.006780972973310
0.980146842838472 0.007355468485275
0.978659748766034 0.007957428091677
0.977120164258138 0.008587296326387
0.975528258147577 0.009245515497132
0.973884205004793 0.009932493853479
0.972188185118741 0.010648608756772
0.970440384477113 0.011394202653104
0.968640994745946 0.012169579106628
0.966790213248601 0.012975013748418
0.964888242944126 0.013810705159550
0.962935292404997 0.014676823123193
0.960931575794250 0.015573458932961
0.958877312841991 0.016500651347798
0.956772728821300 0.017458359387643
0.954618054523534 0.018446472848455
0.952413526233010 0.019464785076489
0.950159385701097 0.020513019049106
0.947855880119706 0.021590784458856
0.945503262094184 0.022697612175920
0.943101789615607 0.023832910973999
0.940651726032496 0.024995986707833
0.938153340021932 0.026186030815173
0.935606905560095 0.027402108384225
0.933012701892219 0.028643179223198
0.930371013501972 0.029908052981435
0.927682130080253 0.031195418921848
0.924946346493432 0.032503829387949
0.922163962751008 0.033831715245021
0.919335283972712 0.035177366897163
0.916460620355050 0.036538900937727
0.913540287137281 0.037914324728368
0.910574604566852 0.039301572356177
0.907563897864277 0.040698443376438
0.904508497187474 0.042102411022607
0.901408737595557 0.043510682881988
0.898264959012098 0.044920935299504
0.895077506187845 0.046331722968296
0.891846728662920 0.047741787682092
0.888572980728485 0.049150590813766
0.885256621387895 0.050557982022429
0.881898014317321 0.051963773237569
0.878497527825878 0.053367640101346
0.875055534815230 0.054769269592925
0.871572412738697 0.056168421875796
0.868048543559867 0.057564880832413
0.864484313710706 0.058958513858745
0.860880114049181 0.060349163128333
0.857236339816402 0.061736722278541
0.853553390593274 0.063121118516039
0.849831670256683 0.064502290763683
0.846071586935203 0.065880222091330
0.842273552964344 0.067254930429603
0.838437984841330 0.068626456598553
0.834565303179429 0.069994896065219
0.830655932661826 0.071360361161814
0.826710301995053 0.072722982622984
0.822728843861975 0.074082913590375
0.818711994874345 0.075440315799214
0.814660195524919 0.076795411400542
0.810573890139155 0.078148556818216
0.806453526826488 0.079500169760904
0.802299557431188 0.080850692764998
0.798112437482808 0.082200261460919
0.793892626146237 0.083548629165816
0.789640586171339 0.084895537219950
0.785356783842216 0.086240684504073
0.781041688926065 0.087583476740688
0.776695774621672 0.088923174323754
0.772319517507513 0.090259024054868
0.767913397489498 0.091590294149677
0.763477897748339 0.092916300233153
0.759013504686565 0.094236390394377
0.754520707875186 0.095549898795211
0.750000000000000 0.096856145803097
0.745451876807570 0.098154437716507
0.740876837050858 0.099444080216965
0.736275382434527 0.100724366352808
0.731648017559931 0.101994590772103
0.726995249869773 0.103254046039964
0.722317589592464 0.104502007555526
0.717615549686164 0.105737773912273
0.712889645782536 0.106960618776376
0.708140396130201 0.108169876226008
0.703368321537900 0.109364872691767
0.698573945317390 0.110544945192626
0.693757793226052 0.111709450452698
0.688920393409234 0.112858162549025
0.684062276342339 0.113991262298176
0.679183974772650 0.115108969643384
0.674286023660908 0.116211519306601
0.669368960122646 0.117299149302497
0.664433323369292 0.118372100729461
0.659479654649035 0.119430626268048
0.654508497187474 0.120474996304888
0.649520396128043 0.121505482946897
0.644515898472236 0.122522371888353
0.639495553019615 0.123525940178868
0.634459910307633 0.124516472881272
0.629409522551260 0.125494267383860
0.624344943582428 0.126459651308652
0.619266728789291 0.127413036851357
0.614175435055328 0.128354902910021
0.609071620698271 0.129285744834704
0.603955845408880 0.130206063135192
0.598828670189563 0.131116266878198
0.593690657292862 0.132016082163113
0.588542370159792 0.132904977900833
0.583384373358051 0.133782418282470
0.578217232520115 0.134647873456355
0.573041514281206 0.135500779551301
0.567857786217152 0.136340362430213
0.562666616782152 0.137165793292923
0.557468575246433 0.137976244391431
0.552264231633827 0.138770891990230
0.547054156659257 0.139548932683263
0.541838921666158 0.140309614754730
0.536619098563816 0.141052219652467
0.531395259764657 0.141776035154529
0.526167978121472 0.142480351525837
0.520937826864600 0.143164466108526
0.515705379539064 0.143827650054574
0.510471209941678 0.144469171359560
0.505235892058123 0.145088307504443
0.500000000000000 0.145684346284663
0.494764107941877 0.146256638151794
0.489528790058322 0.146804982846364
0.484294620460936 0.147329421829438
0.479062173135400 0.147830006143555
0.473832021878528 0.148306797221971
0.468604740235343 0.148759863272831
0.463380901436184 0.149189300378474
0.458161078333842 0.149595219436209
0.452945843340743 0.149977743783140
0.447735768366173 0.150337001301041
0.442531424753567 0.150673129355586
0.437333383217848 0.150986283346504
0.432142213782848 0.151276639329546
0.426958485718794 0.151544379703251
0.421782767479885 0.151789694789991
0.416615626641949 0.152012779256760
0.411457629840209 0.152213787944909
0.406309342707138 0.152392799532683
0.401171329810437 0.152549892875750
0.396044154591120 0.152685154000979
0.390928379301729 0.152798677250269
0.385824564944672 0.152890379525515
0.380733271210710 0.152959750134302
0.375655056417573 0.153006232690686
0.370590477448740 0.153029290661037
0.365540089692367 0.153028406549543
0.360504446980385 0.153003100896158
0.355484101527764 0.152952964480573
0.350479603871957 0.152877616148264
0.345491502812526 0.152776693932718
0.340520345350965 0.152649854633030
0.335566676630708 0.152496770997362
0.330631039877354 0.152317120376280
0.325713976339092 0.152110598678321
0.320816025227350 0.151876920460360
0.315937723657661 0.151615822757714
0.311079606590766 0.151327070988410
0.306242206773949 0.151010477141812
0.301426054682610 0.150665873653904
0.296631678462100 0.150293112269804
0.291859603869799 0.149892066956875
0.287110354217464 0.149462676270219
0.282384450313836 0.149004964049293
0.277682410407536 0.148518969473801
0.273004750130227 0.148004759982935
0.268351982440069 0.147462410147552
0.263724617565473 0.146892001295562
0.259123162949143 0.146293622888668
0.254548123192430 0.145667380844135
0.250000000000000 0.145013397763182
0.245479292124815 0.144331810910307
0.240986495313435 0.143622782398637
0.236522102251661 0.142886486242420
0.232086602510502 0.142123112978048
0.227680482492487 0.141332872698965
0.223304225378328 0.140515986233185
0.218958311073935 0.139672685222232
0.214643216157784 0.138803221452451
0.210359413828661 0.137907860837096
0.206107373853763 0.136986901741990
0.201887562517192 0.136040681206776
0.197700442568813 0.135069556478677
0.193546473173512 0.134073904439467
0.189426109860845 0.133054139249503
0.185339804475081 0.132010784665503
0.181288005125655 0.130944410517090
0.177271156138025 0.129855594652615
0.173289698004947 0.128744924145861
0.169344067338174 0.127613012537611
0.165434696820571 0.126460479894750
0.161562015158670 0.125287968908724
0.157726447035656 0.124096113360636
0.153928413064797 0.122885546406573
0.150168329743317 0.121656895525462
0.146446609406726 0.120410807881402
0.142763660183598 0.119147565002882
0.139119885950819 0.117866460538812
0.135515686289294 0.116566702350957
0.131951456440133 0.115247580108456
0.128427587261303 0.113908443001221
0.124944465184770 0.112548698759289
0.121502472174122 0.111167841632568
0.118101985682679 0.109765401969153
0.114743378612105 0.108341031597549
0.111427019271515 0.106894435128387
0.108153271337080 0.105425356044416
0.104922493812155 0.103933467795688
0.101735040987902 0.102418345700005
0.098591262404443 0.100879656605003
0.095491502812526 0.099318320523780
0.092436102135723 0.097737193386046
0.089425395433148 0.096139289534535
0.086459712862719 0.094527744026492
0.083539379644950 0.092905979222223
0.080664716027288 0.091277389591949
0.077836037248993 0.089645192020215
0.075053653506568 0.088012265983442
0.072317869919747 0.086381352788452
0.069628986498028 0.084752234671231
0.066987298107781 0.083120299835584
0.064393094439905 0.081480948910847
0.061846659978068 0.079829975151236
0.059348273967504 0.078163571261335
0.056898210384393 0.076478064796511
0.054496737905816 0.074769758099673
0.052144119880294 0.073034978840159
0.049840614298903 0.071270769458624
0.047586473766990 0.069475358046758
0.045381945476466 0.067647550865050
0.043227271178700 0.065789133865446
0.041122687158010 0.063902907984718
0.039068424205750 0.061991098725366
0.037064707595003 0.060055396691594
0.035111757055874 0.058097426048433
0.033209786751399 0.056118795675276
0.031359005254054 0.054120993672025
0.029559615522887 0.052105318717338
0.027811814881260 0.050072856119176
0.026115794995207 0.048024468065669
0.024471741852423 0.045961196401545
0.022879835741862 0.043885095796514
0.021340251233966 0.041805096125815
0.019853157161529 0.039733412105794
0.018418716601171 0.037682822414447
0.017037086855466 0.035666359688720
0.015708419435685 0.033696224982433
0.014432860045182 0.031783213230624
0.013210548563420 0.029937655665154
0.012041619030626 0.028165895955020
0.010926199633097 0.026466940296665
0.009864412689139 0.024831413479188
0.008856374635656 0.023249123704338
0.007902196015379 0.021713663108082
0.007001981464748 0.020219824649716
0.006155829702431 0.018763391237444
0.005363833518506 0.017341016729024
0.004626079764278 0.015949902183362
0.003942649342761 0.014587754393939
0.003313617199802 0.013252605845655
0.002739052315863 0.011942857137527
0.002219017698460 0.010657020391526
0.001753570375248 0.009393870867864
0.001342761387771 0.008152381304814
0.000986635785864 0.006931573318513
0.000685232622713 0.005730561402191
0.000438584950571 0.004548701957569
0.000246719817134 0.003385216013822
0.000109658262577 0.002239632887277
0.000027415317244 0.001111276109053
0.000000000000000 0.000000000000000
0.000027415317244 -0.001094861432130
0.000109658262577 -0.002174053843873
0.000246719817134 -0.003237400785250
0.000438584950571 -0.004285549614894
0.000685232622713 -0.005318504321013
0.000986635785864 -0.006337557009236
0.001342761387771 -0.007347058639321
0.001753570375248 -0.008350153013577
0.002219017698460 -0.009346849521131
0.002739052315863 -0.010335686481984
0.003313617199802 -0.011314218271983
0.003942649342761 -0.012279457835068
0.004626079764278 -0.013227785406095
0.005363833518506 -0.014155132951338
0.006155829702431 -0.015056911820186
0.007001981464748 -0.015928130677149
0.007902196015379 -0.016763185856338
0.008856374635656 -0.017555877550712
0.009864412689139 -0.018299325956464
0.010926199633097 -0.018986002708822
0.012041619030626 -0.019607620404620
0.013210548563420 -0.020154018313540
0.014432860045182 -0.020615555061452
0.015708419435684 -0.020993824627930
0.017037086855466 -0.021293995123674
0.018418716601171 -0.021523676532617
0.019853157161528 -0.021692316344737
0.021340251233966 -0.021809849163068
0.022879835741862 -0.021888286938062
0.024471741852423 -0.021943559714695
0.026115794995207 -0.021994958982802
0.027811814881259 -0.022054134172004
0.029559615522887 -0.022126494503714
0.031359005254054 -0.022213781005413
0.033209786751399 -0.022313813129841
0.035111757055874 -0.022424685844188
0.037064707595003 -0.022545236224758
0.039068424205750 -0.022673816312374
0.041122687158009 -0.022807982292748
0.043227271178699 -0.022944893616825
0.045381945476466 -0.023081440293094
0.047586473766990 -0.023214027036182
0.049840614298903 -0.023338295623573
0.052144119880293 -0.023449682560619
0.054496737905816 -0.023546358036037
0.056898210384393 -0.023627971792044
0.059348273967504 -0.023694599507977
0.061846659978068 -0.023746782702691
0.064393094439905 -0.023785158797230
0.066987298107781 -0.023810315177525
0.069628986498028 -0.023822980459022
0.072317869919747 -0.023824265122246
0.075053653506568 -0.023815573925627
0.077836037248992 -0.023797677203196
0.080664716027288 -0.023769959048756
0.083539379644950 -0.023731577470022
0.086459712862719 -0.023681211492373
0.089425395433148 -0.023617220720041
0.092436102135723 -0.023537827731127
0.095491502812526 -0.023441060973384
0.098591262404443 -0.023324832381758
0.101735040987902 -0.023187638428125
0.104922493812155 -0.023028778307736
0.108153271337080 -0.022847662688340
0.111427019271514 -0.022644465977581
0.114743378612105 -0.022419955448053
0.118101985682679 -0.022175004203332
0.121502472174122 -0.021910438546670
0.124944465184770 -0.021627117752879
0.128427587261303 -0.021326006992322
0.131951456440133 -0.021008153172385
0.135515686289294 -0.020674708104073
0.139119885950819 -0.020326963018207
0.142763660183598 -0.019966574584007
0.146446609406726 -0.019595467219019
0.150168329743317 -0.019215609413998
0.153928413064796 -0.018827400869210
0.157726447035656 -0.018429832830715
0.161562015158669 -0.018021804585082
0.165434696820571 -0.017601846962319
0.169344067338174 -0.017167887215154
0.173289698004947 -0.016717685125404
0.177271156138025 -0.016248898062881
0.181288005125655 -0.015759144758984
0.185339804475081 -0.015245951561301
0.189426109860845 -0.014706736734235
0.193546473173511 -0.014138909441905
0.197700442568812 -0.013539928084085
0.201887562517192 -0.012907147692320
0.206107373853763 -0.012238072977450
0.210359413828660 -0.011532342692336
0.214643216157784 -0.010790769869169
0.218958311073935 -0.010014267186449
0.223304225378328 -0.009203783722479
0.227680482492486 -0.008360199336127
0.232086602510501 -0.007484435946765
0.236522102251661 -0.006577488170211
0.240986495313435 -0.005640461029648
0.245479292124814 -0.004674567295376
0.250000000000000 -0.003681110775725
0.254548123192429 -0.002661478893332
0.259123162949142 -0.001617154169818
0.263724617565473 -0.000549717791291
0.268351982440069 0.000539165695493
0.273004750130227 0.001647737808032
0.277682410407536 0.002774243553914
0.282384450313836 0.003916987652718
0.287110354217464 0.005074245874279
0.291859603869799 0.006244215412606
0.296631678462100 0.007424843120793
0.301426054682609 0.008613225253404
0.306242206773948 0.009806212755576
0.311079606590766 0.011000566152175
0.315937723657661 0.012192903578480
0.320816025227350 0.013379265667028
0.325713976339092 0.014555313511733
0.330631039877354 0.015716662528279
0.335566676630708 0.016858862208711
0.340520345350965 0.017977499338175
0.345491502812526 0.019068251241829
0.350479603871956 0.020126780921374
0.355484101527764 0.021148743284602
0.360504446980385 0.022129737149602
0.365540089692367 0.023064978945057
0.370590477448739 0.023949546996528
0.375655056417572 0.024778512609632
0.380733271210709 0.025546959886152
0.385824564944672 0.026250460372784
0.390928379301728 0.026885590711166
0.396044154591120 0.027449042745373
0.401171329810437 0.027937473114733
0.406309342707137 0.028347690258673
0.411457629840208 0.028680548927954
0.416615626641949 0.028941019127159
0.421782767479884 0.029134248648765
0.426958485718794 0.029265387015155
0.432142213782848 0.029339537990595
0.437333383217848 0.029361250443643
0.442531424753567 0.029334773674099
0.447735768366173 0.029264398588609
0.452945843340743 0.029154459958383
0.458161078333842 0.029009371481281
0.463380901436184 0.028833836541526
0.468604740235343 0.028632703034658
0.473832021878528 0.028410858952964
0.479062173135400 0.028173228456123
0.484294620460935 0.027924582265513
0.489528790058321 0.027668872163826
0.494764107941877 0.027409816526718
0.500000000000000 0.027151143755926
0.505235892058122 0.026896582202014
0.510471209941678 0.026648884331257
0.515705379539064 0.026407481327510
0.520937826864600 0.026171099575417
0.526167978121472 0.025938464453829
0.531395259764656 0.025708305539778
0.536619098563816 0.025479521710145
0.541838921666157 0.025251405743883
0.547054156659257 0.025023312601717
0.552264231633827 0.024794598412027
0.557468575246433 0.024564621494962
0.562666616782152 0.024332662143561
0.567857786217152 0.024097879007508
0.573041514281206 0.023859428523045
0.578217232520115 0.023616473259318
0.583384373358051 0.023368198301594
0.588542370159791 0.023113941424740
0.593690657292862 0.022853171201132
0.598828670189563 0.022585371979344
0.603955845408879 0.022310035585470
0.609071620698271 0.022026761006651
0.614175435055328 0.021735770240740
0.619266728789290 0.021437529807407
0.624344943582427 0.021132504506769
0.629409522551260 0.020821156234602
0.634459910307633 0.020503907813499
0.639495553019614 0.020181107696296
0.644515898472235 0.019853088184062
0.649520396128043 0.019520183806705
0.654508497187474 0.019182724961538
0.659479654649035 0.018841062786833
0.664433323369291 0.018495556166015
0.669368960122646 0.018146562733129
0.674286023660907 0.017794434790810
0.679183974772650 0.017439511550229
0.684062276342339 0.017082115979020
0.688920393409233 0.016722559316912
0.693757793226051 0.016361154355419
0.698573945317390 0.015998217298021
0.703368321537900 0.015634140342983
0.708140396130200 0.015269333287902
0.712889645782536 0.014904199297562
0.717615549686163 0.014539133779160
0.722317589592464 0.014174545627604
0.726995249869773 0.013810847223454
0.731648017559930 0.013448442360859
0.736275382434527 0.013087721606268
0.740876837050857 0.012729058861484
0.745451876807570 0.012372815933304
0.750000000000000 0.012019337887050
0.754520707875185 0.011668964019923
0.759013504686565 0.011322017123049
0.763477897748338 0.010978815745304
0.767913397489498 0.010639658403788
0.772319517507513 0.010304839176320
0.776695774621672 0.009974633012765
0.781041688926065 0.009649307170476
0.785356783842216 0.009329116448620
0.789640586171339 0.009014298187413
0.793892626146236 0.008705073969368
0.798112437482808 0.008401655416750
0.802299557431187 0.008104226225595
0.806453526826488 0.007812714990676
0.810573890139155 0.007526824950074
0.814660195524918 0.007246255890361
0.818711994874345 0.006970723314602
0.822728843861975 0.006699957759093
0.826710301995052 0.006433700357720
0.830655932661826 0.006171706386183
0.834565303179429 0.005913740086580
0.838437984841330 0.005659574241728
0.842273552964344 0.005408996169670
0.846071586935203 0.005161802781936
0.849831670256683 0.004917804439206
0.853553390593274 0.004676819891825
0.857236339816401 0.004438682129812
0.860880114049181 0.004203231439274
0.864484313710706 0.003970321525635
0.868048543559867 0.003739815870333
0.871572412738697 0.003511589941954
0.875055534815230 0.003285531112224
0.878497527825878 0.003061529702394
0.881898014317321 0.002839487567109
0.885256621387894 0.002619319074821
0.888572980728485 0.002400961587113
0.891846728662920 0.002184367194283
0.895077506187845 0.001969466297845
0.898264959012098 0.001756154376081
0.901408737595557 0.001544402805856
0.904508497187474 0.001334859609926
0.907563897864277 0.001128495014188
0.910574604566852 0.000926243793108
0.913540287137281 0.000729023935376
0.916460620355049 0.000537677971483
0.919335283972712 0.000352940235357
0.922163962751007 0.000175461069504
0.924946346493432 0.000005817652179
0.927682130080253 -0.000155483397804
0.930371013501972 -0.000308007854411
0.933012701892219 -0.000451395822501
0.935606905560095 -0.000585350803753
0.938153340021932 -0.000709643319907
0.940651726032496 -0.000824103493530
0.943101789615607 -0.000928622355993
0.945503262094184 -0.001023147702014
0.947855880119706 -0.001107680176200
0.950159385701097 -0.001182272393745
0.952413526233010 -0.001247024308747
0.954618054523534 -0.001302083021734
0.956772728821300 -0.001347636819192
0.958877312841991 -0.001383914789233
0.960931575794250 -0.001411183822014
0.962935292404997 -0.001429744377617
0.964888242944126 -0.001439929114816
0.966790213248601 -0.001442099874355
0.968640994745946 -0.001436644533022
0.970440384477113 -0.001423974851486
0.972188185118740 -0.001404523441457
0.973884205004793 -0.001378741446960
0.975528258147577 -0.001347095534978
0.977120164258138 -0.001310065745333
0.978659748766034 -0.001268143307836
0.980146842838471 -0.001221826572708
0.981581283398829 -0.001171621542849
0.982962913144534 -0.001118035386022
0.984291580564316 -0.001061579091303
0.985567139954818 -0.001002760899167
0.986789451436580 -0.000942086032765
0.987958380969374 -0.000880055132858
0.989073800366903 -0.000817161474203
0.990135587310861 -0.000753888822243
0.991143625364344 -0.000690710177650
0.992097803984621 -0.000628083524485
0.992998018535252 -0.000566454928102
0.993844170297569 -0.000506253699251
0.994636166481494 -0.000447889408588
0.995373920235722 -0.000391754061833
0.996057350657239 -0.000338216497922
0.996686382800198 -0.000287627537520
0.997260947684137 -0.000240311216860
0.997780982301540 -0.000196566764626
0.998246429624752 -0.000156671630598
0.998657238612229 -0.000120873840780
0.999013364214136 -0.000089393804057
0.999314767377287 -0.000062426299184
0.999561415049429 -0.000040134844770
0.999753280182866 -0.000022655989900
0.999890341737423 -0.000010094330476
0.999972584682756 -0.000002527289427
1.000000000000000 0.000000000000000
