1.000000000000000 0.000000000000000
0.999972584682756 0.000002400672422
0.999890341737423 0.000009606333761
0.999753280182866 0.000021613744564
0.999561415049429 0.000038426904298
0.999314767377287 0.000060045975650
0.999013364214136 0.000086473492288
0.998657238612229 0.000117712675508
0.998246429624752 0.000153760994713
0.997780982301540 0.000194624188340
0.997260947684137 0.000240303476783
0.996686382800198 0.000290798502467
0.996057350657239 0.000346111835114
0.995373920235722 0.000406239245080
0.994636166481494 0.000471180480821
0.993844170297569 0.000540932655863
0.992998018535252 0.000615488342989
0.992097803984621 0.000694841560778
0.991143625364344 0.000778979499189
0.990135587310861 0.000867891636361
0.989073800366903 0.000961559835941
0.987958380969374 0.001059962676350
0.986789451436580 0.001163076596360
0.985567139954818 0.001270869104516
0.984291580564316 0.001383309389590
0.982962913144534 0.001500355153412
0.981581283398829 0.001621958489845
0.980146842838472 0.001748065272641
0.978659748766034 0.001878617738794
0.977120164258138 0.002013546758702
0.975528258147577 0.002152772846774
0.973884205004793 0.002296209832675
0.972188185118741 0.002443769557856
0.970440384477113 0.002595378440802
0.968640994745946 0.002750993579746
0.966790213248601 0.002910574804409
0.964888242944126 0.003074080572216
0.962935292404997 0.003241469347708
0.960931575794250 0.003412705080637
0.958877312841991 0.003587750107766
0.956772728821300 0.003766560450121
0.954618054523534 0.003949074986698
0.952413526233010 0.004135235773485
0.950159385701097 0.004324979470681
0.947855880119706 0.004518245304227
0.945503262094184 0.004714969885240
0.943101789615607 0.004915085661745
0.940651726032496 0.005118523367266
0.938153340021932 0.005325211804006
0.935606905560095 0.005535078415672
0.933012701892219 0.005748046516777
0.930371013501972 0.005964046975454
0.927682130080253 0.006183021022386
0.924946346493432 0.006404924642527
0.922163962751008 0.006629718107680
0.919335283972712 0.006857367742367
0.916460620355050 0.007087798359053
0.913540287137281 0.007320907801522
0.910574604566852 0.007556564614509
0.907563897864277 0.007794600536642
0.904508497187474 0.008034855978428
0.901408737595557 0.008277272870441
0.898264959012098 0.008521825617416
0.895077506187845 0.008768522205358
0.891846728662920 0.009017401341078
0.888572980728485 0.009268488398780
0.885256621387895 0.009521704994692
0.881898014317321 0.009776939176714
0.878497527825878 0.010034073254446
0.875055534815230 0.010292971109208
0.871572412738697 0.010553492256302
0.868048543559867 0.010815482573417
0.864484313710706 0.011078775350256
0.860880114049181 0.011343218301236
0.857236339816402 0.011608809093209
0.853553390593274 0.011875633369831
0.849831670256683 0.012143775167309
0.846071586935203 0.012413209785967
0.842273552964344 0.012683869226079
0.838437984841330 0.012955671014810
0.834565303179429 0.013228471147702
0.830655932661826 0.013502081476131
0.826710301995053 0.013776307724856
0.822728843861975 0.014051037766264
0.818711994874345 0.014326225515805
0.814660195524919 0.014601835229920
0.810573890139155 0.014877830730410
0.806453526826488 0.015154177112128
0.802299557431188 0.015430841949343
0.798112437482808 0.015707788670487
0.793892626146237 0.015984929754131
0.789640586171339 0.016262148946410
0.785356783842216 0.016539332456582
0.781041688926065 0.016816402846126
0.776695774621672 0.017093363988798
0.772319517507513 0.017370236493840
0.767913397489498 0.017647030085418
0.763477897748339 0.017923520068419
0.759013504686565 0.018199242420002
0.754520707875186 0.018473717150894
0.750000000000000 0.018746557569055
0.745451876807570 0.019018513370035
0.740876837050858 0.019291033739796
0.736275382434527 0.019565630006658
0.731648017559931 0.019843367970872
0.726995249869773 0.020121025056383
0.722317589592464 0.020393052230356
0.717615549686164 0.020653715816740
0.712889645782536 0.020898396837518
0.708140396130201 0.021136932273195
0.703368321537900 0.021388758395407
0.698573945317390 0.021674055750363
0.693757793226052 0.022012970877071
0.688920393409234 0.022407973132777
0.684062276342339 0.022841528739403
0.679183974772650 0.023294517950107
0.674286023660908 0.023747290668992
0.669368960122646 0.024186058877872
0.664433323369292 0.024612806479627
0.659479654649035 0.025032082290287
0.654508497187474 0.025448532501927
0.649520396128043 0.025866504456745
0.644515898472236 0.026286703076660
0.639495553019615 0.026707823281814
0.634459910307633 0.027128518167527
0.629409522551260 0.027547419337395
0.624344943582428 0.027963634188844
0.619266728789291 0.028377350866166
0.614175435055328 0.028788909169457
0.609071620698271 0.029198653481016
0.603955845408880 0.029606921637873
0.598828670189563 0.030013744849313
0.593690657292862 0.030418917486991
0.588542370159792 0.030822226497398
0.583384373358051 0.031223453401612
0.578217232520115 0.031622417288481
0.573041514281206 0.032019105089991
0.567857786217152 0.032413566709501
0.562666616782152 0.032805854864433
0.557468575246433 0.033196023511741
0.552264231633827 0.033584082034350
0.547054156659257 0.033969912720017
0.541838921666158 0.034353376887359
0.536619098563816 0.034734339552911
0.531395259764657 0.035112663569228
0.526167978121472 0.035488300762389
0.520937826864600 0.035861335324660
0.515705379539064 0.036231865008446
0.510471209941678 0.036599987223267
0.505235892058123 0.036965783687646
0.500000000000000 0.037328892381926
0.494764107941877 0.037688497561064
0.489528790058322 0.038043765488037
0.484294620460936 0.038393864699826
0.479062173135400 0.038738002642176
0.473832021878528 0.039075846210847
0.468604740235343 0.039407374116100
0.463380901436184 0.039732574945256
0.458161078333842 0.040051440051966
0.452945843340743 0.040363948149043
0.447735768366173 0.040669972012757
0.442531424753567 0.040969344063643
0.437333383217848 0.041261894121383
0.432142213782848 0.041547460940388
0.426958485718794 0.041825900617616
0.421782767479885 0.042097139563910
0.416615626641949 0.042361126533169
0.411457629840209 0.042617810516922
0.406309342707138 0.042867147868286
0.401171329810437 0.043109068955468
0.396044154591120 0.043343453946311
0.390928379301729 0.043570176499175
0.385824564944672 0.043789117584047
0.380733271210710 0.044000165398054
0.375655056417573 0.044203256564463
0.370590477448740 0.044398380174777
0.365540089692367 0.044585533253769
0.360504446980385 0.044764716006698
0.355484101527764 0.044935912710817
0.350479603871957 0.045098978705329
0.345491502812526 0.045253721929152
0.340520345350965 0.045399955774552
0.335566676630708 0.045537505301357
0.330631039877354 0.045666264447836
0.325713976339092 0.045786254301264
0.320816025227350 0.045897514759006
0.315937723657661 0.046000089532838
0.311079606590766 0.046094001155716
0.306242206773949 0.046179072392146
0.301426054682610 0.046255040130770
0.296631678462100 0.046321653614702
0.291859603869799 0.046378679289975
0.287110354217464 0.046426044037411
0.282384450313836 0.046463869904690
0.277682410407536 0.046492293672046
0.273004750130227 0.046511455525542
0.268351982440069 0.046521396591949
0.263724617565473 0.046521908492329
0.259123162949143 0.046512758021652
0.254548123192430 0.046493728184492
0.250000000000000 0.046464670451329
0.245479292124815 0.046425646397265
0.240986495313435 0.046376771075870
0.236522102251661 0.046318164909245
0.232086602510502 0.046249899354946
0.227680482492487 0.046171839799066
0.223304225378328 0.046083814767132
0.218958311073935 0.045985671926243
0.214643216157784 0.045877321864002
0.210359413828661 0.045758819572942
0.206107373853763 0.045630252356378
0.201887562517192 0.045491716911890
0.197700442568813 0.045343255219577
0.193546473173512 0.045184830654360
0.189426109860845 0.045016416259204
0.185339804475081 0.044837996748309
0.181288005125655 0.044649530385916
0.177271156138025 0.044450971516625
0.173289698004947 0.044242291965800
0.169344067338174 0.044023496037167
0.165434696820571 0.043794628723661
0.161562015158670 0.043555756988740
0.157726447035656 0.043306952607652
0.153928413064797 0.043048221437698
0.150168329743317 0.042779551955766
0.146446609406726 0.042500959478403
0.142763660183598 0.042212495898118
0.139119885950819 0.041914246067533
0.135515686289294 0.041606309332164
0.131951456440133 0.041288695605180
0.128427587261303 0.040961271766276
0.124944465184770 0.040623940816304
0.121502472174122 0.040276703072783
0.118101985682679 0.039919703065180
0.114743378612105 0.039553112981073
0.111427019271515 0.039177035930630
0.108153271337080 0.038791487090205
0.104922493812155 0.038396505931737
0.101735040987902 0.037992033950979
0.098591262404443 0.037577953789881
0.095491502812526 0.037154194833457
0.092436102135723 0.036720734348819
0.089425395433148 0.036277594713819
0.086459712862719 0.035824814944663
0.083539379644950 0.035362398166846
0.080664716027288 0.034890387358536
0.077836037248993 0.034408819568096
0.075053653506568 0.033917759889649
0.072317869919747 0.033417249596757
0.069628986498028 0.032907203434656
0.066987298107781 0.032387567016197
0.064393094439905 0.031858215968548
0.061846659978068 0.031319048107862
0.059348273967504 0.030770048121429
0.056898210384393 0.030211292148194
0.054496737905816 0.029642924276287
0.052144119880294 0.029065130838666
0.049840614298903 0.028478187721710
0.047586473766990 0.027882400859882
0.045381945476466 0.027278106883352
0.043227271178700 0.026665294150770
0.041122687158010 0.026043961334908
0.039068424205750 0.025414327504152
0.037064707595003 0.024776743633247
0.035111757055874 0.024131501543749
0.033209786751399 0.023478896912752
0.031359005254054 0.022819085068280
0.029559615522887 0.022152319940133
0.027811814881260 0.021479157421748
0.026115794995207 0.020800211110426
0.024471741852423 0.020116018255110
0.022879835741862 0.019426864401248
0.021340251233966 0.018732701768751
0.019853157161529 0.018033779514978
0.018418716601171 0.017330666277637
0.017037086855466 0.016624253852199
0.015708419435685 0.015915286807349
0.014432860045182 0.015203898355077
0.013210548563420 0.014490359924664
0.012041619030626 0.013775189949374
0.010926199633097 0.013059520528665
0.009864412689139 0.012344415656790
0.008856374635656 0.011630648847774
0.007902196015379 0.010918388874748
0.007001981464748 0.010208266544227
0.006155829702431 0.009501702954971
0.005363833518506 0.008800013501158
0.004626079764278 0.008103754377911
0.003942649342761 0.007413349940796
0.003313617199802 0.006730620293191
0.002739052315863 0.006056771354587
0.002219017698460 0.005392183845944
0.001753570375248 0.004737345662327
0.001342761387771 0.004094556002664
0.000986635785864 0.003463783720012
0.000685232622713 0.002845136872188
0.000438584950571 0.002240590621601
0.000246719817134 0.001651389029057
0.000109658262577 0.001078435251417
0.000027415317244 0.000527294296478
0.000000000000000 0.000000000000000
0.000027415317244 -0.000503842228415
0.000109658262577 -0.000989921343841
0.000246719817134 -0.001457404103432
0.000438584950571 -0.001900760783601
0.000685232622713 -0.002324163358917
0.000986635785864 -0.002731434247563
0.001342761387771 -0.003121928791599
0.001753570375248 -0.003495171465474
0.002219017698460 -0.003854262662966
0.002739052315863 -0.004205338852105
0.003313617199802 -0.004552912609723
0.003942649342761 -0.004897023128442
0.004626079764278 -0.005237013025842
0.005363833518506 -0.005572974255444
0.006155829702431 -0.005905766702688
0.007001981464748 -0.006234440118982
0.007902196015379 -0.006558552170112
0.008856374635656 -0.006878977074324
0.009864412689139 -0.007195656839684
0.010926199633097 -0.007507965384916
0.012041619030626 -0.007815038824852
0.013210548563420 -0.008116793539930
0.014432860045182 -0.008413364651154
0.015708419435684 -0.008704596835166
0.017037086855466 -0.008990038029215
0.018418716601171 -0.009269357562538
0.019853157161528 -0.009542658807121
0.021340251233966 -0.009810409215473
0.022879835741862 -0.010073127251971
0.024471741852423 -0.010330494188378
0.026115794995207 -0.010582055031698
0.027811814881259 -0.010827484945726
0.029559615522887 -0.011066650957227
0.031359005254054 -0.011299569493472
0.033209786751399 -0.011526206747594
0.035111757055874 -0.011746471910519
0.037064707595003 -0.011960076469403
0.039068424205750 -0.012166820107272
0.041122687158009 -0.012366673297038
0.043227271178699 -0.012559667273189
0.045381945476466 -0.012745879031102
0.047586473766990 -0.012925238359673
0.049840614298903 -0.013097591082467
0.052144119880293 -0.013262892748526
0.054496737905816 -0.013421199826460
0.056898210384393 -0.013572563713556
0.059348273967504 -0.013717048341027
0.061846659978068 -0.013854673830101
0.064393094439905 -0.013985441833682
0.066987298107781 -0.014109427971921
0.069628986498028 -0.014226791180941
0.072317869919747 -0.014337672128853
0.075053653506568 -0.014442147772835
0.077836037248992 -0.014540338160763
0.080664716027288 -0.014632431661544
0.083539379644950 -0.014718646147342
0.086459712862719 -0.014799010248964
0.089425395433148 -0.014873462674580
0.092436102135723 -0.014941957234808
0.095491502812526 -0.015004459407198
0.098591262404443 -0.015060971740133
0.101735040987902 -0.015111608022984
0.104922493812155 -0.015156546829461
0.108153271337080 -0.015195938667557
0.111427019271514 -0.015229852016813
0.114743378612105 -0.015258360607013
0.118101985682679 -0.015281457029570
0.121502472174122 -0.015299072129704
0.124944465184770 -0.015311167667228
0.128427587261303 -0.015317857346612
0.131951456440133 -0.015319332993652
0.135515686289294 -0.015315792213223
0.139119885950819 -0.015307365322365
0.142763660183598 -0.015294177957960
0.146446609406726 -0.015276359731341
0.150168329743317 -0.015253997928829
0.153928413064796 -0.015227179439409
0.157726447035656 -0.015196005188296
0.161562015158669 -0.015160590879507
0.165434696820571 -0.015121066781478
0.169344067338174 -0.015077573941147
0.173289698004947 -0.015030227106867
0.177271156138025 -0.014979130065045
0.181288005125655 -0.014924396217784
0.185339804475081 -0.014866116815810
0.189426109860845 -0.014804346336710
0.193546473173511 -0.014739142512017
0.197700442568812 -0.014670581659840
0.201887562517192 -0.014598797999479
0.206107373853763 -0.014523950856685
0.210359413828660 -0.014446210514108
0.214643216157784 -0.014365724547880
0.218958311073935 -0.014282602386813
0.223304225378328 -0.014196956540912
0.227680482492486 -0.014108909677487
0.232086602510501 -0.014018611359683
0.236522102251661 -0.013926233430968
0.240986495313435 -0.013831956594069
0.245479292124814 -0.013735967274347
0.250000000000000 -0.013638446422526
0.254548123192429 -0.013539577437067
0.259123162949142 -0.013439550843147
0.263724617565473 -0.013338532317926
0.268351982440069 -0.013236516274297
0.273004750130227 -0.013133435805983
0.277682410407536 -0.013029221796526
0.282384450313836 -0.012923822923403
0.287110354217464 -0.012817322941235
0.291859603869799 -0.012709867832738
0.296631678462100 -0.012601607350510
0.301426054682609 -0.012492688547213
0.306242206773948 -0.012383160875173
0.311079606590766 -0.012272999515380
0.315937723657661 -0.012162178741300
0.320816025227350 -0.012050670604741
0.325713976339092 -0.011938498228747
0.330631039877354 -0.011825769566491
0.335566676630708 -0.011712602378760
0.340520345350965 -0.011599116431917
0.345491502812526 -0.011485431324693
0.350479603871956 -0.011371650265482
0.355484101527764 -0.011257870885702
0.360504446980385 -0.011144193517809
0.365540089692367 -0.011030717492198
0.370590477448739 -0.010917470725098
0.375655056417572 -0.010804379627027
0.380733271210709 -0.010691361686298
0.385824564944672 -0.010578331430197
0.390928379301728 -0.010465219576237
0.396044154591120 -0.010352091901360
0.401171329810437 -0.010239083123984
0.406309342707137 -0.010126330002145
0.411457629840208 -0.010013969429545
0.416615626641949 -0.009902108195347
0.421782767479884 -0.009790749634777
0.426958485718794 -0.009679879158016
0.432142213782848 -0.009569479920416
0.437333383217848 -0.009459534244753
0.442531424753567 -0.009349957240030
0.447735768366173 -0.009240563456463
0.452945843340743 -0.009131158040996
0.458161078333842 -0.009021545292975
0.463380901436184 -0.008911536757658
0.468604740235343 -0.008801102287663
0.473832021878528 -0.008690344681731
0.479062173135400 -0.008579372270135
0.484294620460935 -0.008468292663096
0.489528790058321 -0.008357205333198
0.494764107941877 -0.008246127059383
0.500000000000000 -0.008135033705824
0.505235892058122 -0.008023901366379
0.510471209941678 -0.007912705128492
0.515705379539064 -0.007801424448880
0.520937826864600 -0.007690052379638
0.526167978121472 -0.007578587360423
0.531395259764656 -0.007467028181613
0.536619098563816 -0.007355372827196
0.541838921666157 -0.007243637494293
0.547054156659257 -0.007131885313667
0.552264231633827 -0.007020186952523
0.557468575246433 -0.006908612743394
0.562666616782152 -0.006797231835694
0.567857786217152 -0.006686086935385
0.573041514281206 -0.006575183465728
0.578217232520115 -0.006464522513532
0.583384373358051 -0.006354106627092
0.588542370159791 -0.006243936580218
0.593690657292862 -0.006134011213605
0.598828670189563 -0.006024326281969
0.603955845408879 -0.005914877727105
0.609071620698271 -0.005805661753613
0.614175435055328 -0.005696682120549
0.619266728789290 -0.005587976451206
0.624344943582427 -0.005479591072849
0.629409522551260 -0.005371572111573
0.634459910307633 -0.005263965023549
0.639495553019614 -0.005156792808751
0.644515898472235 -0.005050045900817
0.649520396128043 -0.004943712902691
0.654508497187474 -0.004837782272191
0.659479654649035 -0.004732258444784
0.664433323369291 -0.004627235535929
0.669368960122646 -0.004522841422376
0.674286023660907 -0.004419203035789
0.679183974772650 -0.004316438547326
0.684062276342339 -0.004214545695681
0.688920393409233 -0.004113382712214
0.693757793226051 -0.004012803917206
0.698573945317390 -0.003912667598618
0.703368321537900 -0.003812878901767
0.708140396130200 -0.003713460624041
0.712889645782536 -0.003614454251189
0.717615549686163 -0.003515899447265
0.722317589592464 -0.003417858446508
0.726995249869773 -0.003320494686789
0.731648017559930 -0.003223995272191
0.736275382434527 -0.003128541588676
0.740876837050857 -0.003034258507866
0.745451876807570 -0.002941002083730
0.750000000000000 -0.002848543496612
0.754520707875185 -0.002756662476147
0.759013504686565 -0.002665207275609
0.763477897748338 -0.002574295592396
0.767913397489498 -0.002484111392409
0.772319517507513 -0.002394832812541
0.776695774621672 -0.002306570945876
0.781041688926065 -0.002219289227014
0.785356783842216 -0.002132930244314
0.789640586171339 -0.002047440201397
0.793892626146236 -0.001962793684184
0.798112437482808 -0.001878992218390
0.802299557431187 -0.001796039488477
0.806453526826488 -0.001714010422918
0.810573890139155 -0.001633316896377
0.814660195524918 -0.001554449087454
0.818711994874345 -0.001477856509295
0.822728843861975 -0.001403620880788
0.826710301995052 -0.001331497465198
0.830655932661826 -0.001261241209340
0.834565303179429 -0.001192690699033
0.838437984841330 -0.001125840440870
0.842273552964344 -0.001060702072696
0.846071586935203 -0.000997335905894
0.849831670256683 -0.000935968518036
0.853553390593274 -0.000876847096753
0.857236339816401 -0.000820072036876
0.860880114049181 -0.000765217793865
0.864484313710706 -0.000711752098406
0.868048543559867 -0.000659403221856
0.871572412738697 -0.000608689648561
0.875055534815230 -0.000560256038572
0.878497527825878 -0.000514478947330
0.881898014317321 -0.000471235757778
0.885256621387894 -0.000430346452679
0.888572980728485 -0.000391577682440
0.891846728662920 -0.000354646750654
0.895077506187845 -0.000319310362722
0.898264959012098 -0.000285496235766
0.901408737595557 -0.000253194343636
0.904508497187474 -0.000222405587081
0.907563897864277 -0.000193148500465
0.910574604566852 -0.000165450624649
0.913540287137281 -0.000139404028366
0.916460620355049 -0.000115112730010
0.919335283972712 -0.000092619202752
0.922163962751007 -0.000071910519065
0.924946346493432 -0.000052950535221
0.927682130080253 -0.000035666136348
0.930371013501972 -0.000019979279126
0.933012701892219 -0.000005806572536
0.935606905560095 0.000006941759066
0.938153340021932 0.000018393782230
0.940651726032496 0.000028685253103
0.943101789615607 0.000037953793390
0.945503262094184 0.000046318501833
0.947855880119706 0.000053804285300
0.950159385701097 0.000060390339528
0.952413526233010 0.000065994182372
0.954618054523534 0.000070527080931
0.956772728821300 0.000073924047138
0.958877312841991 0.000076152001400
0.960931575794250 0.000077227025633
0.962935292404997 0.000077284777724
0.964888242944126 0.000076585398053
0.966790213248601 0.000075351335240
0.968640994745946 0.000073768423963
0.970440384477113 0.000072001556313
0.972188185118740 0.000070196939681
0.973884205004793 0.000068471995971
0.975528258147577 0.000066823185282
0.977120164258138 0.000065191473276
0.978659748766034 0.000063519524359
0.980146842838471 0.000061762648422
0.981581283398829 0.000059888160138
0.982962913144534 0.000057872471438
0.984291580564316 0.000055701003498
0.985567139954818 0.000053367217233
0.986789451436580 0.000050871727266
0.987958380969374 0.000048221643469
0.989073800366903 0.000045429537285
0.990135587310861 0.000042512807563
0.991143625364344 0.000039492973511
0.992097803984621 0.000036394840755
0.992998018535252 0.000033245909599
0.993844170297569 0.000030075809165
0.994636166481494 0.000026915423554
0.995373920235722 0.000023796647338
0.996057350657239 0.000020751320266
0.996686382800198 0.000017811373573
0.997260947684137 0.000015007877690
0.997780982301540 0.000012370663050
0.998246429624752 0.000009927979054
0.998657238612229 0.000007706225642
0.999013364214136 0.000005729409754
0.999314767377287 0.000004018816569
0.999561415049429 0.000002593180357
0.999753280182866 0.000001468045596
0.999890341737423 0.000000655426163
0.999972584682756 0.000000164299071
1.000000000000000 0.000000000000000
