1.000000000000000 0.000000000000000
0.999972584682756 0.000010336853555
0.999890341737423 0.000041354607079
0.999753280182866 0.000093016924626
0.999561415049429 0.000165295449075
0.999314767377287 0.000258131242783
0.999013364214136 0.000371454154456
0.998657238612229 0.000505189292228
0.998246429624752 0.000659231455168
0.997780982301540 0.000833470906035
0.997260947684137 0.001027787046091
0.996686382800198 0.001242023055490
0.996057350657239 0.001476030738054
0.995373920235722 0.001729645114389
0.994636166481494 0.002002671990769
0.993844170297569 0.002294919890904
0.992998018535252 0.002606181207530
0.992097803984621 0.002936232474622
0.991143625364344 0.003284834662697
0.990135587310861 0.003651739724540
0.989073800366903 0.004036690824617
0.987958380969374 0.004439416392661
0.986789451436580 0.004859630487129
0.985567139954818 0.005297045446140
0.984291580564316 0.005751353712117
0.982962913144534 0.006222240532251
0.981581283398829 0.006709384256396
0.980146842838472 0.007212450619174
0.978659748766034 0.007731099186413
0.977120164258138 0.008264983678559
0.975528258147577 0.008813746375048
0.973884205004793 0.009377024498691
0.972188185118741 0.009954444703794
0.970440384477113 0.010545629433946
0.968640994745946 0.011150191478007
0.966790213248601 0.011767751798606
0.964888242944126 0.012397910948124
0.962935292404997 0.013040272705009
0.960931575794250 0.013694438668337
0.958877312841991 0.014360002996003
0.956772728821300 0.015036553039111
0.954618054523534 0.015723691997898
0.952413526233010 0.016420994875571
0.950159385701097 0.017128053442116
0.947855880119706 0.017844459772618
0.945503262094184 0.018569796033785
0.943101789615607 0.019303651128449
0.940651726032496 0.020045610503738
0.938153340021932 0.020795261828173
0.935606905560095 0.021552205941365
0.933012701892219 0.022316025819805
0.930371013501972 0.023086318613279
0.927682130080253 0.023862685286648
0.924946346493432 0.024644731232022
0.922163962751008 0.025432056599147
0.919335283972712 0.026224281735473
0.916460620355050 0.027021017782569
0.913540287137281 0.027821886813080
0.910574604566852 0.028626517529165
0.907563897864277 0.029434549883276
0.904508497187474 0.030245612425737
0.901408737595557 0.031059364658933
0.898264959012098 0.031875459900504
0.895077506187845 0.032693560012728
0.891846728662920 0.033513339731940
0.888572980728485 0.034334474134564
0.885256621387895 0.035156656387512
0.881898014317321 0.035979584697211
0.878497527825878 0.036802963252983
0.875055534815230 0.037626518959338
0.871572412738697 0.038449972273510
0.868048543559867 0.039273067318089
0.864484313710706 0.040095546407129
0.860880114049181 0.040917179838892
0.857236339816402 0.041737729117666
0.853553390593274 0.042556983358728
0.849831670256683 0.043374735888229
0.846071586935203 0.044190792317478
0.842273552964344 0.045004974112247
0.838437984841330 0.045817104012482
0.834565303179429 0.046627036426892
0.830655932661826 0.047434619422086
0.826710301995053 0.048239718339098
0.822728843861975 0.049042223059675
0.818711994874345 0.049842025473525
0.814660195524919 0.050639026887625
0.810573890139155 0.051433151584275
0.806453526826488 0.052224329794886
0.802299557431188 0.053012505419763
0.798112437482808 0.053797640382616
0.793892626146237 0.054579716806521
0.789640586171339 0.055358723975483
0.785356783842216 0.056134663032710
0.781041688926065 0.056907530298640
0.776695774621672 0.057677327741666
0.772319517507513 0.058444070699953
0.767913397489498 0.059207831630470
0.763477897748339 0.059968747465041
0.759013504686565 0.060726988954085
0.754520707875186 0.061482719771691
0.750000000000000 0.062235838024096
0.745451876807570 0.062985935151946
0.740876837050858 0.063732593448309
0.736275382434527 0.064475373528621
0.731648017559931 0.065213700861504
0.726995249869773 0.065946851547643
0.722317589592464 0.066674084195119
0.717615549686164 0.067394646845934
0.712889645782536 0.068107805751248
0.708140396130201 0.068812850541498
0.703368321537900 0.069509065506802
0.698573945317390 0.070195732750184
0.693757793226052 0.070872113381740
0.688920393409234 0.071537453147223
0.684062276342339 0.072190983629777
0.679183974772650 0.072831933027453
0.674286023660908 0.073459525938361
0.669368960122646 0.074072994013785
0.664433323369292 0.074671580642917
0.659479654649035 0.075254519062315
0.654508497187474 0.075821048478040
0.649520396128043 0.076370756966436
0.644515898472236 0.076903847133736
0.639495553019615 0.077420593705875
0.634459910307633 0.077921288978228
0.629409522551260 0.078406230435245
0.624344943582428 0.078875722641252
0.619266728789291 0.079330071163073
0.614175435055328 0.079769595838289
0.609071620698271 0.080194630201874
0.603955845408880 0.080605519156962
0.598828670189563 0.081002637555643
0.593690657292862 0.081386373793206
0.588542370159792 0.081757126074531
0.583384373358051 0.082115306015228
0.578217232520115 0.082461311086585
0.573041514281206 0.082795507688727
0.567857786217152 0.083118264642639
0.562666616782152 0.083429959914399
0.557468575246433 0.083730972512029
0.552264231633827 0.084021417969462
0.547054156659257 0.084301076954022
0.541838921666158 0.084569710298107
0.536619098563816 0.084827085890272
0.531395259764657 0.085072975875328
0.526167978121472 0.085307188490169
0.520937826864600 0.085529567450541
0.515705379539064 0.085739961887209
0.510471209941678 0.085938226047880
0.505235892058123 0.086124215601013
0.500000000000000 0.086297745984685
0.494764107941877 0.086458605171020
0.489528790058322 0.086606586234235
0.484294620460936 0.086741485817421
0.479062173135400 0.086863125284252
0.473832021878528 0.086971516490266
0.468604740235343 0.087066789747602
0.463380901436184 0.087149082656223
0.458161078333842 0.087218537517725
0.452945843340743 0.087275331613899
0.447735768366173 0.087319906208851
0.442531424753567 0.087352833365081
0.437333383217848 0.087374687158849
0.432142213782848 0.087386042465557
0.426958485718794 0.087387459729893
0.421782767479885 0.087379411397764
0.416615626641949 0.087362337223153
0.411457629840209 0.087336676758055
0.406309342707138 0.087302869242030
0.401171329810437 0.087261390982699
0.396044154591120 0.087212868126297
0.390928379301729 0.087157959288191
0.385824564944672 0.087097318391897
0.380733271210710 0.087031591029440
0.375655056417573 0.086961046373462
0.370590477448740 0.086885137455864
0.365540089692367 0.086803220839228
0.360504446980385 0.086714666499667
0.355484101527764 0.086618849987926
0.350479603871957 0.086514907675946
0.345491502812526 0.086401725712293
0.340520345350965 0.086278203764704
0.335566676630708 0.086143270019778
0.330631039877354 0.085995897639563
0.325713976339092 0.085835194894245
0.320816025227350 0.085660342893849
0.315937723657661 0.085470548743014
0.311079606590766 0.085265049200183
0.306242206773949 0.085043048127778
0.301426054682610 0.084803681704450
0.296631678462100 0.084546106336329
0.291859603869799 0.084269512184926
0.287110354217464 0.083973192741288
0.282384450313836 0.083656891543687
0.277682410407536 0.083320541011490
0.273004750130227 0.082964086340965
0.268351982440069 0.082587512944399
0.263724617565473 0.082191166682936
0.259123162949143 0.081775723416356
0.254548123192430 0.081341870162363
0.250000000000000 0.080890285243000
0.245479292124815 0.080421595713553
0.240986495313435 0.079936334865067
0.236522102251661 0.079435034867094
0.232086602510502 0.078918227565393
0.227680482492487 0.078386454934867
0.223304225378328 0.077840281351380
0.218958311073935 0.077280273153869
0.214643216157784 0.076706992492374
0.210359413828661 0.076121003438446
0.206107373853763 0.075522870410159
0.201887562517192 0.074913153166388
0.197700442568813 0.074292412967357
0.193546473173512 0.073661174314670
0.189426109860845 0.073019941418898
0.185339804475081 0.072369208768024
0.181288005125655 0.071709439833056
0.177271156138025 0.071040826416022
0.173289698004947 0.070363475675390
0.169344067338174 0.069677514777323
0.165434696820571 0.068983086865660
0.161562015158670 0.068280356094068
0.157726447035656 0.067569500936062
0.153928413064797 0.066850734894319
0.150168329743317 0.066124356802173
0.146446609406726 0.065390721426666
0.142763660183598 0.064650158546683
0.139119885950819 0.063902658482831
0.135515686289294 0.063147962967653
0.131951456440133 0.062385846205545
0.128427587261303 0.061615916705360
0.124944465184770 0.060837591165664
0.121502472174122 0.060050335275963
0.118101985682679 0.059253738673982
0.114743378612105 0.058447514130292
0.111427019271515 0.057631459230629
0.108153271337080 0.056805405872179
0.104922493812155 0.055969216007439
0.101735040987902 0.055122824528962
0.098591262404443 0.054266269753394
0.095491502812526 0.053399706633327
0.092436102135723 0.052523280826409
0.089425395433148 0.051636726652411
0.086459712862719 0.050739645459938
0.083539379644950 0.049831693809114
0.080664716027288 0.048912532441879
0.077836037248993 0.047981895653104
0.075053653506568 0.047039386992622
0.072317869919747 0.046084562613145
0.069628986498028 0.045117529946666
0.066987298107781 0.044139621602816
0.064393094439905 0.043152519957577
0.061846659978068 0.042158952466954
0.059348273967504 0.041161998976481
0.056898210384393 0.040164463930759
0.054496737905816 0.039168841904462
0.052144119880294 0.038177655508773
0.049840614298903 0.037193528822623
0.047586473766990 0.036218588602569
0.045381945476466 0.035254058156100
0.043227271178700 0.034299921329641
0.041122687158010 0.033352954074695
0.039068424205750 0.032409877033129
0.037064707595003 0.031468080024138
0.035111757055874 0.030525314042098
0.033209786751399 0.029579337079881
0.031359005254054 0.028628076614964
0.029559615522887 0.027669493786340
0.027811814881260 0.026701692987332
0.026115794995207 0.025722811504048
0.024471741852423 0.024730655185088
0.022879835741862 0.023723052589096
0.021340251233966 0.022700118520037
0.019853157161529 0.021664552116768
0.018418716601171 0.020622199574973
0.017037086855466 0.019579923106979
0.015708419435685 0.018545062254913
0.014432860045182 0.017524911873453
0.013210548563420 0.016526095272734
0.012041619030626 0.015554458196669
0.010926199633097 0.014614289493636
0.009864412689139 0.013703672539508
0.008856374635656 0.012818894441955
0.007902196015379 0.011957360090552
0.007001981464748 0.011117175715461
0.006155829702431 0.010296975992961
0.005363833518506 0.009495664054732
0.004626079764278 0.008712490565773
0.003942649342761 0.007946808189581
0.003313617199802 0.007198023038786
0.002739052315863 0.006465847372184
0.002219017698460 0.005749844794809
0.001753570375248 0.005049740777023
0.001342761387771 0.004365305460060
0.000986635785864 0.003696380435710
0.000685232622713 0.003042764036551
0.000438584950571 0.002404311906324
0.000246719817134 0.001780901669164
0.000109658262577 0.001172419295282
0.000027415317244 0.000578901738004
0.000000000000000 0.000000000000000
0.000027415317244 -0.000564078446503
0.000109658262577 -0.001113631004216
0.000246719817134 -0.001648511164580
0.000438584950571 -0.002169286613609
0.000685232622713 -0.002680184879607
0.000986635785864 -0.003185404719926
0.001342761387771 -0.003685904233801
0.001753570375248 -0.004181350866836
0.002219017698460 -0.004670824952591
0.002739052315863 -0.005152986675479
0.003313617199802 -0.005626107409447
0.003942649342761 -0.006088121762424
0.004626079764278 -0.006536674841961
0.005363833518506 -0.006968812705375
0.006155829702431 -0.007381201529390
0.007001981464748 -0.007769729418357
0.007902196015379 -0.008129454900182
0.008856374635656 -0.008454191093001
0.009864412689139 -0.008736260659709
0.010926199633097 -0.008966010254663
0.012041619030626 -0.009128876714217
0.013210548563420 -0.009208256307087
0.014432860045182 -0.009194489947330
0.015708419435684 -0.009082006737094
0.017037086855466 -0.008872032108153
0.018418716601171 -0.008571676452187
0.019853157161528 -0.008195543757871
0.021340251233966 -0.007765941015130
0.022879835741862 -0.007315850554908
0.024471741852423 -0.006887159413745
0.026115794995207 -0.006500934609035
0.027811814881259 -0.006162186283675
0.029559615522887 -0.005867318515914
0.031359005254054 -0.005611017507343
0.033209786751399 -0.005388782067478
0.035111757055874 -0.005194939086248
0.037064707595003 -0.005022339126479
0.039068424205750 -0.004862838056891
0.041122687158009 -0.004707043622931
0.043227271178699 -0.004543742566682
0.045381945476466 -0.004360045050701
0.047586473766990 -0.004142284064827
0.049840614298903 -0.003877803372247
0.052144119880293 -0.003566424442498
0.054496737905816 -0.003213078688632
0.056898210384393 -0.002823010235168
0.059348273967504 -0.002402219000891
0.061846659978068 -0.001957657745899
0.064393094439905 -0.001497427328383
0.066987298107781 -0.001031997141877
0.069628986498028 -0.000573444546986
0.072317869919747 -0.000129271803917
0.075053653506568 0.000297563264468
0.077836037248992 0.000707124901785
0.080664716027288 0.001104744760119
0.083539379644950 0.001496573524640
0.086459712862719 0.001888297935038
0.089425395433148 0.002285848845999
0.092436102135723 0.002695361211081
0.095491502812526 0.003123236489098
0.098591262404443 0.003574566081829
0.101735040987902 0.004048746775273
0.104922493812155 0.004543816237063
0.108153271337080 0.005057975472553
0.111427019271514 0.005589644733147
0.114743378612105 0.006137059705854
0.118101985682679 0.006698153745501
0.121502472174122 0.007270617838243
0.124944465184770 0.007851945700116
0.128427587261303 0.008439429256334
0.131951456440133 0.009030175991990
0.135515686289294 0.009621160505958
0.139119885950819 0.010209349687108
0.142763660183598 0.010791558109430
0.146446609406726 0.011365765136750
0.150168329743317 0.011932424109115
0.153928413064796 0.012492338954700
0.157726447035656 0.013046317975455
0.161562015158669 0.013595071971690
0.165434696820571 0.014139360400346
0.169344067338174 0.014680023442803
0.173289698004947 0.015218120047788
0.177271156138025 0.015754814775909
0.181288005125655 0.016291319329466
0.185339804475081 0.016828541217130
0.189426109860845 0.017367186203431
0.193546473173511 0.017907996619066
0.197700442568812 0.018451377538262
0.201887562517192 0.018996913967089
0.206107373853763 0.019544059611143
0.210359413828660 0.020092258402432
0.214643216157784 0.020641058455538
0.218958311073935 0.021190085174121
0.223304225378328 0.021738959204173
0.227680482492486 0.022287279609839
0.232086602510501 0.022834595483707
0.236522102251661 0.023380432883041
0.240986495313435 0.023924302892225
0.245479292124814 0.024465721195363
0.250000000000000 0.025004202888512
0.254548123192429 0.025539261835626
0.259123162949142 0.026070401139012
0.263724617565473 0.026597100850781
0.268351982440069 0.027118803552084
0.273004750130227 0.027634935155988
0.277682410407536 0.028144908643686
0.282384450313836 0.028648205182161
0.287110354217464 0.029144547637141
0.291859603869799 0.029633704321385
0.296631678462100 0.030115449799973
0.301426054682609 0.030589568328555
0.306242206773948 0.031055903395179
0.311079606590766 0.031514327933339
0.315937723657661 0.031964716248445
0.320816025227350 0.032406947244537
0.325713976339092 0.032840897473484
0.330631039877354 0.033266444602715
0.335566676630708 0.033683464328634
0.340520345350965 0.034091841733224
0.345491502812526 0.034491459844944
0.350479603871956 0.034882189267473
0.355484101527764 0.035263904814494
0.360504446980385 0.035636481399435
0.365540089692367 0.035999806062247
0.370590477448739 0.036353834030663
0.375655056417572 0.036698585163092
0.380733271210709 0.037034088719632
0.385824564944672 0.037360376594268
0.390928379301728 0.037677512554514
0.396044154591120 0.037985675115841
0.401171329810437 0.038285087190283
0.406309342707137 0.038575977777255
0.411457629840208 0.038858583999801
0.416615626641949 0.039133132672485
0.421782767479884 0.039399825122940
0.426958485718794 0.039658863153133
0.432142213782848 0.039910456531654
0.437333383217848 0.040154819842137
0.442531424753567 0.040392215041354
0.447735768366173 0.040622957278688
0.452945843340743 0.040847368328760
0.458161078333842 0.041065776001265
0.463380901436184 0.041278490778350
0.468604740235343 0.041485565099535
0.473832021878528 0.041686874950343
0.479062173135400 0.041882292843661
0.484294620460935 0.042071696826239
0.489528790058321 0.042254941408675
0.494764107941877 0.042431722831633
0.500000000000000 0.042601665459525
0.505235892058122 0.042764397919747
0.510471209941678 0.042919551223602
0.515705379539064 0.043066769637286
0.520937826864600 0.043205744133053
0.526167978121472 0.043336182695976
0.531395259764656 0.043457796407638
0.536619098563816 0.043570302302486
0.541838921666157 0.043673415118826
0.547054156659257 0.043766835666724
0.552264231633827 0.043850266912490
0.557468575246433 0.043923417824444
0.562666616782152 0.043986005446472
0.567857786217152 0.044037836339504
0.573041514281206 0.044078858927974
0.578217232520115 0.044109039436528
0.583384373358051 0.044128349332227
0.588542370159791 0.044136765739101
0.593690657292862 0.044134280495974
0.598828670189563 0.044120898778746
0.603955845408879 0.044096631302863
0.609071620698271 0.044061493940345
0.614175435055328 0.044015506950386
0.619266728789290 0.043958691406573
0.624344943582427 0.043891071846603
0.629409522551260 0.043812678429148
0.634459910307633 0.043723545476490
0.639495553019614 0.043623718166564
0.644515898472235 0.043513251430669
0.649520396128043 0.043392207924271
0.654508497187474 0.043260655001712
0.659479654649035 0.043118651968535
0.664433323369291 0.042966106204259
0.669368960122646 0.042802834871180
0.674286023660907 0.042628665858396
0.679183974772650 0.042443436904025
0.684062276342339 0.042246992785766
0.688920393409233 0.042039182097591
0.693757793226051 0.041819861173039
0.698573945317390 0.041588902869399
0.703368321537900 0.041346190547686
0.708140396130200 0.041091627222374
0.712889645782536 0.040825130870951
0.717615549686163 0.040546632291598
0.722317589592464 0.040256071518956
0.726995249869773 0.039953385485294
0.731648017559930 0.039638512651718
0.736275382434527 0.039311403345824
0.740876837050857 0.038972028121488
0.745451876807570 0.038620437401050
0.750000000000000 0.038256739718192
0.754520707875185 0.037881050699906
0.759013504686565 0.037493520486906
0.763477897748338 0.037094507948308
0.767913397489498 0.036684502162455
0.772319517507513 0.036263996877131
0.776695774621672 0.035833477761611
0.781041688926065 0.035393387196931
0.785356783842216 0.034944158098965
0.789640586171339 0.034486216813490
0.793892626146236 0.034019997762704
0.798112437482808 0.033545934832749
0.802299557431187 0.033064464518271
0.806453526826488 0.032576020138678
0.810573890139155 0.032081028368009
0.814660195524918 0.031579911294987
0.818711994874345 0.031073086853351
0.822728843861975 0.030560973335724
0.826710301995052 0.030043979902652
0.830655932661826 0.029522514757637
0.834565303179429 0.028996982321816
0.838437984841330 0.028467783013656
0.842273552964344 0.027935313695165
0.846071586935203 0.027399962603508
0.849831670256683 0.026862117580610
0.853553390593274 0.026322158295083
0.857236339816401 0.025780464587406
0.860880114049181 0.025237406015897
0.864484313710706 0.024693347631233
0.868048543559867 0.024148657926426
0.871572412738697 0.023603686306525
0.875055534815230 0.023058786374481
0.878497527825878 0.022514306221648
0.881898014317321 0.021970584069633
0.885256621387894 0.021427956158347
0.888572980728485 0.020886752497074
0.891846728662920 0.020347297408414
0.895077506187845 0.019809905957752
0.898264959012098 0.019274895524666
0.901408737595557 0.018742571184359
0.904508497187474 0.018213235325550
0.907563897864277 0.017687182120980
0.910574604566852 0.017164704533858
0.913540287137281 0.016646085259630
0.916460620355049 0.016131601907267
0.919335283972712 0.015621527997165
0.922163962751007 0.015116130342317
0.924946346493432 0.014615670393269
0.927682130080253 0.014120402129297
0.930371013501972 0.013630576836336
0.933012701892219 0.013146437925562
0.935606905560095 0.012668225730108
0.938153340021932 0.012196170089389
0.940651726032496 0.011730495606847
0.943101789615607 0.011271426115098
0.945503262094184 0.010819178080860
0.947855880119706 0.010373960484916
0.950159385701097 0.009935977388778
0.952413526233010 0.009505425651616
0.954618054523534 0.009082497834969
0.956772728821300 0.008667386830207
0.958877312841991 0.008260267553219
0.960931575794250 0.007861321882705
0.962935292404997 0.007470721224610
0.964888242944126 0.007088631249610
0.966790213248601 0.006715212680434
0.968640994745946 0.006350619272517
0.970440384477113 0.005995002946397
0.972188185118740 0.005648509621964
0.973884205004793 0.005311282270458
0.975528258147577 0.004983448850922
0.977120164258138 0.004665145789820
0.978659748766034 0.004356501631655
0.980146842838471 0.004057629151910
0.981581283398829 0.003768648990059
0.982962913144534 0.003489670437481
0.984291580564316 0.003220804134337
0.985567139954818 0.002962147357224
0.986789451436580 0.002713797479623
0.987958380969374 0.002475852314483
0.989073800366903 0.002248394008800
0.990135587310861 0.002031510137145
0.991143625364344 0.001825280045930
0.992097803984621 0.001629772762524
0.992998018535252 0.001445068627044
0.993844170297569 0.001271231292063
0.994636166481494 0.001108316796392
0.995373920235722 0.000956392320233
0.996057350657239 0.000815505680395
0.996686382800198 0.000685707154095
0.997260947684137 0.000567046311539
0.997780982301540 0.000459557789884
0.998246429624752 0.000363286856467
0.998657238612229 0.000278258955625
0.999013364214136 0.000204511082366
0.999314767377287 0.000142066206109
0.999561415049429 0.000090948487587
0.999753280182866 0.000051168017545
0.999890341737423 0.000022744166626
0.999972584682756 0.000005686361256
1.000000000000000 0.000000000000000
