1.000000000000000 0.000000000000000
0.999972584682756 -0.000001069852770
0.999890341737423 -0.000004212739928
0.999753280182866 -0.000009235376330
0.999561415049429 -0.000015823017308
0.999314767377287 -0.000023551744722
0.999013364214136 -0.000031905749191
0.998657238612229 -0.000040300359275
0.998246429624752 -0.000048108014587
0.997780982301540 -0.000054689221282
0.997260947684137 -0.000059430165063
0.996686382800198 -0.000061781847755
0.996057350657239 -0.000061306322578
0.995373920235722 -0.000057725737575
0.994636166481494 -0.000050976711837
0.993844170297569 -0.000041268175913
0.992998018535252 -0.000029143864712
0.992097803984621 -0.000015551841151
0.991143625364344 -0.000001903840542
0.990135587310861 0.000009820858612
0.989073800366903 0.000017016865512
0.987958380969374 0.000016513004476
0.986789451436580 0.000003782962851
0.985567139954818 -0.000025006609601
0.984291580564316 -0.000069420948923
0.982962913144534 -0.000125397037854
0.981581283398829 -0.000186484004557
0.980146842838472 -0.000245759392385
0.978659748766034 -0.000300763388301
0.977120164258138 -0.000351128677960
0.975528258147577 -0.000397243220550
0.973884205004793 -0.000439615550836
0.972188185118741 -0.000478315217693
0.970440384477113 -0.000512569889776
0.968640994745946 -0.000541167803099
0.966790213248601 -0.000562588193724
0.964888242944126 -0.000575102251861
0.962935292404997 -0.000577305748388
0.960931575794250 -0.000568321170911
0.958877312841991 -0.000547795539378
0.956772728821300 -0.000515674397041
0.954618054523534 -0.000471879223891
0.952413526233010 -0.000416385416232
0.950159385701097 -0.000349254335439
0.947855880119706 -0.000270603623141
0.945503262094184 -0.000180585934820
0.943101789615607 -0.000079489717110
0.940651726032496 0.000032245494602
0.938153340021932 0.000154270906536
0.935606905560095 0.000286397487218
0.933012701892219 0.000428533590826
0.930371013501972 0.000580733137906
0.927682130080253 0.000742969886207
0.924946346493432 0.000915095358745
0.922163962751008 0.001097064418218
0.919335283972712 0.001289201487252
0.916460620355050 0.001491909451845
0.913540287137281 0.001705661572902
0.910574604566852 0.001930969849315
0.907563897864277 0.002168371291419
0.904508497187474 0.002418435062011
0.901408737595557 0.002681784343064
0.898264959012098 0.002959149695736
0.895077506187845 0.003251301390598
0.891846728662920 0.003559056185725
0.888572980728485 0.003883267137394
0.885256621387895 0.004224665317912
0.881898014317321 0.004583591893027
0.878497527825878 0.004960319747418
0.875055534815230 0.005355079558645
0.871572412738697 0.005768071253324
0.868048543559867 0.006199466532822
0.864484313710706 0.006649397521250
0.860880114049181 0.007117954428950
0.857236339816402 0.007605203458608
0.853553390593274 0.008111167030644
0.849831670256683 0.008635835189628
0.846071586935203 0.009179171467693
0.842273552964344 0.009741128442572
0.838437984841330 0.010321632157249
0.834565303179429 0.010920584926282
0.830655932661826 0.011537840347743
0.826710301995053 0.012173213096235
0.822728843861975 0.012826492673180
0.818711994874345 0.013497559364072
0.814660195524919 0.014186357717101
0.810573890139155 0.014892809535722
0.806453526826488 0.015616841730811
0.802299557431188 0.016358388510344
0.798112437482808 0.017117373602927
0.793892626146237 0.017893718113252
0.789640586171339 0.018687473559624
0.785356783842216 0.019498724551870
0.781041688926065 0.020327551913229
0.776695774621672 0.021174025024105
0.772319517507513 0.022038181305035
0.767913397489498 0.022920058913335
0.763477897748339 0.023819672256838
0.759013504686565 0.024736957410043
0.754520707875186 0.025671776824890
0.750000000000000 0.026623980758608
0.745451876807570 0.027593413704624
0.740876837050858 0.028579965980777
0.736275382434527 0.029583563628083
0.731648017559931 0.030604099249150
0.726995249869773 0.031641476212015
0.722317589592464 0.032695552745593
0.717615549686164 0.033766174039554
0.712889645782536 0.034853178185499
0.708140396130201 0.035956362702222
0.703368321537900 0.037075382877643
0.698573945317390 0.038209801298751
0.693757793226052 0.039359179256384
0.688920393409234 0.040523025722166
0.684062276342339 0.041700636784762
0.679183974772650 0.042891136857294
0.674286023660908 0.044093607876075
0.669368960122646 0.045307106120633
0.664433323369292 0.046530670296252
0.659479654649035 0.047763299592501
0.654508497187474 0.049003965778447
0.649520396128043 0.050251614507130
0.644515898472236 0.051505285779982
0.639495553019615 0.052764450323164
0.634459910307633 0.054028721233743
0.629409522551260 0.055297706452186
0.624344943582428 0.056570990693536
0.619266728789291 0.057847864067328
0.614175435055328 0.059127253646544
0.609071620698271 0.060408069212192
0.603955845408880 0.061689186472227
0.598828670189563 0.062969501761871
0.593690657292862 0.064248023781220
0.588542370159792 0.065523782067314
0.583384373358051 0.066795805656834
0.578217232520115 0.068063126352214
0.573041514281206 0.069324734270771
0.567857786217152 0.070579512125780
0.562666616782152 0.071826355367254
0.557468575246433 0.073064134346609
0.552264231633827 0.074291725579521
0.547054156659257 0.075507503973124
0.541838921666158 0.076709315140084
0.536619098563816 0.077894985147833
0.531395259764657 0.079062340947692
0.526167978121472 0.080209243501742
0.520937826864600 0.081333822159665
0.515705379539064 0.082434367385780
0.510471209941678 0.083509198957665
0.505235892058123 0.084556661404185
0.500000000000000 0.085575158165320
0.494764107941877 0.086563423621295
0.489528790058322 0.087520358815260
0.484294620460936 0.088444873902294
0.479062173135400 0.089335911265082
0.473832021878528 0.090192507557460
0.468604740235343 0.091014135115537
0.463380901436184 0.091800414000108
0.458161078333842 0.092550975175674
0.452945843340743 0.093265467438892
0.447735768366173 0.093943641926975
0.442531424753567 0.094585594910416
0.437333383217848 0.095191518423551
0.432142213782848 0.095761611520667
0.426958485718794 0.096296077540296
0.421782767479885 0.096795161221511
0.416615626641949 0.097259213179955
0.411457629840209 0.097688607525918
0.406309342707138 0.098083721220468
0.401171329810437 0.098444939330877
0.396044154591120 0.098772662130673
0.390928379301729 0.099067321839153
0.385824564944672 0.099329357356280
0.380733271210710 0.099559215006180
0.375655056417573 0.099757342810857
0.370590477448740 0.099924207318701
0.365540089692367 0.100060299112109
0.360504446980385 0.100166114585348
0.355484101527764 0.100242152162255
0.350479603871957 0.100288916819622
0.345491502812526 0.100306948624100
0.340520345350965 0.100296815945010
0.335566676630708 0.100259089750940
0.330631039877354 0.100194343000843
0.325713976339092 0.100103163428823
0.320816025227350 0.099986211877495
0.315937723657661 0.099844173006279
0.311079606590766 0.099677729434000
0.306242206773949 0.099487563603093
0.301426054682610 0.099274238395357
0.296631678462100 0.099038121221898
0.291859603869799 0.098779567099726
0.287110354217464 0.098498936280494
0.282384450313836 0.098196570286130
0.277682410407536 0.097872617044293
0.273004750130227 0.097527151097449
0.268351982440069 0.097160259927148
0.263724617565473 0.096772043892681
0.259123162949143 0.096362508073377
0.254548123192430 0.095931545291656
0.250000000000000 0.095479062847191
0.245479292124815 0.095004987152006
0.240986495313435 0.094509268660640
0.236522102251661 0.093991868780204
0.232086602510502 0.093452770997800
0.227680482492487 0.092891983909099
0.223304225378328 0.092309546350148
0.218958311073935 0.091705563627728
0.214643216157784 0.091080167744046
0.210359413828661 0.090433514080543
0.206107373853763 0.089765783894613
0.201887562517192 0.089077192472475
0.197700442568813 0.088367982367007
0.193546473173512 0.087638410585227
0.189426109860845 0.086888912794396
0.185339804475081 0.086120259883176
0.181288005125655 0.085333282919484
0.177271156138025 0.084528796905449
0.173289698004947 0.083707519756071
0.169344067338174 0.082870055520210
0.165434696820571 0.082017014684422
0.161562015158670 0.081148928070179
0.157726447035656 0.080265896761406
0.153928413064797 0.079367889037603
0.150168329743317 0.078454909253446
0.146446609406726 0.077527077565628
0.142763660183598 0.076584622077083
0.139119885950819 0.075627817734836
0.135515686289294 0.074656969263070
0.131951456440133 0.073672485166580
0.128427587261303 0.072674797143529
0.124944465184770 0.071664339283848
0.121502472174122 0.070641436411032
0.118101985682679 0.069606408868889
0.114743378612105 0.068559588460856
0.111427019271515 0.067501233386687
0.108153271337080 0.066431597006580
0.104922493812155 0.065350972578414
0.101735040987902 0.064259738827166
0.098591262404443 0.063158334911978
0.095491502812526 0.062047226969976
0.092436102135723 0.060926916495680
0.089425395433148 0.059797947600068
0.086459712862719 0.058660914182032
0.083539379644950 0.057516477615169
0.080664716027288 0.056365348833586
0.077836037248993 0.055208432495385
0.075053653506568 0.054046775650426
0.072317869919747 0.052881469381320
0.069628986498028 0.051713645226947
0.066987298107781 0.050544417648363
0.064393094439905 0.049374577404432
0.061846659978068 0.048204609163181
0.059348273967504 0.047034949933168
0.056898210384393 0.045865927322450
0.054496737905816 0.044697900886154
0.052144119880294 0.043531352185122
0.049840614298903 0.042366835585345
0.047586473766990 0.041204914578256
0.045381945476466 0.040046145484106
0.043227271178700 0.038891170018854
0.041122687158010 0.037740691991440
0.039068424205750 0.036595490589746
0.037064707595003 0.035456392989847
0.035111757055874 0.034323564154416
0.033209786751399 0.033196308785109
0.031359005254054 0.032074078779537
0.029559615522887 0.030956506421782
0.027811814881260 0.029843550850544
0.026115794995207 0.028735340582765
0.024471741852423 0.027631862720712
0.022879835741862 0.026533051370565
0.021340251233966 0.025438898113705
0.019853157161529 0.024349586104752
0.018418716601171 0.023265635100747
0.017037086855466 0.022187771800446
0.015708419435685 0.021116813565673
0.014432860045182 0.020052981382785
0.013210548563420 0.018996563841318
0.012041619030626 0.017948168937204
0.010926199633097 0.016908830448864
0.009864412689139 0.015879946330532
0.008856374635656 0.014863202820497
0.007902196015379 0.013859647860464
0.007001981464748 0.012870228243610
0.006155829702431 0.011896447369455
0.005363833518506 0.010940170023738
0.004626079764278 0.010004419319476
0.003942649342761 0.009092081449632
0.003313617199802 0.008203183352043
0.002739052315863 0.007334951279107
0.002219017698460 0.006485873287887
0.001753570375248 0.005656767646815
0.001342761387771 0.004850974254556
0.000986635785864 0.004074747560829
0.000685232622713 0.003332664375175
0.000438584950571 0.002620146370531
0.000246719817134 0.001933094626659
0.000109658262577 0.001268797455968
0.000027415317244 0.000624856650559
0.000000000000000 0.000000000000000
0.000027415317244 -0.000614596945856
0.000109658262577 -0.001235106381892
0.000246719817134 -0.001857959134622
0.000438584950571 -0.002477972023716
0.000685232622713 -0.003089473236400
0.000986635785864 -0.003685956553345
0.001342761387771 -0.004261859945350
0.001753570375248 -0.004817629262595
0.002219017698460 -0.005356783010667
0.002739052315863 -0.005882116362570
0.003313617199802 -0.006396295388196
0.003942649342761 -0.006902754530352
0.004626079764278 -0.007405374858326
0.005363833518506 -0.007903646989476
0.006155829702431 -0.008395339373100
0.007001981464748 -0.008878132453966
0.007902196015379 -0.009350769320762
0.008856374635656 -0.009813093059065
0.009864412689139 -0.010265941559841
0.010926199633097 -0.010709239992149
0.012041619030626 -0.011142219150231
0.013210548563420 -0.011564127120396
0.014432860045182 -0.011974697948965
0.015708419435684 -0.012374347985033
0.017037086855466 -0.012764065528797
0.018418716601171 -0.013144922402575
0.019853157161528 -0.013516941375783
0.021340251233966 -0.013880286003628
0.022879835741862 -0.014235505332052
0.024471741852423 -0.014583769875145
0.026115794995207 -0.014926682490158
0.027811814881259 -0.015265636638284
0.029559615522887 -0.015601777974933
0.031359005254054 -0.015935449779492
0.033209786751399 -0.016267202068151
0.035111757055874 -0.016598031570866
0.037064707595003 -0.016929156976239
0.039068424205750 -0.017261940316699
0.041122687158009 -0.017596798115024
0.043227271178699 -0.017933393121255
0.045381945476466 -0.018271403696520
0.047586473766990 -0.018610541291641
0.049840614298903 -0.018950534613809
0.052144119880293 -0.019291130353319
0.054496737905816 -0.019631971396945
0.056898210384393 -0.019972640698421
0.059348273967504 -0.020312709356392
0.061846659978068 -0.020651739149854
0.064393094439905 -0.020989287969609
0.066987298107781 -0.021324920761256
0.069628986498028 -0.021658207890838
0.072317869919747 -0.021988734058211
0.075053653506568 -0.022316088869001
0.077836037248992 -0.022639853198239
0.080664716027288 -0.022959608110966
0.083539379644950 -0.023274983934458
0.086459712862719 -0.023585652963818
0.089425395433148 -0.023891338068204
0.092436102135723 -0.024191890015839
0.095491502812526 -0.024487194200092
0.098591262404443 -0.024777149663660
0.101735040987902 -0.025061671719914
0.104922493812155 -0.025340710506760
0.108153271337080 -0.025614278747869
0.111427019271514 -0.025882432116958
0.114743378612105 -0.026145268153060
0.118101985682679 -0.026402934389350
0.121502472174122 -0.026655618736922
0.124944465184770 -0.026903461572056
0.128427587261303 -0.027146571458583
0.131951456440133 -0.027385076825208
0.135515686289294 -0.027619120966951
0.139119885950819 -0.027848858478405
0.142763660183598 -0.028074467036379
0.146446609406726 -0.028296058264298
0.150168329743317 -0.028513699931138
0.153928413064796 -0.028727472691774
0.157726447035656 -0.028937425251321
0.161562015158669 -0.029143567310265
0.165434696820571 -0.029345922525257
0.169344067338174 -0.029544504735932
0.173289698004947 -0.029739302633760
0.177271156138025 -0.029930313403010
0.181288005125655 -0.030117538937986
0.185339804475081 -0.030300980286539
0.189426109860845 -0.030480642233915
0.193546473173511 -0.030656533156040
0.197700442568812 -0.030828560077266
0.201887562517192 -0.030996506347287
0.206107373853763 -0.031160149515415
0.210359413828660 -0.031319265126434
0.214643216157784 -0.031473642795117
0.218958311073935 -0.031623072372147
0.223304225378328 -0.031767345621783
0.227680482492486 -0.031906372540953
0.232086602510501 -0.032040383227876
0.236522102251661 -0.032169672640814
0.240986495313435 -0.032294556095528
0.245479292124814 -0.032415282002535
0.250000000000000 -0.032531973402612
0.254548123192429 -0.032644747872923
0.259123162949142 -0.032753732527423
0.263724617565473 -0.032859011022809
0.268351982440069 -0.032960591497865
0.273004750130227 -0.033058477840959
0.277682410407536 -0.033152678815868
0.282384450313836 -0.033243166198782
0.287110354217464 -0.033329827983889
0.291859603869799 -0.033412540078872
0.296631678462100 -0.033491180166317
0.301426054682609 -0.033565631848181
0.306242206773948 -0.033635806493829
0.311079606590766 -0.033701623670929
0.315937723657661 -0.033763004656072
0.320816025227350 -0.033819871155750
0.325713976339092 -0.033872139564314
0.330631039877354 -0.033919722614365
0.335566676630708 -0.033962533974169
0.340520345350965 -0.034000488614024
0.345491502812526 -0.034033397686023
0.350479603871956 -0.034060846665601
0.355484101527764 -0.034082386702188
0.360504446980385 -0.034097563941634
0.365540089692367 -0.034105935197262
0.370590477448739 -0.034107232987915
0.375655056417572 -0.034101303325943
0.380733271210709 -0.034087995470042
0.385824564944672 -0.034067160201361
0.390928379301728 -0.034038670326493
0.396044154591120 -0.034002472890971
0.401171329810437 -0.033958533842390
0.406309342707137 -0.033906822513741
0.411457629840208 -0.033847311813961
0.416615626641949 -0.033779994387526
0.421782767479884 -0.033704891035499
0.426958485718794 -0.033622028872144
0.432142213782848 -0.033531438178665
0.437333383217848 -0.033433151604575
0.442531424753567 -0.033327169879546
0.447735768366173 -0.033213469353237
0.452945843340743 -0.033092028254095
0.458161078333842 -0.032962829049476
0.463380901436184 -0.032825885164041
0.468604740235343 -0.032681445413148
0.473832021878528 -0.032529873140745
0.479062173135400 -0.032371536821675
0.484294620460935 -0.032206809478093
0.489528790058321 -0.032036102752526
0.494764107941877 -0.031859994517897
0.500000000000000 -0.031679113424893
0.505235892058122 -0.031494089587033
0.510471209941678 -0.031305557574865
0.515705379539064 -0.031114128429482
0.520937826864600 -0.030920353850406
0.526167978121472 -0.030724772353348
0.531395259764656 -0.030527922962510
0.536619098563816 -0.030330342581560
0.541838921666157 -0.030132395648624
0.547054156659257 -0.029934152384078
0.552264231633827 -0.029735653776981
0.557468575246433 -0.029536941903657
0.562666616782152 -0.029338054551811
0.567857786217152 -0.029138978348350
0.573041514281206 -0.028939644741069
0.578217232520115 -0.028739985362664
0.583384373358051 -0.028539932018184
0.588542370159791 -0.028339417132919
0.593690657292862 -0.028138369612173
0.598828670189563 -0.027936714471584
0.603955845408879 -0.027734380837200
0.609071620698271 -0.027531298231322
0.614175435055328 -0.027327407308729
0.619266728789290 -0.027122682459227
0.624344943582427 -0.026917108678849
0.629409522551260 -0.026710669204230
0.634459910307633 -0.026503350265227
0.639495553019614 -0.026295170145946
0.644515898472235 -0.026086176393086
0.649520396128043 -0.025876421190708
0.654508497187474 -0.025665955923078
0.659479654649035 -0.025454770456791
0.664433323369291 -0.025242535476046
0.669368960122646 -0.025028836011134
0.674286023660907 -0.024813264345347
0.679183974772650 -0.024595428555281
0.684062276342339 -0.024375033245829
0.688920393409233 -0.024151873100490
0.693757793226051 -0.023925753520630
0.698573945317390 -0.023696490017231
0.703368321537900 -0.023463930612721
0.708140396130200 -0.023227986759690
0.712889645782536 -0.022988584247691
0.717615549686163 -0.022745656273607
0.722317589592464 -0.022499076675554
0.726995249869773 -0.022248471271382
0.731648017559930 -0.021993418551221
0.736275382434527 -0.021733517950537
0.740876837050857 -0.021468486360629
0.745451876807570 -0.021198550871841
0.750000000000000 -0.020924086487456
0.754520707875185 -0.020645464588811
0.759013504686565 -0.020363104806146
0.763477897748338 -0.020077652962737
0.767913397489498 -0.019789794700746
0.772319517507513 -0.019500197964939
0.776695774621672 -0.019209474192161
0.781041688926065 -0.018918128449695
0.785356783842216 -0.018626644979300
0.789640586171339 -0.018335482085569
0.793892626146236 -0.018045038859015
0.798112437482808 -0.017755649058937
0.802299557431187 -0.017467633671183
0.806453526826488 -0.017181279167160
0.810573890139155 -0.016896758765771
0.814660195524918 -0.016614209674553
0.818711994874345 -0.016333760429478
0.822728843861975 -0.016055426768409
0.826710301995052 -0.015779126836440
0.830655932661826 -0.015504782190140
0.834565303179429 -0.015232285973869
0.838437984841330 -0.014961464305407
0.842273552964344 -0.014692152458081
0.846071586935203 -0.014424142876331
0.849831670256683 -0.014157054495607
0.853553390593274 -0.013890493149113
0.857236339816401 -0.013624064078606
0.860880114049181 -0.013357287814897
0.864484313710706 -0.013089686912838
0.868048543559867 -0.012820869579316
0.871572412738697 -0.012550654847932
0.875055534815230 -0.012278924188229
0.878497527825878 -0.012005580533060
0.881898014317321 -0.011730554649140
0.885256621387894 -0.011453800198714
0.888572980728485 -0.011175436927764
0.891846728662920 -0.010895766484187
0.895077506187845 -0.010615122638178
0.898264959012098 -0.010334066972162
0.901408737595557 -0.010053228581300
0.904508497187474 -0.009773195103238
0.907563897864277 -0.009494506829102
0.910574604566852 -0.009217701635202
0.913540287137281 -0.008943528910631
0.916460620355049 -0.008672791283388
0.919335283972712 -0.008406247781416
0.922163962751007 -0.008144623598803
0.924946346493432 -0.007888450104533
0.927682130080253 -0.007637889335809
0.930371013501972 -0.007392988360625
0.933012701892219 -0.007153550858528
0.935606905560095 -0.006919335215701
0.938153340021932 -0.006690161918028
0.940651726032496 -0.006465895356657
0.943101789615607 -0.006246526345027
0.945503262094184 -0.006032101184073
0.947855880119706 -0.005822662167679
0.950159385701097 -0.005618259535524
0.952413526233010 -0.005419006935425
0.954618054523534 -0.005224808738646
0.956772728821300 -0.005034506402385
0.958877312841991 -0.004846769812379
0.960931575794250 -0.004660427440831
0.962935292404997 -0.004474348670706
0.964888242944126 -0.004287492715752
0.966790213248601 -0.004100749468038
0.968640994745946 -0.003916298966828
0.970440384477113 -0.003736313101624
0.972188185118740 -0.003563068752930
0.973884205004793 -0.003398787657062
0.975528258147577 -0.003241789602340
0.977120164258138 -0.003087783909222
0.978659748766034 -0.002931396328907
0.980146842838471 -0.002766710696653
0.981581283398829 -0.002590823535247
0.982962913144534 -0.002411487118796
0.984291580564316 -0.002244314441108
0.985567139954818 -0.002107391698662
0.986789451436580 -0.002013603979421
0.987958380969374 -0.001959030662987
0.989073800366903 -0.001929607108016
0.990135587310861 -0.001909201158913
0.991143625364344 -0.001886495502923
0.992097803984621 -0.001853403196371
0.992998018535252 -0.001804311917732
0.993844170297569 -0.001735997032645
0.994636166481494 -0.001647201613485
0.995373920235722 -0.001538348822810
0.996057350657239 -0.001411277624178
0.996686382800198 -0.001268964610245
0.997260947684137 -0.001115299582182
0.997780982301540 -0.000954833805041
0.998246429624752 -0.000792539084034
0.998657238612229 -0.000633593576432
0.999013364214136 -0.000483182552166
0.999314767377287 -0.000346250372174
0.999561415049429 -0.000227346352455
0.999753280182866 -0.000130445119595
0.999890341737423 -0.000058803602460
0.999972584682756 -0.000014826403827
1.000000000000000 0.000000000000000
