1.000000000000000 0.000000000000000
0.999972584682756 0.000007501269152
0.999890341737423 0.000030081817708
0.999753280182866 0.000067955021277
0.999561415049429 0.000121453801237
0.999314767377287 0.000191052931292
0.999013364214136 0.000277312710254
0.998657238612229 0.000380876368910
0.998246429624752 0.000502448197676
0.997780982301540 0.000642718982499
0.997260947684137 0.000802379456896
0.996686382800198 0.000982028867747
0.996057350657239 0.001182135004566
0.995373920235722 0.001402967387459
0.994636166481494 0.001644542243676
0.993844170297569 0.001906527174462
0.992998018535252 0.002188185134308
0.992097803984621 0.002488276155384
0.991143625364344 0.002804955280430
0.990135587310861 0.003135813520663
0.989073800366903 0.003477500353605
0.987958380969374 0.003826255450195
0.986789451436580 0.004180370370606
0.985567139954818 0.004539999489689
0.984291580564316 0.004906426511557
0.982962913144534 0.005281202612613
0.981581283398829 0.005665225898454
0.980146842838472 0.006058578564699
0.978659748766034 0.006460649004122
0.977120164258138 0.006871021724733
0.975528258147577 0.007289370650763
0.973884205004793 0.007715399594486
0.972188185118741 0.008149090841420
0.970440384477113 0.008590543114933
0.968640994745946 0.009039946918805
0.966790213248601 0.009497637131777
0.964888242944126 0.009963932032142
0.962935292404997 0.010438700182389
0.960931575794250 0.010921667382250
0.958877312841991 0.011412495980208
0.956772728821300 0.011910860574050
0.954618054523534 0.012416453488724
0.952413526233010 0.012928968628819
0.950159385701097 0.013448092299019
0.947855880119706 0.013973539458493
0.945503262094184 0.014505007778854
0.943101789615607 0.015042207802203
0.940651726032496 0.015584858825859
0.938153340021932 0.016132777611685
0.935606905560095 0.016685811183822
0.933012701892219 0.017243870804810
0.930371013501972 0.017806910246052
0.927682130080253 0.018374893550832
0.924946346493432 0.018947802756697
0.922163962751008 0.019525630588805
0.919335283972712 0.020108374644664
0.916460620355050 0.020696066391970
0.913540287137281 0.021288757080425
0.910574604566852 0.021886524957108
0.907563897864277 0.022489442936583
0.904508497187474 0.023097599180274
0.901408737595557 0.023711017158292
0.898264959012098 0.024329722849449
0.895077506187845 0.024953752782921
0.891846728662920 0.025583184003160
0.888572980728485 0.026218111012623
0.885256621387895 0.026858696727861
0.881898014317321 0.027505142975057
0.878497527825878 0.028157697771958
0.875055534815230 0.028816678685715
0.871572412738697 0.029482435779886
0.868048543559867 0.030155217123295
0.864484313710706 0.030835128754954
0.860880114049181 0.031522286674762
0.857236339816402 0.032216706254625
0.853553390593274 0.032918328210717
0.849831670256683 0.033627099651151
0.846071586935203 0.034343080717006
0.842273552964344 0.035066424274875
0.838437984841330 0.035797306518846
0.834565303179429 0.036536010296081
0.830655932661826 0.037282935165377
0.826710301995053 0.038038511494653
0.822728843861975 0.038803014440783
0.818711994874345 0.039576408999603
0.814660195524919 0.040358626964837
0.810573890139155 0.041149558431114
0.806453526826488 0.041948938320294
0.802299557431188 0.042756432977666
0.798112437482808 0.043571696868257
0.793892626146237 0.044394530597398
0.789640586171339 0.045224890423126
0.785356783842216 0.046062737194165
0.781041688926065 0.046908031088094
0.776695774621672 0.047760704709310
0.772319517507513 0.048620669536009
0.767913397489498 0.049487842725906
0.763477897748339 0.050362043137549
0.759013504686565 0.051242856446466
0.754520707875186 0.052129821682460
0.750000000000000 0.053022450948159
0.745451876807570 0.053920376572879
0.740876837050858 0.054823397709883
0.736275382434527 0.055731330680251
0.731648017559931 0.056643993665474
0.726995249869773 0.057561249258473
0.722317589592464 0.058483040653518
0.717615549686164 0.059409319370476
0.712889645782536 0.060340038288134
0.708140396130201 0.061275071671661
0.703368321537900 0.062214130221517
0.698573945317390 0.063156889248971
0.693757793226052 0.064103025822127
0.688920393409234 0.065052221864432
0.684062276342339 0.066004192076863
0.679183974772650 0.066958665211289
0.674286023660908 0.067915352833754
0.669368960122646 0.068873981723192
0.664433323369292 0.069834265609024
0.659479654649035 0.070795934881216
0.654508497187474 0.071758707315380
0.649520396128043 0.072722302071471
0.644515898472236 0.073686413315081
0.639495553019615 0.074650673423625
0.634459910307633 0.075614703457186
0.629409522551260 0.076578114770607
0.624344943582428 0.077540542525476
0.619266728789291 0.078501803975784
0.614175435055328 0.079461876103844
0.609071620698271 0.080420746159691
0.603955845408880 0.081378400932632
0.598828670189563 0.082334773301838
0.593690657292862 0.083289523280669
0.588542370159792 0.084242231406368
0.583384373358051 0.085192466747858
0.578217232520115 0.086139810644356
0.573041514281206 0.087083716189511
0.567857786217152 0.088023401150601
0.562666616782152 0.088958024808721
0.557468575246433 0.089886760185165
0.552264231633827 0.090808765549659
0.547054156659257 0.091723167447044
0.541838921666158 0.092629041261619
0.536619098563816 0.093525453397087
0.531395259764657 0.094411475661789
0.526167978121472 0.095286180988576
0.520937826864600 0.096148442524075
0.515705379539064 0.096996941839559
0.510471209941678 0.097830356126237
0.505235892058123 0.098647374489751
0.500000000000000 0.099446692746697
0.494764107941877 0.100226999006639
0.489528790058322 0.100986969982431
0.484294620460936 0.101725294573412
0.479062173135400 0.102440688955322
0.473832021878528 0.103131889504510
0.468604740235343 0.103797840417764
0.463380901436184 0.104437638766613
0.458161078333842 0.105050393443565
0.452945843340743 0.105635234882840
0.447735768366173 0.106191334789737
0.442531424753567 0.106718089308951
0.437333383217848 0.107215043942370
0.432142213782848 0.107681760638530
0.426958485718794 0.108117818717892
0.421782767479885 0.108522809198780
0.416615626641949 0.108896321866726
0.411457629840209 0.109237950747342
0.406309342707138 0.109547305636078
0.401171329810437 0.109824014936280
0.396044154591120 0.110067759040426
0.390928379301729 0.110278494293876
0.385824564944672 0.110456300847342
0.380733271210710 0.110601268407234
0.375655056417573 0.110713498544774
0.370590477448740 0.110793102438732
0.365540089692367 0.110840197304463
0.360504446980385 0.110854909891540
0.355484101527764 0.110837377950658
0.350479603871957 0.110787750017934
0.345491502812526 0.110706247284258
0.340520345350965 0.110593267075806
0.335566676630708 0.110449240674657
0.330631039877354 0.110274603467632
0.325713976339092 0.110069803912760
0.320816025227350 0.109835460656414
0.315937723657661 0.109572404376943
0.311079606590766 0.109281476646102
0.306242206773949 0.108963516140385
0.301426054682610 0.108619315504944
0.296631678462100 0.108249324752831
0.291859603869799 0.107853851318261
0.287110354217464 0.107433206453565
0.282384450313836 0.106987711293960
0.277682410407536 0.106517797792731
0.273004750130227 0.106024085289421
0.268351982440069 0.105507207816894
0.263724617565473 0.104967804399728
0.259123162949143 0.104406514871977
0.254548123192430 0.103823982519856
0.250000000000000 0.103220846697515
0.245479292124815 0.102597747476377
0.240986495313435 0.101955318043525
0.236522102251661 0.101293930846245
0.232086602510502 0.100613797425086
0.227680482492487 0.099915135221320
0.223304225378328 0.099198171223850
0.218958311073935 0.098463208932736
0.214643216157784 0.097710615494554
0.210359413828661 0.096940766966668
0.206107373853763 0.096154058207261
0.201887562517192 0.095350877689868
0.197700442568813 0.094531625458115
0.193546473173512 0.093696697290743
0.189426109860845 0.092846516791056
0.185339804475081 0.091981492381345
0.181288005125655 0.091102056602264
0.177271156138025 0.090208641080375
0.173289698004947 0.089301670590501
0.169344067338174 0.088381474450472
0.165434696820571 0.087448345629517
0.161562015158670 0.086502600010527
0.157726447035656 0.085544507061246
0.153928413064797 0.084574229085756
0.150168329743317 0.083591930620143
0.146446609406726 0.082597822202284
0.142763660183598 0.081592132539319
0.139119885950819 0.080575123914730
0.135515686289294 0.079547097020871
0.131951456440133 0.078508360098375
0.128427587261303 0.077459280093125
0.124944465184770 0.076400223424736
0.121502472174122 0.075331525642817
0.118101985682679 0.074253375069540
0.114743378612105 0.073165972529908
0.111427019271515 0.072069528821590
0.108153271337080 0.070964263183540
0.104922493812155 0.069850416461680
0.101735040987902 0.068728268799368
0.098591262404443 0.067598122836883
0.095491502812526 0.066460326306746
0.092436102135723 0.065315264859618
0.089425395433148 0.064163410306200
0.086459712862719 0.063005248537798
0.083539379644950 0.061841211189697
0.080664716027288 0.060671597653985
0.077836037248993 0.059496745215365
0.075053653506568 0.058316867545368
0.072317869919747 0.057132138579504
0.069628986498028 0.055942794782780
0.066987298107781 0.054749201659961
0.064393094439905 0.053551778980235
0.061846659978068 0.052350890851215
0.059348273967504 0.051146908678717
0.056898210384393 0.049940302407604
0.054496737905816 0.048731645255114
0.052144119880294 0.047521561542981
0.049840614298903 0.046310492811130
0.047586473766990 0.045098840218259
0.045381945476466 0.043886803238077
0.043227271178700 0.042674456732533
0.041122687158010 0.041462074948658
0.039068424205750 0.040250179932450
0.037064707595003 0.039039181560312
0.035111757055874 0.037829383684583
0.033209786751399 0.036621023050157
0.031359005254054 0.035414257619799
0.029559615522887 0.034209392746976
0.027811814881260 0.033006989826003
0.026115794995207 0.031807709263607
0.024471741852423 0.030612262678387
0.022879835741862 0.029421334937910
0.021340251233966 0.028235680775237
0.019853157161529 0.027056206187114
0.018418716601171 0.025884035266121
0.017037086855466 0.024720662642192
0.015708419435685 0.023567118618422
0.014432860045182 0.022423522600116
0.013210548563420 0.021289914906321
0.012041619030626 0.020166532758572
0.010926199633097 0.019053998441216
0.009864412689139 0.017953547167656
0.008856374635656 0.016866537798478
0.007902196015379 0.015793283593735
0.007001981464748 0.014733938288493
0.006155829702431 0.013689135108318
0.005363833518506 0.012660105681206
0.004626079764278 0.011649292824097
0.003942649342761 0.010659118243692
0.003313617199802 0.009689592346531
0.002739052315863 0.008737215070607
0.002219017698460 0.007798930966657
0.001753570375248 0.006873209556769
0.001342761387771 0.005959578481382
0.000986635785864 0.005059268839355
0.000685232622713 0.004174523935763
0.000438584950571 0.003306046111483
0.000246719817134 0.002454001050781
0.000109658262577 0.001618866379464
0.000027415317244 0.000800736403402
0.000000000000000 0.000000000000000
0.000027415317244 -0.000793368759310
0.000109658262577 -0.001593154348001
0.000246719817134 -0.002395845073956
0.000438584950571 -0.003197752729131
0.000685232622713 -0.003994945483409
0.000986635785864 -0.004783188778674
0.001342761387771 -0.005558394150583
0.001753570375248 -0.006321092412946
0.002219017698460 -0.007073061450390
0.002739052315863 -0.007815342284978
0.003313617199802 -0.008548513367040
0.003942649342761 -0.009272969375907
0.004626079764278 -0.009988655780558
0.005363833518506 -0.010695005243561
0.006155829702431 -0.011390806502097
0.007001981464748 -0.012075545411286
0.007902196015379 -0.012749473463712
0.008856374635656 -0.013413565295854
0.009864412689139 -0.014068947975594
0.010926199633097 -0.014716402686534
0.012041619030626 -0.015354993544089
0.013210548563420 -0.015983412154920
0.014432860045182 -0.016601098448026
0.015708419435684 -0.017208108244177
0.017037086855466 -0.017804952325399
0.018418716601171 -0.018391578369421
0.019853157161528 -0.018967536265482
0.021340251233966 -0.019531997969760
0.022879835741862 -0.020084246866931
0.024471741852423 -0.020624064853590
0.026115794995207 -0.021151479198106
0.027811814881259 -0.021666592083049
0.029559615522887 -0.022169405491322
0.031359005254054 -0.022659654959753
0.033209786751399 -0.023137340601858
0.035111757055874 -0.023602803147534
0.037064707595003 -0.024056612283345
0.039068424205750 -0.024499545634855
0.041122687158009 -0.024931878366093
0.043227271178699 -0.025353326180185
0.045381945476466 -0.025763739293068
0.047586473766990 -0.026163148844693
0.049840614298903 -0.026551716156828
0.052144119880293 -0.026929719690650
0.054496737905816 -0.027297375430918
0.056898210384393 -0.027654533138224
0.059348273967504 -0.028001075459238
0.061846659978068 -0.028337035265564
0.064393094439905 -0.028662570649838
0.066987298107781 -0.028977842118272
0.069628986498028 -0.029283060051934
0.072317869919747 -0.029578404971092
0.075053653506568 -0.029863955786209
0.077836037248992 -0.030139877822464
0.080664716027288 -0.030406509490208
0.083539379644950 -0.030664309617239
0.086459712862719 -0.030913510134590
0.089425395433148 -0.031154001002163
0.092436102135723 -0.031385664060536
0.095491502812526 -0.031608304322947
0.098591262404443 -0.031821704679443
0.101735040987902 -0.032025721058478
0.104922493812155 -0.032220352619145
0.108153271337080 -0.032405657822649
0.111427019271514 -0.032581829125355
0.114743378612105 -0.032749219317715
0.118101985682679 -0.032908244998452
0.121502472174122 -0.033059266814033
0.124944465184770 -0.033202599013654
0.128427587261303 -0.033338583719885
0.131951456440133 -0.033467323132272
0.135515686289294 -0.033588740568866
0.139119885950819 -0.033702770988193
0.142763660183598 -0.033809427794625
0.146446609406726 -0.033908799061905
0.150168329743317 -0.034000998001817
0.153928413064796 -0.034086238079867
0.157726447035656 -0.034164854840502
0.161562015158669 -0.034237226979308
0.165434696820571 -0.034303721802555
0.169344067338174 -0.034364609977143
0.173289698004947 -0.034420165186678
0.177271156138025 -0.034470670934657
0.181288005125655 -0.034516273181627
0.185339804475081 -0.034557047626852
0.189426109860845 -0.034593080901901
0.193546473173511 -0.034624445278441
0.197700442568812 -0.034651166760595
0.201887562517192 -0.034673272555275
0.206107373853763 -0.034690794465438
0.210359413828660 -0.034703716224693
0.214643216157784 -0.034711981955077
0.218958311073935 -0.034715538212574
0.223304225378328 -0.034714342469445
0.227680482492486 -0.034708406540909
0.232086602510501 -0.034697769406485
0.236522102251661 -0.034682476982436
0.240986495313435 -0.034662580899999
0.245479292124814 -0.034638132738965
0.250000000000000 -0.034609188930199
0.254548123192429 -0.034575812048876
0.259123162949142 -0.034538078031449
0.263724617565473 -0.034496101556675
0.268351982440069 -0.034450015051950
0.273004750130227 -0.034399958933282
0.277682410407536 -0.034346050792266
0.282384450313836 -0.034288192196931
0.287110354217464 -0.034226184884259
0.291859603869799 -0.034159826540704
0.296631678462100 -0.034088914426112
0.301426054682609 -0.034013280610651
0.306242206773948 -0.033932789535738
0.311079606590766 -0.033847305881921
0.315937723657661 -0.033756694747972
0.320816025227350 -0.033660873176743
0.325713976339092 -0.033559884911328
0.330631039877354 -0.033453794510064
0.335566676630708 -0.033342670950493
0.340520345350965 -0.033226587143529
0.345491502812526 -0.033105621836858
0.350479603871956 -0.032979857778552
0.355484101527764 -0.032849380911063
0.360504446980385 -0.032714282536630
0.365540089692367 -0.032574619766324
0.370590477448739 -0.032430356732978
0.375655056417572 -0.032281445159205
0.380733271210709 -0.032127836966607
0.385824564944672 -0.031969486056139
0.390928379301728 -0.031806337279953
0.396044154591120 -0.031638327975336
0.401171329810437 -0.031465397318766
0.406309342707137 -0.031287484263657
0.411457629840208 -0.031104541580538
0.416615626641949 -0.030916619694284
0.421782767479884 -0.030723815463831
0.426958485718794 -0.030526230091612
0.432142213782848 -0.030323967500151
0.437333383217848 -0.030117115777411
0.442531424753567 -0.029905695879393
0.447735768366173 -0.029689714566997
0.452945843340743 -0.029469179537393
0.458161078333842 -0.029244100163961
0.463380901436184 -0.029014504416469
0.468604740235343 -0.028780460623471
0.473832021878528 -0.028542043682387
0.479062173135400 -0.028299331079755
0.484294620460935 -0.028052402234910
0.489528790058321 -0.027801346281373
0.494764107941877 -0.027546262424923
0.500000000000000 -0.027287252355679
0.505235892058122 -0.027024423127565
0.510471209941678 -0.026757877647952
0.515705379539064 -0.026487715358356
0.520937826864600 -0.026214022144588
0.526167978121472 -0.025936889342345
0.531395259764656 -0.025656405810672
0.536619098563816 -0.025372658645161
0.541838921666157 -0.025085671539910
0.547054156659257 -0.024795425882156
0.552264231633827 -0.024501903295678
0.557468575246433 -0.024205088033484
0.562666616782152 -0.023904983876369
0.567857786217152 -0.023601695500203
0.573041514281206 -0.023295370967787
0.578217232520115 -0.022986159923350
0.583384373358051 -0.022674209575224
0.588542370159791 -0.022359665726824
0.593690657292862 -0.022042656241834
0.598828670189563 -0.021723308152871
0.603955845408879 -0.021401749048176
0.609071620698271 -0.021078105665368
0.614175435055328 -0.020752478792520
0.619266728789290 -0.020424941632571
0.624344943582427 -0.020095561132764
0.629409522551260 -0.019764409186535
0.634459910307633 -0.019431548833376
0.639495553019614 -0.019096980403918
0.644515898472235 -0.018760673977925
0.649520396128043 -0.018422606217388
0.654508497187474 -0.018082752419322
0.659479654649035 -0.017741148935374
0.664433323369291 -0.017397942851189
0.669368960122646 -0.017053293303412
0.674286023660907 -0.016707357025589
0.679183974772650 -0.016360292084190
0.684062276342339 -0.016012237526748
0.688920393409233 -0.015663330493273
0.693757793226051 -0.015313704631862
0.698573945317390 -0.014963492121781
0.703368321537900 -0.014612807559252
0.708140396130200 -0.014261749961453
0.712889645782536 -0.013910412579777
0.717615549686163 -0.013558893295768
0.722317589592464 -0.013207227800002
0.726995249869773 -0.012855354884957
0.731648017559930 -0.012503210805656
0.736275382434527 -0.012150737773669
0.740876837050857 -0.011797931987874
0.745451876807570 -0.011444894295956
0.750000000000000 -0.011091741990621
0.754520707875185 -0.010738586274932
0.759013504686565 -0.010385606029467
0.763477897748338 -0.010033086636657
0.767913397489498 -0.009681315757843
0.772319517507513 -0.009330572545707
0.776695774621672 -0.008981113181805
0.781041688926065 -0.008633166282120
0.785356783842216 -0.008286955309891
0.789640586171339 -0.007942699151638
0.793892626146236 -0.007600642463344
0.798112437482808 -0.007261029633740
0.802299557431187 -0.006924101200660
0.806453526826488 -0.006590158099911
0.810573890139155 -0.006259630157090
0.814660195524918 -0.005932944320383
0.818711994874345 -0.005610498690667
0.822728843861975 -0.005292592752674
0.826710301995052 -0.004979486801489
0.830655932661826 -0.004671413694936
0.834565303179429 -0.004368512518351
0.838437984841330 -0.004070825611946
0.842273552964344 -0.003778392490190
0.846071586935203 -0.003491279961724
0.849831670256683 -0.003209615976224
0.853553390593274 -0.002933519870005
0.857236339816401 -0.002663109794746
0.860880114049181 -0.002398513655559
0.864484313710706 -0.002139846097320
0.868048543559867 -0.001887273829605
0.871572412738697 -0.001641049255104
0.875055534815230 -0.001401413783115
0.878497527825878 -0.001168736139629
0.881898014317321 -0.000943507853078
0.885256621387894 -0.000726182212040
0.888572980728485 -0.000517125217635
0.891846728662920 -0.000316642991114
0.895077506187845 -0.000124996202872
0.898264959012098 0.000057595660136
0.901408737595557 0.000230955437815
0.904508497187474 0.000394944728018
0.907563897864277 0.000549462091500
0.910574604566852 0.000694424313509
0.913540287137281 0.000829726884637
0.916460620355049 0.000955291348520
0.919335283972712 0.001071055700743
0.922163962751007 0.001176982775528
0.924946346493432 0.001273084870674
0.927682130080253 0.001359422974139
0.930371013501972 0.001436133681034
0.933012701892219 0.001503477002771
0.935606905560095 0.001561736788609
0.938153340021932 0.001611203626198
0.940651726032496 0.001652171942889
0.943101789615607 0.001684930785204
0.945503262094184 0.001709761174095
0.947855880119706 0.001726900855662
0.950159385701097 0.001736599981250
0.952413526233010 0.001739155687179
0.954618054523534 0.001734850772389
0.956772728821300 0.001723898605252
0.958877312841991 0.001706391070673
0.960931575794250 0.001682253345611
0.962935292404997 0.001651487471896
0.964888242944126 0.001614182111923
0.966790213248601 0.001570487060595
0.968640994745946 0.001520734843957
0.970440384477113 0.001465665004533
0.972188185118740 0.001406037856836
0.973884205004793 0.001342562414330
0.975528258147577 0.001275906669214
0.977120164258138 0.001206696370760
0.978659748766034 0.001135513723426
0.980146842838471 0.001062895457742
0.981581283398829 0.000989353378794
0.982962913144534 0.000915372397388
0.984291580564316 0.000841331481056
0.985567139954818 0.000767473165144
0.986789451436580 0.000693917016664
0.987958380969374 0.000620770682620
0.989073800366903 0.000548376975359
0.990135587310861 0.000477611716671
0.991143625364344 0.000410096282201
0.992097803984621 0.000347076657116
0.992998018535252 0.000289387869928
0.993844170297569 0.000237553577900
0.994636166481494 0.000191811728912
0.995373920235722 0.000152169891261
0.996057350657239 0.000118438767437
0.996686382800198 0.000090284261181
0.997260947684137 0.000067254733385
0.997780982301540 0.000048822243850
0.998246429624752 0.000034413912704
0.998657238612229 0.000023437284879
0.999013364214136 0.000015310686203
0.999314767377287 0.000009483021181
0.999561415049429 0.000005455280823
0.999753280182866 0.000002795782385
0.999890341737423 0.000001154941595
0.999972584682756 0.000000275485342
1.000000000000000 0.000000000000000
