1.000000000000000 0.000000000000000
0.999972584682756 0.000005044374503
0.999890341737423 0.000020174107030
0.999753280182866 0.000045388941776
0.999561415049429 0.000080685147723
0.999314767377287 0.000126058825622
0.999013364214136 0.000181502604527
0.998657238612229 0.000247012255029
0.998246429624752 0.000322576776396
0.997780982301540 0.000408185011104
0.997260947684137 0.000503832258262
0.996686382800198 0.000609500449107
0.996057350657239 0.000725181285873
0.995373920235722 0.000850856419631
0.994636166481494 0.000986510674898
0.993844170297569 0.001132128751329
0.992998018535252 0.001287688623881
0.992097803984621 0.001453178068088
0.991143625364344 0.001628568241589
0.990135587310861 0.001813840119272
0.989073800366903 0.002008974591076
0.987958380969374 0.002213942565633
0.986789451436580 0.002428718190537
0.985567139954818 0.002653282161674
0.984291580564316 0.002887598624933
0.982962913144534 0.003131641598658
0.981581283398829 0.003385385079285
0.980146842838472 0.003648793153991
0.978659748766034 0.003921839813150
0.977120164258138 0.004204482566461
0.975528258147577 0.004496698746957
0.973884205004793 0.004798442638483
0.972188185118741 0.005109688370356
0.970440384477113 0.005430390353163
0.968640994745946 0.005760516271064
0.966790213248601 0.006100024013387
0.964888242944126 0.006448878173599
0.962935292404997 0.006807033582173
0.960931575794250 0.007174448506689
0.958877312841991 0.007551084663877
0.956772728821300 0.007936897349510
0.954618054523534 0.008331838750620
0.952413526233010 0.008735871135082
0.950159385701097 0.009148940516938
0.947855880119706 0.009571006313394
0.945503262094184 0.010002018306612
0.943101789615607 0.010441933122650
0.940651726032496 0.010890697785332
0.938153340021932 0.011348262900817
0.935606905560095 0.011814582669588
0.933012701892219 0.012289601735488
0.930371013501972 0.012773271657247
0.927682130080253 0.013265541056728
0.924946346493432 0.013766355629353
0.922163962751008 0.014275664712946
0.919335283972712 0.014793411438961
0.916460620355050 0.015319549273487
0.913540287137281 0.015854015739265
0.910574604566852 0.016396758533757
0.907563897864277 0.016947725407292
0.904508497187474 0.017506854745579
0.901408737595557 0.018074096582478
0.898264959012098 0.018649389038637
0.895077506187845 0.019232684577170
0.891846728662920 0.019823911407418
0.888572980728485 0.020423009043056
0.885256621387895 0.021029935486896
0.881898014317321 0.021644653923809
0.878497527825878 0.022267096092914
0.875055534815230 0.022897066405503
0.871572412738697 0.023534332103583
0.868048543559867 0.024178618173015
0.864484313710706 0.024829582661423
0.860880114049181 0.025486859441354
0.857236339816402 0.026150081921772
0.853553390593274 0.026818875384921
0.849831670256683 0.027492852626991
0.846071586935203 0.028171584414553
0.842273552964344 0.028854607746278
0.838437984841330 0.029541439142817
0.834565303179429 0.030231645994993
0.830655932661826 0.030924857594475
0.826710301995053 0.031620708559562
0.822728843861975 0.032318883145415
0.818711994874345 0.033019211103383
0.814660195524919 0.033721535727642
0.810573890139155 0.034425704013626
0.806453526826488 0.035131528330684
0.802299557431188 0.035838818416696
0.798112437482808 0.036547378388227
0.793892626146237 0.037257022854149
0.789640586171339 0.037967562733408
0.785356783842216 0.038678819252486
0.781041688926065 0.039390606661978
0.776695774621672 0.040102724758128
0.772319517507513 0.040814971929319
0.767913397489498 0.041527146931465
0.763477897748339 0.042239045679991
0.759013504686565 0.042950466448754
0.754520707875186 0.043661202114397
0.750000000000000 0.044371051930971
0.745451876807570 0.045079814922903
0.740876837050858 0.045787302539102
0.736275382434527 0.046493328355586
0.731648017559931 0.047197707346719
0.726995249869773 0.047900259052218
0.722317589592464 0.048600825211082
0.717615549686164 0.049299251201337
0.712889645782536 0.049995379318495
0.708140396130201 0.050689060967576
0.703368321537900 0.051380136411228
0.698573945317390 0.052068455703912
0.693757793226052 0.052753865976791
0.688920393409234 0.053436217688541
0.684062276342339 0.054115355696769
0.679183974772650 0.054791119598081
0.674286023660908 0.055463358701075
0.669368960122646 0.056131917086053
0.664433323369292 0.056796644752310
0.659479654649035 0.057457394975348
0.654508497187474 0.058114025822016
0.649520396128043 0.058766392960188
0.644515898472236 0.059414348654925
0.639495553019615 0.060057733824604
0.634459910307633 0.060696383231048
0.629409522551260 0.061330133796234
0.624344943582428 0.061958824682374
0.619266728789291 0.062582300088502
0.614175435055328 0.063200404818590
0.609071620698271 0.063812986100985
0.603955845408880 0.064419895758660
0.598828670189563 0.065020975150742
0.593690657292862 0.065616030089965
0.588542370159792 0.066204839699222
0.583384373358051 0.066787191253396
0.578217232520115 0.067362868673201
0.573041514281206 0.067931657492670
0.567857786217152 0.068493347635599
0.562666616782152 0.069047719845805
0.557468575246433 0.069594566357283
0.552264231633827 0.070133675712785
0.547054156659257 0.070664840277155
0.541838921666158 0.071187842694661
0.536619098563816 0.071702472094902
0.531395259764657 0.072208518352919
0.526167978121472 0.072705774066285
0.520937826864600 0.073194033110105
0.515705379539064 0.073673088603068
0.510471209941678 0.074142734872287
0.505235892058123 0.074602773968762
0.500000000000000 0.075053008109576
0.494764107941877 0.075493227061900
0.489528790058322 0.075923203448700
0.484294620460936 0.076342709754040
0.479062173135400 0.076751526580114
0.473832021878528 0.077149438292517
0.468604740235343 0.077536251127072
0.463380901436184 0.077911795761667
0.458161078333842 0.078275909807658
0.452945843340743 0.078628434885433
0.447735768366173 0.078969222640822
0.442531424753567 0.079298147649190
0.437333383217848 0.079615118730022
0.432142213782848 0.079920048049811
0.426958485718794 0.080212855472453
0.421782767479885 0.080493462194420
0.416615626641949 0.080761769860548
0.411457629840209 0.081017662367305
0.406309342707138 0.081261029090037
0.401171329810437 0.081491765853363
0.396044154591120 0.081709776631491
0.390928379301729 0.081914962982759
0.385824564944672 0.082107230367728
0.380733271210710 0.082286491575041
0.375655056417573 0.082452666089700
0.370590477448740 0.082605675827589
0.365540089692367 0.082745406145491
0.360504446980385 0.082871735551340
0.355484101527764 0.082984551037732
0.350479603871957 0.083083747575246
0.345491502812526 0.083169222208945
0.340520345350965 0.083240850333703
0.335566676630708 0.083298512184011
0.330631039877354 0.083342097619737
0.325713976339092 0.083371509855832
0.320816025227350 0.083386750084026
0.315937723657661 0.083387953207989
0.311079606590766 0.083375269457006
0.306242206773949 0.083348854518486
0.301426054682610 0.083308873204666
0.296631678462100 0.083255526022672
0.291859603869799 0.083189033355428
0.287110354217464 0.083109619440143
0.282384450313836 0.083017512303773
0.277682410407536 0.082912929102070
0.273004750130227 0.082796065205837
0.268351982440069 0.082667116561761
0.263724617565473 0.082526285500723
0.259123162949143 0.082373781299688
0.254548123192430 0.082209842920600
0.250000000000000 0.082034722211824
0.245479292124815 0.081848673149950
0.240986495313435 0.081651946919087
0.236522102251661 0.081444703765322
0.232086602510502 0.081227037255875
0.227680482492487 0.080999047032733
0.223304225378328 0.080760835495786
0.218958311073935 0.080512320025511
0.214643216157784 0.080253200996685
0.210359413828661 0.079983194350537
0.206107373853763 0.079702042420424
0.201887562517192 0.079409557674198
0.197700442568813 0.079105638259154
0.193546473173512 0.078790204508254
0.189426109860845 0.078463198965811
0.185339804475081 0.078124488896734
0.181288005125655 0.077773867069198
0.177271156138025 0.077411150307051
0.173289698004947 0.077036179129634
0.169344067338174 0.076648735652983
0.165434696820571 0.076248575262946
0.161562015158670 0.075835495424770
0.157726447035656 0.075409347501310
0.153928413064797 0.074970081205370
0.150168329743317 0.074517698159099
0.146446609406726 0.074052223492565
0.142763660183598 0.073573607984120
0.139119885950819 0.073081714064499
0.135515686289294 0.072576442351920
0.131951456440133 0.072057568255658
0.128427587261303 0.071524298809186
0.124944465184770 0.070975763574413
0.121502472174122 0.070411210638688
0.118101985682679 0.069830034063696
0.114743378612105 0.069231759699530
0.111427019271515 0.068615991412263
0.108153271337080 0.067982393774445
0.104922493812155 0.067330689871902
0.101735040987902 0.066660679838122
0.098591262404443 0.065972253876069
0.095491502812526 0.065265409781765
0.092436102135723 0.064540211085881
0.089425395433148 0.063796658228591
0.086459712862719 0.063034647470439
0.083539379644950 0.062254144532061
0.080664716027288 0.061455146652283
0.077836037248993 0.060637713872394
0.075053653506568 0.059801974325768
0.072317869919747 0.058948207335996
0.069628986498028 0.058076792338688
0.066987298107781 0.057188146169658
0.064393094439905 0.056282570580414
0.061846659978068 0.055360377572196
0.059348273967504 0.054421672124180
0.056898210384393 0.053466105735245
0.054496737905816 0.052493423075685
0.052144119880294 0.051503561644428
0.049840614298903 0.050496608293406
0.047586473766990 0.049472756613218
0.045381945476466 0.048432265128202
0.043227271178700 0.047375508576065
0.041122687158010 0.046303029902801
0.039068424205750 0.045215491951047
0.037064707595003 0.044113533383203
0.035111757055874 0.042997839431247
0.033209786751399 0.041868794053888
0.031359005254054 0.040726442207346
0.029559615522887 0.039570898074938
0.027811814881260 0.038402520732318
0.026115794995207 0.037221815627355
0.024471741852423 0.036029416850973
0.022879835741862 0.034826089603637
0.021340251233966 0.033612732475624
0.019853157161529 0.032390512923919
0.018418716601171 0.031160920939436
0.017037086855466 0.029924803434955
0.015708419435685 0.028681748065399
0.014432860045182 0.027431041063229
0.013210548563420 0.026171710404006
0.012041619030626 0.024902946694823
0.010926199633097 0.023623937915315
0.009864412689139 0.022333687143105
0.008856374635656 0.021031596389727
0.007902196015379 0.019718025614826
0.007001981464748 0.018396427728544
0.006155829702431 0.017071337477088
0.005363833518506 0.015747973386615
0.004626079764278 0.014432662547139
0.003942649342761 0.013132962278436
0.003313617199802 0.011857427909288
0.002739052315863 0.010616802416792
0.002219017698460 0.009417982683310
0.001753570375248 0.008258125275110
0.001342761387771 0.007132481697652
0.000986635785864 0.006037694555046
0.000685232622713 0.004971154853306
0.000438584950571 0.003930759482526
0.000246719817134 0.002914768944675
0.000109658262577 0.001921745922327
0.000027415317244 0.000950409653063
0.000000000000000 0.000000000000000
0.000027415317244 -0.000930497668143
0.000109658262577 -0.001841639306156
0.000246719817134 -0.002735762873348
0.000438584950571 -0.003618735800187
0.000685232622713 -0.004490306721058
0.000986635785864 -0.005346537862500
0.001342761387771 -0.006182409073738
0.001753570375248 -0.006992562992943
0.002219017698460 -0.007771259744656
0.002739052315863 -0.008512204765674
0.003313617199802 -0.009210751902264
0.003942649342761 -0.009867385157125
0.004626079764278 -0.010488417689401
0.005363833518506 -0.011078665014969
0.006155829702431 -0.011642018484166
0.007001981464748 -0.012182181370973
0.007902196015379 -0.012703217196008
0.008856374635656 -0.013209934088784
0.009864412689139 -0.013706293003115
0.010926199633097 -0.014195133862920
0.012041619030626 -0.014675094051712
0.013210548563420 -0.015143092320432
0.014432860045182 -0.015597396495280
0.015708419435684 -0.016036807471286
0.017037086855466 -0.016460419462786
0.018418716601171 -0.016867807196865
0.019853157161528 -0.017259002802818
0.021340251233966 -0.017633412661085
0.022879835741862 -0.017989950300477
0.024471741852423 -0.018327798772502
0.026115794995207 -0.018646427704232
0.027811814881259 -0.018945572303177
0.029559615522887 -0.019225241476177
0.031359005254054 -0.019485686621036
0.033209786751399 -0.019727521358054
0.035111757055874 -0.019951892591527
0.037064707595003 -0.020160133020938
0.039068424205750 -0.020353027120028
0.041122687158009 -0.020531101168524
0.043227271178699 -0.020693734147238
0.045381945476466 -0.020840119269066
0.047586473766990 -0.020969803952199
0.049840614298903 -0.021082509520873
0.052144119880293 -0.021178018847784
0.054496737905816 -0.021256205453386
0.056898210384393 -0.021317077285908
0.059348273967504 -0.021360782005631
0.061846659978068 -0.021387646699122
0.064393094439905 -0.021398197631230
0.066987298107781 -0.021392908891073
0.069628986498028 -0.021371891582803
0.072317869919747 -0.021335264361847
0.075053653506568 -0.021283121170562
0.077836037248992 -0.021215596542362
0.080664716027288 -0.021132919894233
0.083539379644950 -0.021035426066159
0.086459712862719 -0.020923551015895
0.089425395433148 -0.020797860807217
0.092436102135723 -0.020659031703190
0.095491502812526 -0.020507627437819
0.098591262404443 -0.020344008867844
0.101735040987902 -0.020168576409502
0.104922493812155 -0.019981723166267
0.108153271337080 -0.019783865501417
0.111427019271514 -0.019575487565220
0.114743378612105 -0.019357163830043
0.118101985682679 -0.019129544515363
0.121502472174122 -0.018893339155821
0.124944465184770 -0.018649317667577
0.128427587261303 -0.018398316960102
0.131951456440133 -0.018141263004336
0.135515686289294 -0.017879190743589
0.139119885950819 -0.017613207489164
0.142763660183598 -0.017344216870849
0.146446609406726 -0.017072581905017
0.150168329743317 -0.016798620374990
0.153928413064796 -0.016522649045969
0.157726447035656 -0.016244960676476
0.161562015158669 -0.015965856542470
0.165434696820571 -0.015685647148263
0.169344067338174 -0.015404679274234
0.173289698004947 -0.015123314816760
0.177271156138025 -0.014841935336626
0.181288005125655 -0.014560919569088
0.185339804475081 -0.014280652209865
0.189426109860845 -0.014001528218339
0.193546473173511 -0.013723943714625
0.197700442568812 -0.013448250232900
0.201887562517192 -0.013174797061992
0.206107373853763 -0.012903940751961
0.210359413828660 -0.012636074684167
0.214643216157784 -0.012371637568056
0.218958311073935 -0.012111081025352
0.223304225378328 -0.011854860704609
0.227680482492486 -0.011603316002911
0.232086602510501 -0.011356708564537
0.236522102251661 -0.011115298196270
0.240986495313435 -0.010879313358710
0.245479292124814 -0.010648715204326
0.250000000000000 -0.010423324151878
0.254548123192429 -0.010202945570555
0.259123162949142 -0.009987374682568
0.263724617565473 -0.009776433254443
0.268351982440069 -0.009569946714079
0.273004750130227 -0.009367730507931
0.277682410407536 -0.009169590702105
0.282384450313836 -0.008975378925504
0.287110354217464 -0.008784967594830
0.291859603869799 -0.008598225047808
0.296631678462100 -0.008415009105631
0.301426054682609 -0.008235168610367
0.306242206773948 -0.008058543137758
0.311079606590766 -0.007884962897978
0.315937723657661 -0.007714252340130
0.320816025227350 -0.007546256171104
0.325713976339092 -0.007380903068463
0.330631039877354 -0.007218136689573
0.335566676630708 -0.007057895513559
0.340520345350965 -0.006900117383672
0.345491502812526 -0.006744788326761
0.350479603871956 -0.006591926314947
0.355484101527764 -0.006441548852258
0.360504446980385 -0.006293671126047
0.365540089692367 -0.006148305418577
0.370590477448739 -0.006005452382602
0.375655056417572 -0.005865108018861
0.380733271210709 -0.005727268943497
0.385824564944672 -0.005591927497662
0.390928379301728 -0.005459080389923
0.396044154591120 -0.005328726662324
0.401171329810437 -0.005200863710805
0.406309342707137 -0.005075488508891
0.411457629840208 -0.004952595730317
0.416615626641949 -0.004832182678683
0.421782767479884 -0.004714247939063
0.426958485718794 -0.004598787681781
0.432142213782848 -0.004485797291108
0.437333383217848 -0.004375272112988
0.442531424753567 -0.004267208214966
0.447735768366173 -0.004161603380832
0.452945843340743 -0.004058451916394
0.458161078333842 -0.003957749072948
0.463380901436184 -0.003859487484028
0.468604740235343 -0.003763658996800
0.473832021878528 -0.003670254779853
0.479062173135400 -0.003579264158082
0.484294620460935 -0.003490676059219
0.489528790058321 -0.003404478025628
0.494764107941877 -0.003320657555601
0.500000000000000 -0.003239200575845
0.505235892058122 -0.003160092626267
0.510471209941678 -0.003083317404023
0.515705379539064 -0.003008856218709
0.520937826864600 -0.002936686484669
0.526167978121472 -0.002866784349176
0.531395259764656 -0.002799125436652
0.536619098563816 -0.002733684515579
0.541838921666157 -0.002670436146840
0.547054156659257 -0.002609354211252
0.552264231633827 -0.002550412315344
0.557468575246433 -0.002493583138618
0.562666616782152 -0.002438841080899
0.567857786217152 -0.002386177226204
0.573041514281206 -0.002335588909923
0.578217232520115 -0.002287072504926
0.583384373358051 -0.002240623434403
0.588542370159791 -0.002196232458182
0.593690657292862 -0.002153875956790
0.598828670189563 -0.002113526929527
0.603955845408879 -0.002075157742649
0.609071620698271 -0.002038739818165
0.614175435055328 -0.002004217304042
0.619266728789290 -0.001971497657232
0.624344943582427 -0.001940486156234
0.629409522551260 -0.001911088879451
0.634459910307633 -0.001883212623044
0.639495553019614 -0.001856767665886
0.644515898472235 -0.001831666365329
0.649520396128043 -0.001807821811764
0.654508497187474 -0.001785148102610
0.659479654649035 -0.001763555342368
0.664433323369291 -0.001742943748537
0.669368960122646 -0.001723214336483
0.674286023660907 -0.001704269452820
0.679183974772650 -0.001686013158239
0.684062276342339 -0.001668350280827
0.688920393409233 -0.001651187373097
0.693757793226051 -0.001634432765264
0.698573945317390 -0.001617996316120
0.703368321537900 -0.001601772398722
0.708140396130200 -0.001585640052686
0.712889645782536 -0.001569480954019
0.717615549686163 -0.001553180236587
0.722317589592464 -0.001536623082030
0.726995249869773 -0.001519692585444
0.731648017559930 -0.001502275314586
0.736275382434527 -0.001484262203407
0.740876837050857 -0.001465572969547
0.745451876807570 -0.001446183195006
0.750000000000000 -0.001426076616729
0.754520707875185 -0.001405238482949
0.759013504686565 -0.001383665955195
0.763477897748338 -0.001361376026787
0.767913397489498 -0.001338388159770
0.772319517507513 -0.001314721888371
0.776695774621672 -0.001290394142167
0.781041688926065 -0.001265419177400
0.785356783842216 -0.001239811413619
0.789640586171339 -0.001213581339525
0.793892626146236 -0.001186703959386
0.798112437482808 -0.001159138235089
0.802299557431187 -0.001130846562248
0.806453526826488 -0.001101796607159
0.810573890139155 -0.001071963956116
0.814660195524918 -0.001041327686946
0.818711994874345 -0.001009866754575
0.822728843861975 -0.000977539385046
0.826710301995052 -0.000944296808146
0.830655932661826 -0.000910098278125
0.834565303179429 -0.000875012546811
0.838437984841330 -0.000839219508137
0.842273552964344 -0.000802897660594
0.846071586935203 -0.000766254356849
0.849831670256683 -0.000729552591344
0.853553390593274 -0.000693048031863
0.857236339816401 -0.000656972058178
0.860880114049181 -0.000621522248490
0.864484313710706 -0.000586880806551
0.868048543559867 -0.000553226750098
0.871572412738697 -0.000520742909984
0.875055534815230 -0.000489599407222
0.878497527825878 -0.000459913960761
0.881898014317321 -0.000431746351901
0.885256621387894 -0.000405139507862
0.888572980728485 -0.000380050854634
0.891846728662920 -0.000356388512784
0.895077506187845 -0.000334068587520
0.898264959012098 -0.000313027548615
0.901408737595557 -0.000293207656739
0.904508497187474 -0.000274549924382
0.907563897864277 -0.000256993744642
0.910574604566852 -0.000240481159860
0.913540287137281 -0.000224957704963
0.916460620355049 -0.000210371150808
0.919335283972712 -0.000196670982294
0.922163962751007 -0.000183808711867
0.924946346493432 -0.000171737739253
0.927682130080253 -0.000160413712483
0.930371013501972 -0.000149793958031
0.933012701892219 -0.000139837786350
0.935606905560095 -0.000130506461553
0.938153340021932 -0.000121762791688
0.940651726032496 -0.000113571685134
0.943101789615607 -0.000105899484933
0.945503262094184 -0.000098714299556
0.947855880119706 -0.000091985957673
0.950159385701097 -0.000085685789186
0.952413526233010 -0.000079786608932
0.954618054523534 -0.000074262779816
0.956772728821300 -0.000069090177341
0.958877312841991 -0.000064245959271
0.960931575794250 -0.000059708680423
0.962935292404997 -0.000055458144791
0.964888242944126 -0.000051475520944
0.966790213248601 -0.000047743026705
0.968640994745946 -0.000044244158714
0.970440384477113 -0.000040963422024
0.972188185118740 -0.000037886487567
0.973884205004793 -0.000034999923944
0.975528258147577 -0.000032291346065
0.977120164258138 -0.000029749239824
0.978659748766034 -0.000027363022948
0.980146842838471 -0.000025122834885
0.981581283398829 -0.000023019668499
0.982962913144534 -0.000021045291103
0.984291580564316 -0.000019192099638
0.985567139954818 -0.000017453186003
0.986789451436580 -0.000015822200912
0.987958380969374 -0.000014293467811
0.989073800366903 -0.000012861753651
0.990135587310861 -0.000011522364093
0.991143625364344 -0.000010271127121
0.992097803984621 -0.000009104182637
0.992998018535252 -0.000008018192062
0.993844170297569 -0.000007010078033
0.994636166481494 -0.000006077181962
0.995373920235722 -0.000005217114959
0.996057350657239 -0.000004427795377
0.996686382800198 -0.000003707349730
0.997260947684137 -0.000003054198331
0.997780982301540 -0.000002466913892
0.998246429624752 -0.000001944360906
0.998657238612229 -0.000001485460696
0.999013364214136 -0.000001089346126
0.999314767377287 -0.000000755338933
0.999561415049429 -0.000000482813343
0.999753280182866 -0.000000271335735
0.999890341737423 -0.000000120510289
0.999972584682756 -0.000000030114581
1.000000000000000 0.000000000000000
