1.000000000000000 0.000000000000000
0.999972584682756 0.000004612763915
0.999890341737423 0.000018451082145
0.999753280182866 0.000041512027060
0.999561415049429 0.000073792692508
0.999314767377287 0.000115293153776
0.999013364214136 0.000166004415716
0.998657238612229 0.000225923338452
0.998246429624752 0.000295043553728
0.997780982301540 0.000373358362835
0.997260947684137 0.000460851622783
0.996686382800198 0.000557515610072
0.996057350657239 0.000663338877495
0.995373920235722 0.000778306093631
0.994636166481494 0.000902397868564
0.993844170297569 0.001035593564054
0.992998018535252 0.001177877085049
0.992097803984621 0.001329218677253
0.991143625364344 0.001489589688643
0.990135587310861 0.001658965318450
0.989073800366903 0.001837309382308
0.987958380969374 0.002024580044766
0.986789451436580 0.002220738520363
0.985567139954818 0.002425736811203
0.984291580564316 0.002639526383358
0.982962913144534 0.002862048890144
0.981581283398829 0.003093247798559
0.980146842838472 0.003333050161788
0.978659748766034 0.003581390437908
0.977120164258138 0.003838184790757
0.975528258147577 0.004103356812095
0.973884205004793 0.004376815872043
0.972188185118741 0.004658465764660
0.970440384477113 0.004948204321785
0.968640994745946 0.005245922792977
0.966790213248601 0.005551500262341
0.964888242944126 0.005864806816064
0.962935292404997 0.006185698714007
0.960931575794250 0.006514032526574
0.958877312841991 0.006849644371570
0.956772728821300 0.007192369839136
0.954618054523534 0.007542034500042
0.952413526233010 0.007898451996865
0.950159385701097 0.008261429332650
0.947855880119706 0.008630754880407
0.945503262094184 0.009006218276664
0.943101789615607 0.009387581686143
0.940651726032496 0.009774610243082
0.938153340021932 0.010167042751095
0.935606905560095 0.010564616185250
0.933012701892219 0.010967044060391
0.930371013501972 0.011374024145646
0.927682130080253 0.011785244244010
0.924946346493432 0.012200376066266
0.922163962751008 0.012619082858675
0.919335283972712 0.013041000484542
0.916460620355050 0.013465762031788
0.913540287137281 0.013892978643380
0.910574604566852 0.014322255294751
0.907563897864277 0.014753177703392
0.904508497187474 0.015185311710445
0.901408737595557 0.015618203306581
0.898264959012098 0.016051390703831
0.895077506187845 0.016484719096622
0.891846728662920 0.016918226745766
0.888572980728485 0.017351981027514
0.885256621387895 0.017786102684024
0.881898014317321 0.018220733396626
0.878497527825878 0.018656041316020
0.875055534815230 0.019092223484122
0.871572412738697 0.019529498778629
0.868048543559867 0.019968114658707
0.864484313710706 0.020408352501594
0.860880114049181 0.020850523244418
0.857236339816402 0.021294976164087
0.853553390593274 0.021742092586929
0.849831670256683 0.022192287400057
0.846071586935203 0.022646017773354
0.842273552964344 0.023103771518512
0.838437984841330 0.023566070386481
0.834565303179429 0.024033453530794
0.830655932661826 0.024506498181379
0.826710301995053 0.024985802782475
0.822728843861975 0.025471990655388
0.818711994874345 0.025965701224388
0.814660195524919 0.026467614679442
0.810573890139155 0.026978503540512
0.806453526826488 0.027499258906902
0.802299557431188 0.028030822928468
0.798112437482808 0.028573974274995
0.793892626146237 0.029128595625987
0.789640586171339 0.029694295492652
0.785356783842216 0.030270652465361
0.781041688926065 0.030857125467188
0.776695774621672 0.031453030292675
0.772319517507513 0.032057630999879
0.767913397489498 0.032670163148340
0.763477897748339 0.033289863683126
0.759013504686565 0.033915953450715
0.754520707875186 0.034547615115125
0.750000000000000 0.035184008501552
0.745451876807570 0.035824279409526
0.740876837050858 0.036467536773688
0.736275382434527 0.037112874327721
0.731648017559931 0.037759336694441
0.726995249869773 0.038405891624800
0.722317589592464 0.039051459821443
0.717615549686164 0.039694939842213
0.712889645782536 0.040335219561908
0.708140396130201 0.040971295051851
0.703368321537900 0.041602183353438
0.698573945317390 0.042226876258705
0.693757793226052 0.042844421704851
0.688920393409234 0.043454526683216
0.684062276342339 0.044057287949020
0.679183974772650 0.044652821584997
0.674286023660908 0.045241248573656
0.669368960122646 0.045822665304072
0.664433323369292 0.046397129360740
0.659479654649035 0.046964707401628
0.654508497187474 0.047525469721431
0.649520396128043 0.048079493771559
0.644515898472236 0.048626861920986
0.639495553019615 0.049167663155175
0.634459910307633 0.049701995521257
0.629409522551260 0.050229963654534
0.624344943582428 0.050751728487998
0.619266728789291 0.051267523659881
0.614175435055328 0.051777590867878
0.609071620698271 0.052282185064570
0.603955845408880 0.052781501038131
0.598828670189563 0.053275281689394
0.593690657292862 0.053763068951734
0.588542370159792 0.054244399369203
0.583384373358051 0.054718809442976
0.578217232520115 0.055185764261589
0.573041514281206 0.055644496021453
0.567857786217152 0.056094202211996
0.562666616782152 0.056534070572903
0.557468575246433 0.056963294096109
0.552264231633827 0.057381083277898
0.547054156659257 0.057786688757323
0.541838921666158 0.058179361395477
0.536619098563816 0.058558356971058
0.531395259764657 0.058922935323160
0.526167978121472 0.059272358261072
0.520937826864600 0.059605892465013
0.515705379539064 0.059922811403366
0.510471209941678 0.060222393064608
0.505235892058123 0.060503970257783
0.500000000000000 0.060767476389562
0.494764107941877 0.061013254539633
0.489528790058322 0.061241661769922
0.484294620460936 0.061453059932474
0.479062173135400 0.061647828858647
0.473832021878528 0.061826439279042
0.468604740235343 0.061989408987875
0.463380901436184 0.062137259733020
0.458161078333842 0.062270517663746
0.452945843340743 0.062389702296833
0.447735768366173 0.062495292818301
0.442531424753567 0.062587757693804
0.437333383217848 0.062667566544099
0.432142213782848 0.062735191344561
0.426958485718794 0.062791124377667
0.421782767479885 0.062835922060880
0.416615626641949 0.062870153471881
0.411457629840209 0.062894386366160
0.406309342707138 0.062909185709313
0.401171329810437 0.062914931459252
0.396044154591120 0.062911661742540
0.390928379301729 0.062899381370425
0.385824564944672 0.062878099592645
0.380733271210710 0.062847823878054
0.375655056417573 0.062808433552076
0.370590477448740 0.062759689012255
0.365540089692367 0.062701354841868
0.360504446980385 0.062633204374945
0.355484101527764 0.062555029994512
0.350479603871957 0.062466692338369
0.345491502812526 0.062368083918449
0.340520345350965 0.062259105026068
0.335566676630708 0.062139664881662
0.330631039877354 0.062009650055868
0.325713976339092 0.061868901098969
0.320816025227350 0.061717262446226
0.315937723657661 0.061554590075969
0.311079606590766 0.061380773084676
0.306242206773949 0.061195899235152
0.301426054682610 0.061000152532230
0.296631678462100 0.060793719829591
0.291859603869799 0.060576802157453
0.287110354217464 0.060349993975384
0.282384450313836 0.060114390185904
0.277682410407536 0.059871098226161
0.273004750130227 0.059621202769989
0.268351982440069 0.059365710628909
0.263724617565473 0.059105471528572
0.259123162949143 0.058841291003480
0.254548123192430 0.058573954976542
0.250000000000000 0.058304045289571
0.245479292124815 0.058031371188080
0.240986495313435 0.057755559923940
0.236522102251661 0.057476255295615
0.232086602510502 0.057193001704663
0.227680482492487 0.056904835601300
0.223304225378328 0.056610691501046
0.218958311073935 0.056309554569025
0.214643216157784 0.056000514411811
0.210359413828661 0.055682872638070
0.206107373853763 0.055356009264790
0.201887562517192 0.055019344089395
0.197700442568813 0.054672498496981
0.193546473173512 0.054315392957036
0.189426109860845 0.053947996902860
0.185339804475081 0.053570306663770
0.181288005125655 0.053182489813316
0.177271156138025 0.052784808978990
0.173289698004947 0.052377544410488
0.169344067338174 0.051961018783053
0.165434696820571 0.051535659247365
0.161562015158670 0.051101906709339
0.157726447035656 0.050660139239347
0.153928413064797 0.050210201450763
0.150168329743317 0.049751696053854
0.146446609406726 0.049284267560584
0.142763660183598 0.048807495541704
0.139119885950819 0.048320895201242
0.135515686289294 0.047824031866014
0.131951456440133 0.047316344815556
0.128427587261303 0.046797053694793
0.124944465184770 0.046265437332868
0.121502472174122 0.045720862279186
0.118101985682679 0.045162764809158
0.114743378612105 0.044590670780306
0.111427019271515 0.044003957749220
0.108153271337080 0.043401799074374
0.104922493812155 0.042783481721802
0.101735040987902 0.042148987730264
0.098591262404443 0.041498889879429
0.095491502812526 0.040834113907106
0.092436102135723 0.040157816885220
0.089425395433148 0.039473889646707
0.086459712862719 0.038786145623777
0.083539379644950 0.038098411389800
0.080664716027288 0.037414016104344
0.077836037248993 0.036733082881998
0.075053653506568 0.036053901818920
0.072317869919747 0.035374054446853
0.069628986498028 0.034689581771681
0.066987298107781 0.033996812856971
0.064393094439905 0.033292975399678
0.061846659978068 0.032575787689873
0.059348273967504 0.031842896895066
0.056898210384393 0.031091906304055
0.054496737905816 0.030319664117594
0.052144119880294 0.029521887782833
0.049840614298903 0.028696592727058
0.047586473766990 0.027846009152164
0.045381945476466 0.026975003616062
0.043227271178700 0.026093224187488
0.041122687158010 0.025210039500807
0.039068424205750 0.024333412551451
0.037064707595003 0.023472570871810
0.035111757055874 0.022638993039605
0.033209786751399 0.021843169951991
0.031359005254054 0.021093914749077
0.029559615522887 0.020395284981480
0.027811814881260 0.019746651024660
0.026115794995207 0.019136879049324
0.024471741852423 0.018552965035647
0.022879835741862 0.017985312274177
0.021340251233966 0.017426563657073
0.019853157161529 0.016871072237650
0.018418716601171 0.016310110810024
0.017037086855466 0.015732403354505
0.015708419435685 0.015126252096050
0.014432860045182 0.014480370544208
0.013210548563420 0.013783973784452
0.012041619030626 0.013025683054028
0.010926199633097 0.012200944884338
0.009864412689139 0.011340126293645
0.008856374635656 0.010483879360118
0.007902196015379 0.009667027105552
0.007001981464748 0.008907801711129
0.006155829702431 0.008198612583332
0.005363833518506 0.007528986533195
0.004626079764278 0.006893281203900
0.003942649342761 0.006288112579077
0.003313617199802 0.005708408052853
0.002739052315863 0.005147621666473
0.002219017698460 0.004599883367047
0.001753570375248 0.004063067605891
0.001342761387771 0.003535147628068
0.000986635785864 0.003015199265374
0.000685232622713 0.002502451522790
0.000438584950571 0.001993636736789
0.000246719817134 0.001488488013587
0.000109658262577 0.000989680461619
0.000027415317244 0.000497829199923
0.000000000000000 0.000000000000000
0.000027415317244 -0.000516486227191
0.000109658262577 -0.001049673441504
0.000246719817134 -0.001596980779093
0.000438584950571 -0.002155365152186
0.000685232622713 -0.002720519120940
0.000986635785864 -0.003289253904067
0.001342761387771 -0.003860565540466
0.001753570375248 -0.004432956364115
0.002219017698460 -0.005004598262375
0.002739052315863 -0.005568929619507
0.003313617199802 -0.006116075280730
0.003942649342761 -0.006635774355400
0.004626079764278 -0.007119677160103
0.005363833518506 -0.007562007984685
0.006155829702431 -0.007957855427165
0.007001981464748 -0.008300363067871
0.007902196015379 -0.008581446148072
0.008856374635656 -0.008793510433217
0.009864412689139 -0.008943523685215
0.010926199633097 -0.009049186857563
0.012041619030626 -0.009136280466725
0.013210548563420 -0.009225036043095
0.014432860045182 -0.009322358696710
0.015708419435684 -0.009429048358789
0.017037086855466 -0.009542866085151
0.018418716601171 -0.009662915979625
0.019853157161528 -0.009788119469689
0.021340251233966 -0.009916731554324
0.022879835741862 -0.010047274363192
0.024471741852423 -0.010178417114064
0.026115794995207 -0.010308589862421
0.027811814881259 -0.010435844857245
0.029559615522887 -0.010557734062315
0.031359005254054 -0.010672630620791
0.033209786751399 -0.010780137981147
0.035111757055874 -0.010881041883937
0.037064707595003 -0.010977027614076
0.039068424205750 -0.011069984427964
0.041122687158009 -0.011161947321960
0.043227271178699 -0.011254627233700
0.045381945476466 -0.011349828832221
0.047586473766990 -0.011449649862555
0.049840614298903 -0.011556167742720
0.052144119880293 -0.011670700648663
0.054496737905816 -0.011794038825193
0.056898210384393 -0.011925435981930
0.059348273967504 -0.012063771602404
0.061846659978068 -0.012208200235432
0.064393094439905 -0.012357891221309
0.066987298107781 -0.012512025801988
0.069628986498028 -0.012669725943613
0.072317869919747 -0.012829974737937
0.075053653506568 -0.012991619364611
0.077836037248992 -0.013153452449157
0.080664716027288 -0.013314238180753
0.083539379644950 -0.013472997033337
0.086459712862719 -0.013629970977021
0.089425395433148 -0.013785737335742
0.092436102135723 -0.013940925695648
0.095491502812526 -0.014096217947104
0.098591262404443 -0.014252307775001
0.101735040987902 -0.014409779020945
0.104922493812155 -0.014569227384286
0.108153271337080 -0.014731048234695
0.111427019271514 -0.014895434726008
0.114743378612105 -0.015062599530353
0.118101985682679 -0.015232842967787
0.121502472174122 -0.015406519764712
0.124944465184770 -0.015584073754050
0.128427587261303 -0.015766195637753
0.131951456440133 -0.015953667013366
0.135515686289294 -0.016147248022420
0.139119885950819 -0.016347585983376
0.142763660183598 -0.016555338119584
0.146446609406726 -0.016770963210029
0.150168329743317 -0.016994420024535
0.153928413064796 -0.017225585965363
0.157726447035656 -0.017464189124846
0.161562015158669 -0.017709542381125
0.165434696820571 -0.017960843731554
0.169344067338174 -0.018217147508911
0.173289698004947 -0.018476980995204
0.177271156138025 -0.018738628736408
0.181288005125655 -0.019000281322480
0.185339804475081 -0.019260078815662
0.189426109860845 -0.019516103245526
0.193546473173511 -0.019766350780085
0.197700442568812 -0.020009165450255
0.201887562517192 -0.020244052819542
0.206107373853763 -0.020470722122371
0.210359413828660 -0.020688934970657
0.214643216157784 -0.020899380577589
0.218958311073935 -0.021103624647050
0.223304225378328 -0.021303341953788
0.227680482492486 -0.021500275035870
0.232086602510501 -0.021696165275098
0.236522102251661 -0.021892797418036
0.240986495313435 -0.022092029183207
0.245479292124814 -0.022295495389219
0.250000000000000 -0.022503709736364
0.254548123192429 -0.022716914471092
0.259123162949142 -0.022935354544176
0.263724617565473 -0.023158895498788
0.268351982440069 -0.023386042453514
0.273004750130227 -0.023614952639204
0.277682410407536 -0.023843720354175
0.282384450313836 -0.024070406923233
0.287110354217464 -0.024293143080679
0.291859603869799 -0.024510039668616
0.296631678462100 -0.024719160907632
0.301426054682609 -0.024918672805857
0.306242206773948 -0.025108000490483
0.311079606590766 -0.025287211979599
0.315937723657661 -0.025456390144224
0.320816025227350 -0.025615631811391
0.325713976339092 -0.025765148488500
0.330631039877354 -0.025905287206981
0.335566676630708 -0.026036417905325
0.340520345350965 -0.026158924118898
0.345491502812526 -0.026273187881108
0.350479603871956 -0.026379543697108
0.355484101527764 -0.026478322345620
0.360504446980385 -0.026569866382799
0.365540089692367 -0.026654531835943
0.370590477448739 -0.026732755349750
0.375655056417572 -0.026805056886752
0.380733271210709 -0.026871972206053
0.385824564944672 -0.026934049561123
0.390928379301728 -0.026991784184108
0.396044154591120 -0.027045300285996
0.401171329810437 -0.027094585057713
0.406309342707137 -0.027139627254445
0.411457629840208 -0.027180417237598
0.416615626641949 -0.027216736324024
0.421782767479884 -0.027247861821343
0.426958485718794 -0.027272992786790
0.432142213782848 -0.027291323106271
0.437333383217848 -0.027302045115567
0.442531424753567 -0.027304430824235
0.447735768366173 -0.027297850817137
0.452945843340743 -0.027281681158109
0.458161078333842 -0.027255297906969
0.463380901436184 -0.027218070731023
0.468604740235343 -0.027169276014028
0.473832021878528 -0.027108125481169
0.479062173135400 -0.027033831372853
0.484294620460935 -0.026945608282228
0.489528790058321 -0.026842708268309
0.494764107941877 -0.026724621794233
0.500000000000000 -0.026590944160283
0.505235892058122 -0.026441276522419
0.510471209941678 -0.026275227887029
0.515705379539064 -0.026092674898737
0.520937826864600 -0.025894587593394
0.526167978121472 -0.025682215004433
0.531395259764656 -0.025456811052234
0.536619098563816 -0.025219632109131
0.541838921666157 -0.024971912909090
0.547054156659257 -0.024714827771288
0.552264231633827 -0.024449544980254
0.557468575246433 -0.024177228609014
0.562666616782152 -0.023899042964365
0.567857786217152 -0.023616209396845
0.573041514281206 -0.023330029587243
0.578217232520115 -0.023041799960742
0.583384373358051 -0.022752808814684
0.588542370159791 -0.022464300630817
0.593690657292862 -0.022177143632521
0.598828670189563 -0.021891961519431
0.603955845408879 -0.021609366147153
0.609071620698271 -0.021329959699030
0.614175435055328 -0.021054174323119
0.619266728789290 -0.020781757669179
0.624344943582427 -0.020512287756444
0.629409522551260 -0.020245347469853
0.634459910307633 -0.019980528632940
0.639495553019614 -0.019717503680854
0.644515898472235 -0.019456053407405
0.649520396128043 -0.019195968315807
0.654508497187474 -0.018937043446321
0.659479654649035 -0.018679071489844
0.664433323369291 -0.018421817159459
0.669368960122646 -0.018165034092672
0.674286023660907 -0.017908487284803
0.679183974772650 -0.017651943812665
0.684062276342339 -0.017395176196368
0.688920393409233 -0.017137962461152
0.693757793226051 -0.016880085730510
0.698573945317390 -0.016621336965114
0.703368321537900 -0.016361626534037
0.708140396130200 -0.016101128789815
0.712889645782536 -0.015840060849162
0.717615549686163 -0.015578630410352
0.722317589592464 -0.015317054809642
0.726995249869773 -0.015055582873109
0.731648017559930 -0.014794471973893
0.736275382434527 -0.014533968091975
0.740876837050857 -0.014274313049016
0.745451876807570 -0.014015722574501
0.750000000000000 -0.013758407893447
0.754520707875185 -0.013502568651702
0.759013504686565 -0.013248403478125
0.763477897748338 -0.012996100365307
0.767913397489498 -0.012745843634566
0.772319517507513 -0.012497811914017
0.776695774621672 -0.012252180621450
0.781041688926065 -0.012009124981126
0.785356783842216 -0.011768818343278
0.789640586171339 -0.011531423735908
0.793892626146236 -0.011297075874662
0.798112437482808 -0.011065883577310
0.802299557431187 -0.010837947109968
0.806453526826488 -0.010613327148513
0.810573890139155 -0.010391911716386
0.814660195524918 -0.010173548167274
0.818711994874345 -0.009958091547213
0.822728843861975 -0.009745416806444
0.826710301995052 -0.009535416718495
0.830655932661826 -0.009327992021205
0.834565303179429 -0.009123045062929
0.838437984841330 -0.008920479305085
0.842273552964344 -0.008720205174508
0.846071586935203 -0.008522136838658
0.849831670256683 -0.008326197317491
0.853553390593274 -0.008132318017742
0.857236339816401 -0.007940431088112
0.860880114049181 -0.007750474897266
0.864484313710706 -0.007562391792545
0.868048543559867 -0.007376127992120
0.871572412738697 -0.007191632082181
0.875055534815230 -0.007008859690626
0.878497527825878 -0.006827770867297
0.881898014317321 -0.006648331320384
0.885256621387894 -0.006470514602698
0.888572980728485 -0.006294298496126
0.891846728662920 -0.006119668082080
0.895077506187845 -0.005946611837279
0.898264959012098 -0.005775123922043
0.901408737595557 -0.005605204190678
0.904508497187474 -0.005436883202875
0.907563897864277 -0.005270231392292
0.910574604566852 -0.005105324319288
0.913540287137281 -0.004942230429018
0.916460620355049 -0.004781014349871
0.919335283972712 -0.004621742116119
0.922163962751007 -0.004464476741157
0.924946346493432 -0.004309279798272
0.927682130080253 -0.004156211368896
0.930371013501972 -0.004005330237490
0.933012701892219 -0.003856691091038
0.935606905560095 -0.003710349110503
0.938153340021932 -0.003566354994044
0.940651726032496 -0.003424757352439
0.943101789615607 -0.003285603320699
0.945503262094184 -0.003148937151719
0.947855880119706 -0.003014799625527
0.950159385701097 -0.002883232084356
0.952413526233010 -0.002754270069695
0.954618054523534 -0.002627952724231
0.956772728821300 -0.002504313778210
0.958877312841991 -0.002383386841238
0.960931575794250 -0.002265203855037
0.962935292404997 -0.002149794930696
0.964888242944126 -0.002037190894924
0.966790213248601 -0.001927422851275
0.968640994745946 -0.001820515586803
0.970440384477113 -0.001716496298503
0.972188185118740 -0.001615389101163
0.973884205004793 -0.001517211815237
0.975528258147577 -0.001421986099566
0.977120164258138 -0.001329728652428
0.978659748766034 -0.001240457032663
0.980146842838471 -0.001154186672719
0.981581283398829 -0.001070934656272
0.982962913144534 -0.000990717067384
0.984291580564316 -0.000913546743068
0.985567139954818 -0.000839439135472
0.986789451436580 -0.000768405183126
0.987958380969374 -0.000700459087784
0.989073800366903 -0.000635610041007
0.990135587310861 -0.000573869225711
0.991143625364344 -0.000515244854414
0.992097803984621 -0.000459747091158
0.992998018535252 -0.000407382373572
0.993844170297569 -0.000358159307796
0.994636166481494 -0.000312083404783
0.995373920235722 -0.000269161184934
0.996057350657239 -0.000229398944062
0.996686382800198 -0.000192799940625
0.997260947684137 -0.000159369922877
0.997780982301540 -0.000129111070347
0.998246429624752 -0.000102030194828
0.998657238612229 -0.000078127569455
0.999013364214136 -0.000057405760612
0.999314767377287 -0.000039869272881
0.999561415049429 -0.000025518062410
0.999753280182866 -0.000014355432325
0.999890341737423 -0.000006380374852
0.999972584682756 -0.000001595091833
1.000000000000000 0.000000000000000
