1.000000000000000 0.000000000000000
0.999972584682756 0.000003552061008
0.999890341737423 0.000014204244134
0.999753280182866 0.000031958514493
0.999561415049429 0.000056818144619
0.999314767377287 0.000088785381462
0.999013364214136 0.000127859107252
0.998657238612229 0.000174044147054
0.998246429624752 0.000227346602948
0.997780982301540 0.000287766843118
0.997260947684137 0.000355308808758
0.996686382800198 0.000429982340202
0.996057350657239 0.000511789148322
0.995373920235722 0.000600734461461
0.994636166481494 0.000696824670460
0.993844170297569 0.000800069649378
0.992998018535252 0.000910475705037
0.992097803984621 0.001028045530118
0.991143625364344 0.001152792253489
0.990135587310861 0.001284720635828
0.989073800366903 0.001423841122162
0.987958380969374 0.001570158043866
0.986789451436580 0.001723686071461
0.985567139954818 0.001884426594741
0.984291580564316 0.002052393636812
0.982962913144534 0.002227594928251
0.981581283398829 0.002410036567897
0.980146842838472 0.002599727719301
0.978659748766034 0.002796680585405
0.977120164258138 0.003000900844959
0.975528258147577 0.003212397107188
0.973884205004793 0.003431176099765
0.972188185118741 0.003657247395364
0.970440384477113 0.003890618583132
0.968640994745946 0.004131292795778
0.966790213248601 0.004379280661894
0.964888242944126 0.004634585840732
0.962935292404997 0.004897214576812
0.960931575794250 0.005167173247930
0.958877312841991 0.005444463460494
0.956772728821300 0.005729089244251
0.954618054523534 0.006021052150318
0.952413526233010 0.006320356054860
0.950159385701097 0.006626999793166
0.947855880119706 0.006940984407538
0.945503262094184 0.007262308206776
0.943101789615607 0.007590969147079
0.940651726032496 0.007926962312108
0.938153340021932 0.008270284772767
0.935606905560095 0.008620930607508
0.933012701892219 0.008978890823191
0.930371013501972 0.009344160728386
0.927682130080253 0.009716724992199
0.924946346493432 0.010096572456566
0.922163962751008 0.010483696134024
0.919335283972712 0.010878073165261
0.916460620355050 0.011279692224464
0.913540287137281 0.011688533473296
0.910574604566852 0.012104578513712
0.907563897864277 0.012527800262635
0.904508497187474 0.012958183066373
0.901408737595557 0.013395694892036
0.898264959012098 0.013840309988661
0.895077506187845 0.014291998736120
0.891846728662920 0.014750727574249
0.888572980728485 0.015216466595893
0.885256621387895 0.015689176755305
0.881898014317321 0.016168820008899
0.878497527825878 0.016655354163637
0.875055534815230 0.017148737964403
0.871572412738697 0.017648925914869
0.868048543559867 0.018155870791293
0.864484313710706 0.018669521020607
0.860880114049181 0.019189825820034
0.857236339816402 0.019716724857376
0.853553390593274 0.020250166332463
0.849831670256683 0.020790088749173
0.846071586935203 0.021336428473187
0.842273552964344 0.021889117188300
0.838437984841330 0.022448089864110
0.834565303179429 0.023013274961480
0.830655932661826 0.023584599346990
0.826710301995053 0.024161990398835
0.822728843861975 0.024745363354256
0.818711994874345 0.025334639722650
0.814660195524919 0.025929722903580
0.810573890139155 0.026530534772563
0.806453526826488 0.027136992305230
0.802299557431188 0.027749020111104
0.798112437482808 0.028366529454358
0.793892626146237 0.028989381070443
0.789640586171339 0.029617404411200
0.785356783842216 0.030250431518584
0.781041688926065 0.030888257844400
0.776695774621672 0.031530623453203
0.772319517507513 0.032177262914299
0.767913397489498 0.032827892542992
0.763477897748339 0.033482234076117
0.759013504686565 0.034140003357067
0.754520707875186 0.034800917177095
0.750000000000000 0.035464674409569
0.745451876807570 0.036130972359591
0.740876837050858 0.036799492218393
0.736275382434527 0.037469911006266
0.731648017559931 0.038141901741903
0.726995249869773 0.038815123436106
0.722317589592464 0.039489239327494
0.717615549686164 0.040163893618893
0.712889645782536 0.040838732489083
0.708140396130201 0.041513394684966
0.703368321537900 0.042187513970651
0.698573945317390 0.042860718910724
0.693757793226052 0.043532627203936
0.688920393409234 0.044202841616155
0.684062276342339 0.044870938620079
0.679183974772650 0.045536486606496
0.674286023660908 0.046199051704047
0.669368960122646 0.046858196782904
0.664433323369292 0.047513468376215
0.659479654649035 0.048164423156497
0.654508497187474 0.048810597652665
0.649520396128043 0.049451539574875
0.644515898472236 0.050086788565000
0.639495553019615 0.050715882722535
0.634459910307633 0.051338358114845
0.629409522551260 0.051953751278529
0.624344943582428 0.052561593142379
0.619266728789291 0.053161401122085
0.614175435055328 0.053752695235678
0.609071620698271 0.054334995003223
0.603955845408880 0.054907819933479
0.598828670189563 0.055470721289126
0.593690657292862 0.056023271064518
0.588542370159792 0.056565049193868
0.583384373358051 0.057095630426119
0.578217232520115 0.057614593917408
0.573041514281206 0.058121516795328
0.567857786217152 0.058615975676980
0.562666616782152 0.059097544803914
0.557468575246433 0.059565811197837
0.552264231633827 0.060020412390387
0.547054156659257 0.060461131163193
0.541838921666158 0.060887783686346
0.536619098563816 0.061300190776365
0.531395259764657 0.061698181546680
0.526167978121472 0.062081664979966
0.520937826864600 0.062450699823700
0.515705379539064 0.062805359298877
0.510471209941678 0.063145726505002
0.505235892058123 0.063471888923834
0.500000000000000 0.063783880526200
0.494764107941877 0.064081678078875
0.489528790058322 0.064365258332263
0.484294620460936 0.064634602549540
0.479062173135400 0.064889696391486
0.473832021878528 0.065130434773699
0.468604740235343 0.065356641038197
0.463380901436184 0.065568138281954
0.458161078333842 0.065764758521201
0.452945843340743 0.065946371249665
0.447735768366173 0.066113225168000
0.442531424753567 0.066265821196305
0.437333383217848 0.066404664793970
0.432142213782848 0.066530265123262
0.426958485718794 0.066643198583156
0.421782767479885 0.066744538449589
0.416615626641949 0.066835576079815
0.411457629840209 0.066917594364410
0.406309342707138 0.066991867259053
0.401171329810437 0.067059321781519
0.396044154591120 0.067119457703117
0.390928379301729 0.067171409638971
0.385824564944672 0.067214328206665
0.380733271210710 0.067247376759680
0.375655056417573 0.067269181612794
0.370590477448740 0.067277223442466
0.365540089692367 0.067268881031064
0.360504446980385 0.067241585096489
0.355484101527764 0.067192906173231
0.350479603871957 0.067122193431344
0.345491502812526 0.067030414679830
0.340520345350965 0.066918590894894
0.335566676630708 0.066787734375294
0.330631039877354 0.066639268805450
0.325713976339092 0.066476704602835
0.320816025227350 0.066304145594477
0.315937723657661 0.066125608734869
0.311079606590766 0.065944995709867
0.306242206773949 0.065765111741612
0.301426054682610 0.065587455989549
0.296631678462100 0.065413412644907
0.291859603869799 0.065244325932196
0.287110354217464 0.065080697269878
0.282384450313836 0.064919974842243
0.277682410407536 0.064758963977603
0.273004750130227 0.064594565542545
0.268351982440069 0.064423803499706
0.263724617565473 0.064244016961470
0.259123162949143 0.064052758329338
0.254548123192430 0.063847668983900
0.250000000000000 0.063626547318001
0.245479292124815 0.063388424584884
0.240986495313435 0.063133358546164
0.236522102251661 0.062861453057391
0.232086602510502 0.062572840965515
0.227680482492487 0.062268031478135
0.223304225378328 0.061947871980351
0.218958311073935 0.061613216135885
0.214643216157784 0.061264891212350
0.210359413828661 0.060903622579627
0.206107373853763 0.060530044373204
0.201887562517192 0.060144786523372
0.197700442568813 0.059748458969944
0.193546473173512 0.059341598077351
0.189426109860845 0.058924704282078
0.185339804475081 0.058498271587549
0.181288005125655 0.058062779192723
0.177271156138025 0.057618658969790
0.173289698004947 0.057166332377794
0.169344067338174 0.056706231680738
0.165434696820571 0.056238832659787
0.161562015158670 0.055764661277507
0.157726447035656 0.055284224432395
0.153928413064797 0.054797931020657
0.150168329743317 0.054305960125407
0.146446609406726 0.053808464365456
0.142763660183598 0.053305457634318
0.139119885950819 0.052796121341850
0.135515686289294 0.052279414835855
0.131951456440133 0.051754404132062
0.128427587261303 0.051220337996565
0.124944465184770 0.050676600588241
0.121502472174122 0.050122649534242
0.118101985682679 0.049557990013924
0.114743378612105 0.048982195556718
0.111427019271515 0.048394902344393
0.108153271337080 0.047795792902253
0.104922493812155 0.047184613912012
0.101735040987902 0.046561192597351
0.098591262404443 0.045925578379896
0.095491502812526 0.045277940468307
0.092436102135723 0.044618553422734
0.089425395433148 0.043947966892833
0.086459712862719 0.043266781916513
0.083539379644950 0.042575608951523
0.080664716027288 0.041875060361876
0.077836037248993 0.041165757406239
0.075053653506568 0.040448289423383
0.072317869919747 0.039723244677772
0.069628986498028 0.038990988324465
0.066987298107781 0.038251592549995
0.064393094439905 0.037505193881134
0.061846659978068 0.036752054166228
0.059348273967504 0.035992513229231
0.056898210384393 0.035226948809260
0.054496737905816 0.034455799561023
0.052144119880294 0.033679596407304
0.049840614298903 0.032899009000228
0.047586473766990 0.032114420972362
0.045381945476466 0.031325666915420
0.043227271178700 0.030532608276525
0.041122687158010 0.029735125945656
0.039068424205750 0.028933256158059
0.037064707595003 0.028127174264980
0.035111757055874 0.027317230401043
0.033209786751399 0.026503873126457
0.031359005254054 0.025687682476521
0.029559615522887 0.024869350090519
0.027811814881260 0.024049723127222
0.026115794995207 0.023229798663121
0.024471741852423 0.022410527325775
0.022879835741862 0.021592738355591
0.021340251233966 0.020776857267642
0.019853157161529 0.019963215562399
0.018418716601171 0.019152439230899
0.017037086855466 0.018345412539923
0.015708419435685 0.017543147305284
0.014432860045182 0.016746908743310
0.013210548563420 0.015958124215219
0.012041619030626 0.015178408531731
0.010926199633097 0.014407572050237
0.009864412689139 0.013642908310640
0.008856374635656 0.012882366348094
0.007902196015379 0.012124847144246
0.007001981464748 0.011370097088421
0.006155829702431 0.010616707709673
0.005363833518506 0.009862647780856
0.004626079764278 0.009105919343418
0.003942649342761 0.008346688419950
0.003313617199802 0.007587366951053
0.002739052315863 0.006832980700450
0.002219017698460 0.006090624548332
0.001753570375248 0.005362948375819
0.001342761387771 0.004649454227696
0.000986635785864 0.003949009738392
0.000685232622713 0.003261149401847
0.000438584950571 0.002585484178726
0.000246719817134 0.001921693742611
0.000109658262577 0.001269579296199
0.000027415317244 0.000628994111594
0.000000000000000 0.000000000000000
0.000027415317244 -0.000617962633815
0.000109658262577 -0.001233152998526
0.000246719817134 -0.001850727724034
0.000438584950571 -0.002465748267205
0.000685232622713 -0.003072250229389
0.000986635785864 -0.003663500033278
0.001342761387771 -0.004231935477468
0.001753570375248 -0.004769625361625
0.002219017698460 -0.005267641880633
0.002739052315863 -0.005715611644940
0.003313617199802 -0.006116893034965
0.003942649342761 -0.006484477099940
0.004626079764278 -0.006837325956987
0.005363833518506 -0.007191914770463
0.006155829702431 -0.007555847515337
0.007001981464748 -0.007917679843309
0.007902196015379 -0.008259186757613
0.008856374635656 -0.008573976212332
0.009864412689139 -0.008863391472963
0.010926199633097 -0.009134904802353
0.012041619030626 -0.009398224750473
0.013210548563420 -0.009662225046582
0.014432860045182 -0.009931689904162
0.015708419435684 -0.010207039843940
0.017037086855466 -0.010486088122076
0.018418716601171 -0.010767786747634
0.019853157161528 -0.011051102433541
0.021340251233966 -0.011334634115379
0.022879835741862 -0.011616912121001
0.024471741852423 -0.011896454880440
0.026115794995207 -0.012171931637475
0.027811814881259 -0.012442420563605
0.029559615522887 -0.012707727206074
0.031359005254054 -0.012967786476768
0.033209786751399 -0.013222618303668
0.035111757055874 -0.013472425260613
0.037064707595003 -0.013717597322270
0.039068424205750 -0.013958713055477
0.041122687158009 -0.014196542016399
0.043227271178699 -0.014432022954553
0.045381945476466 -0.014666366256773
0.047586473766990 -0.014901172873850
0.049840614298903 -0.015138061141766
0.052144119880293 -0.015378173919245
0.054496737905816 -0.015622381819139
0.056898210384393 -0.015870777938268
0.059348273967504 -0.016123387924533
0.061846659978068 -0.016380444362446
0.064393094439905 -0.016642242985241
0.066987298107781 -0.016909055816064
0.069628986498028 -0.017181166704879
0.072317869919747 -0.017458965464551
0.075053653506568 -0.017742897101760
0.077836037248992 -0.018032956194649
0.080664716027288 -0.018328604051548
0.083539379644950 -0.018629198688987
0.086459712862719 -0.018933988790124
0.089425395433148 -0.019242135367963
0.092436102135723 -0.019552650227175
0.095491502812526 -0.019864418569491
0.098591262404443 -0.020176451448163
0.101735040987902 -0.020488138859045
0.104922493812155 -0.020798936038083
0.108153271337080 -0.021108797339852
0.111427019271514 -0.021418075802688
0.114743378612105 -0.021727148969071
0.118101985682679 -0.022036320185121
0.121502472174122 -0.022345893098234
0.124944465184770 -0.022656216160855
0.128427587261303 -0.022967683288137
0.131951456440133 -0.023280735531852
0.135515686289294 -0.023595875808714
0.139119885950819 -0.023913702105992
0.142763660183598 -0.024234855832724
0.146446609406726 -0.024559888371528
0.150168329743317 -0.024889154499173
0.153928413064796 -0.025223007388952
0.157726447035656 -0.025561613280846
0.161562015158669 -0.025904686633255
0.165434696820571 -0.026251861913882
0.169344067338174 -0.026602768952942
0.173289698004947 -0.026957084053661
0.177271156138025 -0.027314482518356
0.181288005125655 -0.027674629286040
0.185339804475081 -0.028037214128837
0.189426109860845 -0.028401941048285
0.193546473173511 -0.028768500313176
0.197700442568812 -0.029136418776134
0.201887562517192 -0.029504856550406
0.206107373853763 -0.029872899209625
0.210359413828660 -0.030239581745764
0.214643216157784 -0.030603806377084
0.218958311073935 -0.030964354108660
0.223304225378328 -0.031319964538396
0.227680482492486 -0.031669273375824
0.232086602510501 -0.032010572370746
0.236522102251661 -0.032341999796521
0.240986495313435 -0.032661639739476
0.245479292124814 -0.032968087788755
0.250000000000000 -0.033261639079389
0.254548123192429 -0.033542948138629
0.259123162949142 -0.033812705410725
0.263724617565473 -0.034072095320444
0.268351982440069 -0.034323609847720
0.273004750130227 -0.034570049588165
0.277682410407536 -0.034814309825295
0.282384450313836 -0.035059311959009
0.287110354217464 -0.035307804547058
0.291859603869799 -0.035562562299071
0.296631678462100 -0.035826444362164
0.301426054682609 -0.036101830580063
0.306242206773948 -0.036387387542363
0.311079606590766 -0.036680161982653
0.315937723657661 -0.036977106702981
0.320816025227350 -0.037275079690476
0.325713976339092 -0.037570469429702
0.330631039877354 -0.037859197511043
0.335566676630708 -0.038137078996300
0.340520345350965 -0.038399848762211
0.345491502812526 -0.038644011865510
0.350479603871956 -0.038868770396535
0.355484101527764 -0.039073883059049
0.360504446980385 -0.039259111635236
0.365540089692367 -0.039424282626794
0.370590477448739 -0.039570324497632
0.375655056417572 -0.039699190601494
0.380733271210709 -0.039812910509105
0.385824564944672 -0.039913552551447
0.390928379301728 -0.040002974673807
0.396044154591120 -0.040081764071423
0.401171329810437 -0.040150100738575
0.406309342707137 -0.040208171640869
0.411457629840208 -0.040256169252013
0.416615626641949 -0.040293913504829
0.421782767479884 -0.040320409994971
0.426958485718794 -0.040334553775830
0.432142213782848 -0.040335234584380
0.437333383217848 -0.040321354411548
0.442531424753567 -0.040292283947166
0.447735768366173 -0.040247925449971
0.452945843340743 -0.040188214339075
0.458161078333842 -0.040113092456782
0.463380901436184 -0.040022542082808
0.468604740235343 -0.039916967484219
0.473832021878528 -0.039797059602185
0.479062173135400 -0.039663521597979
0.484294620460935 -0.039517066747946
0.489528790058321 -0.039358365213400
0.494764107941877 -0.039187753924088
0.500000000000000 -0.039005437040728
0.505235892058122 -0.038811622921668
0.510471209941678 -0.038606525393004
0.515705379539064 -0.038390308058227
0.520937826864600 -0.038162920033900
0.526167978121472 -0.037924258751340
0.531395259764656 -0.037674229227161
0.536619098563816 -0.037412738566800
0.541838921666157 -0.037139795502182
0.547054156659257 -0.036855629084742
0.552264231633827 -0.036560507883092
0.557468575246433 -0.036254701187358
0.562666616782152 -0.035938485636862
0.567857786217152 -0.035612201946100
0.573041514281206 -0.035276278494365
0.578217232520115 -0.034931150378112
0.583384373358051 -0.034577256594645
0.588542370159791 -0.034215034423671
0.593690657292862 -0.033844958567633
0.598828670189563 -0.033467522431429
0.603955845408879 -0.033083219887829
0.609071620698271 -0.032692541739485
0.614175435055328 -0.032295991502902
0.619266728789290 -0.031894125497691
0.624344943582427 -0.031487509750748
0.629409522551260 -0.031076707889233
0.634459910307633 -0.030662276779891
0.639495553019614 -0.030244757588401
0.644515898472235 -0.029824675260581
0.649520396128043 -0.029402543465976
0.654508497187474 -0.028978870658984
0.659479654649035 -0.028554162026377
0.664433323369291 -0.028128929426151
0.669368960122646 -0.027703678090918
0.674286023660907 -0.027278909378920
0.679183974772650 -0.026855110571492
0.684062276342339 -0.026432731110865
0.688920393409233 -0.026012170754713
0.693757793226051 -0.025593820302847
0.698573945317390 -0.025178064413465
0.703368321537900 -0.024765153969463
0.708140396130200 -0.024355035155331
0.712889645782536 -0.023947613546550
0.717615549686163 -0.023542793976304
0.722317589592464 -0.023140492159303
0.726995249869773 -0.022740656962501
0.731648017559930 -0.022343246843040
0.736275382434527 -0.021948224691267
0.740876837050857 -0.021555550704966
0.745451876807570 -0.021165181123894
0.750000000000000 -0.020777071791148
0.754520707875185 -0.020391178644260
0.759013504686565 -0.020007466949716
0.763477897748338 -0.019625905451817
0.767913397489498 -0.019246469759922
0.772319517507513 -0.018869137128441
0.776695774621672 -0.018493882147827
0.781041688926065 -0.018120671650046
0.785356783842216 -0.017749466544896
0.789640586171339 -0.017380241215113
0.793892626146236 -0.017013020273793
0.798112437482808 -0.016647882275337
0.802299557431187 -0.016284903545276
0.806453526826488 -0.015924172088247
0.810573890139155 -0.015565829829226
0.814660195524918 -0.015210025373841
0.818711994874345 -0.014856904311772
0.822728843861975 -0.014506594896988
0.826710301995052 -0.014159217299323
0.830655932661826 -0.013814885240638
0.834565303179429 -0.013473706419143
0.838437984841330 -0.013135789621407
0.842273552964344 -0.012801243549673
0.846071586935203 -0.012470167727514
0.849831670256683 -0.012142655857282
0.853553390593274 -0.011818798437336
0.857236339816401 -0.011498683109122
0.860880114049181 -0.011182393439657
0.864484313710706 -0.010870006124729
0.868048543559867 -0.010561595747743
0.871572412738697 -0.010257234770102
0.875055534815230 -0.009956984372572
0.878497527825878 -0.009660911179640
0.881898014317321 -0.009369068894436
0.885256621387894 -0.009081515584694
0.888572980728485 -0.008798300012061
0.891846728662920 -0.008519467348449
0.895077506187845 -0.008245061768612
0.898264959012098 -0.007975123291572
0.901408737595557 -0.007709686249504
0.904508497187474 -0.007448784055026
0.907563897864277 -0.007192443554013
0.910574604566852 -0.006940691591103
0.913540287137281 -0.006693549669855
0.916460620355049 -0.006451039997573
0.919335283972712 -0.006213173858894
0.922163962751007 -0.005979969483641
0.924946346493432 -0.005751435661405
0.927682130080253 -0.005527577986607
0.930371013501972 -0.005308403886341
0.933012701892219 -0.005093917102848
0.935606905560095 -0.004884116062679
0.938153340021932 -0.004678997728874
0.940651726032496 -0.004478560654875
0.943101789615607 -0.004282796020684
0.945503262094184 -0.004091698284401
0.947855880119706 -0.003905254728938
0.950159385701097 -0.003723454498589
0.952413526233010 -0.003546283283683
0.954618054523534 -0.003373728405102
0.956772728821300 -0.003205769979018
0.958877312841991 -0.003042390766733
0.960931575794250 -0.002883573569135
0.962935292404997 -0.002729296569674
0.964888242944126 -0.002579539804976
0.966790213248601 -0.002434278389783
0.968640994745946 -0.002293492578133
0.970440384477113 -0.002157157810501
0.972188185118740 -0.002025248881216
0.973884205004793 -0.001897741158139
0.975528258147577 -0.001774610755269
0.977120164258138 -0.001655831452987
0.978659748766034 -0.001541377243230
0.980146842838471 -0.001431222949965
0.981581283398829 -0.001325344371540
0.982962913144534 -0.001223712394393
0.984291580564316 -0.001126305865095
0.985567139954818 -0.001033095542910
0.986789451436580 -0.000944060009123
0.987958380969374 -0.000859173466492
0.989073800366903 -0.000778411009848
0.990135587310861 -0.000701750732840
0.991143625364344 -0.000629170010495
0.992097803984621 -0.000560647275589
0.992998018535252 -0.000496159673522
0.993844170297569 -0.000435688690258
0.994636166481494 -0.000379214519166
0.995373920235722 -0.000326718390363
0.996057350657239 -0.000278182792079
0.996686382800198 -0.000233593245561
0.997260947684137 -0.000192931585170
0.997780982301540 -0.000156185688665
0.998246429624752 -0.000123343529429
0.998657238612229 -0.000094392929186
0.999013364214136 -0.000069322081536
0.999314767377287 -0.000048124804741
0.999561415049429 -0.000030791193869
0.999753280182866 -0.000017317172030
0.999890341737423 -0.000007695245253
0.999972584682756 -0.000001923584623
1.000000000000000 0.000000000000000
