1.000000000000000 0.000000000000000
0.999972584682756 0.000005956749990
0.999890341737423 0.000023826770120
0.999753280182866 0.000053609386278
0.999561415049429 0.000095295806027
0.999314767377287 0.000148880777397
0.999013364214136 0.000214358836400
0.998657238612229 0.000291724445602
0.998246429624752 0.000380960585450
0.997780982301540 0.000482058252206
0.997260947684137 0.000595008967293
0.996686382800198 0.000719793460283
0.996057350657239 0.000856405110473
0.995373920235722 0.001004830969572
0.994636166481494 0.001165059824716
0.993844170297569 0.001337078713408
0.992998018535252 0.001520873320928
0.992097803984621 0.001716447705593
0.991143625364344 0.001923786167741
0.990135587310861 0.002142888407092
0.989073800366903 0.002373754730252
0.987958380969374 0.002616394191189
0.986789451436580 0.002870808945703
0.985567139954818 0.003137017850901
0.984291580564316 0.003415032828161
0.982962913144534 0.003704861122531
0.981581283398829 0.004006452750250
0.980146842838472 0.004319752814824
0.978659748766034 0.004644697320476
0.977120164258138 0.004981210926950
0.975528258147577 0.005329198654090
0.973884205004793 0.005688553572441
0.972188185118741 0.006059163163442
0.970440384477113 0.006440941998688
0.968640994745946 0.006833875575567
0.966790213248601 0.007237958303535
0.964888242944126 0.007653182991868
0.962935292404997 0.008079558608976
0.960931575794250 0.008517089692780
0.958877312841991 0.008965796228025
0.956772728821300 0.009425711316233
0.954618054523534 0.009896848464303
0.952413526233010 0.010379083716163
0.950159385701097 0.010872255544145
0.947855880119706 0.011376166104880
0.945503262094184 0.011890604765019
0.943101789615607 0.012415330527918
0.940651726032496 0.012950093475407
0.938153340021932 0.013494637677750
0.935606905560095 0.014048639254827
0.933012701892219 0.014611662072014
0.930371013501972 0.015183120882001
0.927682130080253 0.015762211275655
0.924946346493432 0.016348047088800
0.922163962751008 0.016939743273649
0.919335283972712 0.017536319388186
0.916460620355050 0.018136632758477
0.913540287137281 0.018739465177130
0.910574604566852 0.019343828978042
0.907563897864277 0.019948892857704
0.904508497187474 0.020554356482056
0.901408737595557 0.021160816765949
0.898264959012098 0.021769018614348
0.895077506187845 0.022379593563520
0.891846728662920 0.022993191828982
0.888572980728485 0.023610637915652
0.885256621387895 0.024233009931665
0.881898014317321 0.024861411213860
0.878497527825878 0.025496216661807
0.875055534815230 0.026137348162579
0.871572412738697 0.026784641765735
0.868048543559867 0.027437561507199
0.864484313710706 0.028095438224492
0.860880114049181 0.028757593703077
0.857236339816402 0.029423374155679
0.853553390593274 0.030092107225415
0.849831670256683 0.030763131230679
0.846071586935203 0.031435852933963
0.842273552964344 0.032109672508061
0.838437984841330 0.032784019715274
0.834565303179429 0.033458422721288
0.830655932661826 0.034132437559353
0.826710301995053 0.034805586051871
0.822728843861975 0.035477338444025
0.818711994874345 0.036147131915548
0.814660195524919 0.036814408012764
0.810573890139155 0.037478698039357
0.806453526826488 0.038139614950842
0.802299557431188 0.038796776831502
0.798112437482808 0.039449809544871
0.793892626146237 0.040098400230598
0.789640586171339 0.040742238893111
0.785356783842216 0.041381017174641
0.781041688926065 0.042014429472544
0.776695774621672 0.042642175377527
0.772319517507513 0.043263953705646
0.767913397489498 0.043879495153339
0.763477897748339 0.044488708841938
0.759013504686565 0.045091576377147
0.754520707875186 0.045688078712797
0.750000000000000 0.046278217125233
0.745451876807570 0.046862011049042
0.740876837050858 0.047439483157115
0.736275382434527 0.048010672480638
0.731648017559931 0.048575600889761
0.726995249869773 0.049134206836250
0.722317589592464 0.049686416206087
0.717615549686164 0.050232168612603
0.712889645782536 0.050771399714646
0.708140396130201 0.051304039732873
0.703368321537900 0.051830014717489
0.698573945317390 0.052349261122473
0.693757793226052 0.052861708697399
0.688920393409234 0.053367242064680
0.684062276342339 0.053865724908300
0.679183974772650 0.054357021235597
0.674286023660908 0.054841001323197
0.669368960122646 0.055317486434707
0.664433323369292 0.055786243452988
0.659479654649035 0.056247039799455
0.654508497187474 0.056699641633721
0.649520396128043 0.057143832319696
0.644515898472236 0.057579444907628
0.639495553019615 0.058006328834730
0.634459910307633 0.058424338883495
0.629409522551260 0.058833331547072
0.624344943582428 0.059233199681401
0.619266728789291 0.059623876732430
0.614175435055328 0.060005300554341
0.609071620698271 0.060377418064575
0.603955845408880 0.060740175177984
0.598828670189563 0.061093508393856
0.593690657292862 0.061437352300021
0.588542370159792 0.061771643322925
0.583384373358051 0.062096323820647
0.578217232520115 0.062411343138639
0.573041514281206 0.062716651888790
0.567857786217152 0.063012211487919
0.562666616782152 0.063297982240029
0.557468575246433 0.063573933344302
0.552264231633827 0.063840019259969
0.547054156659257 0.064096163455966
0.541838921666158 0.064342290506314
0.536619098563816 0.064578329448159
0.531395259764657 0.064804210977141
0.526167978121472 0.065019841670471
0.520937826864600 0.065225088982487
0.515705379539064 0.065419821747562
0.510471209941678 0.065603913328666
0.505235892058123 0.065777242725856
0.500000000000000 0.065939732410081
0.494764107941877 0.066091347860353
0.489528790058322 0.066232061583649
0.484294620460936 0.066361850021394
0.479062173135400 0.066480697198995
0.473832021878528 0.066588622867149
0.468604740235343 0.066685675105488
0.463380901436184 0.066771908516756
0.458161078333842 0.066847380746688
0.452945843340743 0.066912148687090
0.447735768366173 0.066966218357922
0.442531424753567 0.067009567530631
0.437333383217848 0.067042178583997
0.432142213782848 0.067064038682573
0.426958485718794 0.067075133179412
0.421782767479885 0.067075407757435
0.416615626641949 0.067064795686887
0.411457629840209 0.067043235798873
0.406309342707138 0.067010672621882
0.401171329810437 0.066967097172208
0.396044154591120 0.066912661737916
0.390928379301729 0.066847559439712
0.385824564944672 0.066771985993066
0.380733271210710 0.066686140764029
0.375655056417573 0.066590254407026
0.370590477448740 0.066484618392686
0.365540089692367 0.066369530926960
0.360504446980385 0.066245291512866
0.355484101527764 0.066112193728680
0.350479603871957 0.065970431657904
0.345491502812526 0.065820114038196
0.340520345350965 0.065661349859349
0.335566676630708 0.065494251306315
0.330631039877354 0.065318932004711
0.325713976339092 0.065135507349578
0.320816025227350 0.064944091582881
0.315937723657661 0.064744803559518
0.311079606590766 0.064537764769160
0.306242206773949 0.064322996195879
0.301426054682610 0.064100407687176
0.296631678462100 0.063869910853381
0.291859603869799 0.063631424547818
0.287110354217464 0.063384853867403
0.282384450313836 0.063130016778612
0.277682410407536 0.062866721111397
0.273004750130227 0.062594789428765
0.268351982440069 0.062314075350502
0.263724617565473 0.062024590638762
0.259123162949143 0.061726435584840
0.254548123192430 0.061419718905668
0.250000000000000 0.061104560730158
0.245479292124815 0.060781189794492
0.240986495313435 0.060449923585226
0.236522102251661 0.060111084176418
0.232086602510502 0.059764985973015
0.227680482492487 0.059411896205984
0.223304225378328 0.059052032327588
0.218958311073935 0.058685616519020
0.214643216157784 0.058312859355784
0.210359413828661 0.057933848487219
0.206107373853763 0.057548574464245
0.201887562517192 0.057157039677020
0.197700442568813 0.056759265417163
0.193546473173512 0.056355314746170
0.189426109860845 0.055945273630690
0.185339804475081 0.055529239117547
0.181288005125655 0.055107284748655
0.177271156138025 0.054679408411917
0.173289698004947 0.054245603116978
0.169344067338174 0.053805885577356
0.165434696820571 0.053360253940507
0.161562015158670 0.052908709738199
0.157726447035656 0.052451270324890
0.153928413064797 0.051987976553029
0.150168329743317 0.051518896465498
0.146446609406726 0.051044122362987
0.142763660183598 0.050563727641154
0.139119885950819 0.050077652802072
0.135515686289294 0.049585805184653
0.131951456440133 0.049088125546267
0.128427587261303 0.048584571591102
0.124944465184770 0.048075136986084
0.121502472174122 0.047559836666902
0.118101985682679 0.047038726982096
0.114743378612105 0.046511897521459
0.111427019271515 0.045979450095988
0.108153271337080 0.045441364939003
0.104922493812155 0.044897550779995
0.101735040987902 0.044347950496872
0.098591262404443 0.043792534041293
0.095491502812526 0.043231297706562
0.092436102135723 0.042664297632508
0.089425395433148 0.042091689312159
0.086459712862719 0.041513667054104
0.083539379644950 0.040930337472290
0.080664716027288 0.040341625982799
0.077836037248993 0.039747482155188
0.075053653506568 0.039147727388437
0.072317869919747 0.038542153150727
0.069628986498028 0.037930648897127
0.066987298107781 0.037313206436741
0.064393094439905 0.036689903776143
0.061846659978068 0.036060942835910
0.059348273967504 0.035426598554251
0.056898210384393 0.034786947478372
0.054496737905816 0.034141831845504
0.052144119880294 0.033491120530522
0.049840614298903 0.032834660408946
0.047586473766990 0.032172398170361
0.045381945476466 0.031504405011166
0.043227271178700 0.030830885091489
0.041122687158010 0.030152249607806
0.039068424205750 0.029469020443132
0.037064707595003 0.028781418978351
0.035111757055874 0.028089463625851
0.033209786751399 0.027392736941741
0.031359005254054 0.026690551672248
0.029559615522887 0.025982617280742
0.027811814881260 0.025268940089768
0.026115794995207 0.024549662968527
0.024471741852423 0.023825124299841
0.022879835741862 0.023096071593667
0.021340251233966 0.022363372769182
0.019853157161529 0.021626987543164
0.018418716601171 0.020886534495940
0.017037086855466 0.020141127954788
0.015708419435685 0.019390231268426
0.014432860045182 0.018633902195031
0.013210548563420 0.017872587026974
0.012041619030626 0.017107075972418
0.010926199633097 0.016338694808294
0.009864412689139 0.015569077584683
0.008856374635656 0.014799582144892
0.007902196015379 0.014029198613340
0.007001981464748 0.013254660270194
0.006155829702431 0.012473565525937
0.005363833518506 0.011684114405866
0.004626079764278 0.010884913811578
0.003942649342761 0.010075024150988
0.003313617199802 0.009253973930183
0.002739052315863 0.008421828136334
0.002219017698460 0.007579355120764
0.001753570375248 0.006728923856516
0.001342761387771 0.005874184737882
0.000986635785864 0.005018359736791
0.000685232622713 0.004164340415482
0.000438584950571 0.003314596457196
0.000246719817134 0.002471431385789
0.000109658262577 0.001636720538791
0.000027415317244 0.000812542645576
0.000000000000000 0.000000000000000
0.000027415317244 -0.000799365202053
0.000109658262577 -0.001596752559817
0.000246719817134 -0.002399884336305
0.000438584950571 -0.003207526118288
0.000685232622713 -0.004017308030942
0.000986635785864 -0.004826552760257
0.001342761387771 -0.005632155571493
0.001753570375248 -0.006430679068720
0.002219017698460 -0.007218080901216
0.002739052315863 -0.007990504328679
0.003313617199802 -0.008745626863140
0.003942649342761 -0.009483619952808
0.004626079764278 -0.010204981570573
0.005363833518506 -0.010910359816682
0.006155829702431 -0.011600796391046
0.007001981464748 -0.012277527325670
0.007902196015379 -0.012942222440731
0.008856374635656 -0.013597120562456
0.009864412689139 -0.014244299463930
0.010926199633097 -0.014885165056708
0.012041619030626 -0.015518278362865
0.013210548563420 -0.016141541563807
0.014432860045182 -0.016753817165272
0.015708419435684 -0.017354403894314
0.017037086855466 -0.017942980319040
0.018418716601171 -0.018519738693173
0.019853157161528 -0.019085380058348
0.021340251233966 -0.019641313521139
0.022879835741862 -0.020188820660343
0.024471741852423 -0.020727553179382
0.026115794995207 -0.021256970692519
0.027811814881259 -0.021776559287361
0.029559615522887 -0.022286039986239
0.031359005254054 -0.022785417734066
0.033209786751399 -0.023274948634968
0.035111757055874 -0.023755162713656
0.037064707595003 -0.024226826870667
0.039068424205750 -0.024690948776219
0.041122687158009 -0.025147871615642
0.043227271178699 -0.025597182987097
0.045381945476466 -0.026038584344660
0.047586473766990 -0.026471905594595
0.049840614298903 -0.026897093488844
0.052144119880293 -0.027314194145153
0.054496737905816 -0.027723408710277
0.056898210384393 -0.028125162516487
0.059348273967504 -0.028519930724370
0.061846659978068 -0.028907827577606
0.064393094439905 -0.029288902063272
0.066987298107781 -0.029663095403957
0.069628986498028 -0.030030290984092
0.072317869919747 -0.030390461361132
0.075053653506568 -0.030743686150388
0.077836037248992 -0.031090123783764
0.080664716027288 -0.031430040044554
0.083539379644950 -0.031763781053646
0.086459712862719 -0.032091559365011
0.089425395433148 -0.032413392909221
0.092436102135723 -0.032729320010512
0.095491502812526 -0.033039336771788
0.098591262404443 -0.033343446908263
0.101735040987902 -0.033641709242096
0.104922493812155 -0.033934275547883
0.108153271337080 -0.034221339072133
0.111427019271514 -0.034503075725039
0.114743378612105 -0.034779622490189
0.118101985682679 -0.035051134213615
0.121502472174122 -0.035317634010151
0.124944465184770 -0.035579032474823
0.128427587261303 -0.035835255786523
0.131951456440133 -0.036086285758338
0.135515686289294 -0.036332145635242
0.139119885950819 -0.036572882423423
0.142763660183598 -0.036808539116867
0.146446609406726 -0.037039160596668
0.150168329743317 -0.037264812739522
0.153928413064796 -0.037485530318193
0.157726447035656 -0.037701308054553
0.161562015158669 -0.037912152434112
0.165434696820571 -0.038118093584233
0.169344067338174 -0.038319197660859
0.173289698004947 -0.038515552036117
0.177271156138025 -0.038707253778618
0.181288005125655 -0.038894361836770
0.185339804475081 -0.039076923287760
0.189426109860845 -0.039254999524718
0.193546473173511 -0.039428630017227
0.197700442568812 -0.039597800198461
0.201887562517192 -0.039762500892002
0.206107373853763 -0.039922729531965
0.210359413828660 -0.040078508872376
0.214643216157784 -0.040229883223307
0.218958311073935 -0.040376905023331
0.223304225378328 -0.040519622312981
0.227680482492486 -0.040657997379437
0.232086602510501 -0.040791960798555
0.236522102251661 -0.040921447523917
0.240986495313435 -0.041046394342863
0.245479292124814 -0.041166735843626
0.250000000000000 -0.041282407947053
0.254548123192429 -0.041393350170410
0.259123162949142 -0.041499505672707
0.263724617565473 -0.041600824116957
0.268351982440069 -0.041697258608264
0.273004750130227 -0.041788766401878
0.277682410407536 -0.041875308733821
0.282384450313836 -0.041956857596822
0.287110354217464 -0.042033390935685
0.291859603869799 -0.042104891641559
0.296631678462100 -0.042171344159397
0.301426054682609 -0.042232719469199
0.306242206773948 -0.042288976296138
0.311079606590766 -0.042340075379311
0.315937723657661 -0.042385981438264
0.320816025227350 -0.042426646169717
0.325713976339092 -0.042461990932254
0.330631039877354 -0.042491934630791
0.335566676630708 -0.042516397686038
0.340520345350965 -0.042535301974973
0.345491502812526 -0.042548564054269
0.350479603871956 -0.042556098504131
0.355484101527764 -0.042557821685748
0.360504446980385 -0.042553651729509
0.365540089692367 -0.042543484849770
0.370590477448739 -0.042527159091114
0.375655056417572 -0.042504503876182
0.380733271210709 -0.042475349286035
0.385824564944672 -0.042439527699879
0.390928379301728 -0.042396917105210
0.396044154591120 -0.042347440310812
0.401171329810437 -0.042291024579133
0.406309342707137 -0.042227600097422
0.411457629840208 -0.042157115902487
0.416615626641949 -0.042079661976499
0.421782767479884 -0.041995398904722
0.426958485718794 -0.041904492137598
0.432142213782848 -0.041807112258047
0.437333383217848 -0.041703420921122
0.442531424753567 -0.041593526764578
0.447735768366173 -0.041477527874768
0.452945843340743 -0.041355524840643
0.458161078333842 -0.041227622095557
0.463380901436184 -0.041093920306867
0.468604740235343 -0.040954502266314
0.473832021878528 -0.040809452638460
0.479062173135400 -0.040658857408348
0.484294620460935 -0.040502805551417
0.489528790058321 -0.040341323023849
0.494764107941877 -0.040174333356205
0.500000000000000 -0.040001751271199
0.505235892058122 -0.039823494690541
0.510471209941678 -0.039639477722585
0.515705379539064 -0.039449435236081
0.520937826864600 -0.039252900346275
0.526167978121472 -0.039049398061849
0.531395259764656 -0.038838457435497
0.536619098563816 -0.038619633877564
0.541838921666157 -0.038392777027349
0.547054156659257 -0.038157964861652
0.552264231633827 -0.037915283593780
0.557468575246433 -0.037664822051315
0.562666616782152 -0.037406716869604
0.567857786217152 -0.037141441975477
0.573041514281206 -0.036869625904121
0.578217232520115 -0.036591895097829
0.583384373358051 -0.036308873791785
0.588542370159791 -0.036021113546401
0.593690657292862 -0.035728897494245
0.598828670189563 -0.035432445904354
0.603955845408879 -0.035131979380048
0.609071620698271 -0.034827717614808
0.614175435055328 -0.034519810912601
0.619266728789290 -0.034208291273669
0.624344943582427 -0.033893185111502
0.629409522551260 -0.033574520857961
0.634459910307633 -0.033252327655255
0.639495553019614 -0.032926621194262
0.644515898472235 -0.032597415463161
0.649520396128043 -0.032264724163099
0.654508497187474 -0.031928563640498
0.659479654649035 -0.031588917616921
0.664433323369291 -0.031245680933738
0.669368960122646 -0.030898738866970
0.674286023660907 -0.030547987122320
0.679183974772650 -0.030193340348841
0.684062276342339 -0.029834895017996
0.688920393409233 -0.029472833736096
0.693757793226051 -0.029107344281518
0.698573945317390 -0.028738620024123
0.703368321537900 -0.028367005066952
0.708140396130200 -0.027993031775642
0.712889645782536 -0.027617240280941
0.717615549686163 -0.027240152733048
0.722317589592464 -0.026862237105382
0.726995249869773 -0.026483858321517
0.731648017559930 -0.026105354835490
0.736275382434527 -0.025727060709155
0.740876837050857 -0.025349227888224
0.745451876807570 -0.024971897182308
0.750000000000000 -0.024595081282099
0.754520707875185 -0.024218792571163
0.759013504686565 -0.023843053427023
0.763477897748338 -0.023467899030078
0.767913397489498 -0.023093369329522
0.772319517507513 -0.022719504257043
0.776695774621672 -0.022346428041848
0.781041688926065 -0.021974373470792
0.785356783842216 -0.021603575929521
0.789640586171339 -0.021234271711983
0.793892626146236 -0.020866738181319
0.798112437482808 -0.020501282188614
0.802299557431187 -0.020138198561261
0.806453526826488 -0.019777721726495
0.810573890139155 -0.019419933276375
0.814660195524918 -0.019064885581533
0.818711994874345 -0.018712601989284
0.822728843861975 -0.018362708599706
0.826710301995052 -0.018014615463246
0.830655932661826 -0.017667763513602
0.834565303179429 -0.017321638540841
0.838437984841330 -0.016975768508891
0.842273552964344 -0.016629717589162
0.846071586935203 -0.016283158135931
0.849831670256683 -0.015935979635292
0.853553390593274 -0.015588112754812
0.857236339816401 -0.015239624718724
0.860880114049181 -0.014890938514407
0.864484313710706 -0.014542522278334
0.868048543559867 -0.014194798105601
0.871572412738697 -0.013848112215537
0.875055534815230 -0.013502790991515
0.878497527825878 -0.013159142881378
0.881898014317321 -0.012817452226354
0.885256621387894 -0.012477989313216
0.888572980728485 -0.012140909827201
0.891846728662920 -0.011806285389028
0.895077506187845 -0.011474192198316
0.898264959012098 -0.011144728167690
0.901408737595557 -0.010817995466435
0.904508497187474 -0.010494089384010
0.907563897864277 -0.010173084160802
0.910574604566852 -0.009855075173733
0.913540287137281 -0.009540235398443
0.916460620355049 -0.009228748126446
0.919335283972712 -0.008920831597390
0.922163962751007 -0.008616717123370
0.924946346493432 -0.008316622408489
0.927682130080253 -0.008020729799001
0.930371013501972 -0.007729217275473
0.933012701892219 -0.007442278897916
0.935606905560095 -0.007160077909762
0.938153340021932 -0.006882645464749
0.940651726032496 -0.006609971809245
0.943101789615607 -0.006341963044051
0.945503262094184 -0.006078505721025
0.947855880119706 -0.005819533650450
0.950159385701097 -0.005564997518808
0.952413526233010 -0.005314862349444
0.954618054523534 -0.005069106413841
0.956772728821300 -0.004827713142665
0.958877312841991 -0.004590776609476
0.960931575794250 -0.004358598231223
0.962935292404997 -0.004131478454165
0.964888242944126 -0.003909696739220
0.966790213248601 -0.003693493968569
0.968640994745946 -0.003483082040768
0.970440384477113 -0.003278641941689
0.972188185118740 -0.003080329859872
0.973884205004793 -0.002888278731375
0.975528258147577 -0.002702552484688
0.977120164258138 -0.002523180448733
0.978659748766034 -0.002350183930132
0.980146842838471 -0.002183564992591
0.981581283398829 -0.002023332896109
0.982962913144534 -0.001869478177582
0.984291580564316 -0.001721997609297
0.985567139954818 -0.001580864615348
0.986789451436580 -0.001446025066275
0.987958380969374 -0.001317392706593
0.989073800366903 -0.001194900800352
0.990135587310861 -0.001078489897061
0.991143625364344 -0.000968116369309
0.992097803984621 -0.000863740644089
0.992998018535252 -0.000765337076431
0.993844170297569 -0.000672886900216
0.994636166481494 -0.000586376637708
0.995373920235722 -0.000505798479029
0.996057350657239 -0.000431150574107
0.996686382800198 -0.000362432351554
0.997260947684137 -0.000299650507911
0.997780982301540 -0.000242810408640
0.998246429624752 -0.000191921139012
0.998657238612229 -0.000146989045329
0.999013364214136 -0.000108025279977
0.999314767377287 -0.000075037773961
0.999561415049429 -0.000048034201843
0.999753280182866 -0.000027023702656
0.999890341737423 -0.000012011875344
0.999972584682756 -0.000003003117224
1.000000000000000 0.000000000000000
