1.000000000000000 0.000000000000000
0.999972584682756 0.000005274515554
0.999890341737423 0.000021090379350
0.999753280182866 0.000047438541113
0.999561415049429 0.000084291410299
0.999314767377287 0.000131613689398
0.999013364214136 0.000189362908821
0.998657238612229 0.000257497028116
0.998246429624752 0.000335947570110
0.997780982301540 0.000424662149660
0.997260947684137 0.000523567556706
0.996686382800198 0.000632591792500
0.996057350657239 0.000751665443255
0.995373920235722 0.000880709526300
0.994636166481494 0.001019657741976
0.993844170297569 0.001168437779899
0.992998018535252 0.001326990349419
0.992097803984621 0.001495254273320
0.991143625364344 0.001673182316107
0.990135587310861 0.001860746846328
0.989073800366903 0.002057922061077
0.987958380969374 0.002264710178507
0.986789451436580 0.002481127284589
0.985567139954818 0.002707216231883
0.984291580564316 0.002943046191441
0.982962913144534 0.003188708946396
0.981581283398829 0.003444335495266
0.980146842838472 0.003710095901373
0.978659748766034 0.003986188731559
0.977120164258138 0.004272862696576
0.975528258147577 0.004570412778079
0.973884205004793 0.004879179958290
0.972188185118741 0.005199568045758
0.970440384477113 0.005532054369451
0.968640994745946 0.005877058832852
0.966790213248601 0.006234898386906
0.964888242944126 0.006605692630930
0.962935292404997 0.006989522783533
0.960931575794250 0.007386498683337
0.958877312841991 0.007796706765615
0.956772728821300 0.008220205395974
0.954618054523534 0.008657055258915
0.952413526233010 0.009107292117182
0.950159385701097 0.009570921959637
0.947855880119706 0.010047953896081
0.945503262094184 0.010538425435116
0.943101789615607 0.011042419839503
0.940651726032496 0.011560114800301
0.938153340021932 0.012091686480961
0.935606905560095 0.012637295313934
0.933012701892219 0.013197107222825
0.930371013501972 0.013771294921708
0.927682130080253 0.014360037856274
0.924946346493432 0.014963509652268
0.922163962751008 0.015581891797049
0.919335283972712 0.016215366816957
0.916460620355050 0.016864115659345
0.913540287137281 0.017528304039672
0.910574604566852 0.018208075780316
0.907563897864277 0.018903593446576
0.904508497187474 0.019614993276836
0.901408737595557 0.020342431344127
0.898264959012098 0.021086041486811
0.895077506187845 0.021845973731131
0.891846728662920 0.022622371883324
0.888572980728485 0.023415371232715
0.885256621387895 0.024225102095477
0.881898014317321 0.025051642782596
0.878497527825878 0.025895075355891
0.875055534815230 0.026755452592651
0.871572412738697 0.027632825150063
0.868048543559867 0.028527237044052
0.864484313710706 0.029438719866881
0.860880114049181 0.030367299245336
0.857236339816402 0.031312989404210
0.853553390593274 0.032275786183185
0.849831670256683 0.033255658460148
0.846071586935203 0.034252564243198
0.842273552964344 0.035266457603185
0.838437984841330 0.036297262389174
0.834565303179429 0.037344905194714
0.830655932661826 0.038409283972196
0.826710301995053 0.039490289162606
0.822728843861975 0.040587791177371
0.818711994874345 0.041701616322480
0.814660195524919 0.042831559593083
0.810573890139155 0.043977406396622
0.806453526826488 0.045138920237654
0.802299557431188 0.046315857785428
0.798112437482808 0.047507946146573
0.793892626146237 0.048714907878129
0.789640586171339 0.049936418666895
0.785356783842216 0.051172129720985
0.781041688926065 0.052421681205381
0.776695774621672 0.053684688879361
0.772319517507513 0.054960738834993
0.767913397489498 0.056249411206603
0.763477897748339 0.057550282030546
0.759013504686565 0.058863072361447
0.754520707875186 0.060187566674692
0.750000000000000 0.061523543435830
0.745451876807570 0.062870730165356
0.740876837050858 0.064228768933481
0.736275382434527 0.065597260445456
0.731648017559931 0.066975783986574
0.726995249869773 0.068363826911342
0.722317589592464 0.069760529990958
0.717615549686164 0.071164963696535
0.712889645782536 0.072576180628748
0.708140396130201 0.073993194983568
0.703368321537900 0.075415038958883
0.698573945317390 0.076840702772881
0.693757793226052 0.078269173726401
0.688920393409234 0.079699409398862
0.684062276342339 0.081130302111684
0.679183974772650 0.082560694900239
0.674286023660908 0.083989430604834
0.669368960122646 0.085415334015226
0.664433323369292 0.086837118841564
0.659479654649035 0.088253455209003
0.654508497187474 0.089662977994570
0.649520396128043 0.091064306311778
0.644515898472236 0.092456030137715
0.639495553019615 0.093836638077114
0.634459910307633 0.095204590566862
0.629409522551260 0.096558357117421
0.624344943582428 0.097896376319778
0.619266728789291 0.099217047473981
0.614175435055328 0.100518697858236
0.609071620698271 0.101799663478778
0.603955845408880 0.103058283690826
0.598828670189563 0.104292930582218
0.593690657292862 0.105502164241557
0.588542370159792 0.106684608914902
0.583384373358051 0.107838902352624
0.578217232520115 0.108963685418408
0.573041514281206 0.110057819532449
0.567857786217152 0.111120721219037
0.562666616782152 0.112151907817096
0.557468575246433 0.113150912905302
0.552264231633827 0.114117281213708
0.547054156659257 0.115050812155312
0.541838921666158 0.115951773675951
0.536619098563816 0.116820486009407
0.531395259764657 0.117657288926977
0.526167978121472 0.118462512531626
0.520937826864600 0.119236453257315
0.515705379539064 0.119979307670292
0.510471209941678 0.120691282945636
0.505235892058123 0.121372583457309
0.500000000000000 0.122023430093971
0.494764107941877 0.122644000011444
0.489528790058322 0.123234405257433
0.484294620460936 0.123794758753524
0.479062173135400 0.124325182419144
0.473832021878528 0.124825807946770
0.468604740235343 0.125296741323271
0.463380901436184 0.125738054691063
0.458161078333842 0.126149817936161
0.452945843340743 0.126532113939303
0.447735768366173 0.126885031785679
0.442531424753567 0.127208619661203
0.437333383217848 0.127502845278422
0.432142213782848 0.127767672161633
0.426958485718794 0.128003078085751
0.421782767479885 0.128209047284727
0.416615626641949 0.128385655278415
0.411457629840209 0.128533135546444
0.406309342707138 0.128651751002040
0.401171329810437 0.128741769995359
0.396044154591120 0.128803469606438
0.390928379301729 0.128837176810071
0.385824564944672 0.128843313026985
0.380733271210710 0.128822315478232
0.375655056417573 0.128774626214109
0.370590477448740 0.128700690870379
0.365540089692367 0.128600858461417
0.360504446980385 0.128475310393163
0.355484101527764 0.128324221766355
0.350479603871957 0.128147775078935
0.345491502812526 0.127946159028219
0.340520345350965 0.127719448984681
0.335566676630708 0.127467582739073
0.330631039877354 0.127190501421829
0.325713976339092 0.126888161179424
0.320816025227350 0.126560552078486
0.315937723657661 0.126207921896213
0.311079606590766 0.125830707585588
0.306242206773949 0.125429348237489
0.301426054682610 0.125004295979077
0.296631678462100 0.124555955864520
0.291859603869799 0.124084531358324
0.287110354217464 0.123590162200273
0.282384450313836 0.123073010214846
0.277682410407536 0.122533241013654
0.273004750130227 0.121971032971683
0.268351982440069 0.121386574072609
0.263724617565473 0.120780057399251
0.259123162949143 0.120151695554030
0.254548123192430 0.119501707017175
0.250000000000000 0.118830312150184
0.245479292124815 0.118137745860999
0.240986495313435 0.117424245831181
0.236522102251661 0.116690072462501
0.232086602510502 0.115935469090980
0.227680482492487 0.115160686993612
0.223304225378328 0.114365974843131
0.218958311073935 0.113551603775495
0.214643216157784 0.112717829368931
0.210359413828661 0.111864858423584
0.206107373853763 0.110992914400152
0.201887562517192 0.110102235874266
0.197700442568813 0.109193064386631
0.193546473173512 0.108265617603059
0.189426109860845 0.107320120887696
0.185339804475081 0.106356833224921
0.181288005125655 0.105376041469992
0.177271156138025 0.104378076428302
0.173289698004947 0.103363306613322
0.169344067338174 0.102332100178722
0.165434696820571 0.101284825687728
0.161562015158670 0.100221860454514
0.157726447035656 0.099143589539934
0.153928413064797 0.098050395797334
0.150168329743317 0.096942523270261
0.146446609406726 0.095820174263957
0.142763660183598 0.094683574187504
0.139119885950819 0.093532998950304
0.135515686289294 0.092368740879841
0.131951456440133 0.091191135363069
0.128427587261303 0.090000520362623
0.124944465184770 0.088797179261377
0.121502472174122 0.087581400003225
0.118101985682679 0.086353489226707
0.114743378612105 0.085113832821147
0.111427019271515 0.083862843327471
0.108153271337080 0.082600958358035
0.104922493812155 0.081328557317987
0.101735040987902 0.080045922387024
0.098591262404443 0.078753371910446
0.095491502812526 0.077451269770912
0.092436102135723 0.076139988761048
0.089425395433148 0.074819961607972
0.086459712862719 0.073491605275309
0.083539379644950 0.072155388460798
0.080664716027288 0.070811766354587
0.077836037248993 0.069461086535447
0.075053653506568 0.068103648621260
0.072317869919747 0.066739777764050
0.069628986498028 0.065369946983895
0.066987298107781 0.063994677908033
0.064393094439905 0.062614506084166
0.061846659978068 0.061229940945862
0.059348273967504 0.059841499079835
0.056898210384393 0.058449495171718
0.054496737905816 0.057054194805455
0.052144119880294 0.055655973234035
0.049840614298903 0.054255303519843
0.047586473766990 0.052852755533628
0.045381945476466 0.051449027309666
0.043227271178700 0.050044844701865
0.041122687158010 0.048640634275520
0.039068424205750 0.047236722550983
0.037064707595003 0.045833466602314
0.035111757055874 0.044431304036147
0.033209786751399 0.043030820700793
0.031359005254054 0.041632688048204
0.029559615522887 0.040237780556642
0.027811814881260 0.038847069539778
0.026115794995207 0.037461104451420
0.024471741852423 0.036079912904221
0.022879835741862 0.034703682916265
0.021340251233966 0.033332768255364
0.019853157161529 0.031967696875125
0.018418716601171 0.030609257055001
0.017037086855466 0.029258599609702
0.015708419435685 0.027916776134153
0.014432860045182 0.026584074849068
0.013210548563420 0.025260550814958
0.012041619030626 0.023946337653748
0.010926199633097 0.022641926827385
0.009864412689139 0.021348247020997
0.008856374635656 0.020066704425872
0.007902196015379 0.018798857091533
0.007001981464748 0.017545659782783
0.006155829702431 0.016306519018170
0.005363833518506 0.015081423673349
0.004626079764278 0.013870985023113
0.003942649342761 0.012676526473034
0.003313617199802 0.011500422602463
0.002739052315863 0.010344733824413
0.002219017698460 0.009209231533247
0.001753570375248 0.008092715021673
0.001342761387771 0.006995407823560
0.000986635785864 0.005918832179967
0.000685232622713 0.004866930245728
0.000438584950571 0.003843348822673
0.000246719817134 0.002846558369770
0.000109658262577 0.001874717070232
0.000027415317244 0.000926305116054
0.000000000000000 0.000000000000000
0.000027415317244 -0.000894338534475
0.000109658262577 -0.001745640079481
0.000246719817134 -0.002554608227378
0.000438584950571 -0.003321290014554
0.000685232622713 -0.004047804790748
0.000986635785864 -0.004745473006355
0.001342761387771 -0.005421244383161
0.001753570375248 -0.006076153090511
0.002219017698460 -0.006708435669596
0.002739052315863 -0.007315287970731
0.003313617199802 -0.007893972317960
0.003942649342761 -0.008440313252110
0.004626079764278 -0.008950068659847
0.005363833518506 -0.009422291331933
0.006155829702431 -0.009858325077210
0.007001981464748 -0.010262393448145
0.007902196015379 -0.010639006667390
0.008856374635656 -0.010992720926329
0.009864412689139 -0.011324451863086
0.010926199633097 -0.011634331821177
0.012041619030626 -0.011923295165926
0.013210548563420 -0.012193660450876
0.014432860045182 -0.012449372303551
0.015708419435684 -0.012692367628419
0.017037086855466 -0.012922780285114
0.018418716601171 -0.013140135434497
0.019853157161528 -0.013343968079975
0.021340251233966 -0.013534436620156
0.022879835741862 -0.013712236561704
0.024471741852423 -0.013878624676855
0.026115794995207 -0.014034409528874
0.027811814881259 -0.014179691811158
0.029559615522887 -0.014314235622889
0.031359005254054 -0.014437620406112
0.033209786751399 -0.014549707890723
0.035111757055874 -0.014650589937048
0.037064707595003 -0.014740488186927
0.039068424205750 -0.014819806650662
0.041122687158009 -0.014889211661127
0.043227271178699 -0.014949405883601
0.045381945476466 -0.015000444313107
0.047586473766990 -0.015042244685296
0.049840614298903 -0.015074746629791
0.052144119880293 -0.015097951666704
0.054496737905816 -0.015111950025172
0.056898210384393 -0.015116921920853
0.059348273967504 -0.015113156173753
0.061846659978068 -0.015101041885145
0.064393094439905 -0.015080990098432
0.066987298107781 -0.015053442795610
0.069628986498028 -0.015018650627653
0.072317869919747 -0.014976529575373
0.075053653506568 -0.014927007560787
0.077836037248992 -0.014870094004353
0.080664716027288 -0.014805840178747
0.083539379644950 -0.014734323905801
0.086459712862719 -0.014655650881448
0.089425395433148 -0.014569958777599
0.092436102135723 -0.014477413608996
0.095491502812526 -0.014378200642472
0.098591262404443 -0.014272392167452
0.101735040987902 -0.014159998322778
0.104922493812155 -0.014041047308312
0.108153271337080 -0.013915594831265
0.111427019271514 -0.013783718649886
0.114743378612105 -0.013645521216927
0.118101985682679 -0.013501133046924
0.121502472174122 -0.013350704726636
0.124944465184770 -0.013194355246293
0.128427587261303 -0.013032176180025
0.131951456440133 -0.012864274827039
0.135515686289294 -0.012690743134624
0.139119885950819 -0.012511672532897
0.142763660183598 -0.012327168788748
0.146446609406726 -0.012137362307509
0.150168329743317 -0.011942407689004
0.153928413064796 -0.011742470468360
0.157726447035656 -0.011537685952272
0.161562015158669 -0.011328157613182
0.165434696820571 -0.011113999748250
0.169344067338174 -0.010895333200764
0.173289698004947 -0.010672288371100
0.177271156138025 -0.010445005617019
0.181288005125655 -0.010213631289342
0.185339804475081 -0.009978295362326
0.189426109860845 -0.009739135642110
0.193546473173511 -0.009496292107951
0.197700442568812 -0.009249895859447
0.201887562517192 -0.009000059366251
0.206107373853763 -0.008746901508576
0.210359413828660 -0.008490547504039
0.214643216157784 -0.008231123316340
0.218958311073935 -0.007968759049349
0.223304225378328 -0.007703588348709
0.227680482492486 -0.007435744763918
0.232086602510501 -0.007165334863004
0.236522102251661 -0.006892471261749
0.240986495313435 -0.006617264885185
0.245479292124814 -0.006339833832239
0.250000000000000 -0.006060298097278
0.254548123192429 -0.005778780110557
0.259123162949142 -0.005495404787689
0.263724617565473 -0.005210301703219
0.268351982440069 -0.004923599427823
0.273004750130227 -0.004635427309861
0.277682410407536 -0.004345922324795
0.282384450313836 -0.004055206873419
0.287110354217464 -0.003763376840301
0.291859603869799 -0.003470529148282
0.296631678462100 -0.003176762290440
0.301426054682609 -0.002882173505719
0.306242206773948 -0.002586851054029
0.311079606590766 -0.002290882383615
0.315937723657661 -0.001994359326416
0.320816025227350 -0.001697381426032
0.325713976339092 -0.001400145049794
0.330631039877354 -0.001102900361181
0.335566676630708 -0.000805901229018
0.340520345350965 -0.000509408148397
0.345491502812526 -0.000213615301539
0.350479603871956 0.000081390179330
0.355484101527764 0.000375533329149
0.360504446980385 0.000668740522330
0.365540089692367 0.000960939093826
0.370590477448739 0.001252069276090
0.375655056417572 0.001542083489545
0.380733271210709 0.001830932835381
0.385824564944672 0.002118567005130
0.390928379301728 0.002404879004306
0.396044154591120 0.002689604611650
0.401171329810437 0.002972450668031
0.406309342707137 0.003253121369533
0.411457629840208 0.003531324229337
0.416615626641949 0.003806876022374
0.421782767479884 0.004079724874966
0.426958485718794 0.004349826738994
0.432142213782848 0.004617137521513
0.437333383217848 0.004881612822630
0.442531424753567 0.005143189242604
0.447735768366173 0.005401788821608
0.452945843340743 0.005657334928527
0.458161078333842 0.005909751660819
0.463380901436184 0.006158953470214
0.468604740235343 0.006404783931227
0.473832021878528 0.006647064803087
0.479062173135400 0.006885618397231
0.484294620460935 0.007120268496324
0.489528790058321 0.007350816785697
0.494764107941877 0.007576996653234
0.500000000000000 0.007798526806539
0.505235892058122 0.008015128747213
0.510471209941678 0.008226526255371
0.515705379539064 0.008432514164951
0.520937826864600 0.008633029690348
0.526167978121472 0.008828026552679
0.531395259764656 0.009017461619677
0.536619098563816 0.009201295178329
0.541838921666157 0.009379484148128
0.547054156659257 0.009551985144679
0.552264231633827 0.009718755695163
0.557468575246433 0.009879756883332
0.562666616782152 0.010034949431144
0.567857786217152 0.010184267731249
0.573041514281206 0.010327626915707
0.578217232520115 0.010464946313035
0.583384373358051 0.010596146520635
0.588542370159791 0.010721153335614
0.593690657292862 0.010839891360729
0.598828670189563 0.010952288348977
0.603955845408879 0.011058276231857
0.609071620698271 0.011157790592424
0.614175435055328 0.011250825519270
0.619266728789290 0.011337505157296
0.624344943582427 0.011417972100729
0.629409522551260 0.011492370428933
0.634459910307633 0.011560840016506
0.639495553019614 0.011623448605706
0.644515898472235 0.011680206754564
0.649520396128043 0.011731125959905
0.654508497187474 0.011776220730706
0.659479654649035 0.011815513761382
0.664433323369291 0.011849048215525
0.669368960122646 0.011876873459515
0.674286023660907 0.011899041150499
0.679183974772650 0.011915607452461
0.684062276342339 0.011926656488837
0.688920393409233 0.011932292157163
0.693757793226051 0.011932619845689
0.698573945317390 0.011927745962416
0.703368321537900 0.011917776876416
0.708140396130200 0.011902818360975
0.712889645782536 0.011882976883753
0.717615549686163 0.011858359732435
0.722317589592464 0.011829066023189
0.726995249869773 0.011795172011020
0.731648017559930 0.011756751057101
0.736275382434527 0.011713878452773
0.740876837050857 0.011666611191886
0.745451876807570 0.011614939725694
0.750000000000000 0.011558845522161
0.754520707875185 0.011498314576596
0.759013504686565 0.011433349837839
0.763477897748338 0.011363990728668
0.767913397489498 0.011290286227390
0.772319517507513 0.011212288158207
0.776695774621672 0.011130060651819
0.781041688926065 0.011043685540148
0.785356783842216 0.010953247210176
0.789640586171339 0.010858833271035
0.793892626146236 0.010760524122638
0.798112437482808 0.010658397870412
0.802299557431187 0.010552534018493
0.806453526826488 0.010443014763294
0.810573890139155 0.010329917206401
0.814660195524918 0.010213320200793
0.818711994874345 0.010093306762183
0.822728843861975 0.009969971530160
0.826710301995052 0.009843417811130
0.830655932661826 0.009713750888221
0.834565303179429 0.009581087779718
0.838437984841330 0.009445563195967
0.842273552964344 0.009307312476614
0.846071586935203 0.009166472626078
0.849831670256683 0.009023180859560
0.853553390593274 0.008877575104757
0.857236339816401 0.008729785584008
0.860880114049181 0.008579915022003
0.864484313710706 0.008428063741237
0.868048543559867 0.008274331343131
0.871572412738697 0.008118809730415
0.875055534815230 0.007961594125478
0.878497527825878 0.007802777459848
0.881898014317321 0.007642456903694
0.885256621387894 0.007480729636894
0.888572980728485 0.007317719728018
0.891846728662920 0.007153568099310
0.895077506187845 0.006988424902989
0.898264959012098 0.006822472672418
0.901408737595557 0.006655902845217
0.904508497187474 0.006488896505367
0.907563897864277 0.006321624478067
0.910574604566852 0.006154254934953
0.913540287137281 0.005986953915348
0.916460620355049 0.005819888136935
0.919335283972712 0.005653209215089
0.922163962751007 0.005487059305097
0.924946346493432 0.005321561021689
0.927682130080253 0.005156799034850
0.930371013501972 0.004992863465611
0.933012701892219 0.004829846315138
0.935606905560095 0.004667846064352
0.938153340021932 0.004506957671258
0.940651726032496 0.004347279285325
0.943101789615607 0.004188911347578
0.945503262094184 0.004031953062358
0.947855880119706 0.003876506276774
0.950159385701097 0.003722668849090
0.952413526233010 0.003570518415044
0.954618054523534 0.003420131074435
0.956772728821300 0.003271589289645
0.958877312841991 0.003124973201118
0.960931575794250 0.002980373491983
0.962935292404997 0.002837879235654
0.964888242944126 0.002697582285717
0.966790213248601 0.002559578579817
0.968640994745946 0.002423963265042
0.970440384477113 0.002290840201817
0.972188185118740 0.002160356382776
0.973884205004793 0.002032713897775
0.975528258147577 0.001908098005271
0.977120164258138 0.001786674751583
0.978659748766034 0.001668596813723
0.980146842838471 0.001553998920372
0.981581283398829 0.001443005832076
0.982962913144534 0.001335721979067
0.984291580564316 0.001232245034482
0.985567139954818 0.001132660109766
0.986789451436580 0.001037039464528
0.987958380969374 0.000945447856548
0.989073800366903 0.000857939821470
0.990135587310861 0.000774563185525
0.991143625364344 0.000695355435690
0.992097803984621 0.000620351050453
0.992998018535252 0.000549573298949
0.993844170297569 0.000483046666299
0.994636166481494 0.000420787121222
0.995373920235722 0.000362806700897
0.996057350657239 0.000309114274182
0.996686382800198 0.000259715634361
0.997260947684137 0.000214617354154
0.997780982301540 0.000173817567338
0.998246429624752 0.000137319847740
0.998657238612229 0.000105122722683
0.999013364214136 0.000077222965257
0.999314767377287 0.000053621720605
0.999561415049429 0.000034314343910
0.999753280182866 0.000019301238601
0.999890341737423 0.000008577727085
0.999972584682756 0.000002144300939
1.000000000000000 0.000000000000000
