1.000000000000000 0.000000000000000
0.999972584682756 0.000005923552139
0.999890341737423 0.000023699250836
0.999753280182866 0.000053338306240
0.999561415049429 0.000094865817985
0.999314767377287 0.000148312877966
0.999013364214136 0.000213724223022
0.998657238612229 0.000291146324082
0.998246429624752 0.000380634938394
0.997780982301540 0.000482262700692
0.997260947684137 0.000596095230317
0.996686382800198 0.000722222226179
0.996057350657239 0.000860725540227
0.995373920235722 0.001011706375274
0.994636166481494 0.001175265023170
0.993844170297569 0.001351504226744
0.992998018535252 0.001540536597922
0.992097803984621 0.001742480056916
0.991143625364344 0.001957453145483
0.990135587310861 0.002185578351971
0.989073800366903 0.002426981406509
0.987958380969374 0.002681782315953
0.986789451436580 0.002950115063519
0.985567139954818 0.003232102176070
0.984291580564316 0.003527870281420
0.982962913144534 0.003837536758894
0.981581283398829 0.004161225484948
0.980146842838472 0.004499049171022
0.978659748766034 0.004851116718086
0.977120164258138 0.005217532195331
0.975528258147577 0.005598393869265
0.973884205004793 0.005993784647888
0.972188185118741 0.006403787669527
0.970440384477113 0.006828464011912
0.968640994745946 0.007267866544777
0.966790213248601 0.007722041701978
0.964888242944126 0.008191005883294
0.962935292404997 0.008674799919114
0.960931575794250 0.009173497189553
0.958877312841991 0.009687191627806
0.956772728821300 0.010215986438053
0.954618054523534 0.010759972932341
0.952413526233010 0.011319241503658
0.950159385701097 0.011893877881724
0.947855880119706 0.012483975062307
0.945503262094184 0.013089605410346
0.943101789615607 0.013710851313931
0.940651726032496 0.014347786587325
0.938153340021932 0.015000515627807
0.935606905560095 0.015669164591136
0.933012701892219 0.016353864583612
0.930371013501972 0.017054745787075
0.927682130080253 0.017771930130624
0.924946346493432 0.018505560436625
0.922163962751008 0.019255766951790
0.919335283972712 0.020022695472134
0.916460620355050 0.020806479243421
0.913540287137281 0.021607232239100
0.910574604566852 0.022425041927852
0.907563897864277 0.023259899321219
0.904508497187474 0.024111773400467
0.901408737595557 0.024980611059127
0.898264959012098 0.025866367982689
0.895077506187845 0.026768979846580
0.891846728662920 0.027688348347879
0.888572980728485 0.028624377583606
0.885256621387895 0.029576953886063
0.881898014317321 0.030545980332829
0.878497527825878 0.031531340990553
0.875055534815230 0.032532962148560
0.871572412738697 0.033550764755035
0.868048543559867 0.034584665501596
0.864484313710706 0.035634555301352
0.860880114049181 0.036700330932930
0.857236339816402 0.037781846636348
0.853553390593274 0.038878944904655
0.849831670256683 0.039991436421777
0.846071586935203 0.041119061219618
0.842273552964344 0.042261454530585
0.838437984841330 0.043418241632579
0.834565303179429 0.044589058013679
0.830655932661826 0.045773527672406
0.826710301995053 0.046971256092065
0.822728843861975 0.048181749579139
0.818711994874345 0.049404348066491
0.814660195524919 0.050638359189584
0.810573890139155 0.051883025401472
0.806453526826488 0.053137500202822
0.802299557431188 0.054400864774131
0.798112437482808 0.055672185849200
0.793892626146237 0.056950513287497
0.789640586171339 0.058234883521366
0.785356783842216 0.059524298911931
0.781041688926065 0.060817738422715
0.776695774621672 0.062114167375944
0.772319517507513 0.063412516883127
0.767913397489498 0.064711703016712
0.763477897748339 0.066010595090068
0.759013504686565 0.067308024898136
0.754520707875186 0.068602795167444
0.750000000000000 0.069893684920051
0.745451876807570 0.071179435464595
0.740876837050858 0.072458742250046
0.736275382434527 0.073730290625195
0.731648017559931 0.074992773901142
0.726995249869773 0.076245301210235
0.722317589592464 0.077487250631255
0.717615549686164 0.078717994334537
0.712889645782536 0.079936913691078
0.708140396130201 0.081143457323247
0.703368321537900 0.082337120926349
0.698573945317390 0.083517423061419
0.693757793226052 0.084683869004201
0.688920393409234 0.085836018176906
0.684062276342339 0.086973484607062
0.679183974772650 0.088095905124441
0.674286023660908 0.089202910067581
0.669368960122646 0.090294101718222
0.664433323369292 0.091368922924498
0.659479654649035 0.092426770192111
0.654508497187474 0.093467047412803
0.649520396128043 0.094489172135586
0.644515898472236 0.095492722271734
0.639495553019615 0.096477440096576
0.634459910307633 0.097443100810558
0.629409522551260 0.098389473271516
0.624344943582428 0.099316342808927
0.619266728789291 0.100223534985695
0.614175435055328 0.101110897336973
0.609071620698271 0.101978273209123
0.603955845408880 0.102825530027000
0.598828670189563 0.103652539567603
0.593690657292862 0.104459182795728
0.588542370159792 0.105245361653664
0.583384373358051 0.106010975111113
0.578217232520115 0.106755939292670
0.573041514281206 0.107480208134363
0.567857786217152 0.108183800582596
0.562666616782152 0.108866740634035
0.557468575246433 0.109529073942647
0.552264231633827 0.110170841696412
0.547054156659257 0.110792103019735
0.541838921666158 0.111392913189626
0.536619098563816 0.111973346838950
0.531395259764657 0.112533477618392
0.526167978121472 0.113073391459534
0.520937826864600 0.113593115610126
0.515705379539064 0.114092621794592
0.510471209941678 0.114571880182411
0.505235892058123 0.115030872632042
0.500000000000000 0.115469589471462
0.494764107941877 0.115888080855147
0.489528790058322 0.116286456962039
0.484294620460936 0.116664841514197
0.479062173135400 0.117023367658301
0.473832021878528 0.117362166134687
0.468604740235343 0.117681271938361
0.463380901436184 0.117980596537476
0.458161078333842 0.118260051989648
0.452945843340743 0.118519557309780
0.447735768366173 0.118759040405826
0.442531424753567 0.118978388295680
0.437333383217848 0.119177434074727
0.432142213782848 0.119356016179453
0.426958485718794 0.119513982764573
0.421782767479885 0.119651192507921
0.416615626641949 0.119767561266800
0.411457629840209 0.119863077292583
0.406309342707138 0.119937743592514
0.401171329810437 0.119991570998476
0.396044154591120 0.120024579660055
0.390928379301729 0.120036820159725
0.385824564944672 0.120028379187039
0.380733271210710 0.119999353460045
0.375655056417573 0.119949847371782
0.370590477448740 0.119879971361381
0.365540089692367 0.119789776400495
0.360504446980385 0.119679250502099
0.355484101527764 0.119548389804013
0.350479603871957 0.119397199502790
0.345491502812526 0.119225695622087
0.340520345350965 0.119033870562892
0.335566676630708 0.118821708401967
0.330631039877354 0.118589201274855
0.325713976339092 0.118336356784593
0.320816025227350 0.118063190976859
0.315937723657661 0.117769724429267
0.311079606590766 0.117455987897806
0.306242206773949 0.117122026832405
0.301426054682610 0.116767894387242
0.296631678462100 0.116393670177918
0.291859603869799 0.115999477488212
0.287110354217464 0.115585448268879
0.282384450313836 0.115151731854017
0.277682410407536 0.114698488409311
0.273004750130227 0.114225878749132
0.268351982440069 0.113734078492110
0.263724617565473 0.113223270575945
0.259123162949143 0.112693648895113
0.254548123192430 0.112145400158120
0.250000000000000 0.111578658233684
0.245479292124815 0.110993565436776
0.240986495313435 0.110390275904430
0.236522102251661 0.109768939928295
0.232086602510502 0.109129617039077
0.227680482492487 0.108472325980579
0.223304225378328 0.107797112185227
0.218958311073935 0.107104039831370
0.214643216157784 0.106393162286824
0.210359413828661 0.105664540199177
0.206107373853763 0.104918257997119
0.201887562517192 0.104154415515017
0.197700442568813 0.103373228180056
0.193546473173512 0.102574986684369
0.189426109860845 0.101760010510584
0.185339804475081 0.100928624044013
0.181288005125655 0.100081081780511
0.177271156138025 0.099217570548663
0.173289698004947 0.098338314065659
0.169344067338174 0.097443534674564
0.165434696820571 0.096533416548021
0.161562015158670 0.095608134796079
0.157726447035656 0.094667883148843
0.153928413064797 0.093712860211005
0.150168329743317 0.092743188694857
0.146446609406726 0.091759005323878
0.142763660183598 0.090760476370301
0.139119885950819 0.089747764577721
0.135515686289294 0.088721041624471
0.131951456440133 0.087680506185285
0.128427587261303 0.086626358399324
0.124944465184770 0.085558740773997
0.121502472174122 0.084477821771897
0.118101985682679 0.083383797123148
0.114743378612105 0.082276840023287
0.111427019271515 0.081157122094810
0.108153271337080 0.080024876886735
0.104922493812155 0.078880353654930
0.101735040987902 0.077723834855918
0.098591262404443 0.076555661095408
0.095491502812526 0.075376092865909
0.092436102135723 0.074185392367153
0.089425395433148 0.072983850608409
0.086459712862719 0.071771873266615
0.083539379644950 0.070549956831353
0.080664716027288 0.069318604199661
0.077836037248993 0.068078031254361
0.075053653506568 0.066828350303867
0.072317869919747 0.065569684413938
0.069628986498028 0.064302085188057
0.066987298107781 0.063025646120417
0.064393094439905 0.061740573089430
0.061846659978068 0.060447210855833
0.059348273967504 0.059145937911660
0.056898210384393 0.057837064115069
0.054496737905816 0.056520909504463
0.052144119880294 0.055197843639128
0.049840614298903 0.053868234763134
0.047586473766990 0.052532583937185
0.045381945476466 0.051191522260176
0.043227271178700 0.049845776767608
0.041122687158010 0.048495989064892
0.039068424205750 0.047142777225477
0.037064707595003 0.045786659307199
0.035111757055874 0.044427986968308
0.033209786751399 0.043067276638313
0.031359005254054 0.041705163012888
0.029559615522887 0.040342465742237
0.027811814881260 0.038980163098588
0.026115794995207 0.037619189632324
0.024471741852423 0.036260334425141
0.022879835741862 0.034904274750459
0.021340251233966 0.033551663881905
0.019853157161529 0.032203300079825
0.018418716601171 0.030860260953701
0.017037086855466 0.029523899753660
0.015708419435685 0.028195762153201
0.014432860045182 0.026877140359255
0.013210548563420 0.025568557065194
0.012041619030626 0.024268926770189
0.010926199633097 0.022977472751737
0.009864412689139 0.021694004079818
0.008856374635656 0.020418595153184
0.007902196015379 0.019151674605692
0.007001981464748 0.017894195090769
0.006155829702431 0.016648076463736
0.005363833518506 0.015416447268687
0.004626079764278 0.014203384306139
0.003942649342761 0.013013750868153
0.003313617199802 0.011853164859669
0.002739052315863 0.010729460784762
0.002219017698460 0.009648593040674
0.001753570375248 0.008607337993180
0.001342761387771 0.007595617635954
0.000986635785864 0.006604218869937
0.000685232622713 0.005622903492665
0.000438584950571 0.004635568993271
0.000246719817134 0.003607299407303
0.000109658262577 0.002503869172903
0.000027415317244 0.001308295471458
0.000000000000000 0.000000000000000
0.000027415317244 -0.001281078784882
0.000109658262577 -0.002466129505987
0.000246719817134 -0.003576472963872
0.000438584950571 -0.004620284842862
0.000685232622713 -0.005599657477134
0.000986635785864 -0.006517075296800
0.001342761387771 -0.007375252898735
0.001753570375248 -0.008180158752102
0.002219017698460 -0.008936795834480
0.002739052315863 -0.009644321954988
0.003313617199802 -0.010302446200320
0.003942649342761 -0.010911231879396
0.004626079764278 -0.011472897604503
0.005363833518506 -0.011987790330329
0.006155829702431 -0.012453900499453
0.007001981464748 -0.012871287776474
0.007902196015379 -0.013244136366636
0.008856374635656 -0.013577426388143
0.009864412689139 -0.013877576859026
0.010926199633097 -0.014148978143481
0.012041619030626 -0.014393435521690
0.013210548563420 -0.014612057229401
0.014432860045182 -0.014805460430486
0.015708419435684 -0.014976343674283
0.017037086855466 -0.015129347800783
0.018418716601171 -0.015267482914622
0.019853157161528 -0.015392589918127
0.021340251233966 -0.015504385034101
0.022879835741862 -0.015601615063906
0.024471741852423 -0.015683818074804
0.026115794995207 -0.015750991707226
0.027811814881259 -0.015803298546107
0.029559615522887 -0.015841065874473
0.031359005254054 -0.015864542291042
0.033209786751399 -0.015873973280897
0.035111757055874 -0.015869224024393
0.037064707595003 -0.015850205458740
0.039068424205750 -0.015817116829038
0.041122687158009 -0.015770354847434
0.043227271178699 -0.015710443330285
0.045381945476466 -0.015638113790131
0.047586473766990 -0.015554443718451
0.049840614298903 -0.015460661851231
0.052144119880293 -0.015357237611968
0.054496737905816 -0.015244303513128
0.056898210384393 -0.015121844832295
0.059348273967504 -0.014989744027340
0.061846659978068 -0.014847955848497
0.064393094439905 -0.014696524229527
0.066987298107781 -0.014535542733912
0.069628986498028 -0.014365155282297
0.072317869919747 -0.014185549585686
0.075053653506568 -0.013996888288643
0.077836037248992 -0.013799354018491
0.080664716027288 -0.013593073366006
0.083539379644950 -0.013378087590944
0.086459712862719 -0.013154459092567
0.089425395433148 -0.012922303095004
0.092436102135723 -0.012681772329908
0.095491502812526 -0.012433054405088
0.098591262404443 -0.012176382801653
0.101735040987902 -0.011912012370417
0.104922493812155 -0.011640164175532
0.108153271337080 -0.011361041992205
0.111427019271514 -0.011074866816089
0.114743378612105 -0.010781815131011
0.118101985682679 -0.010482074811430
0.121502472174122 -0.010175863926090
0.124944465184770 -0.009863457422464
0.128427587261303 -0.009545157950386
0.131951456440133 -0.009221255570927
0.135515686289294 -0.008891974716331
0.139119885950819 -0.008557555688659
0.142763660183598 -0.008218204646324
0.146446609406726 -0.007874047033357
0.150168329743317 -0.007525204004090
0.153928413064796 -0.007171814703789
0.157726447035656 -0.006814045068521
0.161562015158669 -0.006452080224285
0.165434696820571 -0.006086107697756
0.169344067338174 -0.005716312376145
0.173289698004947 -0.005342883194805
0.177271156138025 -0.004966016213007
0.181288005125655 -0.004585922521769
0.185339804475081 -0.004202834548881
0.189426109860845 -0.003816987548485
0.193546473173511 -0.003428620726260
0.197700442568812 -0.003037935596026
0.201887562517192 -0.002645125819103
0.206107373853763 -0.002250394069169
0.210359413828660 -0.001853926015528
0.214643216157784 -0.001455891930408
0.218958311073935 -0.001056463934818
0.223304225378328 -0.000655813304764
0.227680482492486 -0.000254104249186
0.232086602510501 0.000148512526871
0.236522102251661 0.000551879111152
0.240986495313435 0.000955839765912
0.245479292124814 0.001360261625103
0.250000000000000 0.001765017197928
0.254548123192429 0.002169984877940
0.259123162949142 0.002575034018278
0.263724617565473 0.002980021121462
0.268351982440069 0.003384796576272
0.273004750130227 0.003789206189631
0.277682410407536 0.004193096065805
0.282384450313836 0.004596311976402
0.287110354217464 0.004998691806053
0.291859603869799 0.005400080189774
0.296631678462100 0.005800312090038
0.301426054682609 0.006199199250150
0.306242206773948 0.006596518627524
0.311079606590766 0.006992041541799
0.315937723657661 0.007385537122395
0.320816025227350 0.007776799119471
0.325713976339092 0.008165687162572
0.330631039877354 0.008552077720170
0.335566676630708 0.008935846581852
0.340520345350965 0.009316874387537
0.345491502812526 0.009695054841494
0.350479603871956 0.010070291889109
0.355484101527764 0.010442493974076
0.360504446980385 0.010811569651688
0.365540089692367 0.011177386381223
0.370590477448739 0.011539681917144
0.375655056417572 0.011898169755790
0.380733271210709 0.012252559401077
0.385824564944672 0.012602563624151
0.390928379301728 0.012947943662833
0.396044154591120 0.013288522400458
0.401171329810437 0.013624124327401
0.406309342707137 0.013954574528445
0.411457629840208 0.014279704818409
0.416615626641949 0.014599368681506
0.421782767479884 0.014913435078759
0.426958485718794 0.015221775441061
0.432142213782848 0.015524260613327
0.437333383217848 0.015820764096200
0.442531424753567 0.016111146272335
0.447735768366173 0.016395266750853
0.452945843340743 0.016672988655887
0.458161078333842 0.016944175939540
0.463380901436184 0.017208673487707
0.468604740235343 0.017466275289685
0.473832021878528 0.017716767283953
0.479062173135400 0.017959939090768
0.484294620460935 0.018195583648981
0.489528790058321 0.018423472922667
0.494764107941877 0.018643345383683
0.500000000000000 0.018854941658232
0.505235892058122 0.019058003553932
0.510471209941678 0.019252283368837
0.515705379539064 0.019437659747358
0.520937826864600 0.019614150222733
0.526167978121472 0.019781781020343
0.531395259764656 0.019940582154115
0.536619098563816 0.020090589956717
0.541838921666157 0.020231866897994
0.547054156659257 0.020364496705673
0.552264231633827 0.020488565884760
0.557468575246433 0.020604164387358
0.562666616782152 0.020711376558580
0.567857786217152 0.020810233310914
0.573041514281206 0.020900745002151
0.578217232520115 0.020982925727370
0.583384373358051 0.021056793116133
0.588542370159791 0.021122347694443
0.593690657292862 0.021179524813146
0.598828670189563 0.021228250187408
0.603955845408879 0.021268454282684
0.609071620698271 0.021300073777810
0.614175435055328 0.021323100293948
0.619266728789290 0.021337602963625
0.624344943582427 0.021343659733918
0.629409522551260 0.021341351949784
0.634459910307633 0.021330763825193
0.639495553019614 0.021311980487509
0.644515898472235 0.021285089082132
0.649520396128043 0.021250180019192
0.654508497187474 0.021207346310312
0.659479654649035 0.021156690260085
0.664433323369291 0.021098331008040
0.669368960122646 0.021032391283333
0.674286023660907 0.020958997169868
0.679183974772650 0.020878282420119
0.684062276342339 0.020790437986989
0.688920393409233 0.020695683073026
0.693757793226051 0.020594236263034
0.698573945317390 0.020486314467073
0.703368321537900 0.020372091691523
0.708140396130200 0.020251691004491
0.712889645782536 0.020125236439859
0.717615549686163 0.019992851772115
0.722317589592464 0.019854653349586
0.726995249869773 0.019710736341577
0.731648017559930 0.019561196769942
0.736275382434527 0.019406133756744
0.740876837050857 0.019245621655811
0.745451876807570 0.019079672538733
0.750000000000000 0.018908293215693
0.754520707875185 0.018731496740401
0.759013504686565 0.018549323197002
0.763477897748338 0.018361860715436
0.767913397489498 0.018169207842997
0.772319517507513 0.017971466444862
0.776695774621672 0.017768782253162
0.781041688926065 0.017561356778027
0.785356783842216 0.017349394062289
0.789640586171339 0.017133094447253
0.793892626146236 0.016912637942114
0.798112437482808 0.016688187454299
0.802299557431187 0.016459909744578
0.806453526826488 0.016227963071657
0.810573890139155 0.015992492098760
0.814660195524918 0.015753638535218
0.818711994874345 0.015511549238699
0.822728843861975 0.015266382346615
0.826710301995052 0.015018303720128
0.830655932661826 0.014767480357809
0.834565303179429 0.014514101473347
0.838437984841330 0.014258381078616
0.842273552964344 0.014000535927909
0.846071586935203 0.013740774982674
0.849831670256683 0.013479302469867
0.853553390593274 0.013216320611743
0.857236339816401 0.012952025615497
0.860880114049181 0.012686617342410
0.864484313710706 0.012420289709088
0.868048543559867 0.012153235565248
0.871572412738697 0.011885644084458
0.875055534815230 0.011617701452417
0.878497527825878 0.011349590104803
0.881898014317321 0.011081494854681
0.885256621387894 0.010813591271001
0.888572980728485 0.010546057351451
0.891846728662920 0.010279064680562
0.895077506187845 0.010012782332159
0.898264959012098 0.009747377785784
0.901408737595557 0.009483015493241
0.904508497187474 0.009219853655562
0.907563897864277 0.008958052925727
0.910574604566852 0.008697768023077
0.913540287137281 0.008439149385009
0.916460620355049 0.008182346733636
0.919335283972712 0.007927509862311
0.922163962751007 0.007674786514784
0.924946346493432 0.007424330350250
0.927682130080253 0.007176296240543
0.930371013501972 0.006930839596625
0.933012701892219 0.006688108540907
0.935606905560095 0.006448242486780
0.938153340021932 0.006211376512381
0.940651726032496 0.005977642392584
0.943101789615607 0.005747177424510
0.945503262094184 0.005520105698619
0.947855880119706 0.005296508493457
0.950159385701097 0.005076438233534
0.952413526233010 0.004859913927776
0.954618054523534 0.004646957928768
0.956772728821300 0.004437605822445
0.958877312841991 0.004231901408276
0.960931575794250 0.004029894745007
0.962935292404997 0.003831641131918
0.964888242944126 0.003637204557699
0.966790213248601 0.003446647732347
0.968640994745946 0.003260059481795
0.970440384477113 0.003077605807389
0.972188185118740 0.002899466010820
0.973884205004793 0.002725806961223
0.975528258147577 0.002556781421498
0.977120164258138 0.002392527773194
0.978659748766034 0.002233173299997
0.980146842838471 0.002078831643764
0.981581283398829 0.001929602451162
0.982962913144534 0.001785577965842
0.984291580564316 0.001646839624137
0.985567139954818 0.001513460335787
0.986789451436580 0.001385501492448
0.987958380969374 0.001263019661022
0.989073800366903 0.001146062480764
0.990135587310861 0.001034672917568
0.991143625364344 0.000928883987461
0.992097803984621 0.000828726366140
0.992998018535252 0.000734225920038
0.993844170297569 0.000645402145330
0.994636166481494 0.000562271385312
0.995373920235722 0.000484848798811
0.996057350657239 0.000413142930105
0.996686382800198 0.000347160996571
0.997260947684137 0.000286912345152
0.997780982301540 0.000232395878945
0.998246429624752 0.000183618361613
0.998657238612229 0.000140580191157
0.999013364214136 0.000103279602466
0.999314767377287 0.000071720686547
0.999561415049429 0.000045899654146
0.999753280182866 0.000025819200595
0.999890341737423 0.000011474854950
0.999972584682756 0.000002868608327
1.000000000000000 0.000000000000000
