1.000000000000000 0.000000000000000
0.999972584682756 0.000011095618036
0.999890341737423 0.000044364702509
0.999753280182866 0.000099706062773
0.999561415049429 0.000176976759488
0.999314767377287 0.000275965508736
0.999013364214136 0.000396421102444
0.998657238612229 0.000538013046767
0.998246429624752 0.000700380880025
0.997780982301540 0.000883102328409
0.997260947684137 0.001085709271737
0.996686382800198 0.001307690395311
0.996057350657239 0.001548500650656
0.995373920235722 0.001807551289555
0.994636166481494 0.002084226460053
0.993844170297569 0.002377874042860
0.992998018535252 0.002687835100304
0.992097803984621 0.003013416229320
0.991143625364344 0.003353919310855
0.990135587310861 0.003708639588544
0.989073800366903 0.004076870320763
0.987958380969374 0.004457901749586
0.986789451436580 0.004851032354798
0.985567139954818 0.005255591284744
0.984291580564316 0.005670908705894
0.982962913144534 0.006096350246964
0.981581283398829 0.006531311010683
0.980146842838472 0.006975226778014
0.978659748766034 0.007427579334502
0.977120164258138 0.007887886568206
0.975528258147577 0.008355740229016
0.973884205004793 0.008830784995023
0.972188185118741 0.009312735294753
0.970440384477113 0.009801381303339
0.968640994745946 0.010296589830163
0.966790213248601 0.010798325549998
0.964888242944126 0.011306637425846
0.962935292404997 0.011821675072247
0.960931575794250 0.012343700254047
0.958877312841991 0.012873078890321
0.956772728821300 0.013410310731973
0.954618054523534 0.013956014862543
0.952413526233010 0.014510952267328
0.950159385701097 0.015076023603767
0.947855880119706 0.015652260968372
0.945503262094184 0.016240770763310
0.943101789615607 0.016842586374358
0.940651726032496 0.017456910190775
0.938153340021932 0.018081444295570
0.935606905560095 0.018714088123154
0.933012701892219 0.019352970952627
0.930371013501972 0.019997067788526
0.927682130080253 0.020646176057439
0.924946346493432 0.021299866840400
0.922163962751008 0.021957360343494
0.919335283972712 0.022618065455517
0.916460620355050 0.023281875605205
0.913540287137281 0.023948939216177
0.910574604566852 0.024620210656230
0.907563897864277 0.025297024153053
0.904508497187474 0.025981022693486
0.901408737595557 0.026674171415642
0.898264959012098 0.027377870904779
0.895077506187845 0.028091360416284
0.891846728662920 0.028813329624262
0.888572980728485 0.029541201039135
0.885256621387895 0.030271174530295
0.881898014317321 0.030999586351340
0.878497527825878 0.031724851847851
0.875055534815230 0.032446121486016
0.871572412738697 0.033163598251454
0.868048543559867 0.033880300678486
0.864484313710706 0.034599906153482
0.860880114049181 0.035325234877813
0.857236339816402 0.036057334349539
0.853553390593274 0.036797139134927
0.849831670256683 0.037545179097085
0.846071586935203 0.038301283490966
0.842273552964344 0.039065203976185
0.838437984841330 0.039835493359938
0.834565303179429 0.040608348908815
0.830655932661826 0.041379493711319
0.826710301995053 0.042145088123326
0.822728843861975 0.042903226945512
0.818711994874345 0.043652408217478
0.814660195524919 0.044391712847324
0.810573890139155 0.045126082310703
0.806453526826488 0.045863892831868
0.802299557431188 0.046613892514902
0.798112437482808 0.047379299250894
0.793892626146237 0.048152796791782
0.789640586171339 0.048925616003826
0.785356783842216 0.049689224959470
0.781041688926065 0.050441009275033
0.776695774621672 0.051181884970149
0.772319517507513 0.051912872159870
0.767913397489498 0.052635092870967
0.763477897748339 0.053349922659348
0.759013504686565 0.054058847736434
0.754520707875186 0.054763420685883
0.750000000000000 0.055464512722217
0.745451876807570 0.056161104176620
0.740876837050858 0.056851825136870
0.736275382434527 0.057535288228195
0.731648017559931 0.058210465856587
0.726995249869773 0.058877313293217
0.722317589592464 0.059535940570116
0.717615549686164 0.060186477134171
0.712889645782536 0.060829009049858
0.708140396130201 0.061463468379756
0.703368321537900 0.062089746239883
0.698573945317390 0.062707748165993
0.693757793226052 0.063317279405118
0.688920393409234 0.063917406637605
0.684062276342339 0.064506851307217
0.679183974772650 0.065084321665532
0.674286023660908 0.065648514079806
0.669368960122646 0.066198347025097
0.664433323369292 0.066733014556843
0.659479654649035 0.067251719455174
0.654508497187474 0.067753660921810
0.649520396128043 0.068238064510163
0.644515898472236 0.068704267745355
0.639495553019615 0.069151645894883
0.634459910307633 0.069579571725200
0.629409522551260 0.069987445897499
0.624344943582428 0.070375701215888
0.619266728789291 0.070746241671105
0.614175435055328 0.071101119284909
0.609071620698271 0.071442418648148
0.603955845408880 0.071772117656868
0.598828670189563 0.072090665405139
0.593690657292862 0.072397548012712
0.588542370159792 0.072692239392293
0.583384373358051 0.072974215714622
0.578217232520115 0.073242947630894
0.573041514281206 0.073497883488445
0.567857786217152 0.073738464274582
0.562666616782152 0.073964134249590
0.557468575246433 0.074174339835883
0.552264231633827 0.074369079738892
0.547054156659257 0.074550122773060
0.541838921666158 0.074719605799509
0.536619098563816 0.074879679914560
0.531395259764657 0.075032507492588
0.526167978121472 0.075179085086500
0.520937826864600 0.075317710699110
0.515705379539064 0.075446302366257
0.510471209941678 0.075562777622743
0.505235892058123 0.075665072768021
0.500000000000000 0.075752768283018
0.494764107941877 0.075828439306031
0.489528790058322 0.075894983244189
0.484294620460936 0.075955298721378
0.479062173135400 0.076012239703624
0.473832021878528 0.076066250944164
0.468604740235343 0.076114148455294
0.463380901436184 0.076152461170305
0.458161078333842 0.076177735366274
0.452945843340743 0.076186626654536
0.447735768366173 0.076178851669794
0.442531424753567 0.076157885725258
0.437333383217848 0.076127419448960
0.432142213782848 0.076091120846097
0.426958485718794 0.076052469141967
0.421782767479885 0.076011476475433
0.416615626641949 0.075964878997822
0.411457629840209 0.075909317292823
0.406309342707138 0.075841470654674
0.401171329810437 0.075758344932356
0.396044154591120 0.075660393868072
0.390928379301729 0.075550319692292
0.385824564944672 0.075430835686231
0.380733271210710 0.075304622500586
0.375655056417573 0.075173938567617
0.370590477448740 0.075038600273273
0.365540089692367 0.074897507296840
0.360504446980385 0.074749580650651
0.355484101527764 0.074593762419247
0.350479603871957 0.074429039911209
0.345491502812526 0.074254482178275
0.340520345350965 0.074069191283843
0.335566676630708 0.073872293557469
0.330631039877354 0.073663024534675
0.325713976339092 0.073442816183832
0.320816025227350 0.073215366423881
0.315937723657661 0.072984403876026
0.311079606590766 0.072753574396949
0.306242206773949 0.072525106014634
0.301426054682610 0.072294631113258
0.296631678462100 0.072055887404618
0.291859603869799 0.071802783822789
0.287110354217464 0.071529613082998
0.282384450313836 0.071236233220001
0.277682410407536 0.070928095770630
0.273004750130227 0.070610767765720
0.268351982440069 0.070289657978216
0.263724617565473 0.069967808173293
0.259123162949143 0.069642648734364
0.254548123192430 0.069310846282995
0.250000000000000 0.068969182711805
0.245479292124815 0.068615557713574
0.240986495313435 0.068252591082110
0.236522102251661 0.067884172041509
0.232086602510502 0.067514061718815
0.227680482492487 0.067145101764314
0.223304225378328 0.066775278906219
0.218958311073935 0.066400885651066
0.214643216157784 0.066018364223320
0.210359413828661 0.065624749406084
0.206107373853763 0.065219576357572
0.201887562517192 0.064803210586107
0.197700442568813 0.064376022869218
0.193546473173512 0.063938820606486
0.189426109860845 0.063493840970559
0.185339804475081 0.063043538239585
0.181288005125655 0.062590244142866
0.177271156138025 0.062135099672414
0.173289698004947 0.061677587976156
0.169344067338174 0.061217096449673
0.165434696820571 0.060753019947216
0.161562015158670 0.060284477611604
0.157726447035656 0.059810490027026
0.153928413064797 0.059330151780302
0.150168329743317 0.058843109835561
0.146446609406726 0.058349881477099
0.142763660183598 0.057851061336117
0.139119885950819 0.057347283970093
0.135515686289294 0.056839412683216
0.131951456440133 0.056328353584326
0.128427587261303 0.055814804319574
0.124944465184770 0.055297728008361
0.121502472174122 0.054775145804563
0.118101985682679 0.054245268852057
0.114743378612105 0.053707023361661
0.111427019271515 0.053159932585333
0.108153271337080 0.052603665708536
0.104922493812155 0.052039110872929
0.101735040987902 0.051468172742901
0.098591262404443 0.050892654926598
0.095491502812526 0.050313658101362
0.092436102135723 0.049731777321564
0.089425395433148 0.049147515080077
0.086459712862719 0.048560748709201
0.083539379644950 0.047971121704665
0.080664716027288 0.047377886539329
0.077836037248993 0.046778754156653
0.075053653506568 0.046171401434102
0.072317869919747 0.045558387641512
0.069628986498028 0.044948471687373
0.066987298107781 0.044347060420280
0.064393094439905 0.043735911937189
0.061846659978068 0.043087980958311
0.059348273967504 0.042397393542291
0.056898210384393 0.041693019756644
0.054496737905816 0.041000629621436
0.052144119880294 0.040317754850391
0.049840614298903 0.039632550019161
0.047586473766990 0.038932800924336
0.045381945476466 0.038205855669580
0.043227271178700 0.037451548538313
0.041122687158010 0.036695539579383
0.039068424205750 0.035952496683580
0.037064707595003 0.035183076743494
0.035111757055874 0.034344463611751
0.033209786751399 0.033462626892771
0.031359005254054 0.032588271904322
0.029559615522887 0.031718186632527
0.027811814881260 0.030823120906962
0.026115794995207 0.029896517022423
0.024471741852423 0.028947359652136
0.022879835741862 0.028001654856157
0.021340251233966 0.027086492433275
0.019853157161529 0.026183970863118
0.018418716601171 0.025263243024347
0.017037086855466 0.024309726290722
0.015708419435685 0.023320678189732
0.014432860045182 0.022314992095385
0.013210548563420 0.021310138341865
0.012041619030626 0.020314604311234
0.010926199633097 0.019326783379999
0.009864412689139 0.018340058289722
0.008856374635656 0.017349714003041
0.007902196015379 0.016353969794271
0.007001981464748 0.015354610025460
0.006155829702431 0.014355838607688
0.005363833518506 0.013362611809710
0.004626079764278 0.012379876069880
0.003942649342761 0.011413382168091
0.003313617199802 0.010466773039792
0.002739052315863 0.009540229260133
0.002219017698460 0.008632520194623
0.001753570375248 0.007751749309122
0.001342761387771 0.006780621450603
0.000986635785864 0.005668658211140
0.000685232622713 0.004816619374431
0.000438584950571 0.004043705819935
0.000246719817134 0.003089611521519
0.000109658262577 0.001940389247833
0.000027415317244 0.000911794564155
0.000000000000000 0.000000000000000
0.000027415317244 -0.000828814515594
0.000109658262577 -0.001593526453985
0.000246719817134 -0.002308232912625
0.000438584950571 -0.003000584846955
0.000685232622713 -0.003685278801395
0.000986635785864 -0.004374279084671
0.001342761387771 -0.005103425680194
0.001753570375248 -0.005898622425715
0.002219017698460 -0.006722732036804
0.002739052315863 -0.007523631237893
0.003313617199802 -0.008287216912685
0.003942649342761 -0.009022886034354
0.004626079764278 -0.009742678589247
0.005363833518506 -0.010453162366163
0.006155829702431 -0.011155037899183
0.007001981464748 -0.011847600213431
0.007902196015379 -0.012530763258070
0.008856374635656 -0.013205098077764
0.009864412689139 -0.013871780273416
0.010926199633097 -0.014532730999539
0.012041619030626 -0.015190645154983
0.013210548563420 -0.015849330954446
0.014432860045182 -0.016514689601053
0.015708419435684 -0.017190450069995
0.017037086855466 -0.017872643380818
0.018418716601171 -0.018554192976310
0.019853157161528 -0.019226452209901
0.021340251233966 -0.019885997509868
0.022879835741862 -0.020532593004565
0.024471741852423 -0.021168072793463
0.026115794995207 -0.021794199254510
0.027811814881259 -0.022410947129340
0.029559615522887 -0.023019072433004
0.031359005254054 -0.023620872404354
0.033209786751399 -0.024219403287717
0.035111757055874 -0.024818457956408
0.037064707595003 -0.025422559466017
0.039068424205750 -0.026036189993455
0.041122687158009 -0.026648470330433
0.043227271178699 -0.027233513060631
0.045381945476466 -0.027789594276406
0.047586473766990 -0.028341987036552
0.049840614298903 -0.028905220252454
0.052144119880293 -0.029476211126406
0.054496737905816 -0.030046822623556
0.056898210384393 -0.030601586041463
0.059348273967504 -0.031131309153568
0.061846659978068 -0.031654915869602
0.064393094439905 -0.032195186380102
0.066987298107781 -0.032742132053765
0.069628986498028 -0.033268458509024
0.072317869919747 -0.033764530920732
0.075053653506568 -0.034243676256358
0.077836037248992 -0.034720025896175
0.080664716027288 -0.035202205062173
0.083539379644950 -0.035697720395722
0.086459712862719 -0.036206933820779
0.089425395433148 -0.036722751115380
0.092436102135723 -0.037237841083944
0.095491502812526 -0.037747562362536
0.098591262404443 -0.038247894069606
0.101735040987902 -0.038736503495903
0.104922493812155 -0.039214304125651
0.108153271337080 -0.039682650571012
0.111427019271514 -0.040142865235543
0.114743378612105 -0.040596223725248
0.118101985682679 -0.041044088916731
0.121502472174122 -0.041487468674605
0.124944465184770 -0.041927178201040
0.128427587261303 -0.042364082388629
0.131951456440133 -0.042798921854403
0.135515686289294 -0.043232390427632
0.139119885950819 -0.043665130355813
0.142763660183598 -0.044096524975923
0.146446609406726 -0.044525111941951
0.150168329743317 -0.044949347761874
0.153928413064796 -0.045367978828921
0.157726447035656 -0.045780048221506
0.161562015158669 -0.046184580868241
0.165434696820571 -0.046580639122503
0.169344067338174 -0.046967393045484
0.173289698004947 -0.047344012459402
0.177271156138025 -0.047709938101290
0.181288005125655 -0.048066665480376
0.185339804475081 -0.048416662141966
0.189426109860845 -0.048762516933302
0.193546473173511 -0.049105145681653
0.197700442568812 -0.049442349333487
0.201887562517192 -0.049771521396439
0.206107373853763 -0.050090075846395
0.210359413828660 -0.050396972950269
0.214643216157784 -0.050692286212489
0.218958311073935 -0.050976135156496
0.223304225378328 -0.051248727886610
0.227680482492486 -0.051510722617943
0.232086602510501 -0.051762978942818
0.236522102251661 -0.052006405882961
0.240986495313435 -0.052241511394145
0.245479292124814 -0.052466758876748
0.250000000000000 -0.052679971606937
0.254548123192429 -0.052878904520327
0.259123162949142 -0.053061796196347
0.263724617565473 -0.053229633834091
0.268351982440069 -0.053384344510156
0.273004750130227 -0.053527934241244
0.277682410407536 -0.053661990870885
0.282384450313836 -0.053784007399703
0.287110354217464 -0.053889323102277
0.291859603869799 -0.053973133753940
0.296631678462100 -0.054030711969025
0.301426054682609 -0.054062275265901
0.306242206773948 -0.054073407868398
0.311079606590766 -0.054070114086600
0.315937723657661 -0.054058566572069
0.320816025227350 -0.054042787766071
0.325713976339092 -0.054019719728624
0.330631039877354 -0.053984845281210
0.335566676630708 -0.053933547225438
0.340520345350965 -0.053861356274517
0.345491502812526 -0.053767612683370
0.350479603871956 -0.053654781502909
0.355484101527764 -0.053525477201809
0.360504446980385 -0.053382378035678
0.365540089692367 -0.053227321558476
0.370590477448739 -0.053058453088099
0.375655056417572 -0.052872921185135
0.380733271210709 -0.052667832646289
0.385824564944672 -0.052440284914533
0.390928379301728 -0.052189930155117
0.396044154591120 -0.051920741806694
0.401171329810437 -0.051637172974946
0.406309342707137 -0.051343748218774
0.411457629840208 -0.051044834880499
0.416615626641949 -0.050740826106855
0.421782767479884 -0.050428639195940
0.426958485718794 -0.050105045105407
0.432142213782848 -0.049766785249005
0.437333383217848 -0.049410914963118
0.442531424753567 -0.049037483477284
0.447735768366173 -0.048648104629682
0.452945843340743 -0.048244425945286
0.458161078333842 -0.047828116562104
0.463380901436184 -0.047400396563883
0.468604740235343 -0.046960016843766
0.473832021878528 -0.046504903588550
0.479062173135400 -0.046032971300835
0.484294620460935 -0.045542128777559
0.489528790058321 -0.045030956885215
0.494764107941877 -0.044500432316711
0.500000000000000 -0.043952081099996
0.505235892058122 -0.043387438409030
0.510471209941678 -0.042808050274147
0.515705379539064 -0.042215138954087
0.520937826864600 -0.041609131443391
0.526167978121472 -0.040990341756548
0.531395259764656 -0.040359087569440
0.536619098563816 -0.039715686207234
0.541838921666157 -0.039059541629139
0.547054156659257 -0.038388640774294
0.552264231633827 -0.037700851276743
0.557468575246433 -0.036994055175044
0.562666616782152 -0.036266211920156
0.567857786217152 -0.035516836844045
0.573041514281206 -0.034746942900941
0.578217232520115 -0.033957594134255
0.583384373358051 -0.033149872942695
0.588542370159791 -0.032324818849940
0.593690657292862 -0.031483210679626
0.598828670189563 -0.030625685764246
0.603955845408879 -0.029752885181602
0.609071620698271 -0.028865456272455
0.614175435055328 -0.027963805929713
0.619266728789290 -0.027047600913520
0.624344943582427 -0.026116364443012
0.629409522551260 -0.025169642193836
0.634459910307633 -0.024206948580608
0.639495553019614 -0.023226873880451
0.644515898472235 -0.022227084230423
0.649520396128043 -0.021205222319904
0.654508497187474 -0.020158969964061
0.659479654649035 -0.019088514332868
0.664433323369291 -0.018003708168800
0.669368960122646 -0.016916624690994
0.674286023660907 -0.015839113791004
0.679183974772650 -0.014781835024725
0.684062276342339 -0.013743484116027
0.688920393409233 -0.012714724244033
0.693757793226051 -0.011686293410419
0.698573945317390 -0.010649315229657
0.703368321537900 -0.009601867634508
0.708140396130200 -0.008551492386640
0.712889645782536 -0.007506249690253
0.717615549686163 -0.006473954854595
0.722317589592464 -0.005459802632459
0.726995249869773 -0.004463981722832
0.731648017559930 -0.003486073275881
0.736275382434527 -0.002525669760829
0.740876837050857 -0.001581935620160
0.745451876807570 -0.000653102901795
0.750000000000000 0.000262653193020
0.754520707875185 0.001167048774313
0.759013504686565 0.002058062831028
0.763477897748338 0.002927536169678
0.767913397489498 0.003767088823128
0.772319517507513 0.004569099637985
0.776695774621672 0.005333573919091
0.781041688926065 0.006067443760267
0.785356783842216 0.006777597281322
0.789640586171339 0.007469443046982
0.793892626146236 0.008140749481684
0.798112437482808 0.008786510677684
0.802299557431187 0.009402007040503
0.806453526826488 0.009983577976237
0.810573890139155 0.010529128811054
0.814660195524918 0.011036849190326
0.818711994874345 0.011505754688436
0.822728843861975 0.011939053292852
0.826710301995052 0.012341342839269
0.830655932661826 0.012716874543609
0.834565303179429 0.013067614955677
0.838437984841330 0.013393601328670
0.842273552964344 0.013694843439021
0.846071586935203 0.013971353248057
0.849831670256683 0.014223135091355
0.853553390593274 0.014450226638181
0.857236339816401 0.014652375766431
0.860880114049181 0.014828763926413
0.864484313710706 0.014978606770979
0.868048543559867 0.015101934535042
0.871572412738697 0.015200114182882
0.875055534815230 0.015274618049228
0.878497527825878 0.015327308211298
0.881898014317321 0.015360531061977
0.885256621387894 0.015376384920684
0.888572980728485 0.015374692832706
0.891846728662920 0.015353822587416
0.895077506187845 0.015312079908877
0.898264959012098 0.015247054570843
0.901408737595557 0.015156358189386
0.904508497187474 0.015038650505912
0.907563897864277 0.014893810963600
0.910574604566852 0.014722111175703
0.913540287137281 0.014525045415256
0.916460620355049 0.014304450365445
0.919335283972712 0.014062084276570
0.922163962751007 0.013799629053778
0.924946346493432 0.013518128240248
0.927682130080253 0.013217373251940
0.930371013501972 0.012896971902488
0.933012701892219 0.012556092403019
0.935606905560095 0.012193940736600
0.938153340021932 0.011809879282075
0.940651726032496 0.011403511838486
0.943101789615607 0.010975184036417
0.945503262094184 0.010525966294712
0.947855880119706 0.010059796294738
0.950159385701097 0.009581722495476
0.952413526233010 0.009096122602360
0.954618054523534 0.008606908679687
0.956772728821300 0.008117732996208
0.958877312841991 0.007631919774228
0.960931575794250 0.007152419675662
0.962935292404997 0.006681848507971
0.964888242944126 0.006222506789185
0.966790213248601 0.005776367624093
0.968640994745946 0.005345118212418
0.970440384477113 0.004930151879528
0.972188185118740 0.004532602357303
0.973884205004793 0.004153347204545
0.975528258147577 0.003793034235585
0.977120164258138 0.003452090056745
0.978659748766034 0.003130752716469
0.980146842838471 0.002829069482694
0.981581283398829 0.002546940554567
0.982962913144534 0.002284112690746
0.984291580564316 0.002040200559209
0.985567139954818 0.001814721204459
0.986789451436580 0.001607086541165
0.987958380969374 0.001416632961728
0.989073800366903 0.001242632062852
0.990135587310861 0.001084300550513
0.991143625364344 0.000940821764048
0.992097803984621 0.000811347943966
0.992998018535252 0.000695016452391
0.993844170297569 0.000590968492243
0.994636166481494 0.000498341728030
0.995373920235722 0.000416293121658
0.996057350657239 0.000344003175802
0.996686382800198 0.000280684582753
0.997260947684137 0.000225586027602
0.997780982301540 0.000177999766055
0.998246429624752 0.000137274713328
0.998657238612229 0.000102809366055
0.999013364214136 0.000074065021066
0.999314767377287 0.000050567410110
0.999561415049429 0.000031905925196
0.999753280182866 0.000017746700205
0.999890341737423 0.000007823879369
0.999972584682756 0.000001946384836
1.000000000000000 0.000000000000000
