1.000000000000000 0.000000000000000
0.999972584682756 0.000005264030826
0.999890341737423 0.000021048022003
0.999753280182866 0.000047351532649
0.999561415049429 0.000084161322679
0.999314767377287 0.000131464980191
0.999013364214136 0.000189247497683
0.998657238612229 0.000257484447420
0.998246429624752 0.000336152179599
0.997780982301540 0.000425224388806
0.997260947684137 0.000524665291947
0.996686382800198 0.000634439799350
0.996057350657239 0.000754503295904
0.995373920235722 0.000884818562461
0.994636166481494 0.001025328622298
0.993844170297569 0.001175983811592
0.992998018535252 0.001336731548767
0.992097803984621 0.001507506171615
0.991143625364344 0.001688239041602
0.990135587310861 0.001878868560647
0.989073800366903 0.002079316559087
0.987958380969374 0.002289501726650
0.986789451436580 0.002509346226053
0.985567139954818 0.002738762224586
0.984291580564316 0.002977655211005
0.982962913144534 0.003225927274358
0.981581283398829 0.003483483648043
0.980146842838472 0.003750212734611
0.978659748766034 0.004026005948324
0.977120164258138 0.004310747692436
0.975528258147577 0.004604315316681
0.973884205004793 0.004906588873979
0.972188185118741 0.005217428143891
0.970440384477113 0.005536708491594
0.968640994745946 0.005864278419436
0.966790213248601 0.006199998526639
0.964888242944126 0.006543715450937
0.962935292404997 0.006895271542816
0.960931575794250 0.007254501589872
0.958877312841991 0.007621242304778
0.956772728821300 0.007995319464315
0.954618054523534 0.008376547952913
0.952413526233010 0.008764747459337
0.950159385701097 0.009159726599834
0.947855880119706 0.009561282970084
0.945503262094184 0.009969221716062
0.943101789615607 0.010383330592280
0.940651726032496 0.010803392401984
0.938153340021932 0.011229190964960
0.935606905560095 0.011660495819851
0.933012701892219 0.012097071397881
0.930371013501972 0.012538682861851
0.927682130080253 0.012985083953763
0.924946346493432 0.013436017274450
0.922163962751008 0.013891232106679
0.919335283972712 0.014350460502712
0.916460620355050 0.014813430950849
0.913540287137281 0.015279866013867
0.910574604566852 0.015749480003330
0.907563897864277 0.016221993319417
0.904508497187474 0.016697107032352
0.901408737595557 0.017174498596779
0.898264959012098 0.017653861257207
0.895077506187845 0.018135060687290
0.891846728662920 0.018618081851542
0.888572980728485 0.019102945531455
0.885256621387895 0.019589705731193
0.881898014317321 0.020078443752345
0.878497527825878 0.020569258800590
0.875055534815230 0.021062268116471
0.871572412738697 0.021557611108724
0.868048543559867 0.022055448784238
0.864484313710706 0.022555966041640
0.860880114049181 0.023059373821836
0.857236339816402 0.023565904580899
0.853553390593274 0.024075815024116
0.849831670256683 0.024589388521853
0.846071586935203 0.025106926887715
0.842273552964344 0.025628758963438
0.838437984841330 0.026155239746783
0.834565303179429 0.026686755444228
0.830655932661826 0.027223720336495
0.826710301995053 0.027766570791442
0.822728843861975 0.028315752949744
0.818711994874345 0.028871729260368
0.814660195524919 0.029434978160378
0.810573890139155 0.030006063275521
0.806453526826488 0.030585639671653
0.802299557431188 0.031174393405772
0.798112437482808 0.031772903028296
0.793892626146237 0.032381084476066
0.789640586171339 0.032998633210669
0.785356783842216 0.033625225091653
0.781041688926065 0.034260426550858
0.776695774621672 0.034903669430852
0.772319517507513 0.035554337445531
0.767913397489498 0.036211798730503
0.763477897748339 0.036875421795584
0.759013504686565 0.037544569716282
0.754520707875186 0.038218582409318
0.750000000000000 0.038896775712898
0.745451876807570 0.039578431357514
0.740876837050858 0.040262809179982
0.736275382434527 0.040949147039184
0.731648017559931 0.041636653846703
0.726995249869773 0.042324512276254
0.722317589592464 0.043011873201142
0.717615549686164 0.043697872739567
0.712889645782536 0.044381629788066
0.708140396130201 0.045062297081146
0.703368321537900 0.045739022336023
0.698573945317390 0.046410935543455
0.693757793226052 0.047077199417526
0.688920393409234 0.047737431862242
0.684062276342339 0.048391551915332
0.679183974772650 0.049039491869398
0.674286023660908 0.049681194174659
0.669368960122646 0.050316581406127
0.664433323369292 0.050945553842362
0.659479654649035 0.051568018774390
0.654508497187474 0.052183879150926
0.649520396128043 0.052793052526326
0.644515898472236 0.053395463648021
0.639495553019615 0.053991037147058
0.634459910307633 0.054579710991137
0.629409522551260 0.055161421607959
0.624344943582428 0.055736121541458
0.619266728789291 0.056303774166725
0.614175435055328 0.056864354460557
0.609071620698271 0.057417832257180
0.603955845408880 0.057964184146972
0.598828670189563 0.058503314310588
0.593690657292862 0.059035092750217
0.588542370159792 0.059559390601960
0.583384373358051 0.060076087256610
0.578217232520115 0.060585047843239
0.573041514281206 0.061086100724027
0.567857786217152 0.061579062622386
0.562666616782152 0.062063755950779
0.557468575246433 0.062540007028853
0.552264231633827 0.063007643900252
0.547054156659257 0.063466508161626
0.541838921666158 0.063916440144370
0.536619098563816 0.064357287506028
0.531395259764657 0.064788901085074
0.526167978121472 0.065211145342946
0.520937826864600 0.065623908154922
0.515705379539064 0.066027077699681
0.510471209941678 0.066420549337870
0.505235892058123 0.066804217024246
0.500000000000000 0.067177888243361
0.494764107941877 0.067541302401904
0.489528790058322 0.067894195831785
0.484294620460936 0.068236313350694
0.479062173135400 0.068567396369976
0.473832021878528 0.068887125429333
0.468604740235343 0.069195143061474
0.463380901436184 0.069491100244105
0.458161078333842 0.069774649941899
0.452945843340743 0.070045460761567
0.447735768366173 0.070303244820879
0.442531424753567 0.070547741568430
0.437333383217848 0.070778693561979
0.432142213782848 0.070995855706424
0.426958485718794 0.071198966547232
0.421782767479885 0.071387675445684
0.416615626641949 0.071561611436715
0.411457629840209 0.071720413004360
0.406309342707138 0.071863730142583
0.401171329810437 0.071991416093569
0.396044154591120 0.072103862472518
0.390928379301729 0.072201551137286
0.385824564944672 0.072284964712212
0.380733271210710 0.072354589673200
0.375655056417573 0.072411088774169
0.370590477448740 0.072455370553982
0.365540089692367 0.072488352698590
0.360504446980385 0.072510943743214
0.355484101527764 0.072524033403359
0.350479603871957 0.072528409242554
0.345491502812526 0.072524793565025
0.340520345350965 0.072513898532834
0.335566676630708 0.072496426284006
0.330631039877354 0.072473118336152
0.325713976339092 0.072444856909256
0.320816025227350 0.072412537277880
0.315937723657661 0.072377036877258
0.311079606590766 0.072339186691528
0.306242206773949 0.072299356358071
0.301426054682610 0.072257550023984
0.296631678462100 0.072213763590332
0.291859603869799 0.072167992170983
0.287110354217464 0.072119564526249
0.282384450313836 0.072066241236514
0.277682410407536 0.072005620458569
0.273004750130227 0.071935377973266
0.268351982440069 0.071853309886561
0.263724617565473 0.071757527877778
0.259123162949143 0.071646299701128
0.254548123192430 0.071517962339854
0.250000000000000 0.071370913923106
0.245479292124815 0.071203521247503
0.240986495313435 0.071014165437039
0.236522102251661 0.070801305964862
0.232086602510502 0.070563483736407
0.227680482492487 0.070299428348141
0.223304225378328 0.070008010246023
0.218958311073935 0.069688170010157
0.214643216157784 0.069338860359438
0.210359413828661 0.068958674799039
0.206107373853763 0.068546055002445
0.201887562517192 0.068099532723981
0.197700442568813 0.067618589700912
0.193546473173512 0.067106491730261
0.189426109860845 0.066567427674873
0.185339804475081 0.066005452256265
0.181288005125655 0.065424998974798
0.177271156138025 0.064831108459510
0.173289698004947 0.064228688048563
0.169344067338174 0.063622434562492
0.165434696820571 0.063016841366946
0.161562015158670 0.062416162997836
0.157726447035656 0.061824418588332
0.153928413064797 0.061244715789796
0.150168329743317 0.060679189034484
0.146446609406726 0.060129770963751
0.142763660183598 0.059595265434545
0.139119885950819 0.059066872762795
0.135515686289294 0.058535135258303
0.131951456440133 0.057991318170249
0.128427587261303 0.057427792709216
0.124944465184770 0.056837552497105
0.121502472174122 0.056213998851288
0.118101985682679 0.055550751801534
0.114743378612105 0.054841726327673
0.111427019271515 0.054081007161182
0.108153271337080 0.053262331003833
0.104922493812155 0.052379450741616
0.101735040987902 0.051427363833056
0.098591262404443 0.050403849686792
0.095491502812526 0.049307332745628
0.092436102135723 0.048144256310883
0.089425395433148 0.046928956214543
0.086459712862719 0.045675475831002
0.083539379644950 0.044395745599563
0.080664716027288 0.043100923421709
0.077836037248993 0.041801992730048
0.075053653506568 0.040509613168996
0.072317869919747 0.039233580920698
0.069628986498028 0.037982705685660
0.066987298107781 0.036764868780311
0.064393094439905 0.035586957813403
0.061846659978068 0.034454820744478
0.059348273967504 0.033373093044688
0.056898210384393 0.032345401563498
0.054496737905816 0.031374263145976
0.052144119880294 0.030461297798172
0.049840614298903 0.029606868872713
0.047586473766990 0.028809481349553
0.045381945476466 0.028057931750530
0.043227271178700 0.027337919144489
0.041122687158010 0.026637556995465
0.039068424205750 0.025946772722752
0.037064707595003 0.025256389867000
0.035111757055874 0.024558042387243
0.033209786751399 0.023843534002267
0.031359005254054 0.023104983948921
0.029559615522887 0.022333971207394
0.027811814881260 0.021521634039606
0.026115794995207 0.020657651383370
0.024471741852423 0.019730318764042
0.022879835741862 0.018731919629964
0.021340251233966 0.017679740220961
0.019853157161529 0.016601368392429
0.018418716601171 0.015525679835093
0.017037086855466 0.014477076302393
0.015708419435685 0.013472628522976
0.014432860045182 0.012522012202654
0.013210548563420 0.011629901913946
0.012041619030626 0.010797711469190
0.010926199633097 0.010019020030092
0.009864412689139 0.009284943142448
0.008856374635656 0.008588268146964
0.007902196015379 0.007923884526707
0.007001981464748 0.007288570489468
0.006155829702431 0.006679811553579
0.005363833518506 0.006095711386924
0.004626079764278 0.005534724309467
0.003942649342761 0.004995714581257
0.003313617199802 0.004477671538832
0.002739052315863 0.003979761796134
0.002219017698460 0.003501407345030
0.001753570375248 0.003041918888326
0.001342761387771 0.002600842468115
0.000986635785864 0.002177825059980
0.000685232622713 0.001772468596016
0.000438584950571 0.001384360147421
0.000246719817134 0.001013346073420
0.000109658262577 0.000659037337213
0.000027415317244 0.000321355506169
0.000000000000000 0.000000000000000
0.000027415317244 -0.000305138107629
0.000109658262577 -0.000594283201440
0.000246719817134 -0.000868970218783
0.000438584950571 -0.001133635827549
0.000685232622713 -0.001390459366425
0.000986635785864 -0.001640149301727
0.001342761387771 -0.001883286963382
0.001753570375248 -0.002120148093528
0.002219017698460 -0.002350986792120
0.002739052315863 -0.002576300852951
0.003313617199802 -0.002796344866682
0.003942649342761 -0.003011537479273
0.004626079764278 -0.003222451672439
0.005363833518506 -0.003429526346225
0.006155829702431 -0.003633587947572
0.007001981464748 -0.003835348551720
0.007902196015379 -0.004035957738676
0.008856374635656 -0.004236706558974
0.009864412689139 -0.004439369603648
0.010926199633097 -0.004646136794224
0.012041619030626 -0.004860617673868
0.013210548563420 -0.005087863496191
0.014432860045182 -0.005331082078261
0.015708419435684 -0.005591861678270
0.017037086855466 -0.005870525366917
0.018418716601171 -0.006166821121819
0.019853157161528 -0.006480043525352
0.021340251233966 -0.006808384787056
0.022879835741862 -0.007148882214668
0.024471741852423 -0.007497494266066
0.026115794995207 -0.007849596669186
0.027811814881259 -0.008202401449572
0.029559615522887 -0.008555402369156
0.031359005254054 -0.008908108585443
0.033209786751399 -0.009259979380953
0.035111757055874 -0.009610448642881
0.037064707595003 -0.009958878798930
0.039068424205750 -0.010304585408041
0.041122687158009 -0.010646776111385
0.043227271178699 -0.010984608358057
0.045381945476466 -0.011317156232858
0.047586473766990 -0.011643345982039
0.049840614298903 -0.011961739331332
0.052144119880293 -0.012271315926978
0.054496737905816 -0.012572286309109
0.056898210384393 -0.012865398071406
0.059348273967504 -0.013152087399158
0.061846659978068 -0.013434106543846
0.064393094439905 -0.013713483302877
0.066987298107781 -0.013992580402601
0.069628986498028 -0.014274228830136
0.072317869919747 -0.014561588549543
0.075053653506568 -0.014857899938260
0.077836037248992 -0.015166144350305
0.080664716027288 -0.015484522812321
0.083539379644950 -0.015808226890583
0.086459712862719 -0.016132256324953
0.089425395433148 -0.016451530353574
0.092436102135723 -0.016760306132701
0.095491502812526 -0.017051497921698
0.098591262404443 -0.017317498607351
0.101735040987902 -0.017553240300602
0.104922493812155 -0.017755839663876
0.108153271337080 -0.017923283871711
0.111427019271514 -0.018057019901994
0.114743378612105 -0.018159517215885
0.118101985682679 -0.018233103842133
0.121502472174122 -0.018279766670156
0.124944465184770 -0.018301672541878
0.128427587261303 -0.018301303527807
0.131951456440133 -0.018281448438058
0.135515686289294 -0.018245173054214
0.139119885950819 -0.018196032935048
0.142763660183598 -0.018137982998828
0.146446609406726 -0.018075111674848
0.150168329743317 -0.018010539145255
0.153928413064796 -0.017946987881809
0.157726447035656 -0.017887161113774
0.161562015158669 -0.017831970444094
0.165434696820571 -0.017781202664246
0.169344067338174 -0.017734618524855
0.173289698004947 -0.017692232194064
0.177271156138025 -0.017654327950515
0.181288005125655 -0.017621209623182
0.185339804475081 -0.017593173040903
0.189426109860845 -0.017570482811953
0.193546473173511 -0.017553403724731
0.197700442568812 -0.017542170788762
0.201887562517192 -0.017536721749958
0.206107373853763 -0.017536826827962
0.210359413828660 -0.017542236061667
0.214643216157784 -0.017552583111472
0.218958311073935 -0.017567251173144
0.223304225378328 -0.017585558536710
0.227680482492486 -0.017606790937930
0.232086602510501 -0.017630240573223
0.236522102251661 -0.017655207971315
0.240986495313435 -0.017680965757152
0.245479292124814 -0.017706755873386
0.250000000000000 -0.017731774633554
0.254548123192429 -0.017755179403477
0.259123162949142 -0.017776097852646
0.263724617565473 -0.017793630888570
0.268351982440069 -0.017806867969665
0.273004750130227 -0.017814880569912
0.277682410407536 -0.017816714135658
0.282384450313836 -0.017811384300768
0.287110354217464 -0.017797832894469
0.291859603869799 -0.017774943896191
0.296631678462100 -0.017741574440019
0.301426054682609 -0.017696586257869
0.306242206773948 -0.017639608193208
0.311079606590766 -0.017571117568845
0.315937723657661 -0.017491654820696
0.320816025227350 -0.017401781374953
0.325713976339092 -0.017302110516926
0.330631039877354 -0.017193348091792
0.335566676630708 -0.017076234397241
0.340520345350965 -0.016951531456457
0.345491502812526 -0.016820017948834
0.350479603871956 -0.016682453170737
0.355484101527764 -0.016539595389364
0.360504446980385 -0.016392220105544
0.365540089692367 -0.016241120826299
0.370590477448739 -0.016087152203398
0.375655056417572 -0.015931278387470
0.380733271210709 -0.015774490102638
0.385824564944672 -0.015617794192672
0.390928379301728 -0.015462184693166
0.396044154591120 -0.015308309299539
0.401171329810437 -0.015156576937472
0.406309342707137 -0.015007394892556
0.411457629840208 -0.014861175363720
0.416615626641949 -0.014718219040144
0.421782767479884 -0.014578329647022
0.426958485718794 -0.014441172125529
0.432142213782848 -0.014306407243647
0.437333383217848 -0.014173690537566
0.442531424753567 -0.014042722514358
0.447735768366173 -0.013913300831405
0.452945843340743 -0.013785231224288
0.458161078333842 -0.013658317687466
0.463380901436184 -0.013532361410465
0.468604740235343 -0.013407127718603
0.473832021878528 -0.013282338849365
0.479062173135400 -0.013157715832002
0.484294620460935 -0.013032977381095
0.489528790058321 -0.012907850881778
0.494764107941877 -0.012782163572061
0.500000000000000 -0.012655809515147
0.505235892058122 -0.012528685187568
0.510471209941678 -0.012400686954448
0.515705379539064 -0.012271733112147
0.520937826864600 -0.012141886411515
0.526167978121472 -0.012011265305904
0.531395259764656 -0.011879988431160
0.536619098563816 -0.011748174717130
0.541838921666157 -0.011615934316874
0.547054156659257 -0.011483346927232
0.552264231633827 -0.011350485456615
0.557468575246433 -0.011217422635430
0.562666616782152 -0.011084230688755
0.567857786217152 -0.010950988540000
0.573041514281206 -0.010817786616124
0.578217232520115 -0.010684717090940
0.583384373358051 -0.010551869836136
0.588542370159791 -0.010419333932370
0.593690657292862 -0.010287176805501
0.598828670189563 -0.010155447063591
0.603955845408879 -0.010024191288018
0.609071620698271 -0.009893456248769
0.614175435055328 -0.009763281166813
0.619266728789290 -0.009633666601428
0.624344943582427 -0.009504599276870
0.629409522551260 -0.009376066023601
0.634459910307633 -0.009248054447069
0.639495553019614 -0.009120555439084
0.644515898472235 -0.008993566650445
0.649520396128043 -0.008867087608660
0.654508497187474 -0.008741116863752
0.659479654649035 -0.008615653971780
0.664433323369291 -0.008490695955002
0.669368960122646 -0.008366240823864
0.674286023660907 -0.008242284824786
0.679183974772650 -0.008118825558346
0.684062276342339 -0.007995861792626
0.688920393409233 -0.007873390989450
0.693757793226051 -0.007751410564759
0.698573945317390 -0.007629920267190
0.703368321537900 -0.007508921991005
0.708140396130200 -0.007388430329154
0.712889645782536 -0.007268460894660
0.717615549686163 -0.007149030265922
0.722317589592464 -0.007030155275147
0.726995249869773 -0.006911852661101
0.731648017559930 -0.006794140050154
0.736275382434527 -0.006677035127592
0.740876837050857 -0.006560554796627
0.745451876807570 -0.006444715786846
0.750000000000000 -0.006329534449881
0.754520707875185 -0.006215026907687
0.759013504686565 -0.006101209463155
0.763477897748338 -0.005988097910404
0.767913397489498 -0.005875707554690
0.772319517507513 -0.005764054653408
0.776695774621672 -0.005653153956655
0.781041688926065 -0.005543020932468
0.785356783842216 -0.005433670331741
0.789640586171339 -0.005325117545674
0.793892626146236 -0.005217376725754
0.798112437482808 -0.005110461484307
0.802299557431187 -0.005004385225596
0.806453526826488 -0.004899161443554
0.810573890139155 -0.004794801224680
0.814660195524918 -0.004691314703737
0.818711994874345 -0.004588711840425
0.822728843861975 -0.004487002627426
0.826710301995052 -0.004386197682592
0.830655932661826 -0.004286307551880
0.834565303179429 -0.004187342214177
0.838437984841330 -0.004089311652975
0.842273552964344 -0.003992225948162
0.846071586935203 -0.003896094848433
0.849831670256683 -0.003800928800820
0.853553390593274 -0.003706736641312
0.857236339816401 -0.003613528931031
0.860880114049181 -0.003521315215602
0.864484313710706 -0.003430104627146
0.868048543559867 -0.003339906818157
0.871572412738697 -0.003250731562880
0.875055534815230 -0.003162587642083
0.878497527825878 -0.003075484550466
0.881898014317321 -0.002989431376861
0.885256621387894 -0.002904437645234
0.888572980728485 -0.002820511252344
0.891846728662920 -0.002737662477248
0.895077506187845 -0.002655899167774
0.898264959012098 -0.002575230038902
0.901408737595557 -0.002495664028837
0.904508497187474 -0.002417209909093
0.907563897864277 -0.002339876536688
0.910574604566852 -0.002263671893836
0.913540287137281 -0.002188606004172
0.916460620355049 -0.002114685511642
0.919335283972712 -0.002041920409662
0.922163962751007 -0.001970317784332
0.924946346493432 -0.001899885720289
0.927682130080253 -0.001830632382647
0.930371013501972 -0.001762565722382
0.933012701892219 -0.001695692836871
0.935606905560095 -0.001630021517353
0.938153340021932 -0.001565559147103
0.940651726032496 -0.001502312228728
0.943101789615607 -0.001440288923706
0.945503262094184 -0.001379495175657
0.947855880119706 -0.001319938025754
0.950159385701097 -0.001261624401129
0.952413526233010 -0.001204560207387
0.954618054523534 -0.001148752285240
0.956772728821300 -0.001094206338790
0.958877312841991 -0.001040928577304
0.960931575794250 -0.000988924984737
0.962935292404997 -0.000938200825853
0.964888242944126 -0.000888762600446
0.966790213248601 -0.000840614810168
0.968640994745946 -0.000793763373893
0.970440384477113 -0.000748212790325
0.972188185118740 -0.000703968897977
0.973884205004793 -0.000661036135508
0.975528258147577 -0.000619418634529
0.977120164258138 -0.000579122293592
0.978659748766034 -0.000540150112803
0.980146842838471 -0.000502507114107
0.981581283398829 -0.000466197399582
0.982962913144534 -0.000431224681345
0.984291580564316 -0.000397592866871
0.985567139954818 -0.000365305510439
0.986789451436580 -0.000334366123807
0.987958380969374 -0.000304778687671
0.989073800366903 -0.000276545643871
0.990135587310861 -0.000249670512449
0.991143625364344 -0.000224155712212
0.992097803984621 -0.000200004684966
0.992998018535252 -0.000177219406899
0.993844170297569 -0.000155802599234
0.994636166481494 -0.000135756817536
0.995373920235722 -0.000117084061037
0.996057350657239 -0.000099786710007
0.996686382800198 -0.000083865904420
0.997260947684137 -0.000069323935968
0.997780982301540 -0.000056161865543
0.998246429624752 -0.000044381538329
0.998657238612229 -0.000033984288936
0.999013364214136 -0.000024971170507
0.999314767377287 -0.000017342547155
0.999561415049429 -0.000011100000196
0.999753280182866 -0.000006244421774
0.999890341737423 -0.000002775381407
0.999972584682756 -0.000000693845073
1.000000000000000 0.000000000000000
