1.000000000000000 0.000000000000000
0.999972584682756 0.000014272469102
0.999890341737423 0.000056936042152
0.999753280182866 0.000127497999262
0.999561415049429 0.000225143397026
0.999314767377287 0.000348789738278
0.999013364214136 0.000497055247811
0.998657238612229 0.000668362933461
0.998246429624752 0.000860886817608
0.997780982301540 0.001072693258074
0.997260947684137 0.001301710731068
0.996686382800198 0.001545804859689
0.996057350657239 0.001802816569877
0.995373920235722 0.002070635980275
0.994636166481494 0.002347208141908
0.993844170297569 0.002630608876511
0.992998018535252 0.002919073271755
0.992097803984621 0.003211044583187
0.991143625364344 0.003505232804130
0.990135587310861 0.003800629558680
0.989073800366903 0.004096563582720
0.987958380969374 0.004392749475844
0.986789451436580 0.004689324608766
0.985567139954818 0.004986898842832
0.984291580564316 0.005286611673988
0.982962913144534 0.005590195203264
0.981581283398829 0.005900023018564
0.980146842838472 0.006219223932492
0.978659748766034 0.006551747951148
0.977120164258138 0.006902488056222
0.975528258147577 0.007277463406012
0.973884205004793 0.007683928024740
0.972188185118741 0.008130593873938
0.970440384477113 0.008628185617352
0.968640994745946 0.009189530855105
0.966790213248601 0.009828865342120
0.964888242944126 0.010566491064527
0.962935292404997 0.011429101712908
0.960931575794250 0.012420362592837
0.958877312841991 0.013515775042964
0.956772728821300 0.014652663142542
0.954618054523534 0.015747976808196
0.952413526233010 0.016720957854903
0.950159385701097 0.017542396369007
0.947855880119706 0.018209022446990
0.945503262094184 0.018743694894982
0.943101789615607 0.019170731001507
0.940651726032496 0.019508745493089
0.938153340021932 0.019776325612095
0.935606905560095 0.019993598941084
0.933012701892219 0.020182378988441
0.930371013501972 0.020364863015340
0.927682130080253 0.020565422444977
0.924946346493432 0.020813756836027
0.922163962751008 0.021144016782255
0.919335283972712 0.021572854740814
0.916460620355050 0.022090989848973
0.913540287137281 0.022684273979716
0.910574604566852 0.023331639126373
0.907563897864277 0.024008370492233
0.904508497187474 0.024689105236330
0.901408737595557 0.025347632553004
0.898264959012098 0.025967855053674
0.895077506187845 0.026555160433740
0.891846728662920 0.027117807698612
0.888572980728485 0.027664572959567
0.885256621387895 0.028204867233849
0.881898014317321 0.028746899648124
0.878497527825878 0.029292527532682
0.875055534815230 0.029842168953257
0.871572412738697 0.030394635098595
0.868048543559867 0.030945595700462
0.864484313710706 0.031490173411602
0.860880114049181 0.032025363959037
0.857236339816402 0.032550822837952
0.853553390593274 0.033066437421555
0.849831670256683 0.033572772297548
0.846071586935203 0.034071281452151
0.842273552964344 0.034563574134484
0.838437984841330 0.035050589110138
0.834565303179429 0.035532055926035
0.830655932661826 0.036007588947686
0.826710301995053 0.036476834937418
0.822728843861975 0.036939524108975
0.818711994874345 0.037395413016419
0.814660195524919 0.037844287195185
0.810573890139155 0.038286160258861
0.806453526826488 0.038721176520588
0.802299557431188 0.039149503381098
0.798112437482808 0.039571185696851
0.793892626146237 0.039986016949280
0.789640586171339 0.040393772139445
0.785356783842216 0.040794241565599
0.781041688926065 0.041187365709000
0.776695774621672 0.041573182988203
0.772319517507513 0.041951758064719
0.767913397489498 0.042323192114161
0.763477897748339 0.042687749232062
0.759013504686565 0.043045758496836
0.754520707875186 0.043397572061468
0.750000000000000 0.043743517783905
0.745451876807570 0.044083788571841
0.740876837050858 0.044418561975836
0.736275382434527 0.044748029976321
0.731648017559931 0.045072315926024
0.726995249869773 0.045391286388579
0.722317589592464 0.045704754806201
0.717615549686164 0.046012538469707
0.712889645782536 0.046314481177017
0.708140396130201 0.046610559187039
0.703368321537900 0.046900794750115
0.698573945317390 0.047185213739707
0.693757793226052 0.047463850436680
0.688920393409234 0.047736749999285
0.684062276342339 0.048003963144851
0.679183974772650 0.048265550535861
0.674286023660908 0.048521578351345
0.669368960122646 0.048772170450278
0.664433323369292 0.049017536522452
0.659479654649035 0.049257903380215
0.654508497187474 0.049493506070550
0.649520396128043 0.049724554550108
0.644515898472236 0.049951040255847
0.639495553019615 0.050172871227120
0.634459910307633 0.050389956296782
0.629409522551260 0.050602207181075
0.624344943582428 0.050809560205299
0.619266728789291 0.051012003678090
0.614175435055328 0.051209533504494
0.609071620698271 0.051402148059835
0.603955845408880 0.051589849644508
0.598828670189563 0.051772633583426
0.593690657292862 0.051950489345673
0.588542370159792 0.052123410742988
0.583384373358051 0.052291393397517
0.578217232520115 0.052454431322580
0.573041514281206 0.052612493483992
0.567857786217152 0.052765539871883
0.562666616782152 0.052913531910599
0.557468575246433 0.053056433596416
0.552264231633827 0.053194218072477
0.547054156659257 0.053326883629994
0.541838921666158 0.053454437547439
0.536619098563816 0.053576889350209
0.531395259764657 0.053694250730215
0.526167978121472 0.053806489118268
0.520937826864600 0.053913450467519
0.515705379539064 0.054014961904690
0.510471209941678 0.054110853986340
0.505235892058123 0.054200958885427
0.500000000000000 0.054285214973105
0.494764107941877 0.054363763653759
0.489528790058322 0.054436772369978
0.484294620460936 0.054504410464074
0.479062173135400 0.054566848128263
0.473832021878528 0.054624180195889
0.468604740235343 0.054676384937011
0.463380901436184 0.054723432697299
0.458161078333842 0.054765296287690
0.452945843340743 0.054801953756146
0.447735768366173 0.054833467870191
0.442531424753567 0.054860000704762
0.437333383217848 0.054881721357353
0.432142213782848 0.054898799849187
0.426958485718794 0.054911406816961
0.421782767479885 0.054919711222235
0.416615626641949 0.054923880611925
0.411457629840209 0.054924082746546
0.406309342707138 0.054920485527687
0.401171329810437 0.054913241689209
0.396044154591120 0.054902355767137
0.390928379301729 0.054887750416509
0.385824564944672 0.054869350103350
0.380733271210710 0.054847082573183
0.375655056417573 0.054820903269089
0.370590477448740 0.054790891603564
0.365540089692367 0.054757164955130
0.360504446980385 0.054719840659697
0.355484101527764 0.054679036049874
0.350479603871957 0.054634781811951
0.345491502812526 0.054586929635521
0.340520345350965 0.054535313135673
0.335566676630708 0.054479771967185
0.330631039877354 0.054420156329183
0.325713976339092 0.054356396306801
0.320816025227350 0.054288483234101
0.315937723657661 0.054216413629190
0.311079606590766 0.054140187123976
0.306242206773949 0.054059785685884
0.301426054682610 0.053975124179764
0.296631678462100 0.053886109169930
0.291859603869799 0.053792653688827
0.287110354217464 0.053694675474468
0.282384450313836 0.053592089619405
0.277682410407536 0.053484810706240
0.273004750130227 0.053372760509951
0.268351982440069 0.053255867475589
0.263724617565473 0.053134073623154
0.259123162949143 0.053007336052113
0.254548123192430 0.052875620307546
0.250000000000000 0.052738898192669
0.245479292124815 0.052597129026164
0.240986495313435 0.052450228041108
0.236522102251661 0.052298111492932
0.232086602510502 0.052140704983613
0.227680482492487 0.051977959580687
0.223304225378328 0.051809895268448
0.218958311073935 0.051636550438686
0.214643216157784 0.051457970392838
0.210359413828661 0.051274130282093
0.206107373853763 0.051084784010816
0.201887562517192 0.050889663260467
0.197700442568813 0.050688520541711
0.193546473173512 0.050481154595804
0.189426109860845 0.050267435281952
0.185339804475081 0.050047252673609
0.181288005125655 0.049820519586341
0.177271156138025 0.049587215561976
0.173289698004947 0.049347379523493
0.169344067338174 0.049101063693247
0.165434696820571 0.048848328404194
0.161562015158670 0.048589222726458
0.157726447035656 0.048323802698337
0.153928413064797 0.048052137918621
0.150168329743317 0.047774291739414
0.146446609406726 0.047490316649082
0.142763660183598 0.047200285097477
0.139119885950819 0.046904182607230
0.135515686289294 0.046601778332648
0.131951456440133 0.046292836661137
0.128427587261303 0.045977143408955
0.124944465184770 0.045654440818776
0.121502472174122 0.045324486253190
0.118101985682679 0.044987104618192
0.114743378612105 0.044642332413363
0.111427019271515 0.044290317384647
0.108153271337080 0.043931224973435
0.104922493812155 0.043565203652601
0.101735040987902 0.043192406816567
0.098591262404443 0.042813135474221
0.095491502812526 0.042428534467219
0.092436102135723 0.042040053752873
0.089425395433148 0.041649132131247
0.086459712862719 0.041257456776471
0.083539379644950 0.040866688628211
0.080664716027288 0.040477807870489
0.077836037248993 0.040090623959392
0.075053653506568 0.039704794902230
0.072317869919747 0.039319119259618
0.069628986498028 0.038931766784088
0.066987298107781 0.038541151570435
0.064393094439905 0.038146185878338
0.061846659978068 0.037746014596500
0.059348273967504 0.037339745380971
0.056898210384393 0.036926399548144
0.054496737905816 0.036505144982122
0.052144119880294 0.036075171918612
0.049840614298903 0.035635814817958
0.047586473766990 0.035186580975392
0.045381945476466 0.034727138115096
0.043227271178700 0.034257376886508
0.041122687158010 0.033777478642235
0.039068424205750 0.033287509084064
0.037064707595003 0.032786305578531
0.035111757055874 0.032272527363840
0.033209786751399 0.031745195749137
0.031359005254054 0.031203645543226
0.029559615522887 0.030646914443178
0.027811814881260 0.030073653042108
0.026115794995207 0.029482370724106
0.024471741852423 0.028871029199298
0.022879835741862 0.028238048233153
0.021340251233966 0.027582470485089
0.019853157161529 0.026903784416175
0.018418716601171 0.026201922228935
0.017037086855466 0.025477856935856
0.015708419435685 0.024735736447399
0.014432860045182 0.023976976516108
0.013210548563420 0.023189538309304
0.012041619030626 0.022364829550382
0.010926199633097 0.021515628518842
0.009864412689139 0.020654107664641
0.008856374635656 0.019780717199158
0.007902196015379 0.018876571758019
0.007001981464748 0.017894906081596
0.006155829702431 0.016834861655635
0.005363833518506 0.015745703538819
0.004626079764278 0.014676665732493
0.003942649342761 0.013638121229764
0.003313617199802 0.012608468705526
0.002739052315863 0.011566951907362
0.002219017698460 0.010492446208677
0.001753570375248 0.009374482648900
0.001342761387771 0.008227630920250
0.000986635785864 0.007071273217876
0.000685232622713 0.005924493970891
0.000438584950571 0.004775345728987
0.000246719817134 0.003607032574093
0.000109658262577 0.002420009923508
0.000027415317244 0.001216572974155
0.000000000000000 0.000000000000000
0.000027415317244 -0.001216221261245
0.000109658262577 -0.002419845744041
0.000246719817134 -0.003608301161658
0.000438584950571 -0.004778922150577
0.000685232622713 -0.005931611887918
0.000986635785864 -0.007081311424232
0.001342761387771 -0.008236223376662
0.001753570375248 -0.009377679155635
0.002219017698460 -0.010488157700150
0.002739052315863 -0.011555040147451
0.003313617199802 -0.012590379246808
0.003942649342761 -0.013616933932733
0.004626079764278 -0.014656017449205
0.005363833518506 -0.015729377271582
0.006155829702431 -0.016823875506645
0.007001981464748 -0.017881539581978
0.007902196015379 -0.018853501734721
0.008856374635656 -0.019740651683328
0.009864412689139 -0.020592627216259
0.010926199633097 -0.021431281325561
0.012041619030626 -0.022256451778751
0.013210548563420 -0.023061141124488
0.014432860045182 -0.023836446239764
0.015708419435684 -0.024585746862434
0.017037086855466 -0.025316740125461
0.018418716601171 -0.026030510350941
0.019853157161528 -0.026726087460232
0.021340251233966 -0.027404159063657
0.022879835741862 -0.028066217297821
0.024471741852423 -0.028713416355902
0.026115794995207 -0.029347176627376
0.027811814881259 -0.029970423638341
0.029559615522887 -0.030586986243243
0.031359005254054 -0.031197144610954
0.033209786751399 -0.031798289317888
0.035111757055874 -0.032384292179872
0.037064707595003 -0.032945051918955
0.039068424205750 -0.033471261318326
0.041122687158009 -0.033955961508088
0.043227271178699 -0.034395356723320
0.045381945476466 -0.034797203933399
0.047586473766990 -0.035172653224128
0.049840614298903 -0.035532392734682
0.052144119880293 -0.035887571350607
0.054496737905816 -0.036252657633273
0.056898210384393 -0.036646698302918
0.059348273967504 -0.037088831181493
0.061846659978068 -0.037587379581394
0.064393094439905 -0.038147163204027
0.066987298107781 -0.038763255342129
0.069628986498028 -0.039418803311999
0.072317869919747 -0.040093976770666
0.075053653506568 -0.040766963393584
0.077836037248992 -0.041414276782144
0.080664716027288 -0.042019154729849
0.083539379644950 -0.042573813355918
0.086459712862719 -0.043072215885884
0.089425395433148 -0.043520308602806
0.092436102135723 -0.043930303085298
0.095491502812526 -0.044314389452983
0.098591262404443 -0.044682072024804
0.101735040987902 -0.045042828333864
0.104922493812155 -0.045403649862584
0.108153271337080 -0.045764158486038
0.111427019271514 -0.046122806848639
0.114743378612105 -0.046478152634152
0.118101985682679 -0.046829108330778
0.121502472174122 -0.047174580795286
0.124944465184770 -0.047513693347160
0.128427587261303 -0.047846146245718
0.131951456440133 -0.048171726487436
0.135515686289294 -0.048490240946399
0.139119885950819 -0.048801539968726
0.142763660183598 -0.049105495771685
0.146446609406726 -0.049402007448802
0.150168329743317 -0.049691074792326
0.153928413064796 -0.049972754273073
0.157726447035656 -0.050247130491821
0.161562015158669 -0.050514301737327
0.165434696820571 -0.050774388400969
0.169344067338174 -0.051027534770604
0.173289698004947 -0.051273897341094
0.177271156138025 -0.051513605614678
0.181288005125655 -0.051746798235424
0.185339804475081 -0.051973630509517
0.189426109860845 -0.052194135801709
0.193546473173511 -0.052408161784414
0.197700442568812 -0.052615552293349
0.201887562517192 -0.052816172156352
0.206107373853763 -0.053010111958440
0.210359413828660 -0.053197615582756
0.214643216157784 -0.053378950388144
0.218958311073935 -0.053554366444239
0.223304225378328 -0.053723882638795
0.227680482492486 -0.053887424919330
0.232086602510501 -0.054044927048480
0.236522102251661 -0.054196303231450
0.240986495313435 -0.054341337543664
0.245479292124814 -0.054479766896186
0.250000000000000 -0.054611325204800
0.254548123192429 -0.054735770680936
0.259123162949142 -0.054853055038897
0.263724617565473 -0.054963224964508
0.268351982440069 -0.055066336371774
0.273004750130227 -0.055162447220441
0.277682410407536 -0.055251505028137
0.282384450313836 -0.055333369748108
0.287110354217464 -0.055407900347923
0.291859603869799 -0.055474958383097
0.296631678462100 -0.055534434415683
0.301426054682609 -0.055586270997676
0.306242206773948 -0.055630420916262
0.311079606590766 -0.055666841794526
0.315937723657661 -0.055695482630929
0.320816025227350 -0.055716208956515
0.325713976339092 -0.055728852269792
0.330631039877354 -0.055733245219209
0.335566676630708 -0.055729223993012
0.340520345350965 -0.055716789586113
0.345491502812526 -0.055696234896600
0.350479603871956 -0.055667893243941
0.355484101527764 -0.055632109575794
0.360504446980385 -0.055589196786931
0.365540089692367 -0.055538944276041
0.370590477448739 -0.055480781433957
0.375655056417572 -0.055414124576733
0.380733271210709 -0.055338384620086
0.385824564944672 -0.055253054489051
0.390928379301728 -0.055158054618830
0.396044154591120 -0.055053442032358
0.401171329810437 -0.054939279661830
0.406309342707137 -0.054815635314825
0.411457629840208 -0.054682465114193
0.416615626641949 -0.054539415714114
0.421782767479884 -0.054386080950313
0.426958485718794 -0.054222055452941
0.432142213782848 -0.054046938368228
0.437333383217848 -0.053860696830740
0.442531424753567 -0.053663947286902
0.447735768366173 -0.053457380166166
0.452945843340743 -0.053241697307694
0.458161078333842 -0.053017582333199
0.463380901436184 -0.052784702920031
0.468604740235343 -0.052541399525890
0.473832021878528 -0.052285917332254
0.479062173135400 -0.052016499085383
0.484294620460935 -0.051731439308129
0.489528790058321 -0.051430407104727
0.494764107941877 -0.051114485655763
0.500000000000000 -0.050784832071153
0.505235892058122 -0.050442611332637
0.510471209941678 -0.050088839867572
0.515705379539064 -0.049721981679128
0.520937826864600 -0.049338419013397
0.526167978121472 -0.048934473759378
0.531395259764656 -0.048506477409597
0.536619098563816 -0.048050957566425
0.541838921666157 -0.047566533313073
0.547054156659257 -0.047053123054908
0.552264231633827 -0.046510678188307
0.557468575246433 -0.045939155977923
0.562666616782152 -0.045338448459068
0.567857786217152 -0.044707946185109
0.573041514281206 -0.044046836113322
0.578217232520115 -0.043354315982745
0.583384373358051 -0.042629592206547
0.588542370159791 -0.041871821016171
0.593690657292862 -0.041079941375521
0.598828670189563 -0.040252839095626
0.603955845408879 -0.039389417887739
0.609071620698271 -0.038488607084860
0.614175435055328 -0.037550763192382
0.619266728789290 -0.036578562286293
0.624344943582427 -0.035574873987568
0.629409522551260 -0.034542590300315
0.634459910307633 -0.033484028589206
0.639495553019614 -0.032395958287163
0.644515898472235 -0.031271995250664
0.649520396128043 -0.030105725056174
0.654508497187474 -0.028890780497821
0.659479654649035 -0.027627004879925
0.664433323369291 -0.026327270956868
0.669368960122646 -0.025006069690916
0.674286023660907 -0.023677767360942
0.679183974772650 -0.022355624237071
0.684062276342339 -0.021047548351072
0.688920393409233 -0.019759399583397
0.693757793226051 -0.018496841980612
0.698573945317390 -0.017264945819612
0.703368321537900 -0.016063591757295
0.708140396130200 -0.014889212658385
0.712889645782536 -0.013738300754374
0.717615549686163 -0.012607588764198
0.722317589592464 -0.011496583036473
0.726995249869773 -0.010407451287110
0.731648017559930 -0.009342384578224
0.736275382434527 -0.008303425244683
0.740876837050857 -0.007291440881726
0.745451876807570 -0.006306112568992
0.750000000000000 -0.005347055154125
0.754520707875185 -0.004413884026520
0.759013504686565 -0.003506242018474
0.763477897748338 -0.002623777624439
0.767913397489498 -0.001766148846990
0.772319517507513 -0.000933064812865
0.776695774621672 -0.000124818397436
0.781041688926065 0.000658057834913
0.785356783842216 0.001415070937567
0.789640586171339 0.002145993352483
0.793892626146236 0.002851313811777
0.798112437482808 0.003531653670841
0.802299557431187 0.004187601679968
0.806453526826488 0.004819398377368
0.810573890139155 0.005426965999895
0.814660195524918 0.006010252267365
0.818711994874345 0.006569232168994
0.822728843861975 0.007103969520781
0.826710301995052 0.007614547688346
0.830655932661826 0.008101104503433
0.834565303179429 0.008563986480498
0.838437984841330 0.009003648487495
0.842273552964344 0.009420528226397
0.846071586935203 0.009814722743941
0.849831670256683 0.010186046446924
0.853553390593274 0.010534355055106
0.857236339816401 0.010859488715890
0.860880114049181 0.011161270685939
0.864484313710706 0.011439594753076
0.868048543559867 0.011694960539235
0.871572412738697 0.011928456930517
0.875055534815230 0.012141166337839
0.878497527825878 0.012334092621709
0.881898014317321 0.012508169358331
0.885256621387894 0.012663856765137
0.888572980728485 0.012798573193731
0.891846728662920 0.012908726048985
0.895077506187845 0.012990442063231
0.898264959012098 0.013038644730883
0.901408737595557 0.013048866366416
0.904508497187474 0.013023420615311
0.907563897864277 0.012969804654277
0.910574604566852 0.012896559818513
0.913540287137281 0.012816018178716
0.916460620355049 0.012740410437841
0.919335283972712 0.012681467587555
0.922163962751007 0.012650022842072
0.924946346493432 0.012647804146867
0.927682130080253 0.012664457342068
0.930371013501972 0.012688246455211
0.933012701892219 0.012704440844471
0.935606905560095 0.012699201877610
0.938153340021932 0.012661064248185
0.940651726032496 0.012580128867400
0.943101789615607 0.012447125806931
0.945503262094184 0.012253650095160
0.947855880119706 0.011992411263095
0.950159385701097 0.011656929119417
0.952413526233010 0.011240991888065
0.954618054523534 0.010742959162756
0.956772728821300 0.010187822864707
0.958877312841991 0.009609125659908
0.960931575794250 0.009039168700510
0.962935292404997 0.008503612570196
0.964888242944126 0.008018312648636
0.966790213248601 0.007582737590743
0.968640994745946 0.007186591113240
0.970440384477113 0.006822826537283
0.972188185118740 0.006485761079074
0.973884205004793 0.006170013617026
0.975528258147577 0.005871070258348
0.977120164258138 0.005585179112535
0.978659748766034 0.005309189254182
0.980146842838471 0.005040502590010
0.981581283398829 0.004777066184105
0.982962913144534 0.004517281366499
0.984291580564316 0.004259980803347
0.985567139954818 0.004004388269939
0.986789451436580 0.003750071310671
0.987958380969374 0.003496921459121
0.989073800366903 0.003245108203693
0.990135587310861 0.002995045002292
0.991143625364344 0.002747379416047
0.992097803984621 0.002502926753053
0.992998018535252 0.002262684600396
0.993844170297569 0.002027768451296
0.994636166481494 0.001799396177471
0.995373920235722 0.001578869261940
0.996057350657239 0.001367537141392
0.996686382800198 0.001166764152986
0.997260947684137 0.000977917620940
0.997780982301540 0.000802341791287
0.998246429624752 0.000641321361880
0.998657238612229 0.000496082945184
0.999013364214136 0.000367748428862
0.999314767377287 0.000257329239830
0.999561415049429 0.000165721158711
0.999753280182866 0.000093672309120
0.999890341737423 0.000041781829542
0.999972584682756 0.000010464353731
1.000000000000000 0.000000000000000
