1.000000000000000 0.000000000000000
0.999972584682756 0.000007108030670
0.999890341737423 0.000028439314917
0.999753280182866 0.000064015349093
0.999561415049429 0.000113871692634
0.999314767377287 0.000178052973758
0.999013364214136 0.000256621488177
0.998657238612229 0.000349642679729
0.998246429624752 0.000457202635656
0.997780982301540 0.000579393242051
0.997260947684137 0.000716310919851
0.996686382800198 0.000868069169613
0.996057350657239 0.001034769136001
0.995373920235722 0.001216535157047
0.994636166481494 0.001413475576286
0.993844170297569 0.001625708787112
0.992998018535252 0.001853351762838
0.992097803984621 0.002096508262755
0.991143625364344 0.002355275897166
0.990135587310861 0.002629738193325
0.989073800366903 0.002919977715004
0.987958380969374 0.003226047818959
0.986789451436580 0.003547965891689
0.985567139954818 0.003885700087813
0.984291580564316 0.004239151621998
0.982962913144534 0.004608180713910
0.981581283398829 0.004992587889075
0.980146842838472 0.005392112766496
0.978659748766034 0.005806430020438
0.977120164258138 0.006235149209228
0.975528258147577 0.006677779431337
0.973884205004793 0.007133755259449
0.972188185118741 0.007602544744719
0.970440384477113 0.008083693799061
0.968640994745946 0.008576907122320
0.966790213248601 0.009081824358021
0.964888242944126 0.009598060000847
0.962935292404997 0.010125198051232
0.960931575794250 0.010662806440096
0.958877312841991 0.011210428034757
0.956772728821300 0.011767549251740
0.954618054523534 0.012333633550230
0.952413526233010 0.012908251657803
0.950159385701097 0.013491021065129
0.947855880119706 0.014081682050894
0.945503262094184 0.014679988988482
0.943101789615607 0.015285684075002
0.940651726032496 0.015898512116329
0.938153340021932 0.016518239834152
0.935606905560095 0.017144644647110
0.933012701892219 0.017777498448285
0.930371013501972 0.018416607931714
0.927682130080253 0.019061829838385
0.924946346493432 0.019713060361731
0.922163962751008 0.020370247416503
0.919335283972712 0.021033375557337
0.916460620355050 0.021702435620163
0.913540287137281 0.022377446181805
0.910574604566852 0.023058472198680
0.907563897864277 0.023745605784472
0.904508497187474 0.024438949698616
0.901408737595557 0.025138567540644
0.898264959012098 0.025844517625851
0.895077506187845 0.026556707069566
0.891846728662920 0.027274968926931
0.888572980728485 0.027999164474382
0.885256621387895 0.028729175545094
0.881898014317321 0.029464893806256
0.878497527825878 0.030206225100937
0.875055534815230 0.030953066556344
0.871572412738697 0.031705326594331
0.868048543559867 0.032462898982652
0.864484313710706 0.033225662443992
0.860880114049181 0.033993499832069
0.857236339816402 0.034766279032637
0.853553390593274 0.035543859746204
0.849831670256683 0.036326116795792
0.846071586935203 0.037112937688378
0.842273552964344 0.037904213904482
0.838437984841330 0.038699837922233
0.834565303179429 0.039499668737039
0.830655932661826 0.040303559078517
0.826710301995053 0.041111354807681
0.822728843861975 0.041922858207601
0.818711994874345 0.042737846056640
0.814660195524919 0.043556094014599
0.810573890139155 0.044377382070143
0.806453526826488 0.045201480524087
0.802299557431188 0.046028166256086
0.798112437482808 0.046857223324768
0.793892626146237 0.047688462417342
0.789640586171339 0.048521702750470
0.785356783842216 0.049356769124472
0.781041688926065 0.050193501966488
0.776695774621672 0.051031768307413
0.772319517507513 0.051871432710562
0.767913397489498 0.052712366089466
0.763477897748339 0.053554441882576
0.759013504686565 0.054397527587420
0.754520707875186 0.055241497183805
0.750000000000000 0.056086207835561
0.745451876807570 0.056931419892330
0.740876837050858 0.057776867534078
0.736275382434527 0.058622279944255
0.731648017559931 0.059467373929428
0.726995249869773 0.060311872588194
0.722317589592464 0.061155489221281
0.717615549686164 0.061997929335321
0.712889645782536 0.062838912923597
0.708140396130201 0.063678169331774
0.703368321537900 0.064515436208386
0.698573945317390 0.065350454389971
0.693757793226052 0.066182969127230
0.688920393409234 0.067012733398090
0.684062276342339 0.067839532321262
0.679183974772650 0.068663140423087
0.674286023660908 0.069483342551209
0.669368960122646 0.070299889310740
0.664433323369292 0.071112484686660
0.659479654649035 0.071920814434201
0.654508497187474 0.072724579113254
0.649520396128043 0.073523466075895
0.644515898472236 0.074317120315792
0.639495553019615 0.075105180205761
0.634459910307633 0.075887272445222
0.629409522551260 0.076663034894452
0.624344943582428 0.077432062441246
0.619266728789291 0.078193907052290
0.614175435055328 0.078948101303430
0.609071620698271 0.079694180476921
0.603955845408880 0.080431673095854
0.598828670189563 0.081160021215978
0.593690657292862 0.081878584033302
0.588542370159792 0.082586709902483
0.583384373358051 0.083283752728712
0.578217232520115 0.083969079962512
0.573041514281206 0.084642132336402
0.567857786217152 0.085302383499204
0.562666616782152 0.085949323405414
0.557468575246433 0.086582433692108
0.552264231633827 0.087201216207237
0.547054156659257 0.087805211465004
0.541838921666158 0.088393978896566
0.536619098563816 0.088967082504348
0.531395259764657 0.089524093124657
0.526167978121472 0.090064602106499
0.520937826864600 0.090588265441665
0.515705379539064 0.091094755639975
0.510471209941678 0.091583754450038
0.505235892058123 0.092054947058056
0.500000000000000 0.092508046652017
0.494764107941877 0.092942814008694
0.489528790058322 0.093359027313704
0.484294620460936 0.093756470529154
0.479062173135400 0.094134938204207
0.473832021878528 0.094494205501159
0.468604740235343 0.094834009609891
0.463380901436184 0.095154091539771
0.458161078333842 0.095454198905279
0.452945843340743 0.095734091424971
0.447735768366173 0.095993532291449
0.442531424753567 0.096232292153651
0.437333383217848 0.096450149630343
0.432142213782848 0.096646893134258
0.426958485718794 0.096822323722501
0.421782767479885 0.096976283605587
0.416615626641949 0.097108672173124
0.411457629840209 0.097219401341118
0.406309342707138 0.097308393319417
0.401171329810437 0.097375580774009
0.396044154591120 0.097420914625095
0.390928379301729 0.097444365465318
0.385824564944672 0.097445913781726
0.380733271210710 0.097425550221843
0.375655056417573 0.097383278533812
0.370590477448740 0.097319149937307
0.365540089692367 0.097233249201568
0.360504446980385 0.097125671105015
0.355484101527764 0.096996519515526
0.350479603871957 0.096845913629260
0.345491502812526 0.096674018798877
0.340520345350965 0.096481020360187
0.335566676630708 0.096267111802034
0.330631039877354 0.096032495721635
0.325713976339092 0.095777435422527
0.320816025227350 0.095502314899327
0.315937723657661 0.095207535358506
0.311079606590766 0.094893503531429
0.306242206773949 0.094560623264845
0.301426054682610 0.094209258413652
0.296631678462100 0.093839750906614
0.291859603869799 0.093452442655792
0.287110354217464 0.093047686480566
0.282384450313836 0.092625817920479
0.277682410407536 0.092187148898137
0.273004750130227 0.091731985827243
0.268351982440069 0.091260644461602
0.263724617565473 0.090773442544740
0.259123162949143 0.090270646739285
0.254548123192430 0.089752522083015
0.250000000000000 0.089219332350290
0.245479292124815 0.088671347798604
0.240986495313435 0.088108716088799
0.236522102251661 0.087531506620108
0.232086602510502 0.086939810765438
0.227680482492487 0.086333728583895
0.223304225378328 0.085713393527167
0.218958311073935 0.085078965868873
0.214643216157784 0.084430629833140
0.210359413828661 0.083768574284277
0.206107373853763 0.083092969433818
0.201887562517192 0.082403977837654
0.197700442568813 0.081701778701775
0.193546473173512 0.080986565860552
0.189426109860845 0.080258564848635
0.185339804475081 0.079518021008808
0.181288005125655 0.078765191815741
0.177271156138025 0.078000338565372
0.173289698004947 0.077223650826380
0.169344067338174 0.076435326398628
0.165434696820571 0.075635586866677
0.161562015158670 0.074824660069063
0.157726447035656 0.074002770740933
0.153928413064797 0.073170177609898
0.150168329743317 0.072327140091727
0.146446609406726 0.071473920943144
0.142763660183598 0.070610790929587
0.139119885950819 0.069738024476611
0.135515686289294 0.068855708748978
0.131951456440133 0.067963854187372
0.128427587261303 0.067062512275050
0.124944465184770 0.066151774898916
0.121502472174122 0.065231804067594
0.118101985682679 0.064302791663315
0.114743378612105 0.063364936308231
0.111427019271515 0.062418468652516
0.108153271337080 0.061463630608074
0.104922493812155 0.060500666454073
0.101735040987902 0.059529795352007
0.098591262404443 0.058551290465431
0.095491502812526 0.057565456495323
0.092436102135723 0.056572659628553
0.089425395433148 0.055573294222898
0.086459712862719 0.054567748956962
0.083539379644950 0.053556458454295
0.080664716027288 0.052539751746724
0.077836037248993 0.051517711988838
0.075053653506568 0.050490449677791
0.072317869919747 0.049458147978654
0.069628986498028 0.048421042407168
0.066987298107781 0.047379472203743
0.064393094439905 0.046333871685880
0.061846659978068 0.045284726339319
0.059348273967504 0.044232318054068
0.056898210384393 0.043176878292390
0.054496737905816 0.042118530572388
0.052144119880294 0.041057255607510
0.049840614298903 0.039993170950610
0.047586473766990 0.038926515892417
0.045381945476466 0.037857673595138
0.043227271178700 0.036787077300311
0.041122687158010 0.035715264363447
0.039068424205750 0.034642778423885
0.037064707595003 0.033570217037830
0.035111757055874 0.032498167073126
0.033209786751399 0.031427292943411
0.031359005254054 0.030358455795802
0.029559615522887 0.029292603057407
0.027811814881260 0.028230686556465
0.026115794995207 0.027173936412406
0.024471741852423 0.026123939788182
0.022879835741862 0.025080962753917
0.021340251233966 0.024043888305569
0.019853157161529 0.023011066795141
0.018418716601171 0.021980858904549
0.017037086855466 0.020952201466219
0.015708419435685 0.019924392992175
0.014432860045182 0.018897034428714
0.013210548563420 0.017869846303268
0.012041619030626 0.016843206947324
0.010926199633097 0.015818858737549
0.009864412689139 0.014801520597090
0.008856374635656 0.013797250622663
0.007902196015379 0.012811806940584
0.007001981464748 0.011851002559272
0.006155829702431 0.010920633989695
0.005363833518506 0.010026043545572
0.004626079764278 0.009172213536663
0.003942649342761 0.008364913064842
0.003313617199802 0.007600677800953
0.002739052315863 0.006868692726629
0.002219017698460 0.006158852608406
0.001753570375248 0.005464072598886
0.001342761387771 0.004779280258015
0.000986635785864 0.004100312790293
0.000685232622713 0.003423975289797
0.000438584950571 0.002747581873585
0.000246719817134 0.002068653603819
0.000109658262577 0.001384448427187
0.000027415317244 0.000692330482518
0.000000000000000 0.000000000000000
0.000027415317244 -0.000681880398594
0.000109658262577 -0.001343583946087
0.000246719817134 -0.001975841688956
0.000438584950571 -0.002570351569272
0.000685232622713 -0.003119830119985
0.000986635785864 -0.003615775692397
0.001342761387771 -0.004058162596084
0.001753570375248 -0.004452881929022
0.002219017698460 -0.004807605349408
0.002739052315863 -0.005126872248637
0.003313617199802 -0.005413947704198
0.003942649342761 -0.005672235137423
0.004626079764278 -0.005904991649381
0.005363833518506 -0.006116273273964
0.006155829702431 -0.006310709809500
0.007001981464748 -0.006494843654352
0.007902196015379 -0.006677172069488
0.008856374635656 -0.006863888150092
0.009864412689139 -0.007053826990900
0.010926199633097 -0.007245136757245
0.012041619030626 -0.007435912839796
0.013210548563420 -0.007623994794934
0.014432860045182 -0.007807042917964
0.015708419435684 -0.007982640863858
0.017037086855466 -0.008148387734789
0.018418716601171 -0.008301915193304
0.019853157161528 -0.008441007637511
0.021340251233966 -0.008564263906591
0.022879835741862 -0.008671021440696
0.024471741852423 -0.008761206460627
0.026115794995207 -0.008834970981155
0.027811814881259 -0.008892588724974
0.029559615522887 -0.008934563527052
0.031359005254054 -0.008961653587824
0.033209786751399 -0.008974776890313
0.035111757055874 -0.008975205825362
0.037064707595003 -0.008964721454300
0.039068424205750 -0.008944761125235
0.041122687158009 -0.008915827165620
0.043227271178699 -0.008877964557748
0.045381945476466 -0.008830734682117
0.047586473766990 -0.008773841626957
0.049840614298903 -0.008707161049390
0.052144119880293 -0.008630594000578
0.054496737905816 -0.008544073655520
0.056898210384393 -0.008447625150508
0.059348273967504 -0.008341364025001
0.061846659978068 -0.008225423559449
0.064393094439905 -0.008099956214267
0.066987298107781 -0.007965091606869
0.069628986498028 -0.007820910404896
0.072317869919747 -0.007667547419608
0.075053653506568 -0.007505201562501
0.077836037248992 -0.007334125406232
0.080664716027288 -0.007154602832244
0.083539379644950 -0.006966970661267
0.086459712862719 -0.006771653150389
0.089425395433148 -0.006569156899870
0.092436102135723 -0.006359890331635
0.095491502812526 -0.006143999471822
0.098591262404443 -0.005921618491489
0.101735040987902 -0.005692831824349
0.104922493812155 -0.005457705791995
0.108153271337080 -0.005216330337535
0.111427019271514 -0.004968832743883
0.114743378612105 -0.004715354597615
0.118101985682679 -0.004456061105683
0.121502472174122 -0.004191137371897
0.124944465184770 -0.003920781014356
0.128427587261303 -0.003645157140723
0.131951456440133 -0.003364424548588
0.135515686289294 -0.003078748464607
0.139119885950819 -0.002788296587986
0.142763660183598 -0.002493243073433
0.146446609406726 -0.002193778700030
0.150168329743317 -0.001890118388504
0.153928413064796 -0.001582494347923
0.157726447035656 -0.001271149641363
0.161562015158669 -0.000956309194487
0.165434696820571 -0.000638201518636
0.169344067338174 -0.000317059306330
0.173289698004947 0.000006946838828
0.177271156138025 0.000333687759853
0.181288005125655 0.000663028687781
0.185339804475081 0.000994822270016
0.189426109860845 0.001328904015293
0.193546473173511 0.001665104097356
0.197700442568812 0.002003243822872
0.201887562517192 0.002343150966822
0.206107373853763 0.002684644695140
0.210359413828660 0.003027543705975
0.214643216157784 0.003371677951504
0.218958311073935 0.003716899576118
0.223304225378328 0.004063063005036
0.227680482492486 0.004410013608947
0.232086602510501 0.004757594942470
0.236522102251661 0.005105639926732
0.240986495313435 0.005453978364258
0.245479292124814 0.005802442964064
0.250000000000000 0.006150868311243
0.254548123192429 0.006499095923630
0.259123162949142 0.006846963798924
0.263724617565473 0.007194313803382
0.268351982440069 0.007541009103649
0.273004750130227 0.007886927536290
0.277682410407536 0.008231941031056
0.282384450313836 0.008575923320117
0.287110354217464 0.008918742784814
0.291859603869799 0.009260267025875
0.296631678462100 0.009600361872632
0.301426054682609 0.009938891350802
0.306242206773948 0.010275719439554
0.311079606590766 0.010610704208912
0.315937723657661 0.010943708440171
0.320816025227350 0.011274588401973
0.325713976339092 0.011603202167272
0.330631039877354 0.011929399866674
0.335566676630708 0.012253029738515
0.340520345350965 0.012573942317396
0.345491502812526 0.012891988071235
0.350479603871956 0.013207033786204
0.355484101527764 0.013518949522023
0.360504446980385 0.013827607149021
0.365540089692367 0.014132878641064
0.370590477448739 0.014434665864314
0.375655056417572 0.014732908789931
0.380733271210709 0.015027555894310
0.385824564944672 0.015318555557452
0.390928379301728 0.015605858008789
0.396044154591120 0.015889415065408
0.401171329810437 0.016169176752535
0.406309342707137 0.016445096114669
0.411457629840208 0.016717130508230
0.416615626641949 0.016985219870282
0.421782767479884 0.017249257409292
0.426958485718794 0.017509126455132
0.432142213782848 0.017764712881734
0.437333383217848 0.018015900852580
0.442531424753567 0.018262573018763
0.447735768366173 0.018504598872518
0.452945843340743 0.018741851914371
0.458161078333842 0.018974205203066
0.463380901436184 0.019201533609398
0.468604740235343 0.019423740855017
0.473832021878528 0.019640753147428
0.479062173135400 0.019852500609111
0.484294620460935 0.020058913882198
0.489528790058321 0.020259929978432
0.494764107941877 0.020455506693763
0.500000000000000 0.020645617644489
0.505235892058122 0.020830237374501
0.510471209941678 0.021009343499177
0.515705379539064 0.021182912728790
0.520937826864600 0.021350912072277
0.526167978121472 0.021513304786335
0.531395259764656 0.021670057580925
0.536619098563816 0.021821138835506
0.541838921666157 0.021966513685352
0.547054156659257 0.022106129140142
0.552264231633827 0.022239931545696
0.557468575246433 0.022367868985312
0.562666616782152 0.022489893438743
0.567857786217152 0.022605960931494
0.573041514281206 0.022716033721637
0.578217232520115 0.022820077876556
0.583384373358051 0.022918062097829
0.588542370159791 0.023009958495333
0.593690657292862 0.023095750618072
0.598828670189563 0.023175432645566
0.603955845408879 0.023249002429633
0.609071620698271 0.023316460102160
0.614175435055328 0.023377809693804
0.619266728789290 0.023433063368108
0.624344943582427 0.023482238374097
0.629409522551260 0.023525354139385
0.634459910307633 0.023562433378280
0.639495553019614 0.023593487787274
0.644515898472235 0.023618505871215
0.649520396128043 0.023637476397445
0.654508497187474 0.023650391881471
0.659479654649035 0.023657246815420
0.664433323369291 0.023658023800284
0.669368960122646 0.023652700930461
0.674286023660907 0.023641260519265
0.679183974772650 0.023623689230840
0.684062276342339 0.023599981331237
0.688920393409233 0.023570141135804
0.693757793226051 0.023534177254266
0.698573945317390 0.023492103025161
0.703368321537900 0.023443939080729
0.708140396130200 0.023389724448506
0.712889645782536 0.023329505358810
0.717615549686163 0.023263331739567
0.722317589592464 0.023191257934698
0.726995249869773 0.023113346527526
0.731648017559930 0.023029666465628
0.736275382434527 0.022940288999634
0.740876837050857 0.022845287405096
0.745451876807570 0.022744711879063
0.750000000000000 0.022638603659026
0.754520707875185 0.022527008406166
0.759013504686565 0.022409971595329
0.763477897748338 0.022287502992503
0.767913397489498 0.022159599449918
0.772319517507513 0.022026265153655
0.776695774621672 0.021887513791068
0.781041688926065 0.021743372945037
0.785356783842216 0.021593880577172
0.789640586171339 0.021439080366895
0.793892626146236 0.021279020715944
0.798112437482808 0.021113752380546
0.802299557431187 0.020943333162396
0.806453526826488 0.020767826128671
0.810573890139155 0.020587298866414
0.814660195524918 0.020401825494228
0.818711994874345 0.020211485734679
0.822728843861975 0.020016365728963
0.826710301995052 0.019816559677236
0.830655932661826 0.019612169537190
0.834565303179429 0.019403300431470
0.838437984841330 0.019190056283084
0.842273552964344 0.018972551565232
0.846071586935203 0.018750892311926
0.849831670256683 0.018525131723408
0.853553390593274 0.018295308571961
0.857236339816401 0.018061469469603
0.860880114049181 0.017823675514109
0.864484313710706 0.017581999938527
0.868048543559867 0.017336526133010
0.871572412738697 0.017087353206525
0.875055534815230 0.016834589161883
0.878497527825878 0.016578351792960
0.881898014317321 0.016318743400598
0.885256621387894 0.016055873489553
0.888572980728485 0.015789835068041
0.891846728662920 0.015520657961803
0.895077506187845 0.015248387626280
0.898264959012098 0.014973092626503
0.901408737595557 0.014694868072761
0.904508497187474 0.014413818849683
0.907563897864277 0.014130058096512
0.910574604566852 0.013843711151468
0.913540287137281 0.013554941049057
0.916460620355049 0.013263948643275
0.919335283972712 0.012970855776323
0.922163962751007 0.012675594498533
0.924946346493432 0.012378097495324
0.927682130080253 0.012078258005314
0.930371013501972 0.011775989150278
0.933012701892219 0.011471268488612
0.935606905560095 0.011164126434964
0.938153340021932 0.010854622200196
0.940651726032496 0.010542855789407
0.943101789615607 0.010228962100613
0.945503262094184 0.009913110746397
0.947855880119706 0.009595505458498
0.950159385701097 0.009276380356948
0.952413526233010 0.008955999032430
0.954618054523534 0.008634656054982
0.956772728821300 0.008312670431408
0.958877312841991 0.007990381547875
0.960931575794250 0.007668152500150
0.962935292404997 0.007346364424158
0.964888242944126 0.007025417774385
0.966790213248601 0.006705731348154
0.968640994745946 0.006387735904015
0.970440384477113 0.006071874187242
0.972188185118740 0.005758618082831
0.973884205004793 0.005448546969775
0.975528258147577 0.005142262406328
0.977120164258138 0.004840346896665
0.978659748766034 0.004543369132656
0.980146842838471 0.004251872355410
0.981581283398829 0.003966389479151
0.982962913144534 0.003687423250995
0.984291580564316 0.003415471187544
0.985567139954818 0.003151002562035
0.986789451436580 0.002894451814393
0.987958380969374 0.002646300141548
0.989073800366903 0.002407104702794
0.990135587310861 0.002177498593206
0.991143625364344 0.001958019281935
0.992097803984621 0.001749117401898
0.992998018535252 0.001551172711217
0.993844170297569 0.001364489452495
0.994636166481494 0.001189325993991
0.995373920235722 0.001025870987952
0.996057350657239 0.000874284317956
0.996686382800198 0.000734676294302
0.997260947684137 0.000607134939542
0.997780982301540 0.000491706400115
0.998246429624752 0.000388428249492
0.998657238612229 0.000297320213964
0.999013364214136 0.000218386237360
0.999314767377287 0.000151620760419
0.999561415049429 0.000097016349511
0.999753280182866 0.000054561812761
0.999890341737423 0.000024246192987
0.999972584682756 0.000006060895622
1.000000000000000 0.000000000000000
