1.000000000000000 0.000000000000000
0.999972584682756 0.000008094594253
0.999890341737423 0.000032411235048
0.999753280182866 0.000073042834487
0.999561415049429 0.000130119948072
0.999314767377287 0.000203844915921
0.999013364214136 0.000294467579096
0.998657238612229 0.000402280812298
0.998246429624752 0.000527615016847
0.997780982301540 0.000670831574268
0.997260947684137 0.000832320744228
0.996686382800198 0.001012487766880
0.996057350657239 0.001211737657802
0.995373920235722 0.001430481199676
0.994636166481494 0.001669089651856
0.993844170297569 0.001927915470554
0.992998018535252 0.002207250120341
0.992097803984621 0.002507332048645
0.991143625364344 0.002828296384018
0.990135587310861 0.003170190937856
0.989073800366903 0.003532934410071
0.987958380969374 0.003916304734438
0.986789451436580 0.004319875801245
0.985567139954818 0.004743229639837
0.984291580564316 0.005185990232404
0.982962913144534 0.005647804357260
0.981581283398829 0.006128204984545
0.980146842838472 0.006626578988125
0.978659748766034 0.007142198128002
0.977120164258138 0.007674189794639
0.975528258147577 0.008221533838590
0.973884205004793 0.008783062010576
0.972188185118741 0.009357325916382
0.970440384477113 0.009943100895149
0.968640994745946 0.010539582227573
0.966790213248601 0.011146308849707
0.964888242944126 0.011762916859024
0.962935292404997 0.012388989904230
0.960931575794250 0.013024147558277
0.958877312841991 0.013668027048170
0.956772728821300 0.014320309408574
0.954618054523534 0.014980686364441
0.952413526233010 0.015648863169780
0.950159385701097 0.016324636377953
0.947855880119706 0.017007927357226
0.945503262094184 0.017698738691796
0.943101789615607 0.018397147543573
0.940651726032496 0.019103289499471
0.938153340021932 0.019817364817917
0.935606905560095 0.020539633738988
0.933012701892219 0.021270423036792
0.930371013501972 0.022010142397146
0.927682130080253 0.022759314765211
0.924946346493432 0.023518351452463
0.922163962751008 0.024287281635139
0.919335283972712 0.025066072199177
0.916460620355050 0.025854659841954
0.913540287137281 0.026652989004667
0.910574604566852 0.027461026375726
0.907563897864277 0.028278741282487
0.904508497187474 0.029106146832966
0.901408737595557 0.029943266432046
0.898264959012098 0.030790156243190
0.895077506187845 0.031646731404261
0.891846728662920 0.032512861639460
0.888572980728485 0.033388391918188
0.885256621387895 0.034273097502665
0.881898014317321 0.035166758747341
0.878497527825878 0.036069140325017
0.875055534815230 0.036980032508802
0.871572412738697 0.037899209331450
0.868048543559867 0.038826449440637
0.864484313710706 0.039761523473904
0.860880114049181 0.040704204706949
0.857236339816402 0.041654341082218
0.853553390593274 0.042611800191169
0.849831670256683 0.043576443072601
0.846071586935203 0.044548134669727
0.842273552964344 0.045526737833196
0.838437984841330 0.046512130681449
0.834565303179429 0.047504193990306
0.830655932661826 0.048502826331893
0.826710301995053 0.049507915436877
0.822728843861975 0.050519234629703
0.818711994874345 0.051536493382985
0.814660195524919 0.052559386597065
0.810573890139155 0.053587592115542
0.806453526826488 0.054620774719967
0.802299557431188 0.055658569811679
0.798112437482808 0.056700630904491
0.793892626146237 0.057746595547738
0.789640586171339 0.058796098493082
0.785356783842216 0.059848787797428
0.781041688926065 0.060904315013568
0.776695774621672 0.061962401985140
0.772319517507513 0.063022769172948
0.767913397489498 0.064085128135021
0.763477897748339 0.065149206532349
0.759013504686565 0.066214737366783
0.754520707875186 0.067281445113952
0.750000000000000 0.068349052222671
0.745451876807570 0.069417227551761
0.740876837050858 0.070485615175754
0.736275382434527 0.071553852558339
0.731648017559931 0.072621568243267
0.726995249869773 0.073688338283353
0.722317589592464 0.074753704487223
0.717615549686164 0.075817212851580
0.712889645782536 0.076878399212382
0.708140396130201 0.077936818206623
0.703368321537900 0.078992036915808
0.698573945317390 0.080043608558741
0.693757793226052 0.081091097303455
0.688920393409234 0.082134085717849
0.684062276342339 0.083172200015683
0.679183974772650 0.084205053073733
0.674286023660908 0.085232277319814
0.669368960122646 0.086253483385689
0.664433323369292 0.087268282839614
0.659479654649035 0.088276281934787
0.654508497187474 0.089277087863428
0.649520396128043 0.090270302560193
0.644515898472236 0.091255489776681
0.639495553019615 0.092232165075856
0.634459910307633 0.093199847124052
0.629409522551260 0.094158058927431
0.624344943582428 0.095106317214875
0.619266728789291 0.096044141045465
0.614175435055328 0.096971057183650
0.609071620698271 0.097886587808028
0.603955845408880 0.098790254406659
0.598828670189563 0.099681578201714
0.593690657292862 0.100560065692921
0.588542370159792 0.101425221650068
0.583384373358051 0.102276557580342
0.578217232520115 0.103113589415576
0.573041514281206 0.103935808559047
0.567857786217152 0.104742684690564
0.562666616782152 0.105533701404119
0.557468575246433 0.106308335674606
0.552264231633827 0.107066064009168
0.547054156659257 0.107806211636824
0.541838921666158 0.108527984990112
0.536619098563816 0.109230596186231
0.531395259764657 0.109913266378320
0.526167978121472 0.110575233892602
0.520937826864600 0.111215854813753
0.515705379539064 0.111834568233100
0.510471209941678 0.112430822320890
0.505235892058123 0.113004070547285
0.500000000000000 0.113553795508062
0.494764107941877 0.114079615087651
0.489528790058322 0.114581227936270
0.484294620460936 0.115058345820339
0.479062173135400 0.115510691070857
0.473832021878528 0.115937997745243
0.468604740235343 0.116340035074468
0.463380901436184 0.116716593948687
0.458161078333842 0.117067479436049
0.452945843340743 0.117392504177832
0.447735768366173 0.117691494951609
0.442531424753567 0.117964311564372
0.437333383217848 0.118210834723106
0.432142213782848 0.118430959385150
0.426958485718794 0.118624587897696
0.421782767479885 0.118791645892518
0.416615626641949 0.118932177712746
0.411457629840209 0.119046296021777
0.406309342707138 0.119134123439284
0.401171329810437 0.119195791565177
0.396044154591120 0.119231441915493
0.390928379301729 0.119241240339751
0.385824564944672 0.119225369006537
0.380733271210710 0.119184018197302
0.375655056417573 0.119117386288542
0.370590477448740 0.119025668235007
0.365540089692367 0.118908997167802
0.360504446980385 0.118767489306950
0.355484101527764 0.118601269884691
0.350479603871957 0.118410474138424
0.345491502812526 0.118195250419712
0.340520345350965 0.117955765495980
0.335566676630708 0.117692199636477
0.330631039877354 0.117404739760290
0.325713976339092 0.117093585593301
0.320816025227350 0.116758954600714
0.315937723657661 0.116401094179646
0.311079606590766 0.116020265212622
0.306242206773949 0.115616733649668
0.301426054682610 0.115190775875540
0.296631678462100 0.114742659454892
0.291859603869799 0.114272654637951
0.287110354217464 0.113781038207949
0.282384450313836 0.113268099582839
0.277682410407536 0.112734130215690
0.273004750130227 0.112179412012038
0.268351982440069 0.111604239816033
0.263724617565473 0.111008917868589
0.259123162949143 0.110393750042722
0.254548123192430 0.109759028120460
0.250000000000000 0.109105032024665
0.245479292124815 0.108432054481815
0.240986495313435 0.107740395227961
0.236522102251661 0.107030315668125
0.232086602510502 0.106302017271664
0.227680482492487 0.105555722082455
0.223304225378328 0.104791651176634
0.218958311073935 0.104010058917752
0.214643216157784 0.103211211421284
0.210359413828661 0.102395401473515
0.206107373853763 0.101562919767034
0.201887562517192 0.100714070381523
0.197700442568813 0.099849125509468
0.193546473173512 0.098968366666722
0.189426109860845 0.098072098192267
0.185339804475081 0.097160648337964
0.181288005125655 0.096234376824255
0.177271156138025 0.095293666887677
0.173289698004947 0.094338903554090
0.169344067338174 0.093370315245213
0.165434696820571 0.092388011208265
0.161562015158670 0.091392134678790
0.157726447035656 0.090382828456131
0.153928413064797 0.089360253282150
0.150168329743317 0.088324574295927
0.146446609406726 0.087275991992122
0.142763660183598 0.086214738432216
0.139119885950819 0.085141078753222
0.135515686289294 0.084055307435398
0.131951456440133 0.082957738058152
0.128427587261303 0.081848688468907
0.124944465184770 0.080728503868816
0.121502472174122 0.079597553983831
0.118101985682679 0.078456291024064
0.114743378612105 0.077305195607205
0.111427019271515 0.076144761557648
0.108153271337080 0.074975318560323
0.104922493812155 0.073797140313385
0.101735040987902 0.072610510260323
0.098591262404443 0.071415596801240
0.095491502812526 0.070212509385154
0.092436102135723 0.069001435924706
0.089425395433148 0.067782652623276
0.086459712862719 0.066556521698532
0.083539379644950 0.065323429421418
0.080664716027288 0.064083680461304
0.077836037248993 0.062837614860332
0.075053653506568 0.061585525100501
0.072317869919747 0.060327665625860
0.069628986498028 0.059064308004524
0.066987298107781 0.057795826502510
0.064393094439905 0.056522646296345
0.061846659978068 0.055245292097397
0.059348273967504 0.053964358085470
0.056898210384393 0.052680444895634
0.054496737905816 0.051393812738249
0.052144119880294 0.050104574987203
0.049840614298903 0.048812931856074
0.047586473766990 0.047519136998124
0.045381945476466 0.046223526492289
0.043227271178700 0.044926559284834
0.041122687158010 0.043628805485705
0.039068424205750 0.042330989160865
0.037064707595003 0.041033828462048
0.035111757055874 0.039737610416324
0.033209786751399 0.038442581028701
0.031359005254054 0.037149005659624
0.029559615522887 0.035857274443962
0.027811814881260 0.034567971093066
0.026115794995207 0.033281814151781
0.024471741852423 0.031999684028069
0.022879835741862 0.030722608802498
0.021340251233966 0.029451618833385
0.019853157161529 0.028187160954864
0.018418716601171 0.026929063822470
0.017037086855466 0.025677447467139
0.015708419435685 0.024432803789135
0.014432860045182 0.023195917610786
0.013210548563420 0.021967778860412
0.012041619030626 0.020749739846854
0.010926199633097 0.019543829034220
0.009864412689139 0.018351473105817
0.008856374635656 0.017172933869016
0.007902196015379 0.016007221866067
0.007001981464748 0.014853541295213
0.006155829702431 0.013711924542620
0.005363833518506 0.012582874735050
0.004626079764278 0.011467474277128
0.003942649342761 0.010367612013059
0.003313617199802 0.009286064963088
0.002739052315863 0.008226664788801
0.002219017698460 0.007191531352566
0.001753570375248 0.006181636689089
0.001342761387771 0.005199766150632
0.000986635785864 0.004248827810350
0.000685232622713 0.003330057756562
0.000438584950571 0.002447536019704
0.000246719817134 0.001613813370058
0.000109658262577 0.000861915594978
0.000027415317244 0.000264094396941
0.000000000000000 0.000000000000000
0.000027415317244 -0.002197671689971
0.000109658262577 -0.002633262922267
0.000246719817134 -0.003099681682205
0.000438584950571 -0.003570788046247
0.000685232622713 -0.004068564943731
0.000986635785864 -0.004616994748888
0.001342761387771 -0.005179099950620
0.001753570375248 -0.005744701316355
0.002219017698460 -0.006324287308932
0.002739052315863 -0.006924320218298
0.003313617199802 -0.007540938355008
0.003942649342761 -0.008167177884075
0.004626079764278 -0.008801334814547
0.005363833518506 -0.009443297717255
0.006155829702431 -0.010092786926123
0.007001981464748 -0.010748067160590
0.007902196015379 -0.011406796899501
0.008856374635656 -0.012066792586346
0.009864412689139 -0.012726552048984
0.010926199633097 -0.013385190685309
0.012041619030626 -0.014042148781040
0.013210548563420 -0.014696414559503
0.014432860045182 -0.015346657183331
0.015708419435684 -0.015991191147434
0.017037086855466 -0.016628738268269
0.018418716601171 -0.017258413079532
0.019853157161528 -0.017879563842262
0.021340251233966 -0.018491838935770
0.022879835741862 -0.019095164893507
0.024471741852423 -0.019689944783396
0.026115794995207 -0.020276886527630
0.027811814881259 -0.020855772781575
0.029559615522887 -0.021425946766946
0.031359005254054 -0.021986544322409
0.033209786751399 -0.022536755423063
0.035111757055874 -0.023076039681381
0.037064707595003 -0.023604007816816
0.039068424205750 -0.024120405549482
0.041122687158009 -0.024625178344910
0.043227271178699 -0.025118560668142
0.045381945476466 -0.025600747215215
0.047586473766990 -0.026071438568206
0.049840614298903 -0.026530258383339
0.052144119880293 -0.026976727680261
0.054496737905816 -0.027410391826482
0.056898210384393 -0.027830951489750
0.059348273967504 -0.028238215668459
0.061846659978068 -0.028632121389715
0.064393094439905 -0.029012725485457
0.066987298107781 -0.029380078309242
0.069628986498028 -0.029734219167315
0.072317869919747 -0.030075145957412
0.075053653506568 -0.030402559204360
0.077836037248992 -0.030716160763024
0.080664716027288 -0.031015756009175
0.083539379644950 -0.031301251319479
0.086459712862719 -0.031572622942647
0.089425395433148 -0.031829948528270
0.092436102135723 -0.032073371821331
0.095491502812526 -0.032302968336045
0.098591262404443 -0.032518781724364
0.101735040987902 -0.032720850809674
0.104922493812155 -0.032909023221944
0.108153271337080 -0.033083116491884
0.111427019271514 -0.033243006985934
0.114743378612105 -0.033388658303414
0.118101985682679 -0.033520083342587
0.121502472174122 -0.033637338252683
0.124944465184770 -0.033740517845780
0.128427587261303 -0.033829762079481
0.131951456440133 -0.033905144119379
0.135515686289294 -0.033966646095677
0.139119885950819 -0.034014274140787
0.142763660183598 -0.034048061187392
0.146446609406726 -0.034068062272408
0.150168329743317 -0.034074365864649
0.153928413064796 -0.034067106217811
0.157726447035656 -0.034046476693927
0.161562015158669 -0.034012711542018
0.165434696820571 -0.033966034913334
0.169344067338174 -0.033906487747436
0.173289698004947 -0.033834072965604
0.177271156138025 -0.033748812173963
0.181288005125655 -0.033650720018969
0.185339804475081 -0.033539805711529
0.189426109860845 -0.033416097536360
0.193546473173511 -0.033279645291015
0.197700442568812 -0.033130529322765
0.201887562517192 -0.032968850830751
0.206107373853763 -0.032794732202203
0.210359413828660 -0.032608302068947
0.214643216157784 -0.032409695231425
0.218958311073935 -0.032199062321512
0.223304225378328 -0.031976576578309
0.227680482492486 -0.031742436154945
0.232086602510501 -0.031496869077684
0.236522102251661 -0.031240119430421
0.240986495313435 -0.030972449178863
0.245479292124814 -0.030694101085038
0.250000000000000 -0.030405320052868
0.254548123192429 -0.030106368299267
0.259123162949142 -0.029797515983062
0.263724617565473 -0.029478992493165
0.268351982440069 -0.029151014755186
0.273004750130227 -0.028813811803484
0.277682410407536 -0.028467629836640
0.282384450313836 -0.028112738087367
0.287110354217464 -0.027749431281523
0.291859603869799 -0.027378013663308
0.296631678462100 -0.026998807344228
0.301426054682609 -0.026612104652940
0.306242206773948 -0.026218168712191
0.311079606590766 -0.025817264399988
0.315937723657661 -0.025409672661804
0.320816025227350 -0.024995687056361
0.325713976339092 -0.024575625469307
0.330631039877354 -0.024149813358737
0.335566676630708 -0.023718593705310
0.340520345350965 -0.023282307345736
0.345491502812526 -0.022841243238232
0.350479603871956 -0.022395642058662
0.355484101527764 -0.021945755997503
0.360504446980385 -0.021491839739523
0.365540089692367 -0.021034141233246
0.370590477448739 -0.020572863173924
0.375655056417572 -0.020108201125068
0.380733271210709 -0.019640356001573
0.385824564944672 -0.019169534274859
0.390928379301728 -0.018695951660330
0.396044154591120 -0.018219843979379
0.401171329810437 -0.017741447601893
0.406309342707137 -0.017261002943866
0.411457629840208 -0.016778753320531
0.416615626641949 -0.016294955467426
0.421782767479884 -0.015809864778415
0.426958485718794 -0.015323746609542
0.432142213782848 -0.014836866111349
0.437333383217848 -0.014349487266628
0.442531424753567 -0.013861863139394
0.447735768366173 -0.013374251094887
0.452945843340743 -0.012886905841374
0.458161078333842 -0.012400082384727
0.463380901436184 -0.011914015170382
0.468604740235343 -0.011428872776675
0.473832021878528 -0.010944815717716
0.479062173135400 -0.010462008186880
0.484294620460935 -0.009980607787327
0.489528790058321 -0.009500780043820
0.494764107941877 -0.009022691212023
0.500000000000000 -0.008546509663871
0.505235892058122 -0.008072399846115
0.510471209941678 -0.007600529338840
0.515705379539064 -0.007131070164956
0.520937826864600 -0.006664198762275
0.526167978121472 -0.006200091616351
0.531395259764656 -0.005738927226337
0.536619098563816 -0.005280875797002
0.541838921666157 -0.004826107875387
0.547054156659257 -0.004374792138237
0.552264231633827 -0.003927091511264
0.557468575246433 -0.003483170206193
0.562666616782152 -0.003043191796506
0.567857786217152 -0.002607334622426
0.573041514281206 -0.002175778397501
0.578217232520115 -0.001748704246504
0.583384373358051 -0.001326285947021
0.588542370159791 -0.000908698540573
0.593690657292862 -0.000496125985274
0.598828670189563 -0.000088744315552
0.603955845408879 0.000313270148510
0.609071620698271 0.000709745194179
0.614175435055328 0.001100522411885
0.619266728789290 0.001485450057666
0.624344943582427 0.001864380892135
0.629409522551260 0.002237176013593
0.634459910307633 0.002603698696690
0.639495553019614 0.002963831569316
0.644515898472235 0.003317459587300
0.649520396128043 0.003664478850585
0.654508497187474 0.004004788635168
0.659479654649035 0.004338289818092
0.664433323369291 0.004664888962149
0.669368960122646 0.004984500137266
0.674286023660907 0.005297037153873
0.679183974772650 0.005602421856987
0.684062276342339 0.005900562505065
0.688920393409233 0.006191373421540
0.693757793226051 0.006474769825820
0.698573945317390 0.006750673907305
0.703368321537900 0.007019015961679
0.708140396130200 0.007279731149324
0.712889645782536 0.007532761297844
0.717615549686163 0.007778052056350
0.722317589592464 0.008015554121845
0.726995249869773 0.008245215348652
0.731648017559930 0.008466990711317
0.736275382434527 0.008680839617700
0.740876837050857 0.008886717125875
0.745451876807570 0.009084554564650
0.750000000000000 0.009274288347499
0.754520707875185 0.009455864527926
0.759013504686565 0.009629239341666
0.763477897748338 0.009794385966649
0.767913397489498 0.009951283766533
0.772319517507513 0.010099920589974
0.776695774621672 0.010240282565586
0.781041688926065 0.010372351168897
0.785356783842216 0.010496116659558
0.789640586171339 0.010611574855382
0.793892626146236 0.010718699673239
0.798112437482808 0.010817461371339
0.802299557431187 0.010907841471988
0.806453526826488 0.010989832798878
0.810573890139155 0.011063443945018
0.814660195524918 0.011128694785045
0.818711994874345 0.011185614478639
0.822728843861975 0.011234240074113
0.826710301995052 0.011274617187236
0.830655932661826 0.011306800871333
0.834565303179429 0.011330838556785
0.838437984841330 0.011346767292137
0.842273552964344 0.011354634524614
0.846071586935203 0.011354498403292
0.849831670256683 0.011346426945458
0.853553390593274 0.011330499094350
0.857236339816401 0.011306807030489
0.860880114049181 0.011275459331812
0.864484313710706 0.011236575578670
0.868048543559867 0.011190274198981
0.871572412738697 0.011136659130686
0.875055534815230 0.011075841554188
0.878497527825878 0.011007892326293
0.881898014317321 0.010932816615350
0.885256621387894 0.010850634096610
0.888572980728485 0.010761394947574
0.891846728662920 0.010665177048874
0.895077506187845 0.010562075146435
0.898264959012098 0.010452192285282
0.901408737595557 0.010335648474817
0.904508497187474 0.010212589454632
0.907563897864277 0.010083191880650
0.910574604566852 0.009947623181724
0.913540287137281 0.009805943520846
0.916460620355049 0.009658201284438
0.919335283972712 0.009504444134097
0.922163962751007 0.009344728681105
0.924946346493432 0.009179143464809
0.927682130080253 0.009007816303032
0.930371013501972 0.008830900209581
0.933012701892219 0.008648570308450
0.935606905560095 0.008461024083530
0.938153340021932 0.008268499448930
0.940651726032496 0.008071251008773
0.943101789615607 0.007869506088693
0.945503262094184 0.007663483884357
0.947855880119706 0.007453359901549
0.950159385701097 0.007239310924696
0.952413526233010 0.007021562403900
0.954618054523534 0.006800377032506
0.956772728821300 0.006576046655118
0.958877312841991 0.006348883620855
0.960931575794250 0.006119234083573
0.962935292404997 0.005887461500018
0.964888242944126 0.005653958213781
0.966790213248601 0.005419130426361
0.968640994745946 0.005183411137716
0.970440384477113 0.004947297669755
0.972188185118740 0.004711306933889
0.973884205004793 0.004475959257140
0.975528258147577 0.004241778041069
0.977120164258138 0.004009280538889
0.978659748766034 0.003778983420576
0.980146842838471 0.003551394289814
0.981581283398829 0.003327024431556
0.982962913144534 0.003106373208540
0.984291580564316 0.002889925971120
0.985567139954818 0.002678172139884
0.986789451436580 0.002471583177047
0.987958380969374 0.002270617616862
0.989073800366903 0.002075730967210
0.990135587310861 0.001887357799098
0.991143625364344 0.001705921969552
0.992097803984621 0.001531826435593
0.992998018535252 0.001365468810455
0.993844170297569 0.001207222058027
0.994636166481494 0.001057439883331
0.995373920235722 0.000916462066898
0.996057350657239 0.000784609739825
0.996686382800198 0.000662172200207
0.997260947684137 0.000549436787769
0.997780982301540 0.000446650803312
0.998246429624752 0.000354046483169
0.998657238612229 0.000271837234628
0.999013364214136 0.000200209229308
0.999314767377287 0.000139326325680
0.999561415049429 0.000089318361270
0.999753280182866 0.000050307894423
0.999890341737423 0.000022379084985
0.999972584682756 0.000005597673317
1.000000000000000 0.000000000000000
