1.000000000000000 0.000000000000000
0.999972584682756 0.000012038358833
0.999890341737423 0.000048197678311
0.999753280182866 0.000108640276226
0.999561415049429 0.000193622266581
0.999314767377287 0.000303482961412
0.999013364214136 0.000438678842610
0.998657238612229 0.000599732548111
0.998246429624752 0.000787264625330
0.997780982301540 0.001001946973653
0.997260947684137 0.001244516562984
0.996686382800198 0.001515780973401
0.996057350657239 0.001816550457547
0.995373920235722 0.002147671751577
0.994636166481494 0.002509963828203
0.993844170297569 0.002904241278845
0.992998018535252 0.003331279387452
0.992097803984621 0.003791751063624
0.991143625364344 0.004286237589296
0.990135587310861 0.004815194806443
0.989073800366903 0.005378881404666
0.987958380969374 0.005977367549299
0.986789451436580 0.006610459751090
0.985567139954818 0.007277897520630
0.984291580564316 0.007979481163163
0.982962913144534 0.008714940017860
0.981581283398829 0.009483740107641
0.980146842838472 0.010285152335657
0.978659748766034 0.011118142669073
0.977120164258138 0.011981438007787
0.975528258147577 0.012873456196060
0.973884205004793 0.013792228687974
0.972188185118741 0.014735550225240
0.970440384477113 0.015701520910425
0.968640994745946 0.016688456243095
0.966790213248601 0.017694731738477
0.964888242944126 0.018718484240415
0.962935292404997 0.019757695124888
0.960931575794250 0.020810206473441
0.958877312841991 0.021873663292037
0.956772728821300 0.022945536689839
0.954618054523534 0.024023307766330
0.952413526233010 0.025104808037629
0.950159385701097 0.026189214983422
0.947855880119706 0.027275968316893
0.945503262094184 0.028364490138876
0.943101789615607 0.029454249959378
0.940651726032496 0.030544834376083
0.938153340021932 0.031635857905964
0.935606905560095 0.032726976960505
0.933012701892219 0.033817974269603
0.930371013501972 0.034908823531884
0.927682130080253 0.035999643087453
0.924946346493432 0.037090770226949
0.922163962751008 0.038182667010233
0.919335283972712 0.039275867763354
0.916460620355050 0.040370984776250
0.913540287137281 0.041468847008737
0.910574604566852 0.042570482436308
0.907563897864277 0.043676901518431
0.904508497187474 0.044788620209682
0.901408737595557 0.045906138298114
0.898264959012098 0.047029567446583
0.895077506187845 0.048158739378919
0.891846728662920 0.049293519220284
0.888572980728485 0.050433919447321
0.885256621387895 0.051580004297849
0.881898014317321 0.052731879011256
0.878497527825878 0.053889645015689
0.875055534815230 0.055053440563427
0.871572412738697 0.056223264767089
0.868048543559867 0.057398966467888
0.864484313710706 0.058580395713327
0.860880114049181 0.059767410912167
0.857236339816402 0.060959897269933
0.853553390593274 0.062157725034942
0.849831670256683 0.063360810684582
0.846071586935203 0.064569087114168
0.842273552964344 0.065782495385842
0.838437984841330 0.067000927046826
0.834565303179429 0.068224223783837
0.830655932661826 0.069452203059038
0.826710301995053 0.070684697634608
0.822728843861975 0.071921542484769
0.818711994874345 0.073162572939602
0.814660195524919 0.074407615515062
0.810573890139155 0.075656531187527
0.806453526826488 0.076909166284412
0.802299557431188 0.078165391030044
0.798112437482808 0.079425009210412
0.793892626146237 0.080687747528228
0.789640586171339 0.081953312796643
0.785356783842216 0.083221419079414
0.781041688926065 0.084491781484374
0.776695774621672 0.085764115580727
0.772319517507513 0.087038149758517
0.767913397489498 0.088313608300173
0.763477897748339 0.089590205004492
0.759013504686565 0.090867657526784
0.754520707875186 0.092145675208399
0.750000000000000 0.093423984992052
0.745451876807570 0.094702301402363
0.740876837050858 0.095980346641141
0.736275382434527 0.097257850209313
0.731648017559931 0.098534526432334
0.726995249869773 0.099810089138916
0.722317589592464 0.101084231384885
0.717615549686164 0.102356653007622
0.712889645782536 0.103627061882149
0.708140396130201 0.104895088161507
0.703368321537900 0.106160349486093
0.698573945317390 0.107422448000858
0.693757793226052 0.108680981306937
0.688920393409234 0.109935556488636
0.684062276342339 0.111185780340510
0.679183974772650 0.112431250902535
0.674286023660908 0.113671571809897
0.669368960122646 0.114906342650571
0.664433323369292 0.116135083939315
0.659479654649035 0.117357297437458
0.654508497187474 0.118572475702886
0.649520396128043 0.119780107286780
0.644515898472236 0.120979699158618
0.639495553019615 0.122170746218367
0.634459910307633 0.123352744778904
0.629409522551260 0.124525201300480
0.624344943582428 0.125687612396223
0.619266728789291 0.126839516333557
0.614175435055328 0.127980449801489
0.609071620698271 0.129109973871855
0.603955845408880 0.130227632743553
0.598828670189563 0.131332986398080
0.593690657292862 0.132425508880610
0.588542370159792 0.133504638739560
0.583384373358051 0.134569829538142
0.578217232520115 0.135620520187275
0.573041514281206 0.136656150637517
0.567857786217152 0.137676006911466
0.562666616782152 0.138679309424577
0.557468575246433 0.139665297633154
0.552264231633827 0.140633213353050
0.547054156659257 0.141582282366959
0.541838921666158 0.142511596502686
0.536619098563816 0.143420198713377
0.531395259764657 0.144307144327429
0.526167978121472 0.145171504516910
0.520937826864600 0.146012315430844
0.515705379539064 0.146828414215883
0.510471209941678 0.147618541280369
0.505235892058123 0.148381449291771
0.500000000000000 0.149115914674732
0.494764107941877 0.149820770314561
0.489528790058322 0.150495305659224
0.484294620460936 0.151139077273829
0.479062173135400 0.151751660614646
0.473832021878528 0.152332639527624
0.468604740235343 0.152881622081073
0.463380901436184 0.153398305956179
0.458161078333842 0.153882472076370
0.452945843340743 0.154333914460129
0.447735768366173 0.154752439731385
0.442531424753567 0.155137868512820
0.437333383217848 0.155490088034641
0.432142213782848 0.155809066010101
0.426958485718794 0.156094785620806
0.421782767479885 0.156347241589507
0.416615626641949 0.156566438543257
0.411457629840209 0.156752397146904
0.406309342707138 0.156905162677306
0.401171329810437 0.157024790238988
0.396044154591120 0.157111346324340
0.390928379301729 0.157164907578589
0.385824564944672 0.157185569172499
0.380733271210710 0.157173457802879
0.375655056417573 0.157128713632647
0.370590477448740 0.157051487108817
0.365540089692367 0.156941937721188
0.360504446980385 0.156800229863280
0.355484101527764 0.156626516888433
0.350479603871957 0.156420958612541
0.345491502812526 0.156183724206546
0.340520345350965 0.155914994957064
0.335566676630708 0.155614962572723
0.330631039877354 0.155283827732085
0.325713976339092 0.154921803937467
0.320816025227350 0.154529112790020
0.315937723657661 0.154105989170619
0.311079606590766 0.153652676539934
0.306242206773949 0.153169419753596
0.301426054682610 0.152656481298533
0.296631678462100 0.152114126907065
0.291859603869799 0.151542639368743
0.287110354217464 0.150942322898120
0.282384450313836 0.150313526341526
0.277682410407536 0.149656602051552
0.273004750130227 0.148971922239392
0.268351982440069 0.148259861590336
0.263724617565473 0.147520901160621
0.259123162949143 0.146755571036428
0.254548123192430 0.145964426731519
0.250000000000000 0.145148019829718
0.245479292124815 0.144306885696789
0.240986495313435 0.143441452374164
0.236522102251661 0.142552122962010
0.232086602510502 0.141639320664438
0.227680482492487 0.140703468579474
0.223304225378328 0.139744944740610
0.218958311073935 0.138764079713542
0.214643216157784 0.137761215640833
0.210359413828661 0.136736711846738
0.206107373853763 0.135690911518763
0.201887562517192 0.134624105500494
0.197700442568813 0.133536605544985
0.193546473173512 0.132428729014750
0.189426109860845 0.131300795732231
0.185339804475081 0.130153055785913
0.181288005125655 0.128985779827489
0.177271156138025 0.127799240243904
0.173289698004947 0.126593739463164
0.169344067338174 0.125369567521425
0.165434696820571 0.124127029082193
0.161562015158670 0.122866471812680
0.157726447035656 0.121588218552005
0.153928413064797 0.120292563943380
0.150168329743317 0.118979810312287
0.146446609406726 0.117650287203788
0.142763660183598 0.116304342258154
0.139119885950819 0.114942351472778
0.135515686289294 0.113564722870793
0.131951456440133 0.112171854033038
0.128427587261303 0.110764055298464
0.124944465184770 0.109341531683558
0.121502472174122 0.107904546429981
0.118101985682679 0.106453407847394
0.114743378612105 0.104988487916006
0.111427019271515 0.103510214773220
0.108153271337080 0.102019005380190
0.104922493812155 0.100515203931098
0.101735040987902 0.098999116604517
0.098591262404443 0.097471083705754
0.095491502812526 0.095931412293587
0.092436102135723 0.094380421553967
0.089425395433148 0.092818450536639
0.086459712862719 0.091245913758517
0.083539379644950 0.089663322992584
0.080664716027288 0.088071192830623
0.077836037248993 0.086469945302561
0.075053653506568 0.084859812703510
0.072317869919747 0.083241068129777
0.069628986498028 0.081614020701682
0.066987298107781 0.079979017866204
0.064393094439905 0.078336441855317
0.061846659978068 0.076686826404399
0.059348273967504 0.075030760384497
0.056898210384393 0.073368804645779
0.054496737905816 0.071701247595081
0.052144119880294 0.070028423979919
0.049840614298903 0.068350658459127
0.047586473766990 0.066668311936749
0.045381945476466 0.064981856237487
0.043227271178700 0.063291896199751
0.041122687158010 0.061599163361116
0.039068424205750 0.059904250802044
0.037064707595003 0.058207759722950
0.035111757055874 0.056510151655249
0.033209786751399 0.054811626480345
0.031359005254054 0.053112547993504
0.029559615522887 0.051413424392094
0.027811814881260 0.049714915755200
0.026115794995207 0.048017891784358
0.024471741852423 0.046323276933431
0.022879835741862 0.044631772892992
0.021340251233966 0.042943935257218
0.019853157161529 0.041259791500238
0.018418716601171 0.039579433377822
0.017037086855466 0.037903325667950
0.015708419435685 0.036232045028449
0.014432860045182 0.034566398222625
0.013210548563420 0.032907463076320
0.012041619030626 0.031256611890453
0.010926199633097 0.029614284907686
0.009864412689139 0.027980626240816
0.008856374635656 0.026355620475600
0.007902196015379 0.024739605040693
0.007001981464748 0.023133263138349
0.006155829702431 0.021537550367916
0.005363833518506 0.019953934354672
0.004626079764278 0.018384337052570
0.003942649342761 0.016830502828645
0.003313617199802 0.015292524519225
0.002739052315863 0.013770512274037
0.002219017698460 0.012265282640242
0.001753570375248 0.010778165431435
0.001342761387771 0.009311618562032
0.000986635785864 0.007870004705200
0.000685232622713 0.006460952367564
0.000438584950571 0.005093218938940
0.000246719817134 0.003765980277143
0.000109658262577 0.002476060255329
0.000027415317244 0.001221356614330
0.000000000000000 0.000000000000000
0.000027415317244 -0.001189851796622
0.000109658262577 -0.002350888449967
0.000246719817134 -0.003489691402333
0.000438584950571 -0.004604984823802
0.000685232622713 -0.005659669952334
0.000986635785864 -0.006627393400397
0.001342761387771 -0.007552971339729
0.001753570375248 -0.008412028345488
0.002219017698460 -0.009148170949916
0.002739052315863 -0.009749356125111
0.003313617199802 -0.010276012593418
0.003942649342761 -0.010773805842857
0.004626079764278 -0.011245041557401
0.005363833518506 -0.011687011972702
0.006155829702431 -0.012109876894148
0.007001981464748 -0.012523422378067
0.007902196015379 -0.012924959106041
0.008856374635656 -0.013311270362761
0.009864412689139 -0.013683274945920
0.010926199633097 -0.014042205495556
0.012041619030626 -0.014388131324594
0.013210548563420 -0.014720147830281
0.014432860045182 -0.015035866434394
0.015708419435684 -0.015333256347425
0.017037086855466 -0.015610831280724
0.018418716601171 -0.015867319881902
0.019853157161528 -0.016101712199963
0.021340251233966 -0.016313393304590
0.022879835741862 -0.016502141056791
0.024471741852423 -0.016668060585446
0.026115794995207 -0.016811704547220
0.027811814881259 -0.016934370865115
0.029559615522887 -0.017037638080088
0.031359005254054 -0.017121697438421
0.033209786751399 -0.017186265299440
0.035111757055874 -0.017230426458032
0.037064707595003 -0.017253167893223
0.039068424205750 -0.017253801444758
0.041122687158009 -0.017231823923753
0.043227271178699 -0.017186808412402
0.045381945476466 -0.017118465247926
0.047586473766990 -0.017026751729369
0.049840614298903 -0.016911802684833
0.052144119880293 -0.016773500695563
0.054496737905816 -0.016611609873919
0.056898210384393 -0.016425884834675
0.059348273967504 -0.016216079028035
0.061846659978068 -0.015982068757583
0.064393094439905 -0.015723866003388
0.066987298107781 -0.015441623612106
0.069628986498028 -0.015135651241915
0.072317869919747 -0.014806398946335
0.075053653506568 -0.014454303892799
0.077836037248992 -0.014079848749593
0.080664716027288 -0.013683328407256
0.083539379644950 -0.013264598497702
0.086459712862719 -0.012823513023830
0.089425395433148 -0.012360072065092
0.092436102135723 -0.011874374249082
0.095491502812526 -0.011366582027199
0.098591262404443 -0.010836912536137
0.101735040987902 -0.010285658241447
0.104922493812155 -0.009713175279915
0.108153271337080 -0.009119877327866
0.111427019271514 -0.008506227410529
0.114743378612105 -0.007872642010557
0.118101985682679 -0.007219551017574
0.121502472174122 -0.006547458395528
0.124944465184770 -0.005856947370026
0.128427587261303 -0.005148682385572
0.131951456440133 -0.004423401303525
0.135515686289294 -0.003681951056376
0.139119885950819 -0.002925259879214
0.142763660183598 -0.002154266413128
0.146446609406726 -0.001369844725342
0.150168329743317 -0.000572919456570
0.153928413064796 0.000235574519279
0.157726447035656 0.001054781160006
0.161562015158669 0.001883830336535
0.165434696820571 0.002721785559982
0.169344067338174 0.003567602269453
0.173289698004947 0.004420172281033
0.177271156138025 0.005278325832233
0.181288005125655 0.006140902420032
0.185339804475081 0.007006735926332
0.189426109860845 0.007874603716134
0.193546473173511 0.008743449458748
0.197700442568812 0.009612734337059
0.201887562517192 0.010482002044834
0.206107373853763 0.011350779952064
0.210359413828660 0.012218568784296
0.214643216157784 0.013084822780552
0.218958311073935 0.013948986397513
0.223304225378328 0.014810496582043
0.227680482492486 0.015668793011837
0.232086602510501 0.016523303200031
0.236522102251661 0.017373450825524
0.240986495313435 0.018218684719716
0.245479292124814 0.019058559334841
0.250000000000000 0.019892654157357
0.254548123192429 0.020720547855175
0.259123162949142 0.021541822843307
0.263724617565473 0.022356058300110
0.268351982440069 0.023162843875352
0.273004750130227 0.023961759455946
0.277682410407536 0.024752387050400
0.282384450313836 0.025534302516838
0.287110354217464 0.026307083194810
0.291859603869799 0.027070297900186
0.296631678462100 0.027823519136682
0.301426054682609 0.028566259642419
0.306242206773948 0.029297994666191
0.311079606590766 0.030018204103040
0.315937723657661 0.030726364229802
0.320816025227350 0.031421938474717
0.325713976339092 0.032104375537103
0.330631039877354 0.032773117569529
0.335566676630708 0.033427612069116
0.340520345350965 0.034067324707919
0.345491502812526 0.034691808376707
0.350479603871956 0.035300655556345
0.355484101527764 0.035893452977722
0.360504446980385 0.036469798589605
0.365540089692367 0.037029431678676
0.370590477448739 0.037572282665615
0.375655056417572 0.038098311219003
0.380733271210709 0.038607480795977
0.385824564944672 0.039099764793387
0.390928379301728 0.039575084029438
0.396044154591120 0.040033335547530
0.401171329810437 0.040474429215672
0.406309342707137 0.040898278068101
0.411457629840208 0.041304841776417
0.416615626641949 0.041694252818449
0.421782767479884 0.042066702024093
0.426958485718794 0.042422385942760
0.432142213782848 0.042761510869397
0.437333383217848 0.043084322755302
0.442531424753567 0.043391149278452
0.447735768366173 0.043682336047873
0.452945843340743 0.043958237864046
0.458161078333842 0.044219218654356
0.463380901436184 0.044465626952237
0.468604740235343 0.044697785639601
0.473832021878528 0.044916019107680
0.479062173135400 0.045120661523829
0.484294620460935 0.045312046590331
0.489528790058321 0.045490389600171
0.494764107941877 0.045655769445727
0.500000000000000 0.045808264196798
0.505235892058122 0.045947956768228
0.510471209941678 0.046074936306337
0.515705379539064 0.046189318701575
0.520937826864600 0.046291243428933
0.526167978121472 0.046380854962660
0.531395259764656 0.046458302260175
0.536619098563816 0.046523732979917
0.541838921666157 0.046577233087314
0.547054156659257 0.046618856315587
0.552264231633827 0.046648660406181
0.557468575246433 0.046666707698703
0.562666616782152 0.046673059000189
0.567857786217152 0.046667742152185
0.573041514281206 0.046650775674413
0.578217232520115 0.046622183281005
0.583384373358051 0.046581993503018
0.588542370159791 0.046530241646885
0.593690657292862 0.046466971258645
0.598828670189563 0.046392232513977
0.603955845408879 0.046306080036315
0.609071620698271 0.046208573148351
0.614175435055328 0.046099732575801
0.619266728789290 0.045979517684756
0.624344943582427 0.045847889082125
0.629409522551260 0.045704814016564
0.634459910307633 0.045550265398933
0.639495553019614 0.045384220685253
0.644515898472235 0.045206660592212
0.649520396128043 0.045017575118751
0.654508497187474 0.044816959909792
0.659479654649035 0.044604829898447
0.664433323369291 0.044381246558214
0.669368960122646 0.044146281420781
0.674286023660907 0.043900015101564
0.679183974772650 0.043642535738842
0.684062276342339 0.043373990082799
0.688920393409233 0.043094562163345
0.693757793226051 0.042804440833958
0.698573945317390 0.042503820176776
0.703368321537900 0.042192885227789
0.708140396130200 0.041871807420525
0.712889645782536 0.041540761429025
0.717615549686163 0.041199926936757
0.722317589592464 0.040849504523648
0.726995249869773 0.040489751089207
0.731648017559930 0.040120939281709
0.736275382434527 0.039743340399401
0.740876837050857 0.039357236752748
0.745451876807570 0.038962938913656
0.750000000000000 0.038560770542202
0.754520707875185 0.038151052133701
0.759013504686565 0.037734103143992
0.763477897748338 0.037310240586784
0.767913397489498 0.036879780492748
0.772319517507513 0.036443041109387
0.776695774621672 0.036000326623698
0.781041688926065 0.035551912789492
0.785356783842216 0.035098075352805
0.789640586171339 0.034639087703991
0.793892626146236 0.034175209846305
0.798112437482808 0.033706676713245
0.802299557431187 0.033233729350277
0.806453526826488 0.032756611621258
0.810573890139155 0.032275571728235
0.814660195524918 0.031790865720540
0.818711994874345 0.031302748100880
0.822728843861975 0.030811467429982
0.826710301995052 0.030317272779603
0.830655932661826 0.029820411087871
0.834565303179429 0.029321111484806
0.838437984841330 0.028819573523571
0.842273552964344 0.028315994727246
0.846071586935203 0.027810570491398
0.849831670256683 0.027303507878078
0.853553390593274 0.026795020021634
0.857236339816401 0.026285319527179
0.860880114049181 0.025774621178028
0.864484313710706 0.025263136989810
0.868048543559867 0.024751086824054
0.871572412738697 0.024238706049134
0.875055534815230 0.023726229543770
0.878497527825878 0.023213900833642
0.881898014317321 0.022701996365068
0.885256621387894 0.022190790793934
0.888572980728485 0.021680554782850
0.891846728662920 0.021171562950142
0.895077506187845 0.020664079780164
0.898264959012098 0.020158367936708
0.901408737595557 0.019654691334499
0.904508497187474 0.019153312085598
0.907563897864277 0.018654501286835
0.910574604566852 0.018158524723645
0.913540287137281 0.017665566819939
0.916460620355049 0.017175774089145
0.919335283972712 0.016689280687192
0.922163962751007 0.016206221412267
0.924946346493432 0.015726730530187
0.927682130080253 0.015250965710249
0.930371013501972 0.014779093005840
0.933012701892219 0.014311273822059
0.935606905560095 0.013847687898669
0.938153340021932 0.013388524480044
0.940651726032496 0.012933988164109
0.943101789615607 0.012484244510068
0.945503262094184 0.012039425126270
0.947855880119706 0.011599635899362
0.950159385701097 0.011164959407309
0.952413526233010 0.010735517878576
0.954618054523534 0.010311442785076
0.956772728821300 0.009892897746956
0.958877312841991 0.009480049587981
0.960931575794250 0.009073084656626
0.962935292404997 0.008672204088112
0.964888242944126 0.008277626481141
0.966790213248601 0.007889568290876
0.968640994745946 0.007508214176625
0.970440384477113 0.007133575055518
0.972188185118740 0.006765611853262
0.973884205004793 0.006404359162081
0.975528258147577 0.006049918141305
0.977120164258138 0.005702411764949
0.978659748766034 0.005362027326595
0.980146842838471 0.005028979321969
0.981581283398829 0.004703526138517
0.982962913144534 0.004385949828415
0.984291580564316 0.004076572996750
0.985567139954818 0.003775726719821
0.986789451436580 0.003483688195228
0.987958380969374 0.003200682228732
0.989073800366903 0.002926947208763
0.990135587310861 0.002662797883129
0.991143625364344 0.002408575064431
0.992097803984621 0.002164671318052
0.992998018535252 0.001931497460784
0.993844170297569 0.001709476952657
0.994636166481494 0.001499063272135
0.995373920235722 0.001300704215871
0.996057350657239 0.001114856374331
0.996686382800198 0.000941959684267
0.997260947684137 0.000782450548880
0.997780982301540 0.000636739661211
0.998246429624752 0.000505221252596
0.998657238612229 0.000388260803525
0.999013364214136 0.000286183356905
0.999314767377287 0.000199290613778
0.999561415049429 0.000127838568513
0.999753280182866 0.000072038878300
0.999890341737423 0.000032054628477
0.999972584682756 0.000008019127100
1.000000000000000 0.000000000000000
