1.000000000000000 0.000000000000000
0.999972584682756 0.000002851290139
0.999890341737423 0.000011431857716
0.999753280182866 0.000025834625282
0.999561415049429 0.000046211921872
0.999314767377287 0.000072767616185
0.999013364214136 0.000105767873728
0.998657238612229 0.000145523889602
0.998246429624752 0.000192397334584
0.997780982301540 0.000246789122307
0.997260947684137 0.000309133109852
0.996686382800198 0.000379895716681
0.996057350657239 0.000459564196955
0.995373920235722 0.000548633414367
0.994636166481494 0.000647605785809
0.993844170297569 0.000756971795684
0.992998018535252 0.000877203727099
0.992097803984621 0.001008749506476
0.991143625364344 0.001152001802095
0.990135587310861 0.001307309065590
0.989073800366903 0.001474939595474
0.987958380969374 0.001655079742868
0.986789451436580 0.001847815663216
0.985567139954818 0.002053102245639
0.984291580564316 0.002270785349461
0.982962913144534 0.002500814180006
0.981581283398829 0.002743194725380
0.980146842838472 0.002997907764349
0.978659748766034 0.003264843440860
0.977120164258138 0.003543803064715
0.975528258147577 0.003834497251429
0.973884205004793 0.004136530456787
0.972188185118741 0.004449411683711
0.970440384477113 0.004772518502175
0.968640994745946 0.005105042850260
0.966790213248601 0.005446226207265
0.964888242944126 0.005795517939444
0.962935292404997 0.006152724872605
0.960931575794250 0.006517815678097
0.958877312841991 0.006890671755209
0.956772728821300 0.007271185626667
0.954618054523534 0.007659265825620
0.952413526233010 0.008054832806011
0.950159385701097 0.008457797604539
0.947855880119706 0.008868079562062
0.945503262094184 0.009285598306744
0.943101789615607 0.009710340747269
0.940651726032496 0.010142357054580
0.938153340021932 0.010581796226704
0.935606905560095 0.011028868908540
0.933012701892219 0.011483799434847
0.930371013501972 0.011946844589827
0.927682130080253 0.012418300036034
0.924946346493432 0.012898486262906
0.922163962751008 0.013387800967013
0.919335283972712 0.013886678635284
0.916460620355050 0.014395527357916
0.913540287137281 0.014914693372701
0.910574604566852 0.015444460191362
0.907563897864277 0.015984930615345
0.904508497187474 0.016536188243350
0.901408737595557 0.017098347808605
0.898264959012098 0.017671551312783
0.895077506187845 0.018255936685406
0.891846728662920 0.018851648469471
0.888572980728485 0.019458829289886
0.885256621387895 0.020077621320216
0.881898014317321 0.020708172663849
0.878497527825878 0.021350582934495
0.875055534815230 0.022004832452411
0.871572412738697 0.022670873212055
0.868048543559867 0.023348654816751
0.864484313710706 0.024038129683914
0.860880114049181 0.024739238836058
0.857236339816402 0.025451896785866
0.853553390593274 0.026176016753404
0.849831670256683 0.026911490480144
0.846071586935203 0.027658240646895
0.842273552964344 0.028416189541284
0.838437984841330 0.029185269774547
0.834565303179429 0.029965437255819
0.830655932661826 0.030756671491707
0.826710301995053 0.031558957593785
0.822728843861975 0.032372269563866
0.818711994874345 0.033196580607644
0.814660195524919 0.034031857254554
0.810573890139155 0.034878058693086
0.806453526826488 0.035735100202046
0.802299557431188 0.036602902050528
0.798112437482808 0.037481364917841
0.793892626146237 0.038370283069976
0.789640586171339 0.039269395156228
0.785356783842216 0.040178418947943
0.781041688926065 0.041097064179272
0.776695774621672 0.042025033475399
0.772319517507513 0.042962031672006
0.767913397489498 0.043907736947058
0.763477897748339 0.044861823829458
0.759013504686565 0.045823955677490
0.754520707875186 0.046793780945034
0.750000000000000 0.047770929530166
0.745451876807570 0.048755025834349
0.740876837050858 0.049745692480177
0.736275382434527 0.050742526297534
0.731648017559931 0.051745118575772
0.726995249869773 0.052753066331963
0.722317589592464 0.053765946436387
0.717615549686164 0.054783334528324
0.712889645782536 0.055804788677814
0.708140396130201 0.056829734399900
0.703368321537900 0.057857491569595
0.698573945317390 0.058887372434895
0.693757793226052 0.059918673302337
0.688920393409234 0.060950704763686
0.684062276342339 0.061982812876754
0.679183974772650 0.063014320658151
0.674286023660908 0.064044556889732
0.669368960122646 0.065072702636898
0.664433323369292 0.066097604334651
0.659479654649035 0.067118041123200
0.654508497187474 0.068132769377200
0.649520396128043 0.069140510563677
0.644515898472236 0.070139767279799
0.639495553019615 0.071128918298979
0.634459910307633 0.072106312984844
0.629409522551260 0.073070300102494
0.624344943582428 0.074019370608273
0.619266728789291 0.074952367128349
0.614175435055328 0.075868184647265
0.609071620698271 0.076765714447592
0.603955845408880 0.077643853279872
0.598828670189563 0.078501591660237
0.593690657292862 0.079337994661336
0.588542370159792 0.080152142651724
0.583384373358051 0.080943113031762
0.578217232520115 0.081710047766746
0.573041514281206 0.082452463437440
0.567857786217152 0.083170041915573
0.562666616782152 0.083862469867406
0.557468575246433 0.084529443601128
0.552264231633827 0.085170722021021
0.547054156659257 0.085786284540122
0.541838921666158 0.086376170409378
0.536619098563816 0.086940422641184
0.531395259764657 0.087479099170586
0.526167978121472 0.087992251531586
0.520937826864600 0.088479920583015
0.515705379539064 0.088942154204940
0.510471209941678 0.089379006153623
0.505235892058123 0.089790537988401
0.500000000000000 0.090176827124863
0.494764107941877 0.090537969621786
0.489528790058322 0.090874072396533
0.484294620460936 0.091185248681603
0.479062173135400 0.091471623672432
0.473832021878528 0.091733459833899
0.468604740235343 0.091971247891896
0.463380901436184 0.092185501098307
0.458161078333842 0.092376741322988
0.452945843340743 0.092545491488184
0.447735768366173 0.092692273118480
0.442531424753567 0.092817596954553
0.437333383217848 0.092921978435626
0.432142213782848 0.093005936115852
0.426958485718794 0.093069989201355
0.421782767479885 0.093114569195049
0.416615626641949 0.093140012874936
0.411457629840209 0.093146656893804
0.406309342707138 0.093134842317141
0.401171329810437 0.093104912266026
0.396044154591120 0.093057180341168
0.390928379301729 0.092991937986075
0.385824564944672 0.092909481347350
0.380733271210710 0.092810109600569
0.375655056417573 0.092694105188647
0.370590477448740 0.092561581402886
0.365540089692367 0.092412577106597
0.360504446980385 0.092247138691268
0.355484101527764 0.092065321939330
0.350479603871957 0.091867198732121
0.345491502812526 0.091652891144607
0.340520345350965 0.091422531961511
0.335566676630708 0.091176264399004
0.330631039877354 0.090914239092328
0.325713976339092 0.090636636399362
0.320816025227350 0.090343676586403
0.315937723657661 0.090035588828852
0.311079606590766 0.089712604843616
0.306242206773949 0.089374959561381
0.301426054682610 0.089022838761127
0.296631678462100 0.088656418419215
0.291859603869799 0.088275879896638
0.287110354217464 0.087881411172931
0.282384450313836 0.087473124516465
0.277682410407536 0.087051038885437
0.273004750130227 0.086615172655905
0.268351982440069 0.086165559812053
0.263724617565473 0.085702251930654
0.259123162949143 0.085225336534436
0.254548123192430 0.084734916169923
0.250000000000000 0.084231108563424
0.245479292124815 0.083714038821450
0.240986495313435 0.083183853063586
0.236522102251661 0.082640713867656
0.232086602510502 0.082084789557557
0.227680482492487 0.081516263425508
0.223304225378328 0.080935344558794
0.218958311073935 0.080342260334810
0.214643216157784 0.079737244919290
0.210359413828661 0.079120523353081
0.206107373853763 0.078492198280278
0.201887562517192 0.077852330117871
0.197700442568813 0.077200990259338
0.193546473173512 0.076538267247664
0.189426109860845 0.075864244314925
0.185339804475081 0.075179024448113
0.181288005125655 0.074482719008130
0.177271156138025 0.073775455439021
0.173289698004947 0.073057372277682
0.169344067338174 0.072328614052751
0.165434696820571 0.071589346387087
0.161562015158670 0.070839701757904
0.157726447035656 0.070079796009918
0.153928413064797 0.069309771427528
0.150168329743317 0.068529812993837
0.146446609406726 0.067740141813950
0.142763660183598 0.066941003996261
0.139119885950819 0.066132657532791
0.135515686289294 0.065315277800178
0.131951456440133 0.064489036236735
0.128427587261303 0.063654143244014
0.124944465184770 0.062810742296285
0.121502472174122 0.061958988034628
0.118101985682679 0.061099062128382
0.114743378612105 0.060231227812111
0.111427019271515 0.059355794308174
0.108153271337080 0.058473085031053
0.104922493812155 0.057583311123175
0.101735040987902 0.056686643780514
0.098591262404443 0.055783262455389
0.095491502812526 0.054873240554488
0.092436102135723 0.053956642372002
0.089425395433148 0.053033612938827
0.086459712862719 0.052104363625466
0.083539379644950 0.051169160708406
0.080664716027288 0.050228314680466
0.077836037248993 0.049282151819969
0.075053653506568 0.048330989553991
0.072317869919747 0.047374877475516
0.069628986498028 0.046413817345899
0.066987298107781 0.045447882400527
0.064393094439905 0.044477234891230
0.061846659978068 0.043502128181124
0.059348273967504 0.042522862584785
0.056898210384393 0.041539851381940
0.054496737905816 0.040553498163177
0.052144119880294 0.039564276366873
0.049840614298903 0.038572465335582
0.047586473766990 0.037578152920837
0.045381945476466 0.036581522905696
0.043227271178700 0.035582909276640
0.041122687158010 0.034582733207980
0.039068424205750 0.033581475530826
0.037064707595003 0.032579760929891
0.035111757055874 0.031578429212033
0.033209786751399 0.030578192073018
0.031359005254054 0.029579207356078
0.029559615522887 0.028581515969882
0.027811814881260 0.027584923278001
0.026115794995207 0.026589502441381
0.024471741852423 0.025595612870301
0.022879835741862 0.024603741238018
0.021340251233966 0.023614572782774
0.019853157161529 0.022629154528414
0.018418716601171 0.021648555584970
0.017037086855466 0.020673349650636
0.015708419435685 0.019703416866849
0.014432860045182 0.018738079315241
0.013210548563420 0.017777136744337
0.012041619030626 0.016820918092904
0.010926199633097 0.015870099994466
0.009864412689139 0.014925702667415
0.008856374635656 0.013989230622879
0.007902196015379 0.013062743760168
0.007001981464748 0.012148137421317
0.006155829702431 0.011246227873347
0.005363833518506 0.010356058887609
0.004626079764278 0.009477590586317
0.003942649342761 0.008611711295209
0.003313617199802 0.007760157463866
0.002739052315863 0.006925827568378
0.002219017698460 0.006112539447220
0.001753570375248 0.005321389115363
0.001342761387771 0.004553124608263
0.000986635785864 0.003810112378235
0.000685232622713 0.003095387555664
0.000438584950571 0.002412734282769
0.000246719817134 0.001765339148291
0.000109658262577 0.001158835763667
0.000027415317244 0.000575415560745
0.000000000000000 0.000000000000000
0.000027415317244 -0.000452335468486
0.000109658262577 -0.000857407622469
0.000246719817134 -0.001281117822904
0.000438584950571 -0.001749998740159
0.000685232622713 -0.002258703020367
0.000986635785864 -0.002779623857781
0.001342761387771 -0.003312978846881
0.001753570375248 -0.003872522692596
0.002219017698460 -0.004457873078640
0.002739052315863 -0.005057471279723
0.003313617199802 -0.005665974344485
0.003942649342761 -0.006283207762922
0.004626079764278 -0.006911172499227
0.005363833518506 -0.007550744031874
0.006155829702431 -0.008198483497975
0.007001981464748 -0.008850893415360
0.007902196015379 -0.009505092015441
0.008856374635656 -0.010158728680919
0.009864412689139 -0.010810031847528
0.010926199633097 -0.011457738382923
0.012041619030626 -0.012101086435012
0.013210548563420 -0.012739855156492
0.014432860045182 -0.013374273557445
0.015708419435684 -0.014005159791237
0.017037086855466 -0.014634015871651
0.018418716601171 -0.015262656008995
0.019853157161528 -0.015892714467579
0.021340251233966 -0.016523851903491
0.022879835741862 -0.017154858834226
0.024471741852423 -0.017784978496703
0.026115794995207 -0.018413666333395
0.027811814881259 -0.019040526787453
0.029559615522887 -0.019665349946044
0.031359005254054 -0.020288178793899
0.033209786751399 -0.020909386570532
0.035111757055874 -0.021529506091299
0.037064707595003 -0.022148822487659
0.039068424205750 -0.022767398949245
0.041122687158009 -0.023384729586030
0.043227271178699 -0.024000382150247
0.045381945476466 -0.024614131414012
0.047586473766990 -0.025225836859116
0.049840614298903 -0.025835422901216
0.052144119880293 -0.026442937596624
0.054496737905816 -0.027048613124531
0.056898210384393 -0.027652680932099
0.059348273967504 -0.028255259976463
0.061846659978068 -0.028856395859166
0.064393094439905 -0.029455779532779
0.066987298107781 -0.030053062032776
0.069628986498028 -0.030648008593250
0.072317869919747 -0.031240470466256
0.075053653506568 -0.031830331823970
0.077836037248992 -0.032417516643384
0.080664716027288 -0.033002000377781
0.083539379644950 -0.033583817028358
0.086459712862719 -0.034163020734840
0.089425395433148 -0.034739460091834
0.092436102135723 -0.035312887580532
0.095491502812526 -0.035883082145179
0.098591262404443 -0.036449856626672
0.101735040987902 -0.037013048287891
0.104922493812155 -0.037572528067744
0.108153271337080 -0.038128203155620
0.111427019271514 -0.038680004805739
0.114743378612105 -0.039227859116384
0.118101985682679 -0.039771711930813
0.121502472174122 -0.040311511862828
0.124944465184770 -0.040847137511578
0.128427587261303 -0.041378464601101
0.131951456440133 -0.041905409262003
0.135515686289294 -0.042427908028812
0.139119885950819 -0.042945932813375
0.142763660183598 -0.043459472352640
0.146446609406726 -0.043968545107049
0.150168329743317 -0.044473194428718
0.153928413064796 -0.044973436926477
0.157726447035656 -0.045469123770664
0.161562015158669 -0.045960089550015
0.165434696820571 -0.046446168828173
0.169344067338174 -0.046927200209460
0.173289698004947 -0.047403038433719
0.177271156138025 -0.047873535263006
0.181288005125655 -0.048338561791784
0.185339804475081 -0.048798006424421
0.189426109860845 -0.049251756183983
0.193546473173511 -0.049699723819896
0.197700442568812 -0.050141837053101
0.201887562517192 -0.050578042961208
0.206107373853763 -0.051008295130359
0.210359413828660 -0.051432572716970
0.214643216157784 -0.051850879812730
0.218958311073935 -0.052263227658470
0.223304225378328 -0.052669645063385
0.227680482492486 -0.053070123057343
0.232086602510501 -0.053464629036294
0.236522102251661 -0.053853134055426
0.240986495313435 -0.054235613605625
0.245479292124814 -0.054611958574182
0.250000000000000 -0.054982014168931
0.254548123192429 -0.055345623053637
0.259123162949142 -0.055702639346959
0.263724617565473 -0.056052931219740
0.268351982440069 -0.056396381741294
0.273004750130227 -0.056732879216349
0.277682410407536 -0.057062319489588
0.282384450313836 -0.057384669949533
0.287110354217464 -0.057699962089519
0.291859603869799 -0.058008235510099
0.296631678462100 -0.058309537809859
0.301426054682609 -0.058603949886553
0.306242206773948 -0.058891585119996
0.311079606590766 -0.059172575285877
0.315937723657661 -0.059447059661315
0.320816025227350 -0.059715150234034
0.325713976339092 -0.059976798205268
0.330631039877354 -0.060231905193566
0.335566676630708 -0.060480376259767
0.340520345350965 -0.060722120669326
0.345491502812526 -0.060956996189632
0.350479603871956 -0.061184807933709
0.355484101527764 -0.061405361139242
0.360504446980385 -0.061618459964082
0.365540089692367 -0.061823912932180
0.370590477448739 -0.062021541863327
0.375655056417572 -0.062211173546425
0.380733271210709 -0.062392636945916
0.385824564944672 -0.062565762700898
0.390928379301728 -0.062730386238132
0.396044154591120 -0.062886344744346
0.401171329810437 -0.063033478408007
0.406309342707137 -0.063171631365719
0.411457629840208 -0.063300647175893
0.416615626641949 -0.063420343108824
0.421782767479884 -0.063530504402710
0.426958485718794 -0.063630918840357
0.432142213782848 -0.063721376871882
0.437333383217848 -0.063801665902725
0.442531424753567 -0.063871527100772
0.447735768366173 -0.063930674083490
0.452945843340743 -0.063978823300983
0.458161078333842 -0.064015693659437
0.463380901436184 -0.064041014730336
0.468604740235343 -0.064054562202910
0.473832021878528 -0.064056131936169
0.479062173135400 -0.064045524126278
0.484294620460935 -0.064022543474904
0.489528790058321 -0.063987018279093
0.494764107941877 -0.063938859176764
0.500000000000000 -0.063878002018565
0.505235892058122 -0.063804387526961
0.510471209941678 -0.063717961958056
0.515705379539064 -0.063618608344255
0.520937826864600 -0.063506024969590
0.526167978121472 -0.063379882664329
0.531395259764656 -0.063239857790326
0.536619098563816 -0.063085634187104
0.541838921666157 -0.062916875765554
0.547054156659257 -0.062733201994811
0.552264231633827 -0.062534235552390
0.557468575246433 -0.062319607615201
0.562666616782152 -0.062088949504465
0.567857786217152 -0.061841649485144
0.573041514281206 -0.061576806050526
0.578217232520115 -0.061293508485035
0.583384373358051 -0.060990865150466
0.588542370159791 -0.060667964886589
0.593690657292862 -0.060323522094430
0.598828670189563 -0.059956000988367
0.603955845408879 -0.059563880780690
0.609071620698271 -0.059145667227514
0.614175435055328 -0.058700097008495
0.619266728789290 -0.058226943406655
0.624344943582427 -0.057726302896346
0.629409522551260 -0.057198284586369
0.634459910307633 -0.056643007012461
0.639495553019614 -0.056060784726916
0.644515898472235 -0.055452254306703
0.649520396128043 -0.054818078766545
0.654508497187474 -0.054158933523993
0.659479654649035 -0.053475557114779
0.664433323369291 -0.052769224686596
0.669368960122646 -0.052041449329587
0.674286023660907 -0.051293741422737
0.679183974772650 -0.050527609437021
0.684062276342339 -0.049744870821696
0.688920393409233 -0.048947784489450
0.693757793226051 -0.048138624123606
0.698573945317390 -0.047319615050254
0.703368321537900 -0.046492828438594
0.708140396130200 -0.045659869728871
0.712889645782536 -0.044822234751254
0.717615549686163 -0.043981386771265
0.722317589592464 -0.043138676565597
0.726995249869773 -0.042294972997277
0.731648017559930 -0.041450986839300
0.736275382434527 -0.040607403606054
0.740876837050857 -0.039764917471289
0.745451876807570 -0.038924280511458
0.750000000000000 -0.038086268740226
0.754520707875185 -0.037251622005119
0.759013504686565 -0.036421050542650
0.763477897748338 -0.035595133671319
0.767913397489498 -0.034774404351888
0.772319517507513 -0.033959383639419
0.776695774621672 -0.033150568496166
0.781041688926065 -0.032348454581055
0.785356783842216 -0.031553518508269
0.789640586171339 -0.030766215996444
0.793892626146236 -0.029986963797235
0.798112437482808 -0.029216150380201
0.802299557431187 -0.028454134358564
0.806453526826488 -0.027701248456633
0.810573890139155 -0.026957693584477
0.814660195524918 -0.026223629903934
0.818711994874345 -0.025499217681406
0.822728843861975 -0.024784609663593
0.826710301995052 -0.024079961285758
0.830655932661826 -0.023385410165910
0.834565303179429 -0.022701091297107
0.838437984841330 -0.022027122760510
0.842273552964344 -0.021363620426111
0.846071586935203 -0.020710700603467
0.849831670256683 -0.020068540528735
0.853553390593274 -0.019437313990289
0.857236339816401 -0.018817165171087
0.860880114049181 -0.018208231381912
0.864484313710706 -0.017610628773629
0.868048543559867 -0.017024464730984
0.871572412738697 -0.016449828431161
0.875055534815230 -0.015886807630719
0.878497527825878 -0.015335456368582
0.881898014317321 -0.014795796097547
0.885256621387894 -0.014267841587459
0.888572980728485 -0.013751563322737
0.891846728662920 -0.013246909780918
0.895077506187845 -0.012753819526894
0.898264959012098 -0.012272235858920
0.901408737595557 -0.011802088468238
0.904508497187474 -0.011343305795020
0.907563897864277 -0.010895815649239
0.910574604566852 -0.010459527966314
0.913540287137281 -0.010034331537813
0.916460620355049 -0.009620093280301
0.919335283972712 -0.009216542626773
0.922163962751007 -0.008823327079654
0.924946346493432 -0.008440115223949
0.927682130080253 -0.008066610166595
0.930371013501972 -0.007702536557480
0.933012701892219 -0.007347619607559
0.935606905560095 -0.007001614819882
0.938153340021932 -0.006664283794833
0.940651726032496 -0.006335409659586
0.943101789615607 -0.006014795958155
0.945503262094184 -0.005702296073817
0.947855880119706 -0.005397943269692
0.950159385701097 -0.005101808731230
0.952413526233010 -0.004813936507726
0.954618054523534 -0.004534364155034
0.956772728821300 -0.004263101545803
0.958877312841991 -0.004000157880988
0.960931575794250 -0.003745511248746
0.962935292404997 -0.003499146772477
0.964888242944126 -0.003261030592008
0.966790213248601 -0.003031094299782
0.968640994745946 -0.002809367110388
0.970440384477113 -0.002596146513046
0.972188185118740 -0.002391732302489
0.973884205004793 -0.002196365775862
0.975528258147577 -0.002010200575663
0.977120164258138 -0.001833327750268
0.978659748766034 -0.001665772765405
0.980146842838471 -0.001507497106149
0.981581283398829 -0.001358417080332
0.982962913144534 -0.001218411674476
0.984291580564316 -0.001087273245168
0.985567139954818 -0.000964854693588
0.986789451436580 -0.000851137933904
0.987958380969374 -0.000746192451530
0.989073800366903 -0.000649993956357
0.990135587310861 -0.000562391711621
0.991143625364344 -0.000483147523089
0.992097803984621 -0.000411949955102
0.992998018535252 -0.000348422723772
0.993844170297569 -0.000292139951151
0.994636166481494 -0.000242636981965
0.995373920235722 -0.000199424868753
0.996057350657239 -0.000162002035437
0.996686382800198 -0.000129858538097
0.997260947684137 -0.000102491846928
0.997780982301540 -0.000079412771858
0.998246429624752 -0.000060154336452
0.998657238612229 -0.000044280250471
0.999013364214136 -0.000031386970832
0.999314767377287 -0.000021116517992
0.999561415049429 -0.000013155646333
0.999753280182866 -0.000007241916028
0.999890341737423 -0.000003168139411
0.999972584682756 -0.000000784420962
1.000000000000000 0.000000000000000
