1.000000000000000 0.000000000000000
0.999972584682756 0.000000979132443
0.999890341737423 0.000003934008230
0.999753280182866 0.000008913586161
0.999561415049429 0.000016001641103
0.999314767377287 0.000025311779374
0.999013364214136 0.000036988669540
0.998657238612229 0.000051205587926
0.998246429624752 0.000068161467308
0.997780982301540 0.000088079766946
0.997260947684137 0.000111202337387
0.996686382800198 0.000137790726551
0.996057350657239 0.000168118445965
0.995373920235722 0.000202468356891
0.994636166481494 0.000241127182624
0.993844170297569 0.000284384495570
0.992998018535252 0.000332519639437
0.992097803984621 0.000385803889358
0.991143625364344 0.000444489530233
0.990135587310861 0.000508807603273
0.989073800366903 0.000578954854360
0.987958380969374 0.000655094225067
0.986789451436580 0.000737339158281
0.985567139954818 0.000825762150004
0.984291580564316 0.000920437722715
0.982962913144534 0.001021544934300
0.981581283398829 0.001129263420072
0.980146842838472 0.001243750068868
0.978659748766034 0.001365139601526
0.977120164258138 0.001493549731924
0.975528258147577 0.001629067194490
0.973884205004793 0.001771747786822
0.972188185118741 0.001921620080614
0.970440384477113 0.002078676377090
0.968640994745946 0.002242852658300
0.966790213248601 0.002414137777029
0.964888242944126 0.002592622614884
0.962935292404997 0.002778413880691
0.960931575794250 0.002971627982497
0.958877312841991 0.003172365795044
0.956772728821300 0.003380717653982
0.954618054523534 0.003596764541162
0.952413526233010 0.003820585737618
0.950159385701097 0.004052244153856
0.947855880119706 0.004291781037311
0.945503262094184 0.004539234061112
0.943101789615607 0.004794688863362
0.940651726032496 0.005058265591028
0.938153340021932 0.005330121016515
0.935606905560095 0.005610428142364
0.933012701892219 0.005899359418896
0.930371013501972 0.006197079689890
0.927682130080253 0.006503762997338
0.924946346493432 0.006819585762325
0.922163962751008 0.007144729087603
0.919335283972712 0.007479380444510
0.916460620355050 0.007823720576088
0.913540287137281 0.008177925872329
0.910574604566852 0.008542170045823
0.907563897864277 0.008916619123201
0.904508497187474 0.009301431307067
0.901408737595557 0.009696771476474
0.898264959012098 0.010102803498596
0.895077506187845 0.010519691960351
0.891846728662920 0.010947599959832
0.888572980728485 0.011386695025810
0.885256621387895 0.011837132699535
0.881898014317321 0.012299065541463
0.878497527825878 0.012772620570036
0.875055534815230 0.013257834725889
0.871572412738697 0.013754725137496
0.868048543559867 0.014263294871866
0.864484313710706 0.014783549766396
0.860880114049181 0.015315479985348
0.857236339816402 0.015859057242514
0.853553390593274 0.016414232437067
0.849831670256683 0.016980946294841
0.846071586935203 0.017559161477551
0.842273552964344 0.018148845413706
0.838437984841330 0.018749971058343
0.834565303179429 0.019362544817041
0.830655932661826 0.019986619873380
0.826710301995053 0.020622247562336
0.822728843861975 0.021269472551289
0.818711994874345 0.021928328317197
0.814660195524919 0.022598840989327
0.810573890139155 0.023281028663375
0.806453526826488 0.023974883246545
0.802299557431188 0.024680380563338
0.798112437482808 0.025397474417475
0.793892626146237 0.026125920604428
0.789640586171339 0.026865329364253
0.785356783842216 0.027615280557872
0.781041688926065 0.028375361807194
0.776695774621672 0.029145184471378
0.772319517507513 0.029924361000309
0.767913397489498 0.030712475837968
0.763477897748339 0.031508981710382
0.759013504686565 0.032313176238465
0.754520707875186 0.033124319978598
0.750000000000000 0.033941626921446
0.745451876807570 0.034763979170446
0.740876837050858 0.035590042566149
0.736275382434527 0.036418417911956
0.731648017559931 0.037247673149378
0.726995249869773 0.038076313871292
0.722317589592464 0.038902798265385
0.717615549686164 0.039725550573423
0.712889645782536 0.040543002743130
0.708140396130201 0.041354095694692
0.703368321537900 0.042158103259777
0.698573945317390 0.042954305594756
0.693757793226052 0.043741962418031
0.688920393409234 0.044520391198428
0.684062276342339 0.045288946955416
0.679183974772650 0.046046992100946
0.674286023660908 0.046793880487447
0.669368960122646 0.047529054954665
0.664433323369292 0.048252163162157
0.659479654649035 0.048962894085214
0.654508497187474 0.049660935412431
0.649520396128043 0.050346002303426
0.644515898472236 0.051017996066246
0.639495553019615 0.051676929244995
0.634459910307633 0.052322812068720
0.629409522551260 0.052955672908411
0.624344943582428 0.053575520104585
0.619266728789291 0.054182306715649
0.614175435055328 0.054775992323343
0.609071620698271 0.055356539360596
0.603955845408880 0.055923918296767
0.598828670189563 0.056478084518994
0.593690657292862 0.057018985537009
0.588542370159792 0.057546570184768
0.583384373358051 0.058060799882749
0.578217232520115 0.058561647110596
0.573041514281206 0.059049147262412
0.567857786217152 0.059523360738946
0.562666616782152 0.059984357233228
0.557468575246433 0.060432210715358
0.552264231633827 0.060867031995564
0.547054156659257 0.061289031807245
0.541838921666158 0.061698443344494
0.536619098563816 0.062095510990790
0.531395259764657 0.062480481720896
0.526167978121472 0.062853569019392
0.520937826864600 0.063214902521227
0.515705379539064 0.063564609013586
0.510471209941678 0.063902817527145
0.505235892058123 0.064229663750375
0.500000000000000 0.064545243548130
0.494764107941877 0.064849592061231
0.489528790058322 0.065142747734596
0.484294620460936 0.065424749420126
0.479062173135400 0.065695641209525
0.473832021878528 0.065955456729674
0.468604740235343 0.066204215666165
0.463380901436184 0.066441940737839
0.458161078333842 0.066668659323840
0.452945843340743 0.066884401100241
0.447735768366173 0.067089172992494
0.442531424753567 0.067282961794235
0.437333383217848 0.067465758421346
0.432142213782848 0.067637558163346
0.426958485718794 0.067798360060333
0.421782767479885 0.067948151875532
0.416615626641949 0.068086918343433
0.411457629840209 0.068214647294962
0.406309342707138 0.068331332750204
0.401171329810437 0.068436970069527
0.396044154591120 0.068531542468767
0.390928379301729 0.068615031384057
0.385824564944672 0.068687424215283
0.380733271210710 0.068748713687422
0.375655056417573 0.068798891364342
0.370590477448740 0.068837935217803
0.365540089692367 0.068865826070079
0.360504446980385 0.068882550612282
0.355484101527764 0.068888101636880
0.350479603871957 0.068882470184163
0.345491502812526 0.068865643551127
0.340520345350965 0.068837615062406
0.335566676630708 0.068798384954924
0.330631039877354 0.068747955912347
0.325713976339092 0.068686306014208
0.320816025227350 0.068613406602788
0.315937723657661 0.068529237500041
0.311079606590766 0.068433786027000
0.306242206773949 0.068327025360179
0.301426054682610 0.068208895028517
0.296631678462100 0.068079342529756
0.291859603869799 0.067938323486725
0.287110354217464 0.067785806258419
0.282384450313836 0.067621774994221
0.277682410407536 0.067446225452967
0.273004750130227 0.067259163343301
0.268351982440069 0.067060606028621
0.263724617565473 0.066850567832562
0.259123162949143 0.066629066608036
0.254548123192430 0.066396129207060
0.250000000000000 0.066151796006829
0.245479292124815 0.065896117216339
0.240986495313435 0.065629162502387
0.236522102251661 0.065351007986109
0.232086602510502 0.065061743197347
0.227680482492487 0.064761402040902
0.223304225378328 0.064449935655131
0.218958311073935 0.064127309568102
0.214643216157784 0.063793500610485
0.210359413828661 0.063448512235456
0.206107373853763 0.063092379928043
0.201887562517192 0.062725149580177
0.197700442568813 0.062346883753046
0.193546473173512 0.061957596537630
0.189426109860845 0.061557271945244
0.185339804475081 0.061145919095615
0.181288005125655 0.060723549669518
0.177271156138025 0.060290111457136
0.173289698004947 0.059845554760338
0.169344067338174 0.059389857363469
0.165434696820571 0.058923039433057
0.161562015158670 0.058445168159499
0.157726447035656 0.057956332859358
0.153928413064797 0.057456623437593
0.150168329743317 0.056946052805000
0.146446609406726 0.056424633576203
0.142763660183598 0.055892404449547
0.139119885950819 0.055349408748295
0.135515686289294 0.054795703722293
0.131951456440133 0.054231379802221
0.128427587261303 0.053656574088183
0.124944465184770 0.053071484316527
0.121502472174122 0.052476326088270
0.118101985682679 0.051871201226577
0.114743378612105 0.051256070157943
0.111427019271515 0.050630920739547
0.108153271337080 0.049995750621878
0.104922493812155 0.049350562933945
0.101735040987902 0.048695404860828
0.098591262404443 0.048030404208911
0.095491502812526 0.047355760144836
0.092436102135723 0.046671703109261
0.089425395433148 0.045978365043638
0.086459712862719 0.045275893012618
0.083539379644950 0.044564424665823
0.080664716027288 0.043844013044005
0.077836037248993 0.043114758051367
0.075053653506568 0.042376827495309
0.072317869919747 0.041630464044657
0.069628986498028 0.040875978660382
0.066987298107781 0.040113812303348
0.064393094439905 0.039344420216459
0.061846659978068 0.038567943275036
0.059348273967504 0.037784356465547
0.056898210384393 0.036993637854366
0.054496737905816 0.036195719336671
0.052144119880294 0.035390646315235
0.049840614298903 0.034578609531981
0.047586473766990 0.033759903642634
0.045381945476466 0.032934974771074
0.043227271178700 0.032104350722803
0.041122687158010 0.031268411036218
0.039068424205750 0.030427477949853
0.037064707595003 0.029581649144144
0.035111757055874 0.028730964780204
0.033209786751399 0.027875712977028
0.031359005254054 0.027016345820404
0.029559615522887 0.026153401003662
0.027811814881260 0.025287568529774
0.026115794995207 0.024419836751226
0.024471741852423 0.023551100709027
0.022879835741862 0.022681747706641
0.021340251233966 0.021811819156536
0.019853157161529 0.020940961154497
0.018418716601171 0.020069221396455
0.017037086855466 0.019197046599286
0.015708419435685 0.018325175071955
0.014432860045182 0.017454612643680
0.013210548563420 0.016586575207501
0.012041619030626 0.015722909899570
0.010926199633097 0.014865179772925
0.009864412689139 0.014012905649731
0.008856374635656 0.013165055982147
0.007902196015379 0.012320652748297
0.007001981464748 0.011479489222161
0.006155829702431 0.010641969025670
0.005363833518506 0.009809009786668
0.004626079764278 0.008982264256919
0.003942649342761 0.008164100815037
0.003313617199802 0.007357903894031
0.002739052315863 0.006567007160403
0.002219017698460 0.005792454552736
0.001753570375248 0.005035807583785
0.001342761387771 0.004299374813115
0.000986635785864 0.003584864458766
0.000685232622713 0.002895357794327
0.000438584950571 0.002237648310511
0.000246719817134 0.001622918703847
0.000109658262577 0.001058930160530
0.000027415317244 0.000529774556307
0.000000000000000 0.000000000000000
0.000027415317244 -0.000529781598116
0.000109658262577 -0.001058961247875
0.000246719817134 -0.001622905970300
0.000438584950571 -0.002237623667631
0.000685232622713 -0.002895375463395
0.000986635785864 -0.003584874587796
0.001342761387771 -0.004299347038374
0.001753570375248 -0.005035799630823
0.002219017698460 -0.005792460274763
0.002739052315863 -0.006567011172366
0.003313617199802 -0.007357910409338
0.003942649342761 -0.008164082675949
0.004626079764278 -0.008982276858715
0.005363833518506 -0.009809009535053
0.006155829702431 -0.010641967192676
0.007001981464748 -0.011479493450686
0.007902196015379 -0.012320656282006
0.008856374635656 -0.013165047819919
0.009864412689139 -0.014012906142233
0.010926199633097 -0.014865189637100
0.012041619030626 -0.015722921454248
0.013210548563420 -0.016586577725618
0.014432860045182 -0.017454611541103
0.015708419435684 -0.018325182020550
0.017037086855466 -0.019197047794622
0.018418716601171 -0.020069217554758
0.019853157161528 -0.020940965593018
0.021340251233966 -0.021811821388412
0.022879835741862 -0.022681748776796
0.024471741852423 -0.023551105835182
0.026115794995207 -0.024419833172650
0.027811814881259 -0.025287571202539
0.029559615522887 -0.026153399829345
0.031359005254054 -0.027016341898863
0.033209786751399 -0.027875709153133
0.035111757055874 -0.028730965073878
0.037064707595003 -0.029581649411198
0.039068424205750 -0.030427481366603
0.041122687158009 -0.031268409054313
0.043227271178699 -0.032104355621547
0.045381945476466 -0.032934977229905
0.047586473766990 -0.033759902362442
0.049840614298903 -0.034578609581652
0.052144119880293 -0.035390647820334
0.054496737905816 -0.036195718427655
0.056898210384393 -0.036993639135263
0.059348273967504 -0.037784359402539
0.061846659978068 -0.038567941424623
0.064393094439905 -0.039344423569837
0.066987298107781 -0.040113813933987
0.069628986498028 -0.040875979866416
0.072317869919747 -0.041630461559908
0.075053653506568 -0.042376828169718
0.077836037248992 -0.043114756287872
0.080664716027288 -0.043844014851944
0.083539379644950 -0.044564425330746
0.086459712862719 -0.045275894496177
0.089425395433148 -0.045978368573169
0.092436102135723 -0.046671703868600
0.095491502812526 -0.047355761822252
0.098591262404443 -0.048030404567553
0.101735040987902 -0.048695407262146
0.104922493812155 -0.049350565196351
0.108153271337080 -0.049995754771290
0.111427019271514 -0.050630924613095
0.114743378612105 -0.051256073347096
0.118101985682679 -0.051871204813702
0.121502472174122 -0.052476326486058
0.124944465184770 -0.053071486567567
0.128427587261303 -0.053656577433326
0.131951456440133 -0.054231380100058
0.135515686289294 -0.054795704850927
0.139119885950819 -0.055349410925929
0.142763660183598 -0.055892404795086
0.146446609406726 -0.056424634545753
0.150168329743317 -0.056946054627220
0.153928413064796 -0.057456625128518
0.157726447035656 -0.057956333359858
0.161562015158669 -0.058445169845323
0.165434696820571 -0.058923042547048
0.169344067338174 -0.059389859324929
0.173289698004947 -0.059845556348564
0.177271156138025 -0.060290113055964
0.181288005125655 -0.060723550177474
0.185339804475081 -0.061145921998599
0.189426109860845 -0.061557274137266
0.193546473173511 -0.061957596599780
0.197700442568812 -0.062346886429727
0.201887562517192 -0.062725151305948
0.206107373853763 -0.063092381131485
0.210359413828660 -0.063448514438345
0.214643216157784 -0.063793501312014
0.218958311073935 -0.064127311242144
0.223304225378328 -0.064449937481968
0.227680482492486 -0.064761402372552
0.232086602510501 -0.065061745156907
0.236522102251661 -0.065351010173776
0.240986495313435 -0.065629163413636
0.245479292124814 -0.065896118660289
0.250000000000000 -0.066151796893031
0.254548123192429 -0.066396131070729
0.259123162949142 -0.066629068093289
0.263724617565473 -0.066850569037321
0.268351982440069 -0.067060607600947
0.273004750130227 -0.067259164706810
0.277682410407536 -0.067446226577472
0.282384450313836 -0.067621776213469
0.287110354217464 -0.067785807682721
0.291859603869799 -0.067938324525059
0.296631678462100 -0.068079343209023
0.301426054682609 -0.068208896399494
0.306242206773948 -0.068327026161607
0.311079606590766 -0.068433787520365
0.315937723657661 -0.068529238727095
0.320816025227350 -0.068613407851997
0.325713976339092 -0.068686307054005
0.330631039877354 -0.068747957206255
0.335566676630708 -0.068798386210703
0.340520345350965 -0.068837616189133
0.345491502812526 -0.068865644655111
0.350479603871956 -0.068882471276450
0.355484101527764 -0.068888102739581
0.360504446980385 -0.068882551704857
0.365540089692367 -0.068865827220685
0.370590477448739 -0.068837936301465
0.375655056417572 -0.068798892445652
0.380733271210709 -0.068748714791852
0.385824564944672 -0.068687425248356
0.390928379301728 -0.068615032316879
0.396044154591120 -0.068531543393872
0.401171329810437 -0.068436971194426
0.406309342707137 -0.068331333730820
0.411457629840208 -0.068214648111018
0.416615626641949 -0.068086919168071
0.421782767479884 -0.067948153102143
0.426958485718794 -0.067798360911066
0.432142213782848 -0.067637558745689
0.437333383217848 -0.067465758946704
0.442531424753567 -0.067282962757678
0.447735768366173 -0.067089173724393
0.452945843340743 -0.066884401732894
0.458161078333842 -0.066668659878766
0.463380901436184 -0.066441941267576
0.468604740235343 -0.066204216831453
0.473832021878528 -0.065955457815590
0.479062173135400 -0.065695641907181
0.484294620460935 -0.065424750221209
0.489528790058321 -0.065142748731558
0.494764107941877 -0.064849593371168
0.500000000000000 -0.064545243894954
0.505235892058122 -0.064229664507044
0.510471209941678 -0.063902818704864
0.515705379539064 -0.063564609629653
0.520937826864600 -0.063214903183462
0.526167978121472 -0.062853569422847
0.531395259764656 -0.062480482515494
0.536619098563816 -0.062095511033890
0.541838921666157 -0.061698443917493
0.547054156659257 -0.061289031857764
0.552264231633827 -0.060867032790432
0.557468575246433 -0.060432211471825
0.562666616782152 -0.059984357763087
0.567857786217152 -0.059523362402768
0.573041514281206 -0.059049148729383
0.578217232520115 -0.058561648299195
0.583384373358051 -0.058060801256137
0.588542370159791 -0.057546572173333
0.593690657292862 -0.057018986384678
0.598828670189563 -0.056478087443073
0.603955845408879 -0.055923920963864
0.609071620698271 -0.055356541942264
0.614175435055328 -0.054775992457742
0.619266728789290 -0.054182306556241
0.624344943582427 -0.053575518540871
0.629409522551260 -0.052955672366196
0.634459910307633 -0.052322810365666
0.639495553019614 -0.051676924825079
0.644515898472235 -0.051017994929073
0.649520396128043 -0.050345998773365
0.654508497187474 -0.049660933005795
0.659479654649035 -0.048962893344774
0.664433323369291 -0.048252164734862
0.669368960122646 -0.047529057386386
0.674286023660907 -0.046793886070674
0.679183974772650 -0.046046999456318
0.684062276342339 -0.045288957228936
0.688920393409233 -0.044520402870735
0.693757793226051 -0.043741977526466
0.698573945317390 -0.042954318694437
0.703368321537900 -0.042158114078014
0.708140396130200 -0.041354101084955
0.712889645782536 -0.040543003447493
0.717615549686163 -0.039725543068070
0.722317589592464 -0.038902781111493
0.726995249869773 -0.038076284431577
0.731648017559930 -0.037247635896001
0.736275382434527 -0.036418374572165
0.740876837050857 -0.035589994392784
0.745451876807570 -0.034763935700176
0.750000000000000 -0.033941589837191
0.754520707875185 -0.033124301937529
0.759013504686565 -0.032313183671114
0.763477897748338 -0.031509019513108
0.767913397489498 -0.030712547530256
0.772319517507513 -0.029924465359768
0.776695774621672 -0.029145315398015
0.781041688926065 -0.028375512767560
0.785356783842216 -0.027615443521214
0.789640586171339 -0.026865485445785
0.793892626146236 -0.026126054535508
0.798112437482808 -0.025397558824371
0.802299557431187 -0.024680389499078
0.806453526826488 -0.023974792789325
0.810573890139155 -0.023280826592813
0.814660195524918 -0.022598526815175
0.818711994874345 -0.021927909636466
0.822728843861975 -0.021268974579529
0.826710301995052 -0.020621701314152
0.830655932661826 -0.019986071077764
0.834565303179429 -0.019362046105660
0.838437984841330 -0.018749597060038
0.842273552964344 -0.018148681875229
0.846071586935203 -0.017559287540320
0.849831670256683 -0.016981414631678
0.853553390593274 -0.016415068349140
0.857236339816401 -0.015860252887389
0.860880114049181 -0.015316984098981
0.864484313710706 -0.014785271809757
0.868048543559867 -0.014265103615597
0.871572412738697 -0.013756462541090
0.875055534815230 -0.013259317295020
0.878497527825878 -0.012773633908324
0.881898014317321 -0.012299367137272
0.885256621387894 -0.011836465285040
0.888572980728485 -0.011384857237451
0.891846728662920 -0.010944464307974
0.895077506187845 -0.010515207090537
0.898264959012098 -0.010096989094976
0.901408737595557 -0.009689717689937
0.904508497187474 -0.009293285462166
0.907563897864277 -0.008907579282744
0.910574604566852 -0.008532485378893
0.913540287137281 -0.008167898453888
0.916460620355049 -0.007813696793136
0.919335283972712 -0.007469698739423
0.922163962751007 -0.007135691203054
0.924946346493432 -0.006811431051291
0.927682130080253 -0.006496656993019
0.930371013501972 -0.006191111770221
0.933012701892219 -0.005894564996069
0.935606905560095 -0.005606789756608
0.938153340021932 -0.005327572712717
0.940651726032496 -0.005056702479091
0.943101789615607 -0.004793962528036
0.945503262094184 -0.004539165493724
0.947855880119706 -0.004292183361280
0.950159385701097 -0.004052933131718
0.952413526233010 -0.003821421058125
0.954618054523534 -0.003597637848196
0.956772728821300 -0.003381544798266
0.958877312841991 -0.003173089357587
0.960931575794250 -0.002972211661088
0.962935292404997 -0.002778840305208
0.964888242944126 -0.002592891682061
0.966790213248601 -0.002414266168468
0.968640994745946 -0.002242865819627
0.970440384477113 -0.002078607884699
0.972188185118740 -0.001921506181879
0.973884205004793 -0.001771609557677
0.975528258147577 -0.001628923477603
0.977120164258138 -0.001493416645496
0.978659748766034 -0.001365024033205
0.980146842838471 -0.001243656586575
0.981581283398829 -0.001129196251450
0.982962913144534 -0.001021502844079
0.984291580564316 -0.000920416853636
0.985567139954818 -0.000825757961235
0.986789451436580 -0.000737347112385
0.987958380969374 -0.000655110069049
0.989073800366903 -0.000578973068025
0.990135587310861 -0.000508825846484
0.991143625364344 -0.000444507807934
0.992097803984621 -0.000385819430475
0.992998018535252 -0.000332531708530
0.993844170297569 -0.000284393307133
0.994636166481494 -0.000241133136016
0.995373920235722 -0.000202471371166
0.996057350657239 -0.000168119356523
0.996686382800198 -0.000137790160694
0.997260947684137 -0.000111200405648
0.997780982301540 -0.000088077150324
0.998246429624752 -0.000068159323296
0.998657238612229 -0.000051202895646
0.999013364214136 -0.000036986821528
0.999314767377287 -0.000025309708794
0.999561415049429 -0.000016000231593
0.999753280182866 -0.000008912935346
0.999890341737423 -0.000003933454903
0.999972584682756 -0.000000979154805
1.000000000000000 0.000000000000000
