1.000000000000000 0.000000000000000
0.999972584682756 0.000007785711031
0.999890341737423 0.000031172843022
0.999753280182866 0.000070240972239
0.999561415049429 0.000125112981010
0.999314767377287 0.000195968124449
0.999013364214136 0.000283029140299
0.998657238612229 0.000386563686688
0.998246429624752 0.000506869615296
0.997780982301540 0.000644274624220
0.997260947684137 0.000799145792958
0.996686382800198 0.000971846026171
0.996057350657239 0.001162762718389
0.995373920235722 0.001372272683872
0.994636166481494 0.001600748446509
0.993844170297569 0.001848537070729
0.992998018535252 0.002115943096011
0.992097803984621 0.002403227227067
0.991143625364344 0.002710588076669
0.990135587310861 0.003038136111686
0.989073800366903 0.003385898093107
0.987958380969374 0.003753777568197
0.986789451436580 0.004141538471892
0.985567139954818 0.004548853290815
0.984291580564316 0.004975407817996
0.982962913144534 0.005420987162535
0.981581283398829 0.005885280264239
0.980146842838472 0.006367866847269
0.978659748766034 0.006868245003766
0.977120164258138 0.007385777325212
0.975528258147577 0.007919704430516
0.973884205004793 0.008469148531061
0.972188185118741 0.009033038321867
0.970440384477113 0.009610249048290
0.968640994745946 0.010199749991787
0.966790213248601 0.010801036671245
0.964888242944126 0.011413807915155
0.962935292404997 0.012037704213400
0.960931575794250 0.012672373754493
0.958877312841991 0.013317507417065
0.956772728821300 0.013972785244737
0.954618054523534 0.014637914998354
0.952413526233010 0.015312606891920
0.950159385701097 0.015996595799558
0.947855880119706 0.016689685462810
0.945503262094184 0.017391746920752
0.943101789615607 0.018102736821444
0.940651726032496 0.018822656248952
0.938153340021932 0.019551539526820
0.935606905560095 0.020289463792175
0.933012701892219 0.021036534280335
0.930371013501972 0.021792938265134
0.927682130080253 0.022558928151472
0.924946346493432 0.023334772355426
0.922163962751008 0.024120590032333
0.919335283972712 0.024916493059573
0.916460620355050 0.025722410303534
0.913540287137281 0.026538240224273
0.910574604566852 0.027363919586697
0.907563897864277 0.028199408533822
0.904508497187474 0.029044698076898
0.901408737595557 0.029899781623109
0.898264959012098 0.030764677757681
0.895077506187845 0.031639369025954
0.891846728662920 0.032523816436531
0.888572980728485 0.033417945867765
0.885256621387895 0.034321543651147
0.881898014317321 0.035234395113587
0.878497527825878 0.036156275716830
0.875055534815230 0.037086996790867
0.871572412738697 0.038026343405019
0.868048543559867 0.038974107342222
0.864484313710706 0.039930059796369
0.860880114049181 0.040893974926717
0.857236339816402 0.041865684299482
0.853553390593274 0.042845012022351
0.849831670256683 0.043831797296187
0.846071586935203 0.044825895098494
0.842273552964344 0.045827166614984
0.838437984841330 0.046835469012797
0.834565303179429 0.047850681765536
0.830655932661826 0.048872681882670
0.826710301995053 0.049901353357604
0.822728843861975 0.050936517036320
0.818711994874345 0.051977955510221
0.814660195524919 0.053025458641765
0.810573890139155 0.054078761956503
0.806453526826488 0.055137559036777
0.802299557431188 0.056201517529515
0.798112437482808 0.057270318947271
0.793892626146237 0.058343656901656
0.789640586171339 0.059421218194385
0.785356783842216 0.060502698974303
0.781041688926065 0.061587736747676
0.776695774621672 0.062675909501272
0.772319517507513 0.063766775882607
0.767913397489498 0.064859897596821
0.763477897748339 0.065954774064441
0.759013504686565 0.067050873880447
0.754520707875186 0.068147669965944
0.750000000000000 0.069244618197517
0.745451876807570 0.070341271865022
0.740876837050858 0.071437203934955
0.736275382434527 0.072531992771600
0.731648017559931 0.073625238584543
0.726995249869773 0.074716828758903
0.722317589592464 0.075806740873023
0.717615549686164 0.076894952818134
0.712889645782536 0.077981469850078
0.708140396130201 0.079066274516233
0.703368321537900 0.080149345844357
0.698573945317390 0.081230682451121
0.693757793226052 0.082310251844965
0.688920393409234 0.083387348333368
0.684062276342339 0.084460606560016
0.679183974772650 0.085528606895335
0.674286023660908 0.086589909685867
0.669368960122646 0.087643027612974
0.664433323369292 0.088686370468027
0.659479654649035 0.089718309985683
0.654508497187474 0.090737214031783
0.649520396128043 0.091741485546669
0.644515898472236 0.092730207156043
0.639495553019615 0.093702896301207
0.634459910307633 0.094659092549007
0.629409522551260 0.095598336465830
0.624344943582428 0.096520194155302
0.619266728789291 0.097424306008882
0.614175435055328 0.098310342521970
0.609071620698271 0.099177967946726
0.603955845408880 0.100026862867773
0.598828670189563 0.100856727840663
0.593690657292862 0.101667276987395
0.588542370159792 0.102458244326110
0.583384373358051 0.103229359776147
0.578217232520115 0.103980368391255
0.573041514281206 0.104711026973622
0.567857786217152 0.105421105364490
0.562666616782152 0.106110384848086
0.557468575246433 0.106778643992363
0.552264231633827 0.107425678842697
0.547054156659257 0.108051276606800
0.541838921666158 0.108655223065543
0.536619098563816 0.109237311150486
0.531395259764657 0.109797346699476
0.526167978121472 0.110335139401537
0.520937826864600 0.110850534421730
0.515705379539064 0.111343391206322
0.510471209941678 0.111813577080735
0.505235892058123 0.112260971447097
0.500000000000000 0.112685463053109
0.494764107941877 0.113086992460011
0.489528790058322 0.113465527442143
0.484294620460936 0.113821046999371
0.479062173135400 0.114153535522102
0.473832021878528 0.114462990969200
0.468604740235343 0.114749443493895
0.463380901436184 0.115012945316290
0.458161078333842 0.115253557089335
0.452945843340743 0.115471348186632
0.447735768366173 0.115666398899258
0.442531424753567 0.115838848841120
0.437333383217848 0.115988868708760
0.432142213782848 0.116116637430857
0.426958485718794 0.116222341875286
0.421782767479885 0.116306165242970
0.416615626641949 0.116368222627194
0.411457629840209 0.116408595023248
0.406309342707138 0.116427371420261
0.401171329810437 0.116424648814892
0.396044154591120 0.116400528330574
0.390928379301729 0.116355089149687
0.385824564944672 0.116288404438529
0.380733271210710 0.116200556839095
0.375655056417573 0.116091635978670
0.370590477448740 0.115961752903698
0.365540089692367 0.115811089990965
0.360504446980385 0.115639859501635
0.355484101527764 0.115448279351281
0.350479603871957 0.115236576484958
0.345491502812526 0.115004984905164
0.340520345350965 0.114753747320139
0.335566676630708 0.114483114739235
0.330631039877354 0.114193344151923
0.325713976339092 0.113884698691472
0.320816025227350 0.113557328880155
0.315937723657661 0.113211205341219
0.311079606590766 0.112846293697074
0.306242206773949 0.112462573918897
0.301426054682610 0.112060036100687
0.296631678462100 0.111638696551276
0.291859603869799 0.111198581784077
0.287110354217464 0.110739736474121
0.282384450313836 0.110262212639413
0.277682410407536 0.109766112466301
0.273004750130227 0.109251624021967
0.268351982440069 0.108718966783098
0.263724617565473 0.108168361813158
0.259123162949143 0.107600045971278
0.254548123192430 0.107014261634624
0.250000000000000 0.106411257513588
0.245479292124815 0.105791296701575
0.240986495313435 0.105154649458925
0.236522102251661 0.104501487206074
0.232086602510502 0.103831866699802
0.227680482492487 0.103145859477254
0.223304225378328 0.102443545511168
0.218958311073935 0.101725035431723
0.214643216157784 0.100990463022849
0.210359413828661 0.100239975881749
0.206107373853763 0.099473746893643
0.201887562517192 0.098691929291926
0.197700442568813 0.097894626008261
0.193546473173512 0.097081950792363
0.189426109860845 0.096254042263295
0.185339804475081 0.095411053044083
0.181288005125655 0.094553154825838
0.177271156138025 0.093680547150508
0.173289698004947 0.092793434310065
0.169344067338174 0.091892022366044
0.165434696820571 0.090976493628179
0.161562015158670 0.090047057715922
0.157726447035656 0.089103930175163
0.153928413064797 0.088147286018231
0.150168329743317 0.087177299694954
0.146446609406726 0.086194163137043
0.142763660183598 0.085198131949176
0.139119885950819 0.084189492613097
0.135515686289294 0.083168575917028
0.131951456440133 0.082135679205685
0.128427587261303 0.081090971202742
0.124944465184770 0.080034602428760
0.121502472174122 0.078966755945376
0.118101985682679 0.077887643839861
0.114743378612105 0.076797501535890
0.111427019271515 0.075696588701118
0.108153271337080 0.074585217353118
0.104922493812155 0.073463728369941
0.101735040987902 0.072332499339134
0.098591262404443 0.071191750542184
0.095491502812526 0.070041603296733
0.092436102135723 0.068882230033251
0.089425395433148 0.067713845729716
0.086459712862719 0.066536725865482
0.083539379644950 0.065351188577039
0.080664716027288 0.064157633151384
0.077836037248993 0.062956511712811
0.075053653506568 0.061748231141877
0.072317869919747 0.060533060055276
0.069628986498028 0.059311257605697
0.066987298107781 0.058083121718865
0.064393094439905 0.056849000392102
0.061846659978068 0.055609294167619
0.059348273967504 0.054364536805529
0.056898210384393 0.053115326021642
0.054496737905816 0.051862208003396
0.052144119880294 0.050605661019099
0.049840614298903 0.049346077889055
0.047586473766990 0.048083466014793
0.045381945476466 0.046817932827791
0.043227271178700 0.045549755536632
0.041122687158010 0.044279328703037
0.039068424205750 0.043007186441629
0.037064707595003 0.041733973279888
0.035111757055874 0.040460345296502
0.033209786751399 0.039186975235551
0.031359005254054 0.037914248959588
0.029559615522887 0.036642358341707
0.027811814881260 0.035371692740810
0.026115794995207 0.034102844582934
0.024471741852423 0.032836503459228
0.022879835741862 0.031573533186919
0.021340251233966 0.030315085388713
0.019853157161529 0.029062408761203
0.018418716601171 0.027816083396069
0.017037086855466 0.026576388725802
0.015708419435685 0.025343170718990
0.014432860045182 0.024116582724763
0.013210548563420 0.022897304694004
0.012041619030626 0.021686279968004
0.010926199633097 0.020484764759470
0.009864412689139 0.019294437887521
0.008856374635656 0.018117433919642
0.007902196015379 0.016954804528208
0.007001981464748 0.015805492121284
0.006155829702431 0.014668583371916
0.005363833518506 0.013543677720690
0.004626079764278 0.012431044912229
0.003942649342761 0.011331617145559
0.003313617199802 0.010247035991467
0.002739052315863 0.009180161662546
0.002219017698460 0.008134815078993
0.001753570375248 0.007113528772431
0.001342761387771 0.006114365607278
0.000986635785864 0.005136633510065
0.000685232622713 0.004181207339486
0.000438584950571 0.003253009562690
0.000246719817134 0.002364303396641
0.000109658262577 0.001534720326755
0.000027415317244 0.000756848032889
0.000000000000000 0.000000000000000
0.000027415317244 -0.000745502023063
0.000109658262577 -0.001451634107871
0.000246719817134 -0.002049630544750
0.000438584950571 -0.002533763155525
0.000685232622713 -0.002959459871308
0.000986635785864 -0.003372298778520
0.001342761387771 -0.003780865913845
0.001753570375248 -0.004179084687292
0.002219017698460 -0.004584943735332
0.002739052315863 -0.005004823144397
0.003313617199802 -0.005427715853636
0.003942649342761 -0.005852407516804
0.004626079764278 -0.006280198300910
0.005363833518506 -0.006711562855544
0.006155829702431 -0.007145937638520
0.007001981464748 -0.007583431037500
0.007902196015379 -0.008024946323288
0.008856374635656 -0.008469189593693
0.009864412689139 -0.008914422086137
0.010926199633097 -0.009359364961719
0.012041619030626 -0.009803093981940
0.013210548563420 -0.010245145749277
0.014432860045182 -0.010685494514928
0.015708419435684 -0.011123419782185
0.017037086855466 -0.011557809926002
0.018418716601171 -0.011987600632195
0.019853157161528 -0.012411948868585
0.021340251233966 -0.012830263898493
0.022879835741862 -0.013242215894677
0.024471741852423 -0.013647709246784
0.026115794995207 -0.014046906505193
0.027811814881259 -0.014440399114811
0.029559615522887 -0.014829135428988
0.031359005254054 -0.015213636433564
0.033209786751399 -0.015594090569137
0.035111757055874 -0.015969989307117
0.037064707595003 -0.016340742522106
0.039068424205750 -0.016706034922366
0.041122687158009 -0.017065654227229
0.043227271178699 -0.017419450306439
0.045381945476466 -0.017767396340458
0.047586473766990 -0.018109586931499
0.049840614298903 -0.018446254643268
0.052144119880293 -0.018777748193721
0.054496737905816 -0.019104205517150
0.056898210384393 -0.019425392440553
0.059348273967504 -0.019741104380792
0.061846659978068 -0.020051181735872
0.064393094439905 -0.020355523523368
0.066987298107781 -0.020654081284528
0.069628986498028 -0.020946873074915
0.072317869919747 -0.021233998972975
0.075053653506568 -0.021515627858030
0.077836037248992 -0.021791924033482
0.080664716027288 -0.022063072817177
0.083539379644950 -0.022329173060628
0.086459712862719 -0.022590153904791
0.089425395433148 -0.022845961751478
0.092436102135723 -0.023096612476651
0.095491502812526 -0.023342174650465
0.098591262404443 -0.023582755035737
0.101735040987902 -0.023818504596560
0.104922493812155 -0.024049609867914
0.108153271337080 -0.024276268905808
0.111427019271514 -0.024498703567309
0.114743378612105 -0.024717093360396
0.118101985682679 -0.024931409168959
0.121502472174122 -0.025141597264551
0.124944465184770 -0.025347628965009
0.128427587261303 -0.025549513066571
0.131951456440133 -0.025747278107272
0.135515686289294 -0.025940977329008
0.139119885950819 -0.026130693757681
0.142763660183598 -0.026316528498831
0.146446609406726 -0.026498551977147
0.150168329743317 -0.026676792564111
0.153928413064796 -0.026851286665060
0.157726447035656 -0.027022054224998
0.161562015158669 -0.027189076389994
0.165434696820571 -0.027352338049147
0.169344067338174 -0.027511841141710
0.173289698004947 -0.027667618815680
0.177271156138025 -0.027819723035193
0.181288005125655 -0.027968209609747
0.185339804475081 -0.028113112300188
0.189426109860845 -0.028254455347051
0.193546473173511 -0.028392272564237
0.197700442568812 -0.028526581336561
0.201887562517192 -0.028657359680372
0.206107373853763 -0.028784589789516
0.210359413828660 -0.028908257903729
0.214643216157784 -0.029028368357282
0.218958311073935 -0.029144937891499
0.223304225378328 -0.029257989180701
0.227680482492486 -0.029367549868789
0.232086602510501 -0.029473637996398
0.236522102251661 -0.029576273984592
0.240986495313435 -0.029675484141782
0.245479292124814 -0.029771298428212
0.250000000000000 -0.029863743583944
0.254548123192429 -0.029952851715034
0.259123162949142 -0.030038660284354
0.263724617565473 -0.030121211990201
0.268351982440069 -0.030200556425258
0.273004750130227 -0.030276749715469
0.277682410407536 -0.030349851781676
0.282384450313836 -0.030419908515465
0.287110354217464 -0.030486899016983
0.291859603869799 -0.030550788560246
0.296631678462100 -0.030611544421160
0.301426054682609 -0.030669136485117
0.306242206773948 -0.030723537367086
0.311079606590766 -0.030774722422103
0.315937723657661 -0.030822668475977
0.320816025227350 -0.030867355171939
0.325713976339092 -0.030908760059355
0.330631039877354 -0.030946859700112
0.335566676630708 -0.030981632490348
0.340520345350965 -0.031013058407634
0.345491502812526 -0.031041119689083
0.350479603871956 -0.031065801716369
0.355484101527764 -0.031087092198869
0.360504446980385 -0.031104980537015
0.365540089692367 -0.031119457534900
0.370590477448739 -0.031130506138678
0.375655056417572 -0.031138101288586
0.380733271210709 -0.031142219130127
0.385824564944672 -0.031142837299900
0.390928379301728 -0.031139930264897
0.396044154591120 -0.031133446995710
0.401171329810437 -0.031123328038729
0.406309342707137 -0.031109514946153
0.411457629840208 -0.031091950443662
0.416615626641949 -0.031070580262408
0.421782767479884 -0.031045355669253
0.426958485718794 -0.031016229804713
0.432142213782848 -0.030983157198702
0.437333383217848 -0.030946093985110
0.442531424753567 -0.030904997708102
0.447735768366173 -0.030859828308835
0.452945843340743 -0.030810546965440
0.458161078333842 -0.030757116489074
0.463380901436184 -0.030699500963532
0.468604740235343 -0.030637663130778
0.473832021878528 -0.030571564255150
0.479062173135400 -0.030501167107416
0.484294620460935 -0.030426437197893
0.489528790058321 -0.030347331106145
0.494764107941877 -0.030263735116534
0.500000000000000 -0.030175503638140
0.505235892058122 -0.030082493255728
0.510471209941678 -0.029984561753499
0.515705379539064 -0.029881571634503
0.520937826864600 -0.029773391669715
0.526167978121472 -0.029659895168735
0.531395259764656 -0.029540958714770
0.536619098563816 -0.029416461069244
0.541838921666157 -0.029286287388577
0.547054156659257 -0.029150334090760
0.552264231633827 -0.029008502564110
0.557468575246433 -0.028860697138276
0.562666616782152 -0.028706826221055
0.567857786217152 -0.028546817003377
0.573041514281206 -0.028380624920217
0.578217232520115 -0.028208210594295
0.583384373358051 -0.028029538205003
0.588542370159791 -0.027844561096780
0.593690657292862 -0.027653009447397
0.598828670189563 -0.027454434292768
0.603955845408879 -0.027248390878814
0.609071620698271 -0.027034443117861
0.614175435055328 -0.026812171710766
0.619266728789290 -0.026581205105412
0.624344943582427 -0.026341193983956
0.629409522551260 -0.026091800230611
0.634459910307633 -0.025832692354282
0.639495553019614 -0.025563290655696
0.644515898472235 -0.025282569906693
0.649520396128043 -0.024989478040244
0.654508497187474 -0.024682988251332
0.659479654649035 -0.024362061948537
0.664433323369291 -0.024025337546716
0.669368960122646 -0.023671315922856
0.674286023660907 -0.023298535203360
0.679183974772650 -0.022905580154342
0.684062276342339 -0.022491581347918
0.688920393409233 -0.022056452685993
0.693757793226051 -0.021600193864415
0.698573945317390 -0.021122812663958
0.703368321537900 -0.020624545457743
0.708140396130200 -0.020106387939190
0.712889645782536 -0.019569494227118
0.717615549686163 -0.019015002860197
0.722317589592464 -0.018444041026430
0.726995249869773 -0.017857686069694
0.731648017559930 -0.017256993417471
0.736275382434527 -0.016643005866364
0.740876837050857 -0.016016887410253
0.745451876807570 -0.015380750758658
0.750000000000000 -0.014737063304314
0.754520707875185 -0.014088230784778
0.759013504686565 -0.013436579864813
0.763477897748338 -0.012784353500577
0.767913397489498 -0.012133710122668
0.772319517507513 -0.011486729386287
0.776695774621672 -0.010845288418013
0.781041688926065 -0.010210845783048
0.785356783842216 -0.009584735365250
0.789640586171339 -0.008968218346437
0.793892626146236 -0.008362186724588
0.798112437482808 -0.007767154169514
0.802299557431187 -0.007183579602909
0.806453526826488 -0.006611927123934
0.810573890139155 -0.006052725106673
0.814660195524918 -0.005506506835756
0.818711994874345 -0.004973756767739
0.822728843861975 -0.004454871402880
0.826710301995052 -0.003950153555042
0.830655932661826 -0.003459879421350
0.834565303179429 -0.002984248398347
0.838437984841330 -0.002523357155351
0.842273552964344 -0.002077267988035
0.846071586935203 -0.001646030618119
0.849831670256683 -0.001229693811401
0.853553390593274 -0.000828291996506
0.857236339816401 -0.000441827320049
0.860880114049181 -0.000070259222505
0.864484313710706 0.000286472528984
0.868048543559867 0.000628406860838
0.871572412738697 0.000955472078693
0.875055534815230 0.001267602989557
0.878497527825878 0.001564743982670
0.881898014317321 0.001846830184902
0.885256621387894 0.002113823041788
0.888572980728485 0.002365725836412
0.891846728662920 0.002602576456659
0.895077506187845 0.002824444234932
0.898264959012098 0.003031436755598
0.901408737595557 0.003223690980404
0.904508497187474 0.003401340353001
0.907563897864277 0.003564501513357
0.910574604566852 0.003713299025779
0.913540287137281 0.003847794808450
0.916460620355049 0.003968060002566
0.919335283972712 0.004074215707573
0.922163962751007 0.004166432815170
0.924946346493432 0.004244913673329
0.927682130080253 0.004309889867220
0.930371013501972 0.004361624322147
0.933012701892219 0.004400412464718
0.935606905560095 0.004426577972228
0.938153340021932 0.004440468391634
0.940651726032496 0.004442447537157
0.943101789615607 0.004432845536943
0.945503262094184 0.004411999598697
0.947855880119706 0.004380280533847
0.950159385701097 0.004338087682600
0.952413526233010 0.004285847552405
0.954618054523534 0.004224009917809
0.956772728821300 0.004153050159964
0.958877312841991 0.004073463899366
0.960931575794250 0.003985760255409
0.962935292404997 0.003890476889328
0.964888242944126 0.003788171371044
0.966790213248601 0.003679358554588
0.968640994745946 0.003564527276296
0.970440384477113 0.003444135395707
0.972188185118740 0.003318664185156
0.973884205004793 0.003188630204715
0.975528258147577 0.003054571448336
0.977120164258138 0.002917044769059
0.978659748766034 0.002776626300664
0.980146842838471 0.002633900813899
0.981581283398829 0.002489470212706
0.982962913144534 0.002343942899566
0.984291580564316 0.002197929163921
0.985567139954818 0.002052052170911
0.986789451436580 0.001906972085945
0.987958380969374 0.001763358340097
0.989073800366903 0.001621851462108
0.990135587310861 0.001483073639190
0.991143625364344 0.001347627793011
0.992097803984621 0.001216082736706
0.992998018535252 0.001088993141206
0.993844170297569 0.000966879993989
0.994636166481494 0.000850242314569
0.995373920235722 0.000739548804403
0.996057350657239 0.000635237118708
0.996686382800198 0.000537723562764
0.997260947684137 0.000447387616983
0.997780982301540 0.000364579098359
0.998246429624752 0.000289616725765
0.998657238612229 0.000222790608777
0.999013364214136 0.000164355336984
0.999314767377287 0.000114531370203
0.999561415049429 0.000073507986023
0.999753280182866 0.000041438441331
0.999890341737423 0.000018444873173
0.999972584682756 0.000004615303314
1.000000000000000 0.000000000000000
