1.000000000000000 0.000000000000000
0.999972584682756 0.000011319451396
0.999890341737423 0.000045312423457
0.999753280182866 0.000102068297192
0.999561415049429 0.000181736488823
0.999314767377287 0.000284530679353
0.999013364214136 0.000410710942239
0.998657238612229 0.000560592761939
0.998246429624752 0.000734505422917
0.997780982301540 0.000932841238295
0.997260947684137 0.001155997382494
0.996686382800198 0.001404372832892
0.996057350657239 0.001678378922442
0.995373920235722 0.001978398087042
0.994636166481494 0.002304769882081
0.993844170297569 0.002657805539985
0.992998018535252 0.003037712925398
0.992097803984621 0.003444630133258
0.991143625364344 0.003878563588764
0.990135587310861 0.004339392289181
0.989073800366903 0.004826783144063
0.987958380969374 0.005340340808213
0.986789451436580 0.005879628002723
0.985567139954818 0.006444282086731
0.984291580564316 0.007033793831465
0.982962913144534 0.007647489014717
0.981581283398829 0.008284578893053
0.980146842838472 0.008944056083474
0.978659748766034 0.009624782260828
0.977120164258138 0.010325380075762
0.975528258147577 0.011044271838034
0.973884205004793 0.011780061462380
0.972188185118741 0.012531451798294
0.970440384477113 0.013297140937165
0.968640994745946 0.014075723889424
0.966790213248601 0.014865648287669
0.964888242944126 0.015665287102911
0.962935292404997 0.016472876067784
0.960931575794250 0.017286494440724
0.958877312841991 0.018104315907197
0.956772728821300 0.018924768926945
0.954618054523534 0.019747099514599
0.952413526233010 0.020570734337749
0.950159385701097 0.021395052282273
0.947855880119706 0.022219505350218
0.945503262094184 0.023043621095030
0.943101789615607 0.023866963273978
0.940651726032496 0.024689151425285
0.938153340021932 0.025509903418245
0.935606905560095 0.026329043188827
0.933012701892219 0.027146517726903
0.930371013501972 0.027962386385753
0.927682130080253 0.028776789646656
0.924946346493432 0.029589930068721
0.922163962751008 0.030402126587722
0.919335283972712 0.031213870302189
0.916460620355050 0.032025720712619
0.913540287137281 0.032838031528901
0.910574604566852 0.033651063858250
0.907563897864277 0.034464901144931
0.904508497187474 0.035279343261195
0.901408737595557 0.036094222092801
0.898264959012098 0.036909465637791
0.895077506187845 0.037725066798876
0.891846728662920 0.038541056222631
0.888572980728485 0.039357499661659
0.885256621387895 0.040174482526630
0.881898014317321 0.040991888596225
0.878497527825878 0.041809482823187
0.875055534815230 0.042627040204994
0.871572412738697 0.043444317090307
0.868048543559867 0.044261060056666
0.864484313710706 0.045077047073362
0.860880114049181 0.045892065696204
0.857236339816402 0.046705922532657
0.853553390593274 0.047518435540974
0.849831670256683 0.048329426324338
0.846071586935203 0.049138736439304
0.842273552964344 0.049946212117593
0.838437984841330 0.050751705625068
0.834565303179429 0.051555093048170
0.830655932661826 0.052356254433523
0.826710301995053 0.053155103417455
0.822728843861975 0.053951570447120
0.818711994874345 0.054745598247249
0.814660195524919 0.055537051454107
0.810573890139155 0.056325695168256
0.806453526826488 0.057111290797706
0.802299557431188 0.057893603712174
0.798112437482808 0.058672377823960
0.793892626146237 0.059447351796352
0.789640586171339 0.060218275670553
0.785356783842216 0.060984909038250
0.781041688926065 0.061747051110375
0.776695774621672 0.062504496167527
0.772319517507513 0.063257054035543
0.767913397489498 0.064004582746652
0.763477897748339 0.064746970326908
0.759013504686565 0.065484120463305
0.754520707875186 0.066215936975121
0.750000000000000 0.066942344791359
0.745451876807570 0.067663269154754
0.740876837050858 0.068378644383661
0.736275382434527 0.069088393988668
0.731648017559931 0.069792275285030
0.726995249869773 0.070489960424423
0.722317589592464 0.071181113319565
0.717615549686164 0.071865405768409
0.712889645782536 0.072542492405321
0.708140396130201 0.073212019316843
0.703368321537900 0.073873637964343
0.698573945317390 0.074526993463657
0.693757793226052 0.075171761029204
0.688920393409234 0.075807660798363
0.684062276342339 0.076434413789378
0.679183974772650 0.077051744056945
0.674286023660908 0.077659386870252
0.669368960122646 0.078257093780368
0.664433323369292 0.078844619798425
0.659479654649035 0.079421728240390
0.654508497187474 0.079988187446337
0.649520396128043 0.080543741505992
0.644515898472236 0.081088119248851
0.639495553019615 0.081621049825302
0.634459910307633 0.082142267857009
0.629409522551260 0.082651506842193
0.624344943582428 0.083148487461183
0.619266728789291 0.083632928149248
0.614175435055328 0.084104551136932
0.609071620698271 0.084563085905602
0.603955845408880 0.085008280059737
0.598828670189563 0.085439940833124
0.593690657292862 0.085857884392862
0.588542370159792 0.086261933706303
0.583384373358051 0.086651917528989
0.578217232520115 0.087027673470567
0.573041514281206 0.087389051648065
0.567857786217152 0.087735908902910
0.562666616782152 0.088068107182916
0.557468575246433 0.088385516889752
0.552264231633827 0.088688051740683
0.547054156659257 0.088975665990050
0.541838921666158 0.089248318861386
0.536619098563816 0.089505978964431
0.531395259764657 0.089748618581204
0.526167978121472 0.089976224211847
0.520937826864600 0.090188791966285
0.515705379539064 0.090386323851601
0.510471209941678 0.090568828882263
0.505235892058123 0.090736323862991
0.500000000000000 0.090888862402669
0.494764107941877 0.091026518513642
0.489528790058322 0.091149372625182
0.484294620460936 0.091257511242492
0.479062173135400 0.091351025699877
0.473832021878528 0.091430002604816
0.468604740235343 0.091494529038437
0.463380901436184 0.091544698402053
0.458161078333842 0.091580609276193
0.452945843340743 0.091602360585999
0.447735768366173 0.091610023939921
0.442531424753567 0.091603663994452
0.437333383217848 0.091583350946170
0.432142213782848 0.091549160490148
0.426958485718794 0.091501169249016
0.421782767479885 0.091439437430881
0.416615626641949 0.091364024698419
0.411457629840209 0.091274996240729
0.406309342707138 0.091172422849832
0.401171329810437 0.091056365421269
0.396044154591120 0.090926841238434
0.390928379301729 0.090783863763600
0.385824564944672 0.090627452226395
0.380733271210710 0.090457633878741
0.375655056417573 0.090274438164415
0.370590477448740 0.090077892775300
0.365540089692367 0.089868033759187
0.360504446980385 0.089644901797452
0.355484101527764 0.089408544200319
0.350479603871957 0.089159002659732
0.345491502812526 0.088896309187324
0.340520345350965 0.088620502802644
0.335566676630708 0.088331631465351
0.330631039877354 0.088029748579926
0.325713976339092 0.087714905659085
0.320816025227350 0.087387153958429
0.315937723657661 0.087046557832349
0.311079606590766 0.086693186594489
0.306242206773949 0.086327114126704
0.301426054682610 0.085948413532918
0.296631678462100 0.085557166954939
0.291859603869799 0.085153466426024
0.287110354217464 0.084737403636561
0.282384450313836 0.084309048371697
0.277682410407536 0.083868472756762
0.273004750130227 0.083415755359731
0.268351982440069 0.082950982426863
0.263724617565473 0.082474215060925
0.259123162949143 0.081985498309934
0.254548123192430 0.081484883093595
0.250000000000000 0.080972434306412
0.245479292124815 0.080448231825889
0.240986495313435 0.079912363442966
0.236522102251661 0.079364931273228
0.232086602510502 0.078806051658336
0.227680482492487 0.078235826618360
0.223304225378328 0.077654350153819
0.218958311073935 0.077061720220718
0.214643216157784 0.076458051523054
0.210359413828661 0.075843478878209
0.206107373853763 0.075218158106368
0.201887562517192 0.074582261976142
0.197700442568813 0.073935967766604
0.193546473173512 0.073279360005589
0.189426109860845 0.072612444470964
0.185339804475081 0.071935251194810
0.181288005125655 0.071247824842642
0.177271156138025 0.070550225696967
0.173289698004947 0.069842538500156
0.169344067338174 0.069124859512476
0.165434696820571 0.068397311670515
0.161562015158670 0.067660022131745
0.157726447035656 0.066913146221179
0.153928413064797 0.066156850728711
0.150168329743317 0.065391294615375
0.146446609406726 0.064616643966366
0.142763660183598 0.063833099945951
0.139119885950819 0.063040906063651
0.135515686289294 0.062240356061829
0.131951456440133 0.061431750466257
0.128427587261303 0.060615299086551
0.124944465184770 0.059791085188358
0.121502472174122 0.058959203962091
0.118101985682679 0.058119732785307
0.114743378612105 0.057272692650928
0.111427019271515 0.056418146111986
0.108153271337080 0.055556201784706
0.104922493812155 0.054687063440404
0.101735040987902 0.053810953760252
0.098591262404443 0.052928074680354
0.095491502812526 0.052038618544957
0.092436102135723 0.051142808077991
0.089425395433148 0.050240849245632
0.086459712862719 0.049332966621333
0.083539379644950 0.048419431927444
0.080664716027288 0.047500591978153
0.077836037248993 0.046576829019463
0.075053653506568 0.045648527197664
0.072317869919747 0.044716083881416
0.069628986498028 0.043779787910740
0.066987298107781 0.042839615578488
0.064393094439905 0.041895594950036
0.061846659978068 0.040947826426966
0.059348273967504 0.039996543152656
0.056898210384393 0.039042038054981
0.054496737905816 0.038084727086393
0.052144119880294 0.037125035324275
0.049840614298903 0.036163348067019
0.047586473766990 0.035199961084418
0.045381945476466 0.034234815930217
0.043227271178700 0.033267879599049
0.041122687158010 0.032299296579846
0.039068424205750 0.031329340981343
0.037064707595003 0.030358331030672
0.035111757055874 0.029386710332851
0.033209786751399 0.028415072760361
0.031359005254054 0.027443951992365
0.029559615522887 0.026473582057811
0.027811814881260 0.025504308239469
0.026115794995207 0.024536630773383
0.024471741852423 0.023571346201919
0.022879835741862 0.022609459929723
0.021340251233966 0.021652105017459
0.019853157161529 0.020700721998409
0.018418716601171 0.019757165983726
0.017037086855466 0.018821750291278
0.015708419435685 0.017893293213565
0.014432860045182 0.016970122519071
0.013210548563420 0.016050683516515
0.012041619030626 0.015133765231683
0.010926199633097 0.014218219804519
0.009864412689139 0.013303014946024
0.008856374635656 0.012387171194850
0.007902196015379 0.011469705728107
0.007001981464748 0.010552227484170
0.006155829702431 0.009639631623702
0.005363833518506 0.008739154400650
0.004626079764278 0.007859340431518
0.003942649342761 0.007009470622675
0.003313617199802 0.006198722374429
0.002739052315863 0.005435743679654
0.002219017698460 0.004727727687339
0.001753570375248 0.004075159531536
0.001342761387771 0.003466427822222
0.000986635785864 0.002893171006368
0.000685232622713 0.002350290797641
0.000438584950571 0.001834393679153
0.000246719817134 0.001342996099072
0.000109658262577 0.000874339654252
0.000027415317244 0.000427053522294
0.000000000000000 0.000000000000000
0.000027415317244 -0.000407596693154
0.000109658262577 -0.000796311761758
0.000246719817134 -0.001171400233740
0.000438584950571 -0.001541870073292
0.000685232622713 -0.001910155294846
0.000986635785864 -0.002275407785924
0.001342761387771 -0.002635887666251
0.001753570375248 -0.002988900435950
0.002219017698460 -0.003330698759528
0.002739052315863 -0.003656207826686
0.003313617199802 -0.003957639321115
0.003942649342761 -0.004226569793140
0.004626079764278 -0.004454928137471
0.005363833518506 -0.004637120479359
0.006155829702431 -0.004769617721680
0.007001981464748 -0.004851226749044
0.007902196015379 -0.004883613868776
0.008856374635656 -0.004871261068573
0.009864412689139 -0.004822250390032
0.010926199633097 -0.004749438787811
0.012041619030626 -0.004668873770946
0.013210548563420 -0.004596136747518
0.014432860045182 -0.004534180754377
0.015708419435684 -0.004481260403328
0.017037086855466 -0.004436650534052
0.018418716601171 -0.004398590176045
0.019853157161528 -0.004364315616039
0.021340251233966 -0.004330301664260
0.022879835741862 -0.004292210712276
0.024471741852423 -0.004244590117393
0.026115794995207 -0.004180265494461
0.027811814881259 -0.004093606013707
0.029559615522887 -0.003982109964071
0.031359005254054 -0.003845674260284
0.033209786751399 -0.003685428914221
0.035111757055874 -0.003502329542693
0.037064707595003 -0.003297693894260
0.039068424205750 -0.003073412083317
0.041122687158009 -0.002831719007114
0.043227271178699 -0.002575257633764
0.045381945476466 -0.002307564924486
0.047586473766990 -0.002032452009709
0.049840614298903 -0.001751480787258
0.052144119880293 -0.001465208576010
0.054496737905816 -0.001173260810556
0.056898210384393 -0.000874994716239
0.059348273967504 -0.000569927767379
0.061846659978068 -0.000257566119445
0.064393094439905 0.000062676736822
0.066987298107781 0.000391486562902
0.069628986498028 0.000729700947197
0.072317869919747 0.001078224449881
0.075053653506568 0.001437492016315
0.077836037248992 0.001807662049244
0.080664716027288 0.002188577463791
0.083539379644950 0.002579736311372
0.086459712862719 0.002980607195015
0.089425395433148 0.003390684110073
0.092436102135723 0.003809420868778
0.095491502812526 0.004236159476619
0.098591262404443 0.004670169757835
0.101735040987902 0.005110697912427
0.104922493812155 0.005556974259020
0.108153271337080 0.006008265630301
0.111427019271514 0.006464314021507
0.114743378612105 0.006925078212924
0.118101985682679 0.007390501430645
0.121502472174122 0.007860486044071
0.124944465184770 0.008334926469639
0.128427587261303 0.008813735729945
0.131951456440133 0.009296830662296
0.135515686289294 0.009784131258398
0.139119885950819 0.010275542134669
0.142763660183598 0.010770941373424
0.146446609406726 0.011270204304072
0.150168329743317 0.011773126115249
0.153928413064796 0.012279439408440
0.157726447035656 0.012788869622968
0.161562015158669 0.013301143860458
0.165434696820571 0.013815984509424
0.169344067338174 0.014333110539685
0.173289698004947 0.014852219761386
0.177271156138025 0.015372993258725
0.181288005125655 0.015895097536072
0.185339804475081 0.016418221874912
0.189426109860845 0.016942126034436
0.193546473173511 0.017466578628161
0.197700442568812 0.017991353703080
0.201887562517192 0.018516229522240
0.206107373853763 0.019041001684229
0.210359413828660 0.019565455444912
0.214643216157784 0.020089374427025
0.218958311073935 0.020612538043599
0.223304225378328 0.021134714013313
0.227680482492486 0.021655677584517
0.232086602510501 0.022175206728511
0.236522102251661 0.022693097969207
0.240986495313435 0.023209148380559
0.245479292124814 0.023723151046246
0.250000000000000 0.024234909844263
0.254548123192429 0.024744227941212
0.259123162949142 0.025250906934083
0.263724617565473 0.025754752829585
0.268351982440069 0.026255565684817
0.273004750130227 0.026753151751714
0.277682410407536 0.027247313964227
0.282384450313836 0.027737855128817
0.287110354217464 0.028224568629065
0.291859603869799 0.028707235775820
0.296631678462100 0.029185639923285
0.301426054682609 0.029659564876785
0.306242206773948 0.030128795877549
0.311079606590766 0.030593118179324
0.315937723657661 0.031052319660827
0.320816025227350 0.031506187368530
0.325713976339092 0.031954507553499
0.330631039877354 0.032397052751506
0.335566676630708 0.032833602926792
0.340520345350965 0.033263930916755
0.345491502812526 0.033687812396387
0.350479603871956 0.034105009166059
0.355484101527764 0.034515269687203
0.360504446980385 0.034918347854750
0.365540089692367 0.035313997152433
0.370590477448739 0.035701967088081
0.375655056417572 0.036082006920218
0.380733271210709 0.036453862423034
0.385824564944672 0.036817283803216
0.390928379301728 0.037172027269830
0.396044154591120 0.037517924153778
0.401171329810437 0.037854869471032
0.406309342707137 0.038182764918356
0.411457629840208 0.038501518313196
0.416615626641949 0.038811039469262
0.421782767479884 0.039111258343386
0.426958485718794 0.039402108403288
0.432142213782848 0.039683530846835
0.437333383217848 0.039955468634215
0.442531424753567 0.040217874441137
0.447735768366173 0.040470716952251
0.452945843340743 0.040713969854284
0.458161078333842 0.040947613023159
0.463380901436184 0.041171628124105
0.468604740235343 0.041386015549023
0.473832021878528 0.041590796103059
0.479062173135400 0.041785996215494
0.484294620460935 0.041971647995427
0.489528790058321 0.042147786547648
0.494764107941877 0.042314446828359
0.500000000000000 0.042471663902789
0.505235892058122 0.042619475804788
0.510471209941678 0.042757924711589
0.515705379539064 0.042887054751929
0.520937826864600 0.043006889178292
0.526167978121472 0.043117438113784
0.531395259764656 0.043218714504573
0.536619098563816 0.043310736910384
0.541838921666157 0.043393527315995
0.547054156659257 0.043467120549409
0.552264231633827 0.043531557726782
0.557468575246433 0.043586884308764
0.562666616782152 0.043633149449361
0.567857786217152 0.043670392733603
0.573041514281206 0.043698611274922
0.578217232520115 0.043717794777119
0.583384373358051 0.043727937535184
0.588542370159791 0.043729037875903
0.593690657292862 0.043721089101559
0.598828670189563 0.043704071717930
0.603955845408879 0.043677968674897
0.609071620698271 0.043642768099013
0.614175435055328 0.043598463031260
0.619266728789290 0.043545065155132
0.624344943582427 0.043482601437919
0.629409522551260 0.043411103462357
0.634459910307633 0.043330607799617
0.639495553019614 0.043241160756864
0.644515898472235 0.043142838567176
0.649520396128043 0.043035729570119
0.654508497187474 0.042919925074381
0.659479654649035 0.042795520529843
0.664433323369291 0.042662619574744
0.669368960122646 0.042521333350666
0.674286023660907 0.042371777765843
0.679183974772650 0.042214072089329
0.684062276342339 0.042048319147757
0.688920393409233 0.041874547115089
0.693757793226051 0.041692766210641
0.698573945317390 0.041502995666174
0.703368321537900 0.041305256457247
0.708140396130200 0.041099555931382
0.712889645782536 0.040885895305847
0.717615549686163 0.040664281450424
0.722317589592464 0.040434728071384
0.726995249869773 0.040197263005012
0.731648017559930 0.039951925601044
0.736275382434527 0.039698761172305
0.740876837050857 0.039437824707532
0.745451876807570 0.039169199599507
0.750000000000000 0.038893004749882
0.754520707875185 0.038609370162652
0.759013504686565 0.038318427845295
0.763477897748338 0.038020315907445
0.767913397489498 0.037715177730797
0.772319517507513 0.037403162563202
0.776695774621672 0.037084422362453
0.781041688926065 0.036759112490491
0.785356783842216 0.036427391294706
0.789640586171339 0.036089420131501
0.793892626146236 0.035745344094546
0.798112437482808 0.035395190527464
0.802299557431187 0.035038946081156
0.806453526826488 0.034676616508405
0.810573890139155 0.034308219823274
0.814660195524918 0.033933789953905
0.818711994874345 0.033553377171920
0.822728843861975 0.033167037341994
0.826710301995052 0.032774839487396
0.830655932661826 0.032376856527499
0.834565303179429 0.031973183504153
0.838437984841330 0.031563939516972
0.842273552964344 0.031149283015835
0.846071586935203 0.030729377029399
0.849831670256683 0.030304405866247
0.853553390593274 0.029874574434579
0.857236339816401 0.029440097673779
0.860880114049181 0.029001190793147
0.864484313710706 0.028558068285582
0.868048543559867 0.028110952078046
0.871572412738697 0.027660089297370
0.875055534815230 0.027205744591327
0.878497527825878 0.026748194045001
0.881898014317321 0.026287578466123
0.885256621387894 0.025823910216742
0.888572980728485 0.025357215572653
0.891846728662920 0.024887507851598
0.895077506187845 0.024414801031435
0.898264959012098 0.023939146955703
0.901408737595557 0.023460620789049
0.904508497187474 0.022979328889648
0.907563897864277 0.022495417374146
0.910574604566852 0.022009058967498
0.913540287137281 0.021520426759375
0.916460620355049 0.021029652982304
0.919335283972712 0.020536866864884
0.922163962751007 0.020042033446864
0.924946346493432 0.019545051624327
0.927682130080253 0.019045897238280
0.930371013501972 0.018544612656314
0.933012701892219 0.018041296100777
0.935606905560095 0.017536074131914
0.938153340021932 0.017029114355174
0.940651726032496 0.016520636558928
0.943101789615607 0.016010889545691
0.945503262094184 0.015500174872132
0.947855880119706 0.014988818102134
0.950159385701097 0.014477089001972
0.952413526233010 0.013965281134032
0.954618054523534 0.013453713399041
0.956772728821300 0.012942743580687
0.958877312841991 0.012432776125030
0.960931575794250 0.011924252942433
0.962935292404997 0.011417640503669
0.964888242944126 0.010913452425162
0.966790213248601 0.010412224722458
0.968640994745946 0.009914513897931
0.970440384477113 0.009420926793115
0.972188185118740 0.008932123516575
0.973884205004793 0.008448961374666
0.975528258147577 0.007972346913966
0.977120164258138 0.007503164438069
0.978659748766034 0.007042241060100
0.980146842838471 0.006590382204661
0.981581283398829 0.006148373169158
0.982962913144534 0.005716957705548
0.984291580564316 0.005296849221090
0.985567139954818 0.004888738391323
0.986789451436580 0.004493264071355
0.987958380969374 0.004111082096384
0.989073800366903 0.003742887898301
0.990135587310861 0.003389417083637
0.991143625364344 0.003051310421469
0.992097803984621 0.002729150909701
0.992998018535252 0.002423444572728
0.993844170297569 0.002134639765219
0.994636166481494 0.001863123987674
0.995373920235722 0.001609237028745
0.996057350657239 0.001373271151564
0.996686382800198 0.001155463786198
0.997260947684137 0.000956038706411
0.997780982301540 0.000775177055844
0.998246429624752 0.000613015625628
0.998657238612229 0.000469684569506
0.999013364214136 0.000345285812656
0.999314767377287 0.000239904993090
0.999561415049429 0.000153601435608
0.999753280182866 0.000086428973828
0.999890341737423 0.000038419897201
0.999972584682756 0.000009605839568
1.000000000000000 0.000000000000000
