1.000000000000000 0.000000000000000
0.999972584682756 0.000006312877295
0.999890341737423 0.000025292142714
0.999753280182866 0.000057030277610
0.999561415049429 0.000101699105305
0.999314767377287 0.000159518246251
0.999013364214136 0.000230780868262
0.998657238612229 0.000315815511600
0.998246429624752 0.000415023038132
0.997780982301540 0.000528823109260
0.997260947684137 0.000657680828632
0.996686382800198 0.000802089813880
0.996057350657239 0.000962544450386
0.995373920235722 0.001139551332628
0.994636166481494 0.001333603916004
0.993844170297569 0.001545183631286
0.992998018535252 0.001774707871472
0.992097803984621 0.002022567149640
0.991143625364344 0.002289061017250
0.990135587310861 0.002574395152445
0.989073800366903 0.002878677566733
0.987958380969374 0.003201869561462
0.986789451436580 0.003543792462456
0.985567139954818 0.003904066422347
0.984291580564316 0.004282239750216
0.982962913144534 0.004678101549771
0.981581283398829 0.005091440450468
0.980146842838472 0.005521969593140
0.978659748766034 0.005969298249370
0.977120164258138 0.006432937361199
0.975528258147577 0.006912259377576
0.973884205004793 0.007406536975875
0.972188185118741 0.007914908211943
0.970440384477113 0.008436345341747
0.968640994745946 0.008969634138959
0.966790213248601 0.009513981288956
0.964888242944126 0.010068910205523
0.962935292404997 0.010634114970793
0.960931575794250 0.011209313976075
0.958877312841991 0.011794200998434
0.956772728821300 0.012388480758926
0.954618054523534 0.012991880127245
0.952413526233010 0.013604133421788
0.950159385701097 0.014224984761524
0.947855880119706 0.014854180457544
0.945503262094184 0.015491545779296
0.943101789615607 0.016137090196491
0.940651726032496 0.016790900563163
0.938153340021932 0.017453133873517
0.935606905560095 0.018123994345552
0.933012701892219 0.018803741668807
0.930371013501972 0.019492693281322
0.927682130080253 0.020191224005415
0.924946346493432 0.020899764220188
0.922163962751008 0.021618845143325
0.919335283972712 0.022349016987790
0.916460620355050 0.023090469410592
0.913540287137281 0.023843231320723
0.910574604566852 0.024607310302171
0.907563897864277 0.025382714921103
0.904508497187474 0.026169444774914
0.901408737595557 0.026967522599702
0.898264959012098 0.027776982148552
0.895077506187845 0.028597871163120
0.891846728662920 0.029430258137475
0.888572980728485 0.030274190980705
0.885256621387895 0.031129643404303
0.881898014317321 0.031996584027239
0.878497527825878 0.032874956047192
0.875055534815230 0.033764674788346
0.871572412738697 0.034665654717293
0.868048543559867 0.035577817831636
0.864484313710706 0.036501090240709
0.860880114049181 0.037435387901775
0.857236339816402 0.038380630310521
0.853553390593274 0.039336730085810
0.849831670256683 0.040303580090587
0.846071586935203 0.041280998815582
0.842273552964344 0.042268779172027
0.838437984841330 0.043266698367054
0.834565303179429 0.044274534058935
0.830655932661826 0.045292062705305
0.826710301995053 0.046319035377727
0.822728843861975 0.047355209553856
0.818711994874345 0.048400330815939
0.814660195524919 0.049454133272913
0.810573890139155 0.050516341162833
0.806453526826488 0.051586678744647
0.802299557431188 0.052664863794046
0.798112437482808 0.053750598744666
0.793892626146237 0.054843590913137
0.789640586171339 0.055943528026061
0.785356783842216 0.057050105243698
0.781041688926065 0.058162992807959
0.776695774621672 0.059281848349186
0.772319517507513 0.060406322618518
0.767913397489498 0.061536062552310
0.763477897748339 0.062670617063792
0.759013504686565 0.063809508261578
0.754520707875186 0.064952229678373
0.750000000000000 0.066098284614305
0.745451876807570 0.067247190119191
0.740876837050858 0.068398466288451
0.736275382434527 0.069551630430523
0.731648017559931 0.070706151276704
0.726995249869773 0.071861331700214
0.722317589592464 0.073016408499948
0.717615549686164 0.074170610160889
0.712889645782536 0.075323143802106
0.708140396130201 0.076473206596425
0.703368321537900 0.077619987976681
0.698573945317390 0.078762662662732
0.693757793226052 0.079900365782904
0.688920393409234 0.081032015631979
0.684062276342339 0.082156362519866
0.679183974772650 0.083272143584961
0.674286023660908 0.084378058723496
0.669368960122646 0.085472564283832
0.664433323369292 0.086553671733745
0.659479654649035 0.087619324678014
0.654508497187474 0.088667465987577
0.649520396128043 0.089696090250283
0.644515898472236 0.090703678043578
0.639495553019615 0.091688890994516
0.634459910307633 0.092650400346463
0.629409522551260 0.093586862050596
0.624344943582428 0.094497160325498
0.619266728789291 0.095380560714406
0.614175435055328 0.096236377642573
0.609071620698271 0.097063932064053
0.603955845408880 0.097862575933490
0.598828670189563 0.098632028614665
0.593690657292862 0.099372316354933
0.588542370159792 0.100083483917135
0.583384373358051 0.100765585890737
0.578217232520115 0.101418762178928
0.573041514281206 0.102043737458544
0.567857786217152 0.102641523196907
0.562666616782152 0.103213141526717
0.557468575246433 0.103759634708724
0.552264231633827 0.104281970711007
0.547054156659257 0.104780733202010
0.541838921666158 0.105256384161090
0.536619098563816 0.105709392463552
0.531395259764657 0.106140238250947
0.526167978121472 0.106549400835294
0.520937826864600 0.106937321152213
0.515705379539064 0.107304441196089
0.510471209941678 0.107651204183111
0.505235892058123 0.107978067803596
0.500000000000000 0.108285373566310
0.494764107941877 0.108573011403704
0.489528790058322 0.108840763650979
0.484294620460936 0.109088421225871
0.479062173135400 0.109315783669507
0.473832021878528 0.109522651751991
0.468604740235343 0.109708810617616
0.463380901436184 0.109874046292475
0.458161078333842 0.110018153743710
0.452945843340743 0.110140939166065
0.447735768366173 0.110242347090204
0.442531424753567 0.110322815982032
0.437333383217848 0.110382899603361
0.432142213782848 0.110423156008696
0.426958485718794 0.110444146009200
0.421782767479885 0.110446394510173
0.416615626641949 0.110430298596237
0.411457629840209 0.110396232127046
0.406309342707138 0.110344572994870
0.401171329810437 0.110275702965725
0.396044154591120 0.110189869829386
0.390928379301729 0.110086957346975
0.385824564944672 0.109966795793556
0.380733271210710 0.109829225842278
0.375655056417573 0.109674099499078
0.370590477448740 0.109501316354768
0.365540089692367 0.109310857725354
0.360504446980385 0.109102720527021
0.355484101527764 0.108876912453401
0.350479603871957 0.108633450947964
0.345491502812526 0.108372415275217
0.340520345350965 0.108093949487725
0.335566676630708 0.107798207688507
0.330631039877354 0.107485352268242
0.325713976339092 0.107155544803109
0.320816025227350 0.106808900330129
0.315937723657661 0.106445511157014
0.311079606590766 0.106065479728215
0.306242206773949 0.105668917399997
0.301426054682610 0.105255913313685
0.296631678462100 0.104826489151272
0.291859603869799 0.104380661161461
0.287110354217464 0.103918459408363
0.282384450313836 0.103439929090302
0.277682410407536 0.102945137703580
0.273004750130227 0.102434176572025
0.268351982440069 0.101907153090917
0.263724617565473 0.101364178402366
0.259123162949143 0.100805386862295
0.254548123192430 0.100230924849594
0.250000000000000 0.099640953277663
0.245479292124815 0.099035644796641
0.240986495313435 0.098415178680439
0.236522102251661 0.097779720981999
0.232086602510502 0.097129444178224
0.227680482492487 0.096464536187225
0.223304225378328 0.095785174692388
0.218958311073935 0.095091437279522
0.214643216157784 0.094383378019517
0.210359413828661 0.093661056244652
0.206107373853763 0.092924566089128
0.201887562517192 0.092174031903535
0.197700442568813 0.091409603170178
0.193546473173512 0.090631455734031
0.189426109860845 0.089839758373752
0.185339804475081 0.089034648834311
0.181288005125655 0.088216268479347
0.177271156138025 0.087384778836259
0.173289698004947 0.086540362117426
0.169344067338174 0.085683233075870
0.165434696820571 0.084813637836739
0.161562015158670 0.083931823441159
0.157726447035656 0.083038011738619
0.153928413064797 0.082132401291003
0.150168329743317 0.081215203377498
0.146446609406726 0.080286625211866
0.142763660183598 0.079346727107348
0.139119885950819 0.078395604175122
0.135515686289294 0.077433360667083
0.131951456440133 0.076460199008754
0.128427587261303 0.075476361806580
0.124944465184770 0.074482120334510
0.121502472174122 0.073477688904176
0.118101985682679 0.072463253224321
0.114743378612105 0.071439014717603
0.111427019271515 0.070405163861258
0.108153271337080 0.069361871146691
0.104922493812155 0.068309330085200
0.101735040987902 0.067247815482631
0.098591262404443 0.066177674309512
0.095491502812526 0.065099285737504
0.092436102135723 0.064012973584030
0.089425395433148 0.062918979627810
0.086459712862719 0.061817582019156
0.083539379644950 0.060708953336545
0.080664716027288 0.059593265680101
0.077836037248993 0.058470737577217
0.075053653506568 0.057341675984715
0.072317869919747 0.056206461387111
0.069628986498028 0.055065538225287
0.066987298107781 0.053919388751387
0.064393094439905 0.052768467247836
0.061846659978068 0.051612895442801
0.059348273967504 0.050452747554603
0.056898210384393 0.049288145930066
0.054496737905816 0.048119330130391
0.052144119880294 0.046946611583240
0.049840614298903 0.045770377038259
0.047586473766990 0.044591138247830
0.045381945476466 0.043409439373045
0.043227271178700 0.042225884158521
0.041122687158010 0.041040763675075
0.039068424205750 0.039854187350494
0.037064707595003 0.038666461131685
0.035111757055874 0.037478030058689
0.033209786751399 0.036289417217026
0.031359005254054 0.035101299129492
0.029559615522887 0.033914588529385
0.027811814881260 0.032730433258115
0.026115794995207 0.031549462019731
0.024471741852423 0.030371857806749
0.022879835741862 0.029197023135526
0.021340251233966 0.028024149609382
0.019853157161529 0.026852864930631
0.018418716601171 0.025683077421939
0.017037086855466 0.024514847104819
0.015708419435685 0.023348536986520
0.014432860045182 0.022184687083453
0.013210548563420 0.021024176399216
0.012041619030626 0.019868490325977
0.010926199633097 0.018720149323312
0.009864412689139 0.017582114964287
0.008856374635656 0.016457699845855
0.007902196015379 0.015350634448693
0.007001981464748 0.014265060398073
0.006155829702431 0.013205349451888
0.005363833518506 0.012176282557015
0.004626079764278 0.011183850047631
0.003942649342761 0.010229366646099
0.003313617199802 0.009308323300001
0.002739052315863 0.008412701351006
0.002219017698460 0.007537083941206
0.001753570375248 0.006677344221423
0.001342761387771 0.005830071233891
0.000986635785864 0.004992379332592
0.000685232622713 0.004161850894233
0.000438584950571 0.003336041925669
0.000246719817134 0.002512006085548
0.000109658262577 0.001683955875212
0.000027415317244 0.000845402025330
0.000000000000000 0.000000000000000
0.000027415317244 -0.000845858529970
0.000109658262577 -0.001685966723776
0.000246719817134 -0.002514593441647
0.000438584950571 -0.003325876865185
0.000685232622713 -0.004113973562070
0.000986635785864 -0.004873277804761
0.001342761387771 -0.005597824337435
0.001753570375248 -0.006285195210556
0.002219017698460 -0.006940099748159
0.002739052315863 -0.007569045576844
0.003313617199802 -0.008176169465510
0.003942649342761 -0.008764898230176
0.004626079764278 -0.009338500125448
0.005363833518506 -0.009900281710820
0.006155829702431 -0.010453723032516
0.007001981464748 -0.011003014167156
0.007902196015379 -0.011553600605499
0.008856374635656 -0.012111840877236
0.009864412689139 -0.012683840784014
0.010926199633097 -0.013271394139381
0.012041619030626 -0.013871307369897
0.013210548563420 -0.014481101920415
0.014432860045182 -0.015098660688881
0.015708419435684 -0.015721604244708
0.017037086855466 -0.016347639827219
0.018418716601171 -0.016974670756496
0.019853157161528 -0.017600714628149
0.021340251233966 -0.018223986989536
0.022879835741862 -0.018842957188977
0.024471741852423 -0.019456540715904
0.026115794995207 -0.020064212504472
0.027811814881259 -0.020665629067172
0.029559615522887 -0.021260622585338
0.031359005254054 -0.021849206814461
0.033209786751399 -0.022431610230906
0.035111757055874 -0.023008194107578
0.037064707595003 -0.023579567530640
0.039068424205750 -0.024146734243357
0.041122687158009 -0.024710770191498
0.043227271178699 -0.025272049016715
0.045381945476466 -0.025830685238722
0.047586473766990 -0.026386129136386
0.049840614298903 -0.026937714745951
0.052144119880293 -0.027485026180272
0.054496737905816 -0.028027763446458
0.056898210384393 -0.028565672026149
0.059348273967504 -0.029098537530381
0.061846659978068 -0.029626280573580
0.064393094439905 -0.030148923239131
0.066987298107781 -0.030666450218577
0.069628986498028 -0.031178748974836
0.072317869919747 -0.031685731363488
0.075053653506568 -0.032187332139620
0.077836037248992 -0.032683525202175
0.080664716027288 -0.033174352609957
0.083539379644950 -0.033659908223011
0.086459712862719 -0.034140382450611
0.089425395433148 -0.034616081309157
0.092436102135723 -0.035087368112507
0.095491502812526 -0.035554405048470
0.098591262404443 -0.036017202669562
0.101735040987902 -0.036475766904239
0.104922493812155 -0.036929973340933
0.108153271337080 -0.037379673050455
0.111427019271514 -0.037824765307583
0.114743378612105 -0.038265216487924
0.118101985682679 -0.038701029468769
0.121502472174122 -0.039132224958953
0.124944465184770 -0.039558849241311
0.128427587261303 -0.039980964967934
0.131951456440133 -0.040398557155539
0.135515686289294 -0.040811504441742
0.139119885950819 -0.041219696486864
0.142763660183598 -0.041623041718382
0.146446609406726 -0.042021463534386
0.150168329743317 -0.042414902410450
0.153928413064796 -0.042803319803055
0.157726447035656 -0.043186699516337
0.161562015158669 -0.043565048038371
0.165434696820571 -0.043938366041933
0.169344067338174 -0.044306604520802
0.173289698004947 -0.044669708399067
0.177271156138025 -0.045027633537864
0.181288005125655 -0.045380344189392
0.185339804475081 -0.045727799619800
0.189426109860845 -0.046069978116771
0.193546473173511 -0.046406871512525
0.197700442568812 -0.046738489905119
0.201887562517192 -0.047064858007433
0.206107373853763 -0.047386012961594
0.210359413828660 -0.047701940311852
0.214643216157784 -0.048012575849824
0.218958311073935 -0.048317860415969
0.223304225378328 -0.048617739355448
0.227680482492486 -0.048912173537655
0.232086602510501 -0.049201131506929
0.236522102251661 -0.049484590216863
0.240986495313435 -0.049762533449311
0.245479292124814 -0.050034923214019
0.250000000000000 -0.050301720769701
0.254548123192429 -0.050562895235576
0.259123162949142 -0.050818412540690
0.263724617565473 -0.051068200151639
0.268351982440069 -0.051312164913199
0.273004750130227 -0.051550222913014
0.277682410407536 -0.051782293240291
0.282384450313836 -0.052008305183312
0.287110354217464 -0.052228199307742
0.291859603869799 -0.052441920989787
0.296631678462100 -0.052649419345597
0.301426054682609 -0.052850671482393
0.306242206773948 -0.053045682723476
0.311079606590766 -0.053234468375885
0.315937723657661 -0.053417048283724
0.320816025227350 -0.053593454150295
0.325713976339092 -0.053763737767800
0.330631039877354 -0.053927962773608
0.335566676630708 -0.054086197208033
0.340520345350965 -0.054238512671902
0.345491502812526 -0.054384916338079
0.350479603871956 -0.054525360962227
0.355484101527764 -0.054659799499760
0.360504446980385 -0.054788188644866
0.365540089692367 -0.054910482037448
0.370590477448739 -0.055026611391977
0.375655056417572 -0.055136504756995
0.380733271210709 -0.055240092359137
0.385824564944672 -0.055337306878011
0.390928379301728 -0.055428068413107
0.396044154591120 -0.055512273990985
0.401171329810437 -0.055589820853685
0.406309342707137 -0.055660607241542
0.411457629840208 -0.055724534097889
0.416615626641949 -0.055781485618398
0.421782767479884 -0.055831333720578
0.426958485718794 -0.055873951629125
0.432142213782848 -0.055909214656260
0.437333383217848 -0.055936999225442
0.442531424753567 -0.055957170770747
0.447735768366173 -0.055969590484334
0.452945843340743 -0.055974122171355
0.458161078333842 -0.055970632187824
0.463380901436184 -0.055958986829415
0.468604740235343 -0.055939040755039
0.473832021878528 -0.055910646777183
0.479062173135400 -0.055873660711694
0.484294620460935 -0.055827941914606
0.489528790058321 -0.055773348148399
0.494764107941877 -0.055709724284359
0.500000000000000 -0.055636915206295
0.505235892058122 -0.055554770191635
0.510471209941678 -0.055463141538653
0.515705379539064 -0.055361896334164
0.520937826864600 -0.055250928065166
0.526167978121472 -0.055130139426294
0.531395259764656 -0.054999436277123
0.536619098563816 -0.054858728389340
0.541838921666157 -0.054707841241454
0.547054156659257 -0.054546458370008
0.552264231633827 -0.054374256655385
0.557468575246433 -0.054190918668746
0.562666616782152 -0.053996130945205
0.567857786217152 -0.053789513913772
0.573041514281206 -0.053570613984417
0.578217232520115 -0.053338985037575
0.583384373358051 -0.053094190245337
0.588542370159791 -0.052835785717249
0.593690657292862 -0.052563165236012
0.598828670189563 -0.052275629093273
0.603955845408879 -0.051972492257640
0.609071620698271 -0.051653084666384
0.614175435055328 -0.051316676738249
0.619266728789290 -0.050962242482917
0.624344943582427 -0.050588686755570
0.629409522551260 -0.050194940157454
0.634459910307633 -0.049779956820815
0.639495553019614 -0.049342899408537
0.644515898472235 -0.048883238732310
0.649520396128043 -0.048400485851982
0.654508497187474 -0.047894176097198
0.659479654649035 -0.047363894026725
0.664433323369291 -0.046809516208556
0.669368960122646 -0.046231063646346
0.674286023660907 -0.045628569486577
0.679183974772650 -0.045002078302853
0.684062276342339 -0.044351647703107
0.688920393409233 -0.043677333991576
0.693757793226051 -0.042979207816500
0.698573945317390 -0.042257358057153
0.703368321537900 -0.041511900612808
0.708140396130200 -0.040743054530841
0.712889645782536 -0.039951059624741
0.717615549686163 -0.039136164097403
0.722317589592464 -0.038298653289133
0.726995249869773 -0.037438894445162
0.731648017559930 -0.036557298993048
0.736275382434527 -0.035654288325571
0.740876837050857 -0.034730493581257
0.745451876807570 -0.033787982971429
0.750000000000000 -0.032829393847547
0.754520707875185 -0.031857323558775
0.759013504686565 -0.030874291212441
0.763477897748338 -0.029882629183122
0.767913397489498 -0.028884574344447
0.772319517507513 -0.027882311390486
0.776695774621672 -0.026878038368610
0.781041688926065 -0.025874082741917
0.785356783842216 -0.024872724076092
0.789640586171339 -0.023876157977829
0.793892626146236 -0.022886591798809
0.798112437482808 -0.021906220814761
0.802299557431187 -0.020937133894409
0.806453526826488 -0.019981356967874
0.810573890139155 -0.019040868242301
0.814660195524918 -0.018117559658010
0.818711994874345 -0.017213178534677
0.822728843861975 -0.016328928215138
0.826710301995052 -0.015465655855116
0.830655932661826 -0.014624133240770
0.834565303179429 -0.013804788574481
0.838437984841330 -0.013007649757043
0.842273552964344 -0.012232709142407
0.846071586935203 -0.011479976395110
0.849831670256683 -0.010749526323765
0.853553390593274 -0.010041410366133
0.857236339816401 -0.009355633673865
0.860880114049181 -0.008692155756603
0.864484313710706 -0.008050897887929
0.868048543559867 -0.007431786388234
0.871572412738697 -0.006834749172438
0.875055534815230 -0.006259701759405
0.878497527825878 -0.005706523473226
0.881898014317321 -0.005175067464307
0.885256621387894 -0.004665157969032
0.888572980728485 -0.004176607215891
0.891846728662920 -0.003709196500921
0.895077506187845 -0.003262681137225
0.898264959012098 -0.002836771200694
0.901408737595557 -0.002431166500844
0.904508497187474 -0.002045620684388
0.907563897864277 -0.001679921811165
0.910574604566852 -0.001333854372200
0.913540287137281 -0.001007230308513
0.916460620355049 -0.000699836322632
0.919335283972712 -0.000411406633086
0.922163962751007 -0.000141646477000
0.924946346493432 0.000109772693150
0.927682130080253 0.000343194813118
0.930371013501972 0.000559002385019
0.933012701892219 0.000757607243656
0.935606905560095 0.000939432524792
0.938153340021932 0.001104890828957
0.940651726032496 0.001254383727801
0.943101789615607 0.001388254405151
0.945503262094184 0.001506869095745
0.947855880119706 0.001610640440155
0.950159385701097 0.001700012548400
0.952413526233010 0.001775454268490
0.954618054523534 0.001837461123218
0.956772728821300 0.001886552742943
0.958877312841991 0.001923271143190
0.960931575794250 0.001948177776496
0.962935292404997 0.001961853723535
0.964888242944126 0.001964893912319
0.966790213248601 0.001957892054103
0.968640994745946 0.001941448728590
0.970440384477113 0.001916174298750
0.972188185118740 0.001882690107981
0.973884205004793 0.001841627122254
0.975528258147577 0.001793622710823
0.977120164258138 0.001739318897754
0.978659748766034 0.001679361919916
0.980146842838471 0.001614396881537
0.981581283398829 0.001545067806987
0.982962913144534 0.001472016498654
0.984291580564316 0.001395880680182
0.985567139954818 0.001317257277373
0.986789451436580 0.001236690144611
0.987958380969374 0.001154725770968
0.989073800366903 0.001071912272143
0.990135587310861 0.000988808205676
0.991143625364344 0.000905962907299
0.992097803984621 0.000823928564300
0.992998018535252 0.000743244828618
0.993844170297569 0.000664441463901
0.994636166481494 0.000588033911181
0.995373920235722 0.000514519642282
0.996057350657239 0.000444375460850
0.996686382800198 0.000378055764128
0.997260947684137 0.000315985139300
0.997780982301540 0.000258564578537
0.998246429624752 0.000206158711906
0.998657238612229 0.000159104719982
0.999013364214136 0.000117702717634
0.999314767377287 0.000082217121900
0.999561415049429 0.000052871073134
0.999753280182866 0.000029849988257
0.999890341737423 0.000013301035252
0.999972584682756 0.000003330360540
1.000000000000000 0.000000000000000
