1.000000000000000 0.000000000000000
0.999972584682756 0.000010358152585
0.999890341737423 0.000041482468685
0.999753280182866 0.000093482929014
0.999561415049429 0.000166574016572
0.999314767377287 0.000261026697113
0.999013364214136 0.000377204662475
0.998657238612229 0.000515520624487
0.998246429624752 0.000676471051128
0.997780982301540 0.000860603661071
0.997260947684137 0.001068503259081
0.996686382800198 0.001300817744541
0.996057350657239 0.001558207946155
0.995373920235722 0.001841364802679
0.994636166481494 0.002150977033685
0.993844170297569 0.002487725363072
0.992998018535252 0.002852268796303
0.992097803984621 0.003245222407883
0.991143625364344 0.003667133619717
0.990135587310861 0.004118457081135
0.989073800366903 0.004599558406764
0.987958380969374 0.005110657313177
0.986789451436580 0.005651821539363
0.985567139954818 0.006222943884197
0.984291580564316 0.006824020394466
0.982962913144534 0.007455136109380
0.981581283398829 0.008116265268952
0.980146842838472 0.008807283741006
0.978659748766034 0.009527910176127
0.977120164258138 0.010277693896294
0.975528258147577 0.011056049929289
0.973884205004793 0.011862187727432
0.972188185118741 0.012695126590513
0.970440384477113 0.013553666677299
0.968640994745946 0.014436741784320
0.966790213248601 0.015343562692519
0.964888242944126 0.016273260150264
0.962935292404997 0.017224885718578
0.960931575794250 0.018197360805479
0.958877312841991 0.019189506948764
0.956772728821300 0.020200027242280
0.954618054523534 0.021227444553877
0.952413526233010 0.022270224842118
0.950159385701097 0.023326893374613
0.947855880119706 0.024396345800444
0.945503262094184 0.025478183437055
0.943101789615607 0.026572058921000
0.940651726032496 0.027677562327730
0.938153340021932 0.028794335516322
0.935606905560095 0.029922066276997
0.933012701892219 0.031060460238684
0.930371013501972 0.032209252669848
0.927682130080253 0.033368234390671
0.924946346493432 0.034537313641500
0.922163962751008 0.035716455625197
0.919335283972712 0.036905774581837
0.916460620355050 0.038105454986070
0.913540287137281 0.039315687998374
0.910574604566852 0.040536732954889
0.907563897864277 0.041768956246922
0.904508497187474 0.043012835004922
0.901408737595557 0.044268797779226
0.898264959012098 0.045537097504099
0.895077506187845 0.046817939516308
0.891846728662920 0.048111313440389
0.888572980728485 0.049417060690515
0.885256621387895 0.050735040261005
0.881898014317321 0.052065204597871
0.878497527825878 0.053407522544533
0.875055534815230 0.054761961365431
0.871572412738697 0.056128494381079
0.868048543559867 0.057507035800926
0.864484313710706 0.058896768631490
0.860880114049181 0.060296072093091
0.857236339816402 0.061703225310153
0.853553390593274 0.063116463211035
0.849831670256683 0.064534005481746
0.846071586935203 0.065953978623364
0.842273552964344 0.067374322864875
0.838437984841330 0.068792840331259
0.834565303179429 0.070207221507306
0.830655932661826 0.071614525016453
0.826710301995053 0.073010954865910
0.822728843861975 0.074392538828644
0.818711994874345 0.075754970899698
0.814660195524919 0.077093063308386
0.810573890139155 0.078401371435222
0.806453526826488 0.079674606651288
0.802299557431188 0.080910547851964
0.798112437482808 0.082109160961566
0.793892626146237 0.083270452290354
0.789640586171339 0.084395425831329
0.785356783842216 0.085488638028029
0.781041688926065 0.086555584347884
0.776695774621672 0.087601915631509
0.772319517507513 0.088632850055102
0.767913397489498 0.089652582896551
0.763477897748339 0.090665336987550
0.759013504686565 0.091675470105735
0.754520707875186 0.092686042268659
0.750000000000000 0.093698031755692
0.745451876807570 0.094712269451012
0.740876837050858 0.095729619210747
0.736275382434527 0.096751155399206
0.731648017559931 0.097778296571853
0.726995249869773 0.098812535440095
0.722317589592464 0.099855425931074
0.717615549686164 0.100907071916789
0.712889645782536 0.101963359681685
0.708140396130201 0.103019328061711
0.703368321537900 0.104069877454610
0.698573945317390 0.105109761358161
0.693757793226052 0.106133360591563
0.688920393409234 0.107134861237447
0.684062276342339 0.108108366639247
0.679183974772650 0.109047992735165
0.674286023660908 0.109950651557741
0.669368960122646 0.110816934416054
0.664433323369292 0.111647675977357
0.659479654649035 0.112443741056488
0.654508497187474 0.113206036574386
0.649520396128043 0.113935675443410
0.644515898472236 0.114633871494711
0.639495553019615 0.115301860992227
0.634459910307633 0.115940904705970
0.629409522551260 0.116552218615797
0.624344943582428 0.117136835505487
0.619266728789291 0.117695786755702
0.614175435055328 0.118230127069550
0.609071620698271 0.118740925805440
0.603955845408880 0.119229166043143
0.598828670189563 0.119695696889431
0.593690657292862 0.120141372427121
0.588542370159792 0.120567063893038
0.583384373358051 0.120973630776999
0.578217232520115 0.121361316540635
0.573041514281206 0.121729723411425
0.567857786217152 0.122078432403256
0.562666616782152 0.122407028484389
0.557468575246433 0.122715116796652
0.552264231633827 0.123002513649153
0.547054156659257 0.123269230552725
0.541838921666158 0.123515289131323
0.536619098563816 0.123740722934754
0.531395259764657 0.123945581481142
0.526167978121472 0.124130132855875
0.520937826864600 0.124294831670843
0.515705379539064 0.124440148140305
0.510471209941678 0.124566560055361
0.505235892058123 0.124674542731564
0.500000000000000 0.124764338569084
0.494764107941877 0.124835973910336
0.489528790058322 0.124889472868170
0.484294620460936 0.124924867004551
0.479062173135400 0.124942190211223
0.473832021878528 0.124941366410824
0.468604740235343 0.124922203972609
0.463380901436184 0.124884513161605
0.458161078333842 0.124828112319440
0.452945843340743 0.124752833275396
0.447735768366173 0.124658667206932
0.442531424753567 0.124545790213943
0.437333383217848 0.124414393051164
0.432142213782848 0.124264673954277
0.426958485718794 0.124096837882503
0.421782767479885 0.123911107614198
0.416615626641949 0.123707728807684
0.411457629840209 0.123486952063888
0.406309342707138 0.123249035021751
0.401171329810437 0.122994233662940
0.396044154591120 0.122722631676117
0.390928379301729 0.122434126851511
0.385824564944672 0.122128617193495
0.380733271210710 0.121806008904459
0.375655056417573 0.121466219363290
0.370590477448740 0.121109202034656
0.365540089692367 0.120734944550051
0.360504446980385 0.120343439421088
0.355484101527764 0.119934694099229
0.350479603871957 0.119508749917760
0.345491502812526 0.119065916897811
0.340520345350965 0.118606651179482
0.335566676630708 0.118131415897646
0.330631039877354 0.117640674245097
0.325713976339092 0.117134841131497
0.320816025227350 0.116614118396933
0.315937723657661 0.116078661933611
0.311079606590766 0.115528632363731
0.306242206773949 0.114964188537541
0.301426054682610 0.114384994384447
0.296631678462100 0.113789948117599
0.291859603869799 0.113177933206884
0.287110354217464 0.112547862515184
0.282384450313836 0.111898752308091
0.277682410407536 0.111230123510506
0.273004750130227 0.110541711895466
0.268351982440069 0.109833281878449
0.263724617565473 0.109104646045112
0.259123162949143 0.108356733180946
0.254548123192430 0.107591873005749
0.250000000000000 0.106812435162658
0.245479292124815 0.106020739644830
0.240986495313435 0.105218948155716
0.236522102251661 0.104408875582067
0.232086602510502 0.103592231458650
0.227680482492487 0.102770690885846
0.223304225378328 0.101945328017031
0.218958311073935 0.101114809458955
0.214643216157784 0.100277247822246
0.210359413828661 0.099430826354201
0.206107373853763 0.098573792852046
0.201887562517192 0.097704359525520
0.197700442568813 0.096820780118255
0.193546473173512 0.095921402519765
0.189426109860845 0.095005048451809
0.185339804475081 0.094071870086142
0.181288005125655 0.093122292722953
0.177271156138025 0.092156778239113
0.173289698004947 0.091176046326987
0.169344067338174 0.090181270993318
0.165434696820571 0.089173643392756
0.161562015158670 0.088154316640502
0.157726447035656 0.087124194381978
0.153928413064797 0.086084028418074
0.150168329743317 0.085034571440527
0.146446609406726 0.083976308305733
0.142763660183598 0.082909162350495
0.139119885950819 0.081833022893147
0.135515686289294 0.080747818575698
0.131951456440133 0.079653620267457
0.128427587261303 0.078550533454130
0.124944465184770 0.077438717223474
0.121502472174122 0.076318328181401
0.118101985682679 0.075189507577885
0.114743378612105 0.074052459681248
0.111427019271515 0.072907367246170
0.108153271337080 0.071754443188291
0.104922493812155 0.070593918427099
0.101735040987902 0.069426087690987
0.098591262404443 0.068251313839067
0.095491502812526 0.067069977951886
0.092436102135723 0.065882425617292
0.089425395433148 0.064688986132562
0.086459712862719 0.063489975387074
0.083539379644950 0.062285596880423
0.080664716027288 0.061075975460912
0.077836037248993 0.059861346733888
0.075053653506568 0.058641996588592
0.072317869919747 0.057418293487064
0.069628986498028 0.056190682723844
0.066987298107781 0.054959681092779
0.064393094439905 0.053725758126764
0.061846659978068 0.052489028864270
0.059348273967504 0.051249592568998
0.056898210384393 0.050007569053448
0.054496737905816 0.048763100628740
0.052144119880294 0.047516460757251
0.049840614298903 0.046267985193642
0.047586473766990 0.045018135919156
0.045381945476466 0.043767434371106
0.043227271178700 0.042516489914670
0.041122687158010 0.041265783906302
0.039068424205750 0.040015830522512
0.037064707595003 0.038767235589556
0.035111757055874 0.037520702465726
0.033209786751399 0.036277033562790
0.031359005254054 0.035037173641522
0.029559615522887 0.033802250429615
0.027811814881260 0.032573486458357
0.026115794995207 0.031351821746680
0.024471741852423 0.030137573447945
0.022879835741862 0.028929297986779
0.021340251233966 0.027725547014859
0.019853157161529 0.026525380120858
0.018418716601171 0.025328094765534
0.017037086855466 0.024133199966017
0.015708419435685 0.022940570392290
0.014432860045182 0.021750188710309
0.013210548563420 0.020562207566642
0.012041619030626 0.019378800573452
0.010926199633097 0.018203823567297
0.009864412689139 0.017042150450584
0.008856374635656 0.015898831015856
0.007902196015379 0.014779070908189
0.007001981464748 0.013688229710597
0.006155829702431 0.012631641661068
0.005363833518506 0.011614756243233
0.004626079764278 0.010642736797958
0.003942649342761 0.009718137349063
0.003313617199802 0.008832457349368
0.002739052315863 0.007976024773016
0.002219017698460 0.007142068837881
0.001753570375248 0.006325368244724
0.001342761387771 0.005521762612843
0.000986635785864 0.004727982287769
0.000685232622713 0.003941259155575
0.000438584950571 0.003158917393692
0.000246719817134 0.002378304692278
0.000109658262577 0.001594687620938
0.000027415317244 0.000800780277846
0.000000000000000 0.000000000000000
0.000027415317244 -0.000800455580256
0.000109658262577 -0.001594061818184
0.000246719817134 -0.002373724398542
0.000438584950571 -0.003132885531221
0.000685232622713 -0.003865128145602
0.000986635785864 -0.004564559423954
0.001342761387771 -0.005223768648108
0.001753570375248 -0.005841488477126
0.002219017698460 -0.006422281521851
0.002739052315863 -0.006972592448116
0.003313617199802 -0.007496808919953
0.003942649342761 -0.007998270189173
0.004626079764278 -0.008480252335195
0.005363833518506 -0.008946070793972
0.006155829702431 -0.009399519303843
0.007001981464748 -0.009844605198456
0.007902196015379 -0.010286797386162
0.008856374635656 -0.010733943065646
0.009864412689139 -0.011192232581942
0.010926199633097 -0.011662993915834
0.012041619030626 -0.012144962964057
0.013210548563420 -0.012635162881037
0.014432860045182 -0.013131298758813
0.015708419435684 -0.013631130641821
0.017037086855466 -0.014132158026825
0.018418716601171 -0.014631976479473
0.019853157161528 -0.015128233755927
0.021340251233966 -0.015618638538508
0.022879835741862 -0.016101197936172
0.024471741852423 -0.016574597888449
0.026115794995207 -0.017038172984045
0.027811814881259 -0.017491838921844
0.029559615522887 -0.017935580693673
0.031359005254054 -0.018369554425822
0.033209786751399 -0.018794157287798
0.035111757055874 -0.019210006926348
0.037064707595003 -0.019617894860955
0.039068424205750 -0.020018934198808
0.041122687158009 -0.020414632580393
0.043227271178699 -0.020806115397899
0.045381945476466 -0.021193216722737
0.047586473766990 -0.021575567828488
0.049840614298903 -0.021952625840493
0.052144119880293 -0.022323888843988
0.054496737905816 -0.022688986815020
0.056898210384393 -0.023047607097157
0.059348273967504 -0.023399494565375
0.061846659978068 -0.023744456071319
0.064393094439905 -0.024082389830010
0.066987298107781 -0.024413254448502
0.069628986498028 -0.024736983165773
0.072317869919747 -0.025053503113150
0.075053653506568 -0.025362800480445
0.077836037248992 -0.025664919379326
0.080664716027288 -0.025959961284590
0.083539379644950 -0.026248080355010
0.086459712862719 -0.026529484118754
0.089425395433148 -0.026804494418222
0.092436102135723 -0.027073541982138
0.095491502812526 -0.027337044521197
0.098591262404443 -0.027595066224730
0.101735040987902 -0.027847589821766
0.104922493812155 -0.028094560073952
0.108153271337080 -0.028335843957439
0.111427019271514 -0.028571316579807
0.114743378612105 -0.028800904435518
0.118101985682679 -0.029024574249353
0.121502472174122 -0.029242316256976
0.124944465184770 -0.029454135992583
0.128427587261303 -0.029660060355539
0.131951456440133 -0.029860129431598
0.135515686289294 -0.030054361099980
0.139119885950819 -0.030242779819582
0.142763660183598 -0.030425425638581
0.146446609406726 -0.030602359204601
0.150168329743317 -0.030773658998322
0.153928413064796 -0.030939427480093
0.157726447035656 -0.031099809430474
0.161562015158669 -0.031254986661331
0.165434696820571 -0.031405157872063
0.169344067338174 -0.031550417423835
0.173289698004947 -0.031690730653137
0.177271156138025 -0.031826066280501
0.181288005125655 -0.031956386736176
0.185339804475081 -0.032081615488294
0.189426109860845 -0.032201674857404
0.193546473173511 -0.032316492708980
0.197700442568812 -0.032426019261584
0.201887562517192 -0.032530225302807
0.206107373853763 -0.032629087296331
0.210359413828660 -0.032722567281989
0.214643216157784 -0.032810535058623
0.218958311073935 -0.032892837566895
0.223304225378328 -0.032969323831122
0.227680482492486 -0.033039834214716
0.232086602510501 -0.033104193242923
0.236522102251661 -0.033162223915339
0.240986495313435 -0.033213749771895
0.245479292124814 -0.033258615022109
0.250000000000000 -0.033296692033682
0.254548123192429 -0.033327857570260
0.259123162949142 -0.033351992675435
0.263724617565473 -0.033369048479177
0.268351982440069 -0.033379071233687
0.273004750130227 -0.033382121437853
0.277682410407536 -0.033378267846576
0.282384450313836 -0.033367580910262
0.287110354217464 -0.033350127413490
0.291859603869799 -0.033325980174853
0.296631678462100 -0.033295219851133
0.301426054682609 -0.033257934866818
0.306242206773948 -0.033214223523541
0.311079606590766 -0.033164191598055
0.315937723657661 -0.033107952171264
0.320816025227350 -0.033045627663678
0.325713976339092 -0.032977363194533
0.330631039877354 -0.032903322723125
0.335566676630708 -0.032823676688160
0.340520345350965 -0.032738603973990
0.345491502812526 -0.032648248967538
0.350479603871956 -0.032552681689575
0.355484101527764 -0.032451965228236
0.360504446980385 -0.032346166207634
0.365540089692367 -0.032235350625422
0.370590477448739 -0.032119516970270
0.375655056417572 -0.031998622399357
0.380733271210709 -0.031872625052360
0.385824564944672 -0.031741484788445
0.390928379301728 -0.031605158501097
0.396044154591120 -0.031463588496318
0.401171329810437 -0.031316713820610
0.406309342707137 -0.031164475285836
0.411457629840208 -0.031006815329011
0.416615626641949 -0.030843621789090
0.421782767479884 -0.030674692831036
0.426958485718794 -0.030499817576256
0.432142213782848 -0.030318786411728
0.437333383217848 -0.030131391513021
0.442531424753567 -0.029937453306964
0.447735768366173 -0.029736818925895
0.452945843340743 -0.029529337131634
0.458161078333842 -0.029314860229551
0.463380901436184 -0.029093249429529
0.468604740235343 -0.028864456975344
0.473832021878528 -0.028628487815967
0.479062173135400 -0.028385349536639
0.484294620460935 -0.028135051768556
0.489528790058321 -0.027877609670005
0.494764107941877 -0.027613048316375
0.500000000000000 -0.027341398160706
0.505235892058122 -0.027062692535327
0.510471209941678 -0.026776967647758
0.515705379539064 -0.026484329118301
0.520937826864600 -0.026185117901151
0.526167978121472 -0.025879732192007
0.531395259764656 -0.025568569541302
0.536619098563816 -0.025252030653878
0.541838921666157 -0.024930518322831
0.547054156659257 -0.024604435478605
0.552264231633827 -0.024274186268584
0.557468575246433 -0.023940174771707
0.562666616782152 -0.023602797305520
0.567857786217152 -0.023262191362394
0.573041514281206 -0.022918158555365
0.578217232520115 -0.022570477036133
0.583384373358051 -0.022218933583736
0.588542370159791 -0.021863316140872
0.593690657292862 -0.021503457544186
0.598828670189563 -0.021139216512659
0.603955845408879 -0.020770454380592
0.609071620698271 -0.020397040913810
0.614175435055328 -0.020018742852457
0.619266728789290 -0.019634830087795
0.624344943582427 -0.019244436001166
0.629409522551260 -0.018846713966194
0.634459910307633 -0.018440827485262
0.639495553019614 -0.018025840163243
0.644515898472235 -0.017600635489044
0.649520396128043 -0.017164108289696
0.654508497187474 -0.016715174034879
0.659479654649035 -0.016252856990952
0.664433323369291 -0.015776793655799
0.669368960122646 -0.015286895594277
0.674286023660907 -0.014783093194430
0.679183974772650 -0.014265325276520
0.684062276342339 -0.013733767628313
0.688920393409233 -0.013188895598484
0.693757793226051 -0.012631209209465
0.698573945317390 -0.012061213150974
0.703368321537900 -0.011479417339090
0.708140396130200 -0.010886380033356
0.712889645782536 -0.010282668906515
0.717615549686163 -0.009668842717215
0.722317589592464 -0.009045561019133
0.726995249869773 -0.008414056746415
0.731648017559930 -0.007775724641523
0.736275382434527 -0.007131936871223
0.740876837050857 -0.006484020442082
0.745451876807570 -0.005833172214475
0.750000000000000 -0.005180519737490
0.754520707875185 -0.004527163822623
0.759013504686565 -0.003874196548531
0.763477897748338 -0.003222800404462
0.767913397489498 -0.002574153389738
0.772319517507513 -0.001929404856289
0.776695774621672 -0.001289670543711
0.781041688926065 -0.000656100227186
0.785356783842216 -0.000029801695285
0.789640586171339 0.000588167590261
0.793892626146236 0.001196816520778
0.798112437482808 0.001795229406540
0.802299557431187 0.002382533014025
0.806453526826488 0.002957893024423
0.810573890139155 0.003520422061485
0.814660195524918 0.004069263547349
0.818711994874345 0.004603610703029
0.822728843861975 0.005122667838669
0.826710301995052 0.005625653793740
0.830655932661826 0.006111841537690
0.834565303179429 0.006580572459027
0.838437984841330 0.007031259027905
0.842273552964344 0.007463367149639
0.846071586935203 0.007876425952466
0.849831670256683 0.008270009874166
0.853553390593274 0.008643750033672
0.857236339816401 0.008997336415020
0.860880114049181 0.009330521759869
0.864484313710706 0.009643119091991
0.868048543559867 0.009934982285236
0.871572412738697 0.010206021459924
0.875055534815230 0.010456188796495
0.878497527825878 0.010685476121362
0.881898014317321 0.010893915187532
0.885256621387894 0.011081576667056
0.888572980728485 0.011248595501539
0.891846728662920 0.011395171027383
0.895077506187845 0.011521520420950
0.898264959012098 0.011627742904549
0.901408737595557 0.011713903751226
0.904508497187474 0.011780074531865
0.907563897864277 0.011826278478761
0.910574604566852 0.011852588040266
0.913540287137281 0.011859156309442
0.916460620355049 0.011846204193357
0.919335283972712 0.011814000636578
0.922163962751007 0.011762857195175
0.924946346493432 0.011693137808773
0.927682130080253 0.011605258901112
0.930371013501972 0.011499680753342
0.933012701892219 0.011376888176582
0.935606905560095 0.011237390919654
0.938153340021932 0.011081631951230
0.940651726032496 0.010910032550570
0.943101789615607 0.010723073363541
0.945503262094184 0.010521295109029
0.947855880119706 0.010305279787729
0.950159385701097 0.010075652613020
0.952413526233010 0.009833080476815
0.954618054523534 0.009578270218106
0.956772728821300 0.009311971983141
0.958877312841991 0.009034965699191
0.960931575794250 0.008748053700753
0.962935292404997 0.008452074657718
0.964888242944126 0.008147995149701
0.966790213248601 0.007836887831934
0.968640994745946 0.007519962110536
0.970440384477113 0.007198386983835
0.972188185118740 0.006873294111730
0.973884205004793 0.006545792334149
0.975528258147577 0.006216972561803
0.977120164258138 0.005887898879437
0.978659748766034 0.005559608110106
0.980146842838471 0.005233109550742
0.981581283398829 0.004909387985034
0.982962913144534 0.004589401127188
0.984291580564316 0.004274086147097
0.985567139954818 0.003964354618858
0.986789451436580 0.003661157044336
0.987958380969374 0.003365391261986
0.989073800366903 0.003077920581743
0.990135587310861 0.002799550898625
0.991143625364344 0.002531041816419
0.992097803984621 0.002273121667323
0.992998018535252 0.002026452816379
0.993844170297569 0.001791668754636
0.994636166481494 0.001569359864343
0.995373920235722 0.001360069842037
0.996057350657239 0.001164301886642
0.996686382800198 0.000982522256468
0.997260947684137 0.000815151578815
0.997780982301540 0.000662573552362
0.998246429624752 0.000525138978683
0.998657238612229 0.000403154595755
0.999013364214136 0.000296894681530
0.999314767377287 0.000206581928903
0.999561415049429 0.000132426634443
0.999753280182866 0.000074583353787
0.999890341737423 0.000033179488174
0.999972584682756 0.000008298734648
1.000000000000000 0.000000000000000
