1.000000000000000 0.000000000000000
0.999972584682756 0.000007482643298
0.999890341737423 0.000029954620066
0.999753280182866 0.000067506986319
0.999561415049429 0.000120291457442
0.999314767377287 0.000188508073630
0.999013364214136 0.000272421287398
0.998657238612229 0.000372320758486
0.998246429624752 0.000488565306640
0.997780982301540 0.000621521358766
0.997260947684137 0.000771600230291
0.996686382800198 0.000939218995012
0.996057350657239 0.001124805720196
0.995373920235722 0.001328772748066
0.994636166481494 0.001551525447037
0.993844170297569 0.001793427931602
0.992998018535252 0.002054782767642
0.992097803984621 0.002335842574836
0.991143625364344 0.002636766897094
0.990135587310861 0.002957602630233
0.989073800366903 0.003298286107487
0.987958380969374 0.003658589012404
0.986789451436580 0.004038100689639
0.985567139954818 0.004436330272561
0.984291580564316 0.004852815559364
0.982962913144534 0.005287180423771
0.981581283398829 0.005738913835467
0.980146842838472 0.006207381513801
0.978659748766034 0.006691807591187
0.977120164258138 0.007191264265665
0.975528258147577 0.007704688195470
0.973884205004793 0.008230831352985
0.972188185118741 0.008768196183925
0.970440384477113 0.009315320795418
0.968640994745946 0.009871113339658
0.966790213248601 0.010434936947359
0.964888242944126 0.011006398326746
0.962935292404997 0.011585029801595
0.960931575794250 0.012170355987235
0.958877312841991 0.012761965716604
0.956772728821300 0.013359465514569
0.954618054523534 0.013962483674321
0.952413526233010 0.014570667788716
0.950159385701097 0.015183706810987
0.947855880119706 0.015801456862786
0.945503262094184 0.016423856192540
0.943101789615607 0.017050939899530
0.940651726032496 0.017682819107235
0.938153340021932 0.018319657213395
0.935606905560095 0.018961695156122
0.933012701892219 0.019609230723449
0.930371013501972 0.020262646995869
0.927682130080253 0.020922463119230
0.924946346493432 0.021589224274059
0.922163962751008 0.022263070880059
0.919335283972712 0.022944031787293
0.916460620355050 0.023632075498265
0.913540287137281 0.024327141667555
0.910574604566852 0.025029195210454
0.907563897864277 0.025738233536830
0.904508497187474 0.026454278874243
0.901408737595557 0.027177392270878
0.898264959012098 0.027907664137035
0.895077506187845 0.028645117276563
0.891846728662920 0.029389696086918
0.888572980728485 0.030141331749990
0.885256621387895 0.030899880043774
0.881898014317321 0.031665166246854
0.878497527825878 0.032437021436773
0.875055534815230 0.033215301389460
0.871572412738697 0.033999867370350
0.868048543559867 0.034790575711344
0.864484313710706 0.035587276957379
0.860880114049181 0.036389833509104
0.857236339816402 0.037198120574223
0.853553390593274 0.038012040726120
0.849831670256683 0.038831490345485
0.846071586935203 0.039656377684297
0.842273552964344 0.040486615111429
0.838437984841330 0.041322116784945
0.834565303179429 0.042162806786062
0.830655932661826 0.043008628263385
0.826710301995053 0.043859535070953
0.822728843861975 0.044715443660860
0.818711994874345 0.045576195038287
0.814660195524919 0.046441630507934
0.810573890139155 0.047311579246330
0.806453526826488 0.048185845997271
0.802299557431188 0.049064217002060
0.798112437482808 0.049946477421208
0.793892626146237 0.050832427454235
0.789640586171339 0.051721849729012
0.785356783842216 0.052614549384584
0.781041688926065 0.053510310894572
0.776695774621672 0.054408916657873
0.772319517507513 0.055310144125088
0.767913397489498 0.056213766021974
0.763477897748339 0.057119553534838
0.759013504686565 0.058027271161631
0.754520707875186 0.058936689430921
0.750000000000000 0.059847570693561
0.745451876807570 0.060759679109384
0.740876837050858 0.061672787776600
0.736275382434527 0.062586663088063
0.731648017559931 0.063501078453222
0.726995249869773 0.064415809046620
0.722317589592464 0.065330639839338
0.717615549686164 0.066245361886192
0.712889645782536 0.067159766914130
0.708140396130201 0.068073647119695
0.703368321537900 0.068986791088087
0.698573945317390 0.069898988073900
0.693757793226052 0.070810028262047
0.688920393409234 0.071719700227835
0.684062276342339 0.072627733363618
0.679183974772650 0.073533842351926
0.674286023660908 0.074437727565445
0.669368960122646 0.075339098960322
0.664433323369292 0.076237656526435
0.659479654649035 0.077133102472218
0.654508497187474 0.078025128670707
0.649520396128043 0.078913436822940
0.644515898472236 0.079797723080667
0.639495553019615 0.080677715301347
0.634459910307633 0.081553151736899
0.629409522551260 0.082423771892901
0.624344943582428 0.083289313594003
0.619266728789291 0.084149526638470
0.614175435055328 0.085004174265207
0.609071620698271 0.085853029675337
0.603955845408880 0.086695859177657
0.598828670189563 0.087532441130290
0.593690657292862 0.088362492409973
0.588542370159792 0.089185693871754
0.583384373358051 0.090001720381955
0.578217232520115 0.090810254567052
0.573041514281206 0.091610970783224
0.567857786217152 0.092403530340139
0.562666616782152 0.093187578095735
0.557468575246433 0.093962763395846
0.552264231633827 0.094728735162899
0.547054156659257 0.095485160638843
0.541838921666158 0.096231734180129
0.536619098563816 0.096968186077960
0.531395259764657 0.097694239877837
0.526167978121472 0.098409622903219
0.520937826864600 0.099114078046698
0.515705379539064 0.099807359417823
0.510471209941678 0.100489236786461
0.505235892058123 0.101159481873396
0.500000000000000 0.101817872895621
0.494764107941877 0.102464175293745
0.489528790058322 0.103098084378633
0.484294620460936 0.103719275258233
0.479062173135400 0.104327425010526
0.473832021878528 0.104922223975694
0.468604740235343 0.105503362657503
0.463380901436184 0.106070527734307
0.458161078333842 0.106623410476847
0.452945843340743 0.107161709270245
0.447735768366173 0.107685131447418
0.442531424753567 0.108193383994164
0.437333383217848 0.108686131353467
0.432142213782848 0.109163034784829
0.426958485718794 0.109623760782047
0.421782767479885 0.110067989343710
0.416615626641949 0.110495406288426
0.411457629840209 0.110905681556582
0.406309342707138 0.111298487638110
0.401171329810437 0.111673510276512
0.396044154591120 0.112030446599141
0.390928379301729 0.112368965053560
0.385824564944672 0.112688563201602
0.380733271210710 0.112988701492409
0.375655056417573 0.113268857708456
0.370590477448740 0.113528529457779
0.365540089692367 0.113767244052541
0.360504446980385 0.113984595836881
0.355484101527764 0.114180207227146
0.350479603871957 0.114353717465579
0.345491502812526 0.114504786162445
0.340520345350965 0.114633135426142
0.335566676630708 0.114738609064216
0.330631039877354 0.114821082141874
0.325713976339092 0.114880444659135
0.320816025227350 0.114916600339101
0.315937723657661 0.114929407211058
0.311079606590766 0.114918661182616
0.306242206773949 0.114884171756282
0.301426054682610 0.114825768211506
0.296631678462100 0.114743286458194
0.291859603869799 0.114636464174454
0.287110354217464 0.114504993056017
0.282384450313836 0.114348588774144
0.277682410407536 0.114166993138006
0.273004750130227 0.113959983692699
0.268351982440069 0.113727400056643
0.263724617565473 0.113469108437368
0.259123162949143 0.113185001967035
0.254548123192430 0.112874995123513
0.250000000000000 0.112539040611440
0.245479292124815 0.112177128851203
0.240986495313435 0.111789265501911
0.236522102251661 0.111375484849660
0.232086602510502 0.110935818399615
0.227680482492487 0.110470280113391
0.223304225378328 0.109978905241680
0.218958311073935 0.109461749100975
0.214643216157784 0.108918882331769
0.210359413828661 0.108350341073059
0.206107373853763 0.107756174093561
0.201887562517192 0.107136460454832
0.197700442568813 0.106491302188527
0.193546473173512 0.105820822057892
0.189426109860845 0.105125176442864
0.185339804475081 0.104404541001956
0.181288005125655 0.103659104765782
0.177271156138025 0.102889049827752
0.173289698004947 0.102094561129973
0.169344067338174 0.101275854194092
0.165434696820571 0.100433179092470
0.161562015158670 0.099566821098428
0.157726447035656 0.098677096138231
0.153928413064797 0.097764336900779
0.150168329743317 0.096829017418952
0.146446609406726 0.095871785714331
0.142763660183598 0.094893290646403
0.139119885950819 0.093894217490694
0.135515686289294 0.092875306573477
0.131951456440133 0.091837321424140
0.128427587261303 0.090781045346933
0.124944465184770 0.089707124546892
0.121502472174122 0.088616046166408
0.118101985682679 0.087508323731004
0.114743378612105 0.086384414951572
0.111427019271515 0.085244594144493
0.108153271337080 0.084089132525702
0.104922493812155 0.082918351098538
0.101735040987902 0.081732683296516
0.098591262404443 0.080532617174356
0.095491502812526 0.079318653251327
0.092436102135723 0.078091190605186
0.089425395433148 0.076850596178195
0.086459712862719 0.075597272910051
0.083539379644950 0.074331615459188
0.080664716027288 0.073054037165871
0.077836037248993 0.071765029893774
0.075053653506568 0.070465197913572
0.072317869919747 0.069155200900179
0.069628986498028 0.067835607779268
0.066987298107781 0.066506639637572
0.064393094439905 0.065168554951939
0.061846659978068 0.063821519614944
0.059348273967504 0.062465710827142
0.056898210384393 0.061101359533362
0.054496737905816 0.059728898063788
0.052144119880294 0.058348800429346
0.049840614298903 0.056961583664637
0.047586473766990 0.055567773847323
0.045381945476466 0.054167831631659
0.043227271178700 0.052761978670759
0.041122687158010 0.051350471619313
0.039068424205750 0.049933736319886
0.037064707595003 0.048512263522113
0.035111757055874 0.047086736181057
0.033209786751399 0.045657920390763
0.031359005254054 0.044226558058690
0.029559615522887 0.042793396414744
0.027811814881260 0.041358921711885
0.026115794995207 0.039923365167940
0.024471741852423 0.038487160805419
0.022879835741862 0.037051043164112
0.021340251233966 0.035615802153523
0.019853157161529 0.034182448486213
0.018418716601171 0.032752407246466
0.017037086855466 0.031327126188931
0.015708419435685 0.029906963511937
0.014432860045182 0.028491792279160
0.013210548563420 0.027080944452988
0.012041619030626 0.025673998897377
0.010926199633097 0.024270885664345
0.009864412689139 0.022871637236443
0.008856374635656 0.021476490876425
0.007902196015379 0.020085998203821
0.007001981464748 0.018700871551935
0.006155829702431 0.017322258446174
0.005363833518506 0.015951802953557
0.004626079764278 0.014591982304223
0.003942649342761 0.013246177286921
0.003313617199802 0.011919092726987
0.002739052315863 0.010617032788512
0.002219017698460 0.009347858877884
0.001753570375248 0.008122814060217
0.001342761387771 0.006950692897174
0.000986635785864 0.005828663635357
0.000685232622713 0.004749873843057
0.000438584950571 0.003709852009531
0.000246719817134 0.002705198828392
0.000109658262577 0.001733715836705
0.000027415317244 0.000795446061340
0.000000000000000 0.000000000000000
0.000027415317244 -0.001023913964016
0.000109658262577 -0.001880746428801
0.000246719817134 -0.002718671793907
0.000438584950571 -0.003550431552878
0.000685232622713 -0.004382065506807
0.000986635785864 -0.005214153489897
0.001342761387771 -0.006045524775329
0.001753570375248 -0.006874314026521
0.002219017698460 -0.007698105500265
0.002739052315863 -0.008514046682172
0.003313617199802 -0.009318788131537
0.003942649342761 -0.010108454680534
0.004626079764278 -0.010878779148830
0.005363833518506 -0.011628253070690
0.006155829702431 -0.012356753882898
0.007001981464748 -0.013065137788304
0.007902196015379 -0.013754777190253
0.008856374635656 -0.014427602070257
0.009864412689139 -0.015086296308454
0.010926199633097 -0.015734038849772
0.012041619030626 -0.016374796730809
0.013210548563420 -0.017014274752571
0.014432860045182 -0.017658969403659
0.015708419435684 -0.018311923201553
0.017037086855466 -0.018974026363660
0.018418716601171 -0.019642852737583
0.019853157161528 -0.020315960950971
0.021340251233966 -0.020991628142925
0.022879835741862 -0.021668008698926
0.024471741852423 -0.022343150497160
0.026115794995207 -0.023015203759177
0.027811814881259 -0.023682407525053
0.029559615522887 -0.024343031963744
0.031359005254054 -0.024995594610475
0.033209786751399 -0.025639383140824
0.035111757055874 -0.026273961016812
0.037064707595003 -0.026899070746872
0.039068424205750 -0.027514613662304
0.041122687158009 -0.028120659292590
0.043227271178699 -0.028717467529428
0.045381945476466 -0.029305506209166
0.047586473766990 -0.029885442711809
0.049840614298903 -0.030457992821122
0.052144119880293 -0.031023889361689
0.054496737905816 -0.031582876169697
0.056898210384393 -0.032134260923042
0.059348273967504 -0.032677470213304
0.061846659978068 -0.033212059820524
0.064393094439905 -0.033737627844918
0.066987298107781 -0.034253814664514
0.069628986498028 -0.034760319454901
0.072317869919747 -0.035256941820769
0.075053653506568 -0.035743557274156
0.077836037248992 -0.036219928824185
0.080664716027288 -0.036685699262139
0.083539379644950 -0.037140542927601
0.086459712862719 -0.037584147848776
0.089425395433148 -0.038016234449623
0.092436102135723 -0.038436581309102
0.095491502812526 -0.038845028196289
0.098591262404443 -0.039241459987174
0.101735040987902 -0.039625768942361
0.104922493812155 -0.039997871623561
0.108153271337080 -0.040357685753095
0.111427019271514 -0.040704938549746
0.114743378612105 -0.041039313603839
0.118101985682679 -0.041360537531758
0.121502472174122 -0.041668381868198
0.124944465184770 -0.041962652284542
0.128427587261303 -0.042243190387543
0.131951456440133 -0.042509869919412
0.135515686289294 -0.042762605419830
0.139119885950819 -0.043001293405900
0.142763660183598 -0.043225717607543
0.146446609406726 -0.043435644529369
0.150168329743317 -0.043630863482531
0.153928413064796 -0.043811166001481
0.157726447035656 -0.043976358820484
0.161562015158669 -0.044126268677139
0.165434696820571 -0.044260747729664
0.169344067338174 -0.044379674835187
0.173289698004947 -0.044482951132716
0.177271156138025 -0.044570489098254
0.181288005125655 -0.044642195710185
0.185339804475081 -0.044697994465569
0.189426109860845 -0.044737831347136
0.193546473173511 -0.044761683527589
0.197700442568812 -0.044769558580231
0.201887562517192 -0.044761487099991
0.206107373853763 -0.044737511995736
0.210359413828660 -0.044697648687896
0.214643216157784 -0.044641918403481
0.218958311073935 -0.044570363094301
0.223304225378328 -0.044482992403669
0.227680482492486 -0.044379708528211
0.232086602510501 -0.044260406895539
0.236522102251661 -0.044124996682638
0.240986495313435 -0.043973393369989
0.245479292124814 -0.043805520441247
0.250000000000000 -0.043621310125900
0.254548123192429 -0.043420708794264
0.259123162949142 -0.043203784173387
0.263724617565473 -0.042970845651645
0.268351982440069 -0.042722249146693
0.273004750130227 -0.042458379272229
0.277682410407536 -0.042179676797398
0.282384450313836 -0.041886704401120
0.287110354217464 -0.041580074201862
0.291859603869799 -0.041260426066962
0.296631678462100 -0.040928404180550
0.301426054682609 -0.040584495251919
0.306242206773948 -0.040229132393042
0.311079606590766 -0.039862768806435
0.315937723657661 -0.039485871757098
0.320816025227350 -0.039098788177508
0.325713976339092 -0.038701732813270
0.330631039877354 -0.038294919541489
0.335566676630708 -0.037878573559116
0.340520345350965 -0.037452935256423
0.345491502812526 -0.037018296701835
0.350479603871956 -0.036574968672946
0.355484101527764 -0.036123273776838
0.360504446980385 -0.035663544262733
0.365540089692367 -0.035196108593706
0.370590477448739 -0.034721291095267
0.375655056417572 -0.034239425417215
0.380733271210709 -0.033750849932055
0.385824564944672 -0.033255918135416
0.390928379301728 -0.032754983129527
0.396044154591120 -0.032248415078678
0.401171329810437 -0.031736586479568
0.406309342707137 -0.031219877393343
0.411457629840208 -0.030698652012662
0.416615626641949 -0.030173184715739
0.421782767479884 -0.029643736955847
0.426958485718794 -0.029110578531319
0.432142213782848 -0.028573974914310
0.437333383217848 -0.028034203300012
0.442531424753567 -0.027491547062920
0.447735768366173 -0.026946288665984
0.452945843340743 -0.026398717770998
0.458161078333842 -0.025849125190453
0.463380901436184 -0.025297785744893
0.468604740235343 -0.024744960626542
0.473832021878528 -0.024190912502310
0.479062173135400 -0.023635897964106
0.484294620460935 -0.023080183866547
0.489528790058321 -0.022524027187464
0.494764107941877 -0.021967688881889
0.500000000000000 -0.021411423157342
0.505235892058122 -0.020855488749358
0.510471209941678 -0.020300146519682
0.515705379539064 -0.019745664681836
0.520937826864600 -0.019192313845355
0.526167978121472 -0.018640368072611
0.531395259764656 -0.018090096946813
0.536619098563816 -0.017541772129706
0.541838921666157 -0.016995672859817
0.547054156659257 -0.016452085416949
0.552264231633827 -0.015911286524072
0.557468575246433 -0.015373553275151
0.562666616782152 -0.014839151981668
0.567857786217152 -0.014308310669800
0.573041514281206 -0.013781253474497
0.578217232520115 -0.013258200233811
0.583384373358051 -0.012739366032204
0.588542370159791 -0.012224942513197
0.593690657292862 -0.011715090433819
0.598828670189563 -0.011209961820148
0.603955845408879 -0.010709707119704
0.609071620698271 -0.010214478169729
0.614175435055328 -0.009724426409122
0.619266728789290 -0.009239714859590
0.624344943582427 -0.008760494312143
0.629409522551260 -0.008286918594185
0.634459910307633 -0.007819142068648
0.639495553019614 -0.007357344896063
0.644515898472235 -0.006901708219683
0.649520396128043 -0.006452412278510
0.654508497187474 -0.006009624658218
0.659479654649035 -0.005573510663008
0.664433323369291 -0.005144227504433
0.669368960122646 -0.004721924672200
0.674286023660907 -0.004306747465391
0.679183974772650 -0.003898834976280
0.684062276342339 -0.003498311529186
0.688920393409233 -0.003105294576332
0.693757793226051 -0.002719898639102
0.698573945317390 -0.002342226022890
0.703368321537900 -0.001972376714100
0.708140396130200 -0.001610437967952
0.712889645782536 -0.001256495254270
0.717615549686163 -0.000910624125856
0.722317589592464 -0.000572894819223
0.726995249869773 -0.000243373259635
0.731648017559930 0.000077882937388
0.736275382434527 0.000390821978590
0.740876837050857 0.000695397634639
0.745451876807570 0.000991572274645
0.750000000000000 0.001279311981363
0.754520707875185 0.001558592592462
0.759013504686565 0.001829393575690
0.763477897748338 0.002091707918644
0.767913397489498 0.002345532230872
0.772319517507513 0.002590867956232
0.776695774621672 0.002827717279983
0.781041688926065 0.003056081847781
0.785356783842216 0.003275974025225
0.789640586171339 0.003487393617684
0.793892626146236 0.003690289953684
0.798112437482808 0.003884605754747
0.802299557431187 0.004070294795229
0.806453526826488 0.004247325969619
0.810573890139155 0.004415682770314
0.814660195524918 0.004575359551428
0.818711994874345 0.004726360689864
0.822728843861975 0.004868696141881
0.826710301995052 0.005002387191848
0.830655932661826 0.005127464251934
0.834565303179429 0.005243980992879
0.838437984841330 0.005352008837513
0.842273552964344 0.005451627921309
0.846071586935203 0.005542925902921
0.849831670256683 0.005626001726602
0.853553390593274 0.005700960419713
0.857236339816401 0.005767916137048
0.860880114049181 0.005826990088306
0.864484313710706 0.005878310340133
0.868048543559867 0.005922010119600
0.871572412738697 0.005958224764869
0.875055534815230 0.005987094113924
0.878497527825878 0.006008710623768
0.881898014317321 0.006023131592280
0.885256621387894 0.006030426861922
0.888572980728485 0.006030683467936
0.891846728662920 0.006024002862739
0.895077506187845 0.006010497420285
0.898264959012098 0.005990288577819
0.901408737595557 0.005963509680641
0.904508497187474 0.005930310754358
0.907563897864277 0.005890857205822
0.910574604566852 0.005845309329018
0.913540287137281 0.005793799462460
0.916460620355049 0.005736464220542
0.919335283972712 0.005673433690727
0.922163962751007 0.005604843153968
0.924946346493432 0.005530846461338
0.927682130080253 0.005451615016757
0.930371013501972 0.005367333763322
0.933012701892219 0.005278196791067
0.935606905560095 0.005184412379673
0.938153340021932 0.005086204853356
0.940651726032496 0.004983804414554
0.943101789615607 0.004877430158114
0.945503262094184 0.004767293351988
0.947855880119706 0.004653575592018
0.950159385701097 0.004536465632053
0.952413526233010 0.004416176628277
0.954618054523534 0.004292939361194
0.956772728821300 0.004166993837937
0.958877312841991 0.004038596666882
0.960931575794250 0.003908014998098
0.962935292404997 0.003775526289600
0.964888242944126 0.003641418434214
0.966790213248601 0.003505990383235
0.968640994745946 0.003369503847989
0.970440384477113 0.003232092218915
0.972188185118740 0.003093894360212
0.973884205004793 0.002955085001890
0.975528258147577 0.002815870679647
0.977120164258138 0.002676489968181
0.978659748766034 0.002537208776457
0.980146842838471 0.002398319268640
0.981581283398829 0.002260131329986
0.982962913144534 0.002122975718547
0.984291580564316 0.001987202741202
0.985567139954818 0.001853158149992
0.986789451436580 0.001721146905305
0.987958380969374 0.001591409392625
0.989073800366903 0.001464204766897
0.990135587310861 0.001339842972548
0.991143625364344 0.001218661977567
0.992097803984621 0.001101020388684
0.992998018535252 0.000987296642051
0.993844170297569 0.000877886949589
0.994636166481494 0.000773186774473
0.995373920235722 0.000673597991797
0.996057350657239 0.000579516522478
0.996686382800198 0.000491326568734
0.997260947684137 0.000409405621111
0.997780982301540 0.000334108623951
0.998246429624752 0.000265767765623
0.998657238612229 0.000204695030506
0.999013364214136 0.000151169445560
0.999314767377287 0.000105441405379
0.999561415049429 0.000067726700399
0.999753280182866 0.000038202866491
0.999890341737423 0.000017012220955
0.999972584682756 0.000004257964615
1.000000000000000 0.000000000000000
