1.000000000000000 0.000000000000000
0.999972584682756 0.000000769417518
0.999890341737423 0.000003098753117
0.999753280182866 0.000007051795955
0.999561415049429 0.000012731640135
0.999314767377287 0.000020274740933
0.999013364214136 0.000029845681725
0.998657238612229 0.000041627957540
0.998246429624752 0.000055813405740
0.997780982301540 0.000072586823384
0.997260947684137 0.000092118714526
0.996686382800198 0.000114539360131
0.996057350657239 0.000139927130158
0.995373920235722 0.000168327289595
0.994636166481494 0.000199844404354
0.993844170297569 0.000234612369744
0.992998018535252 0.000272740134593
0.992097803984621 0.000314322565291
0.991143625364344 0.000359419552630
0.990135587310861 0.000408095881752
0.989073800366903 0.000460450975475
0.987958380969374 0.000516617560028
0.986789451436580 0.000576719828423
0.985567139954818 0.000640875226152
0.984291580564316 0.000709197694472
0.982962913144534 0.000781780186940
0.981581283398829 0.000858668465424
0.980146842838472 0.000939868956191
0.978659748766034 0.001025363670188
0.977120164258138 0.001115096257873
0.975528258147577 0.001208982727200
0.973884205004793 0.001306935929391
0.972188185118741 0.001408958624528
0.970440384477113 0.001515097424928
0.968640994745946 0.001625385036895
0.966790213248601 0.001739847275990
0.964888242944126 0.001858506344758
0.962935292404997 0.001981366535720
0.960931575794250 0.002108415744471
0.958877312841991 0.002239618935488
0.956772728821300 0.002374926793059
0.954618054523534 0.002514276237581
0.952413526233010 0.002657592844397
0.950159385701097 0.002804792779947
0.947855880119706 0.002955818977079
0.945503262094184 0.003110617842326
0.943101789615607 0.003269123634986
0.940651726032496 0.003431263434986
0.938153340021932 0.003596948802757
0.935606905560095 0.003766112044831
0.933012701892219 0.003938791816830
0.930371013501972 0.004115055129239
0.927682130080253 0.004294981875452
0.924946346493432 0.004478656856468
0.922163962751008 0.004666171998801
0.919335283972712 0.004857617167914
0.916460620355050 0.005053054982929
0.913540287137281 0.005252529148641
0.910574604566852 0.005456093402331
0.907563897864277 0.005663814413258
0.904508497187474 0.005875749284740
0.901408737595557 0.006091909775102
0.898264959012098 0.006312288906145
0.895077506187845 0.006536851803007
0.891846728662920 0.006765537423272
0.888572980728485 0.006998273765080
0.885256621387895 0.007234990394689
0.881898014317321 0.007475612768753
0.878497527825878 0.007720045023389
0.875055534815230 0.007968171617205
0.871572412738697 0.008219864580098
0.868048543559867 0.008475005887343
0.864484313710706 0.008733477066021
0.860880114049181 0.008995191920241
0.857236339816402 0.009260354238069
0.853553390593274 0.009529311108629
0.849831670256683 0.009802424072843
0.846071586935203 0.010080043604681
0.842273552964344 0.010362519813653
0.838437984841330 0.010650153594100
0.834565303179429 0.010942687881147
0.830655932661826 0.011239598466943
0.826710301995053 0.011540333431816
0.822728843861975 0.011844417057765
0.818711994874345 0.012151432308313
0.814660195524919 0.012460940322843
0.810573890139155 0.012772792017215
0.806453526826488 0.013087321747390
0.802299557431188 0.013404927131387
0.798112437482808 0.013725979454514
0.793892626146237 0.014050596434943
0.789640586171339 0.014378807335471
0.785356783842216 0.014710641536984
0.781041688926065 0.015045971254248
0.776695774621672 0.015384418731609
0.772319517507513 0.015725571765916
0.767913397489498 0.016069026924190
0.763477897748339 0.016414667694064
0.759013504686565 0.016762574642584
0.754520707875186 0.017112832249252
0.750000000000000 0.017465532928281
0.745451876807570 0.017820741212559
0.740876837050858 0.018178522817413
0.736275382434527 0.018538941011614
0.731648017559931 0.018902026772532
0.726995249869773 0.019267609942768
0.722317589592464 0.019635443725860
0.717615549686164 0.020005281515990
0.712889645782536 0.020376878306467
0.708140396130201 0.020750062267941
0.703368321537900 0.021124695635649
0.698573945317390 0.021500631041043
0.693757793226052 0.021877729854427
0.688920393409234 0.022255916965973
0.684062276342339 0.022635162616214
0.679183974772650 0.023015439993235
0.674286023660908 0.023396723084309
0.669368960122646 0.023779067168329
0.664433323369292 0.024162646659414
0.659479654649035 0.024547652042995
0.654508497187474 0.024934280294730
0.649520396128043 0.025322624537184
0.644515898472236 0.025712278101791
0.639495553019615 0.026102662010661
0.634459910307633 0.026493194448017
0.629409522551260 0.026883287377352
0.624344943582428 0.027272604751105
0.619266728789291 0.027661125934571
0.614175435055328 0.028048854612884
0.609071620698271 0.028435793379060
0.603955845408880 0.028821950581891
0.598828670189563 0.029207331245715
0.593690657292862 0.029591947547326
0.588542370159792 0.029975807783536
0.583384373358051 0.030358924529099
0.578217232520115 0.030741228965138
0.573041514281206 0.031122420294446
0.567857786217152 0.031502158507341
0.562666616782152 0.031880099932394
0.557468575246433 0.032255904141728
0.552264231633827 0.032629352625606
0.547054156659257 0.033000402824084
0.541838921666158 0.033369025391992
0.536619098563816 0.033735191625536
0.531395259764657 0.034098868706230
0.526167978121472 0.034459910356136
0.520937826864600 0.034818079560989
0.515705379539064 0.035173139025847
0.510471209941678 0.035524849649812
0.505235892058123 0.035872972092863
0.500000000000000 0.036217222164704
0.494764107941877 0.036557298481243
0.489528790058322 0.036892901730656
0.484294620460936 0.037223733215593
0.479062173135400 0.037549523103970
0.473832021878528 0.037870135793296
0.468604740235343 0.038185480049034
0.463380901436184 0.038495464702754
0.458161078333842 0.038800003101029
0.452945843340743 0.039099053284425
0.447735768366173 0.039392705255240
0.442531424753567 0.039681075434488
0.437333383217848 0.039964279263160
0.432142213782848 0.040242431008643
0.426958485718794 0.040515382229447
0.421782767479885 0.040782528619213
0.416615626641949 0.041043228335910
0.411457629840209 0.041296848249273
0.406309342707138 0.041542781069400
0.401171329810437 0.041780751532329
0.396044154591120 0.042010789308262
0.390928379301729 0.042232941084292
0.385824564944672 0.042447253006663
0.380733271210710 0.042653744828262
0.375655056417573 0.042852221737143
0.370590477448740 0.043042407139174
0.365540089692367 0.043224030172867
0.360504446980385 0.043396829124101
0.355484101527764 0.043560541398302
0.350479603871957 0.043714891677155
0.345491502812526 0.043859608849443
0.340520345350965 0.043994433900363
0.335566676630708 0.044119143268471
0.330631039877354 0.044233844567899
0.325713976339092 0.044338871846189
0.320816025227350 0.044434563628748
0.315937723657661 0.044521253531597
0.311079606590766 0.044599030474010
0.306242206773949 0.044667419057648
0.301426054682610 0.044725881696493
0.296631678462100 0.044773901595329
0.291859603869799 0.044811017841269
0.287110354217464 0.044837019165212
0.282384450313836 0.044851800373571
0.277682410407536 0.044855268255004
0.273004750130227 0.044847349748399
0.268351982440069 0.044828109076776
0.263724617565473 0.044797713257278
0.259123162949143 0.044756336378325
0.254548123192430 0.044704146661225
0.250000000000000 0.044641086499130
0.245479292124815 0.044566874666496
0.240986495313435 0.044481240225531
0.236522102251661 0.044383938140566
0.232086602510502 0.044274842393411
0.227680482492487 0.044153941596562
0.223304225378328 0.044021241864850
0.218958311073935 0.043876767498854
0.214643216157784 0.043720604914095
0.210359413828661 0.043552885865894
0.206107373853763 0.043373752581320
0.201887562517192 0.043183294843435
0.197700442568813 0.042981280189629
0.193546473173512 0.042767392774133
0.189426109860845 0.042541349944335
0.185339804475081 0.042303001106866
0.181288005125655 0.042052396711818
0.177271156138025 0.041789617468456
0.173289698004947 0.041514843784994
0.169344067338174 0.041228807659026
0.165434696820571 0.040932459888994
0.161562015158670 0.040626711575906
0.157726447035656 0.040311935534608
0.153928413064797 0.039987928741046
0.150168329743317 0.039654496257764
0.146446609406726 0.039311185106391
0.142763660183598 0.038956980523506
0.139119885950819 0.038590875406110
0.135515686289294 0.038212205636905
0.131951456440133 0.037821159139406
0.128427587261303 0.037418084143091
0.124944465184770 0.037003498935253
0.121502472174122 0.036578377487926
0.118101985682679 0.036143755193112
0.114743378612105 0.035700434947429
0.111427019271515 0.035248728381230
0.108153271337080 0.034788895201222
0.104922493812155 0.034321059911661
0.101735040987902 0.033845164881710
0.098591262404443 0.033361188933298
0.095491502812526 0.032869196933214
0.092436102135723 0.032369321697841
0.089425395433148 0.031861711260646
0.086459712862719 0.031346509415544
0.083539379644950 0.030823893108475
0.080664716027288 0.030294090274022
0.077836037248993 0.029757378659722
0.075053653506568 0.029214037420657
0.072317869919747 0.028664274579727
0.069628986498028 0.028108335881017
0.066987298107781 0.027546525884849
0.064393094439905 0.026979199545147
0.061846659978068 0.026406681657786
0.059348273967504 0.025829288438219
0.056898210384393 0.025247241514014
0.054496737905816 0.024660634895198
0.052144119880294 0.024069655810768
0.049840614298903 0.023474599706660
0.047586473766990 0.022875811390045
0.045381945476466 0.022273652787182
0.043227271178700 0.021668502022938
0.041122687158010 0.021060725326997
0.039068424205750 0.020450789304109
0.037064707595003 0.019839290566964
0.035111757055874 0.019226755577172
0.033209786751399 0.018613604593491
0.031359005254054 0.017999815606705
0.029559615522887 0.017385088748553
0.027811814881260 0.016769435742509
0.026115794995207 0.016153056948094
0.024471741852423 0.015536295728608
0.022879835741862 0.014919745456569
0.021340251233966 0.014304259881735
0.019853157161529 0.013690830857513
0.018418716601171 0.013080580146010
0.017037086855466 0.012474707092159
0.015708419435685 0.011874460456539
0.014432860045182 0.011280790323645
0.013210548563420 0.010693219340557
0.012041619030626 0.010111324041312
0.010926199633097 0.009535181132091
0.009864412689139 0.008965319504617
0.008856374635656 0.008402733918181
0.007902196015379 0.007848503563252
0.007001981464748 0.007303200183230
0.006155829702431 0.006767780958014
0.005363833518506 0.006243531252843
0.004626079764278 0.005732108161591
0.003942649342761 0.005236767425014
0.003313617199802 0.004756326619690
0.002739052315863 0.004285059108191
0.002219017698460 0.003816936738334
0.001753570375248 0.003349918021608
0.001342761387771 0.002885657331053
0.000986635785864 0.002429435049139
0.000685232622713 0.001988214638861
0.000438584950571 0.001562415569064
0.000246719817134 0.001151076440627
0.000109658262577 0.000753711338204
0.000027415317244 0.000370007900986
0.000000000000000 0.000000000000000
0.000027415317244 -0.000365399425071
0.000109658262577 -0.000742191463783
0.000246719817134 -0.001129490164616
0.000438584950571 -0.001525228489441
0.000685232622713 -0.001926891655811
0.000986635785864 -0.002330785799185
0.001342761387771 -0.002731387364564
0.001753570375248 -0.003122729178746
0.002219017698460 -0.003501759067275
0.002739052315863 -0.003869038275432
0.003313617199802 -0.004228025881241
0.003942649342761 -0.004586830162917
0.004626079764278 -0.004952515356927
0.005363833518506 -0.005325876221398
0.006155829702431 -0.005704534517993
0.007001981464748 -0.006086099462931
0.007902196015379 -0.006469351012903
0.008856374635656 -0.006853524191772
0.009864412689139 -0.007237881970150
0.010926199633097 -0.007621560909688
0.012041619030626 -0.008003474435865
0.013210548563420 -0.008382926804452
0.014432860045182 -0.008759736539616
0.015708419435684 -0.009134247179647
0.017037086855466 -0.009506515737002
0.018418716601171 -0.009876186818717
0.019853157161528 -0.010242397794958
0.021340251233966 -0.010604446245595
0.022879835741862 -0.010961926156133
0.024471741852423 -0.011314641262782
0.026115794995207 -0.011662453200326
0.027811814881259 -0.012005121817441
0.029559615522887 -0.012342508513105
0.031359005254054 -0.012674602265281
0.033209786751399 -0.013001682903915
0.035111757055874 -0.013324151678354
0.037064707595003 -0.013642316721095
0.039068424205750 -0.013956197038819
0.041122687158009 -0.014265396965027
0.043227271178699 -0.014569636718405
0.045381945476466 -0.014868799439174
0.047586473766990 -0.015162802932843
0.049840614298903 -0.015451602756943
0.052144119880293 -0.015735037465869
0.054496737905816 -0.016012911580136
0.056898210384393 -0.016285102284582
0.059348273967504 -0.016551561346354
0.061846659978068 -0.016812295707177
0.064393094439905 -0.017067363340462
0.066987298107781 -0.017316832114995
0.069628986498028 -0.017560778975382
0.072317869919747 -0.017799377121311
0.075053653506568 -0.018032910247465
0.077836037248992 -0.018261667977029
0.080664716027288 -0.018485826896469
0.083539379644950 -0.018705567030977
0.086459712862719 -0.018920936868924
0.089425395433148 -0.019131946440456
0.092436102135723 -0.019338667259001
0.095491502812526 -0.019541233548094
0.098591262404443 -0.019739781083403
0.101735040987902 -0.019934275279747
0.104922493812155 -0.020124636552342
0.108153271337080 -0.020310805988729
0.111427019271514 -0.020492747555609
0.114743378612105 -0.020670443054480
0.118101985682679 -0.020843924353423
0.121502472174122 -0.021013263167967
0.124944465184770 -0.021178561796988
0.128427587261303 -0.021339984330456
0.131951456440133 -0.021497734246416
0.135515686289294 -0.021652006161280
0.139119885950819 -0.021802877364383
0.142763660183598 -0.021950412850634
0.146446609406726 -0.022094679780368
0.150168329743317 -0.022235715415535
0.153928413064796 -0.022373561499798
0.157726447035656 -0.022508252042055
0.161562015158669 -0.022639756900173
0.165434696820571 -0.022768027981116
0.169344067338174 -0.022893019399656
0.173289698004947 -0.023014628096217
0.177271156138025 -0.023132724669356
0.181288005125655 -0.023247184418023
0.185339804475081 -0.023358032882378
0.189426109860845 -0.023465480925506
0.193546473173511 -0.023569766290456
0.197700442568812 -0.023671140460746
0.201887562517192 -0.023769848836834
0.206107373853763 -0.023866145497716
0.210359413828660 -0.023960297143832
0.214643216157784 -0.024052351673328
0.218958311073935 -0.024142066831785
0.223304225378328 -0.024229174979203
0.227680482492486 -0.024313419574077
0.232086602510501 -0.024394713162618
0.236522102251661 -0.024473070621324
0.240986495313435 -0.024548512868939
0.245479292124814 -0.024621089291485
0.250000000000000 -0.024690990914748
0.254548123192429 -0.024758467005674
0.259123162949142 -0.024823780036369
0.263724617565473 -0.024887111815231
0.268351982440069 -0.024948188971982
0.273004750130227 -0.025006586763256
0.277682410407536 -0.025061867999467
0.282384450313836 -0.025113640081405
0.287110354217464 -0.025161854263096
0.291859603869799 -0.025206603379043
0.296631678462100 -0.025247986191829
0.301426054682609 -0.025286119037914
0.306242206773948 -0.025321268596336
0.311079606590766 -0.025353811207786
0.315937723657661 -0.025384137189922
0.320816025227350 -0.025412643385976
0.325713976339092 -0.025439406357350
0.330631039877354 -0.025463980934818
0.335566676630708 -0.025485866498555
0.340520345350965 -0.025504553041459
0.345491502812526 -0.025519604402293
0.350479603871956 -0.025531025520296
0.355484101527764 -0.025538973826056
0.360504446980385 -0.025543612239212
0.365540089692367 -0.025545107213826
0.370590477448739 -0.025543563568364
0.375655056417572 -0.025538998057172
0.380733271210709 -0.025531422751257
0.385824564944672 -0.025520851520535
0.390928379301728 -0.025507282689928
0.396044154591120 -0.025490573590508
0.401171329810437 -0.025470511148732
0.406309342707137 -0.025446880498588
0.411457629840208 -0.025419466004532
0.416615626641949 -0.025388123811140
0.421782767479884 -0.025352937318485
0.426958485718794 -0.025314036756217
0.432142213782848 -0.025271555594306
0.437333383217848 -0.025225628074152
0.442531424753567 -0.025176289005331
0.447735768366173 -0.025123418626879
0.452945843340743 -0.025066884807312
0.458161078333842 -0.025006555896818
0.463380901436184 -0.024942305667546
0.468604740235343 -0.024874090528112
0.473832021878528 -0.024801938685734
0.479062173135400 -0.024725883103016
0.484294620460935 -0.024645958493291
0.489528790058321 -0.024562197202170
0.494764107941877 -0.024474595886090
0.500000000000000 -0.024383134513255
0.505235892058122 -0.024287793450749
0.510471209941678 -0.024188555216362
0.515705379539064 -0.024085390669492
0.520937826864600 -0.023978206449473
0.526167978121472 -0.023866888912878
0.531395259764656 -0.023751326473533
0.536619098563816 -0.023631410469245
0.541838921666157 -0.023507107632516
0.547054156659257 -0.023378599345629
0.552264231633827 -0.023246105793426
0.557468575246433 -0.023109849180331
0.562666616782152 -0.022970049298513
0.567857786217152 -0.022826833803373
0.573041514281206 -0.022680180514071
0.578217232520115 -0.022530057136047
0.583384373358051 -0.022376433227805
0.588542370159791 -0.022219280286871
0.593690657292862 -0.022058559515918
0.598828670189563 -0.021894225886514
0.603955845408879 -0.021726237268648
0.609071620698271 -0.021554553200290
0.614175435055328 -0.021379144574117
0.619266728789290 -0.021200021711598
0.624344943582427 -0.021017209201319
0.629409522551260 -0.020830734740931
0.634459910307633 -0.020640628025181
0.639495553019614 -0.020446956708767
0.644515898472235 -0.020249847661690
0.649520396128043 -0.020049434650984
0.654508497187474 -0.019845850642813
0.659479654649035 -0.019639227342742
0.664433323369291 -0.019429679326216
0.669368960122646 -0.019217317600423
0.674286023660907 -0.019002250876210
0.679183974772650 -0.018784588307693
0.684062276342339 -0.018564409442311
0.688920393409233 -0.018341759169077
0.693757793226051 -0.018116677317281
0.698573945317390 -0.017889208335782
0.703368321537900 -0.017659403743631
0.708140396130200 -0.017427329537661
0.712889645782536 -0.017193058688507
0.717615549686163 -0.016956663031063
0.722317589592464 -0.016718262343754
0.726995249869773 -0.016478212615512
0.731648017559930 -0.016236938657636
0.736275382434527 -0.015994853653650
0.740876837050857 -0.015752279994248
0.745451876807570 -0.015509018287402
0.750000000000000 -0.015264683444931
0.754520707875185 -0.015018907132907
0.759013504686565 -0.014771355460658
0.763477897748338 -0.014521805313080
0.767913397489498 -0.014270074203363
0.772319517507513 -0.014015994546141
0.776695774621672 -0.013759921379367
0.781041688926065 -0.013503632481548
0.785356783842216 -0.013249089318930
0.789640586171339 -0.012998118907752
0.793892626146236 -0.012751030253145
0.798112437482808 -0.012506453524302
0.802299557431187 -0.012262992436464
0.806453526826488 -0.012018970139232
0.810573890139155 -0.011770921199991
0.814660195524918 -0.011514930623059
0.818711994874345 -0.011247446139635
0.822728843861975 -0.010969357532828
0.826710301995052 -0.010685976573931
0.830655932661826 -0.010402573453897
0.834565303179429 -0.010124466570380
0.838437984841330 -0.009857427950529
0.842273552964344 -0.009606992292832
0.846071586935203 -0.009376410357794
0.849831670256683 -0.009161380179187
0.853553390593274 -0.008956098471807
0.857236339816401 -0.008755108576670
0.860880114049181 -0.008553313886846
0.864484313710706 -0.008345944761076
0.868048543559867 -0.008129780637131
0.871572412738697 -0.007906514223647
0.875055534815230 -0.007678861362778
0.878497527825878 -0.007449446230491
0.881898014317321 -0.007220888606222
0.885256621387894 -0.006995621952707
0.888572980728485 -0.006774891116437
0.891846728662920 -0.006558701623358
0.895077506187845 -0.006346955782258
0.898264959012098 -0.006139282493509
0.901408737595557 -0.005935222090706
0.904508497187474 -0.005734435933986
0.907563897864277 -0.005536764534810
0.910574604566852 -0.005342091178197
0.913540287137281 -0.005150397746811
0.916460620355049 -0.004961702321920
0.919335283972712 -0.004776007656601
0.922163962751007 -0.004593304982047
0.924946346493432 -0.004413608797430
0.927682130080253 -0.004236987070858
0.930371013501972 -0.004063511462877
0.933012701892219 -0.003893250436271
0.935606905560095 -0.003726267595015
0.938153340021932 -0.003562615925437
0.940651726032496 -0.003402338935167
0.943101789615607 -0.003245455562818
0.945503262094184 -0.003091969008354
0.947855880119706 -0.002941886057434
0.950159385701097 -0.002795212486760
0.952413526233010 -0.002651952941554
0.954618054523534 -0.002512097492549
0.956772728821300 -0.002375579931540
0.958877312841991 -0.002242332697017
0.960931575794250 -0.002112315495970
0.962935292404997 -0.001985460507071
0.964888242944126 -0.001861688586398
0.966790213248601 -0.001741179308186
0.968640994745946 -0.001624289062080
0.970440384477113 -0.001511488369632
0.972188185118740 -0.001403187448407
0.973884205004793 -0.001299681966826
0.975528258147577 -0.001201223684565
0.977120164258138 -0.001107905915034
0.978659748766034 -0.001019525120628
0.980146842838471 -0.000935836241825
0.981581283398829 -0.000856597007836
0.982962913144534 -0.000781595469607
0.984291580564316 -0.000710634341929
0.985567139954818 -0.000643531380583
0.986789451436580 -0.000580109465501
0.987958380969374 -0.000520199070174
0.989073800366903 -0.000463666304947
0.990135587310861 -0.000410385205706
0.991143625364344 -0.000360201022632
0.992097803984621 -0.000313266309422
0.992998018535252 -0.000270018067607
0.993844170297569 -0.000230955232058
0.994636166481494 -0.000196306243031
0.995373920235722 -0.000166102675536
0.996057350657239 -0.000140284103667
0.996686382800198 -0.000118393120488
0.997260947684137 -0.000099388073525
0.997780982301540 -0.000082405262215
0.998246429624752 -0.000066941989872
0.998657238612229 -0.000052784771597
0.999013364214136 -0.000039920744327
0.999314767377287 -0.000028475669586
0.999561415049429 -0.000018654750953
0.999753280182866 -0.000010694396957
0.999890341737423 -0.000004819702825
0.999972584682756 -0.000001215199742
1.000000000000000 0.000000000000000
