1.000000000000000 0.000000000000000
0.999972584682756 0.000001324143291
0.999890341737423 0.000005298621755
0.999753280182866 0.000011927102258
0.999561415049429 0.000021219683681
0.999314767377287 0.000033197996427
0.999013364214136 0.000047902340002
0.998657238612229 0.000065399959304
0.998246429624752 0.000085796986290
0.997780982301540 0.000109252991614
0.997260947684137 0.000135990868136
0.996686382800198 0.000166322682582
0.996057350657239 0.000200665051365
0.995373920235722 0.000239484327538
0.994636166481494 0.000283140470608
0.993844170297569 0.000331902532736
0.992998018535252 0.000386037731450
0.992097803984621 0.000445776286580
0.991143625364344 0.000511308455760
0.990135587310861 0.000582791347087
0.989073800366903 0.000660366198407
0.987958380969374 0.000744135454459
0.986789451436580 0.000834152507218
0.985567139954818 0.000930391239746
0.984291580564316 0.001032754571626
0.982962913144534 0.001141137356487
0.981581283398829 0.001255533971622
0.980146842838472 0.001376011957664
0.978659748766034 0.001502590815740
0.977120164258138 0.001635261964661
0.975528258147577 0.001773990148876
0.973884205004793 0.001918718707054
0.972188185118741 0.002069377536206
0.970440384477113 0.002225883432932
0.968640994745946 0.002388123542188
0.966790213248601 0.002555935773101
0.964888242944126 0.002729112200019
0.962935292404997 0.002907522514057
0.960931575794250 0.003091108683384
0.958877312841991 0.003279916361967
0.956772728821300 0.003474001781658
0.954618054523534 0.003673408943559
0.952413526233010 0.003878180079182
0.950159385701097 0.004088359925145
0.947855880119706 0.004303976112877
0.945503262094184 0.004525034852281
0.943101789615607 0.004751544189928
0.940651726032496 0.004983511588116
0.938153340021932 0.005220940944392
0.935606905560095 0.005463844863482
0.933012701892219 0.005712273938825
0.930371013501972 0.005966297904640
0.927682130080253 0.006225986577689
0.924946346493432 0.006491419277918
0.922163962751008 0.006762674367474
0.919335283972712 0.007039838111460
0.916460620355050 0.007322990356640
0.913540287137281 0.007612211156393
0.910574604566852 0.007907584223034
0.907563897864277 0.008209211759228
0.904508497187474 0.008517193592070
0.901408737595557 0.008831578117513
0.898264959012098 0.009152388625816
0.895077506187845 0.009479630342992
0.891846728662920 0.009813281583626
0.888572980728485 0.010153315548796
0.885256621387895 0.010499702176137
0.881898014317321 0.010852408373446
0.878497527825878 0.011211391673675
0.875055534815230 0.011576600635970
0.871572412738697 0.011947968640620
0.868048543559867 0.012325432569501
0.864484313710706 0.012708925754829
0.860880114049181 0.013098376896409
0.857236339816402 0.013493728492154
0.853553390593274 0.013894933184694
0.849831670256683 0.014301941096454
0.846071586935203 0.014714708602896
0.842273552964344 0.015133188552287
0.838437984841330 0.015557334575768
0.834565303179429 0.015987149763313
0.830655932661826 0.016422692249221
0.826710301995053 0.016864028593329
0.822728843861975 0.017311212805350
0.818711994874345 0.017764257848828
0.814660195524919 0.018223181205356
0.810573890139155 0.018687980613787
0.806453526826488 0.019158582640414
0.802299557431188 0.019634895013368
0.798112437482808 0.020116810604123
0.793892626146237 0.020604236030033
0.789640586171339 0.021097077924234
0.785356783842216 0.021595243577682
0.781041688926065 0.022098631394024
0.776695774621672 0.022607132045661
0.772319517507513 0.023120632992211
0.767913397489498 0.023639013438270
0.763477897748339 0.024162178489181
0.759013504686565 0.024690070847423
0.754520707875186 0.025222642327530
0.750000000000000 0.025759845698415
0.745451876807570 0.026301619596385
0.740876837050858 0.026847899082829
0.736275382434527 0.027398608453885
0.731648017559931 0.027953678626302
0.726995249869773 0.028513018316042
0.722317589592464 0.029076526804191
0.717615549686164 0.029644091510132
0.712889645782536 0.030215607973121
0.708140396130201 0.030790939077581
0.703368321537900 0.031369928571857
0.698573945317390 0.031952408203177
0.693757793226052 0.032538212818243
0.688920393409234 0.033127171997719
0.684062276342339 0.033719124151793
0.679183974772650 0.034313911196766
0.674286023660908 0.034911368013923
0.669368960122646 0.035511333228742
0.664433323369292 0.036113647325339
0.659479654649035 0.036718162992652
0.654508497187474 0.037324726694316
0.649520396128043 0.037933180572466
0.644515898472236 0.038543356808448
0.639495553019615 0.039155056936568
0.634459910307633 0.039768083318281
0.629409522551260 0.040382236246923
0.624344943582428 0.040997310650909
0.619266728789291 0.041613112265951
0.614175435055328 0.042229441074611
0.609071620698271 0.042846100033144
0.603955845408880 0.043462886389650
0.598828670189563 0.044079585328992
0.593690657292862 0.044695941706220
0.588542370159792 0.045311701241925
0.583384373358051 0.045926606587499
0.578217232520115 0.046540391807511
0.573041514281206 0.047152786734996
0.567857786217152 0.047763508672149
0.562666616782152 0.048372268766207
0.557468575246433 0.048978785029861
0.552264231633827 0.049582770102277
0.547054156659257 0.050183983375421
0.541838921666158 0.050782195245838
0.536619098563816 0.051377178263576
0.531395259764657 0.051968714438415
0.526167978121472 0.052556557241192
0.520937826864600 0.053140377038285
0.515705379539064 0.053719808301999
0.510471209941678 0.054294489794840
0.505235892058123 0.054864062980062
0.500000000000000 0.055428176995669
0.494764107941877 0.055986512349254
0.489528790058322 0.056538764019129
0.484294620460936 0.057084621049489
0.479062173135400 0.057623781466687
0.473832021878528 0.058155940955441
0.468604740235343 0.058680772999608
0.463380901436184 0.059197960638304
0.458161078333842 0.059707184795470
0.452945843340743 0.060208133321007
0.447735768366173 0.060700492859708
0.442531424753567 0.061183929828990
0.437333383217848 0.061658121984543
0.432142213782848 0.062122749904920
0.426958485718794 0.062577500031466
0.421782767479885 0.063022067498100
0.416615626641949 0.063456149052121
0.411457629840209 0.063879450352299
0.406309342707138 0.064291686138485
0.401171329810437 0.064692572195672
0.396044154591120 0.065081768089884
0.390928379301729 0.065458895030261
0.385824564944672 0.065823588748192
0.380733271210710 0.066175493255093
0.375655056417573 0.066514268596674
0.370590477448740 0.066839605742191
0.365540089692367 0.067151220200531
0.360504446980385 0.067448833923627
0.355484101527764 0.067732185545012
0.350479603871957 0.068001009976904
0.345491502812526 0.068255027965281
0.340520345350965 0.068493969962337
0.335566676630708 0.068717578478833
0.330631039877354 0.068925609797598
0.325713976339092 0.069117806389510
0.320816025227350 0.069293902671526
0.315937723657661 0.069453647576700
0.311079606590766 0.069596806301640
0.306242206773949 0.069723157524250
0.301426054682610 0.069832486653562
0.296631678462100 0.069924594247715
0.291859603869799 0.069999297115043
0.287110354217464 0.070056426407693
0.282384450313836 0.070095784860517
0.277682410407536 0.070117162841126
0.273004750130227 0.070120369470884
0.268351982440069 0.070105233762880
0.263724617565473 0.070071594377847
0.259123162949143 0.070019294480830
0.254548123192430 0.069948196599423
0.250000000000000 0.069858184213393
0.245479292124815 0.069749157504989
0.240986495313435 0.069621029069916
0.236522102251661 0.069473730175913
0.232086602510502 0.069307213987743
0.227680482492487 0.069121441424435
0.223304225378328 0.068916355319399
0.218958311073935 0.068691911083635
0.214643216157784 0.068448089231486
0.210359413828661 0.068184888497470
0.206107373853763 0.067902319537301
0.201887562517192 0.067600411615183
0.197700442568813 0.067279221980346
0.193546473173512 0.066938823635716
0.189426109860845 0.066579311577183
0.185339804475081 0.066200801696874
0.181288005125655 0.065803426153954
0.177271156138025 0.065387298257605
0.173289698004947 0.064952521799560
0.169344067338174 0.064499221516784
0.165434696820571 0.064027547316393
0.161562015158670 0.063537651705698
0.157726447035656 0.063029708230800
0.153928413064797 0.062503923569843
0.150168329743317 0.061960470026575
0.146446609406726 0.061399531531438
0.142763660183598 0.060821313990288
0.139119885950819 0.060226037455385
0.135515686289294 0.059613943854512
0.131951456440133 0.058985300075610
0.128427587261303 0.058340385689141
0.124944465184770 0.057679455186376
0.121502472174122 0.057002794473938
0.118101985682679 0.056310704811066
0.114743378612105 0.055603508229594
0.111427019271515 0.054881554259021
0.108153271337080 0.054145199512481
0.104922493812155 0.053394779696108
0.101735040987902 0.052630645720149
0.098591262404443 0.051853189414965
0.095491502812526 0.051062814247946
0.092436102135723 0.050259949225072
0.089425395433148 0.049444964211547
0.086459712862719 0.048618152004613
0.083539379644950 0.047779861251300
0.080664716027288 0.046930506024173
0.077836037248993 0.046070562481176
0.075053653506568 0.045200490366088
0.072317869919747 0.044320696159183
0.069628986498028 0.043431636693058
0.066987298107781 0.042533820260014
0.064393094439905 0.041627810518127
0.061846659978068 0.040714174042002
0.059348273967504 0.039793476599280
0.056898210384393 0.038866273489914
0.054496737905816 0.037933057578463
0.052144119880294 0.036994361835980
0.049840614298903 0.036050883203045
0.047586473766990 0.035103345471477
0.045381945476466 0.034152222865582
0.043227271178700 0.033197877205278
0.041122687158010 0.032240581810578
0.039068424205750 0.031280627448550
0.037064707595003 0.030318531837385
0.035111757055874 0.029354935933764
0.033209786751399 0.028390230838779
0.031359005254054 0.027424697525404
0.029559615522887 0.026458565580569
0.027811814881260 0.025492184712291
0.026115794995207 0.024526019959060
0.024471741852423 0.023560828933536
0.022879835741862 0.022597739720029
0.021340251233966 0.021638406573758
0.019853157161529 0.020684948270138
0.018418716601171 0.019739373125678
0.017037086855466 0.018803757385435
0.015708419435685 0.017880591548385
0.014432860045182 0.016970463494781
0.013210548563420 0.016072146843958
0.012041619030626 0.015183733121115
0.010926199633097 0.014303869842984
0.009864412689139 0.013432130813140
0.008856374635656 0.012568656357097
0.007902196015379 0.011714120743936
0.007001981464748 0.010869597548872
0.006155829702431 0.010036596505834
0.005363833518506 0.009217045913548
0.004626079764278 0.008413533448596
0.003942649342761 0.007629247586540
0.003313617199802 0.006866063299801
0.002739052315863 0.006121993016805
0.002219017698460 0.005395063770626
0.001753570375248 0.004686157811158
0.001342761387771 0.003999054118819
0.000986635785864 0.003340957640164
0.000685232622713 0.002718716924044
0.000438584950571 0.002128263664701
0.000246719817134 0.001564103279630
0.000109658262577 0.001022789292578
0.000027415317244 0.000502002884538
0.000000000000000 0.000000000000000
0.000027415317244 -0.000493807465270
0.000109658262577 -0.001000553225752
0.000246719817134 -0.001519636771627
0.000438584950571 -0.002048976642275
0.000685232622713 -0.002585978207173
0.000986635785864 -0.003127346064900
0.001342761387771 -0.003668721017624
0.001753570375248 -0.004206082010292
0.002219017698460 -0.004737754378694
0.002739052315863 -0.005264079285767
0.003313617199802 -0.005787143425791
0.003942649342761 -0.006311404365822
0.004626079764278 -0.006839258667364
0.005363833518506 -0.007369952890912
0.006155829702431 -0.007899597580886
0.007001981464748 -0.008425289859710
0.007902196015379 -0.008945079556313
0.008856374635656 -0.009457348008847
0.009864412689139 -0.009961018907245
0.010926199633097 -0.010455594955838
0.012041619030626 -0.010941245822521
0.013210548563420 -0.011418789258630
0.014432860045182 -0.011890047537586
0.015708419435684 -0.012358124025910
0.017037086855466 -0.012824769123972
0.018418716601171 -0.013289870703503
0.019853157161528 -0.013751798182110
0.021340251233966 -0.014208631238273
0.022879835741862 -0.014658870185776
0.024471741852423 -0.015101052438244
0.026115794995207 -0.015533842374428
0.027811814881259 -0.015956632964286
0.029559615522887 -0.016369244397879
0.031359005254054 -0.016771662383426
0.033209786751399 -0.017164160444082
0.035111757055874 -0.017547374918145
0.037064707595003 -0.017921709488197
0.039068424205750 -0.018287253699304
0.041122687158009 -0.018644036595620
0.043227271178699 -0.018992097654525
0.045381945476466 -0.019331762961440
0.047586473766990 -0.019663588279494
0.049840614298903 -0.019987833275226
0.052144119880293 -0.020304600218052
0.054496737905816 -0.020613847520540
0.056898210384393 -0.020915485698082
0.059348273967504 -0.021209577489555
0.061846659978068 -0.021496336890211
0.064393094439905 -0.021775912828564
0.066987298107781 -0.022048323852150
0.069628986498028 -0.022313628621185
0.072317869919747 -0.022571920193197
0.075053653506568 -0.022823356595102
0.077836037248992 -0.023068141707229
0.080664716027288 -0.023306532933837
0.083539379644950 -0.023538694472572
0.086459712862719 -0.023764706544342
0.089425395433148 -0.023984711559633
0.092436102135723 -0.024198953075493
0.095491502812526 -0.024407735937687
0.098591262404443 -0.024611260664666
0.101735040987902 -0.024809656887424
0.104922493812155 -0.025003079438214
0.108153271337080 -0.025191695261906
0.111427019271514 -0.025375704317553
0.114743378612105 -0.025555296978671
0.118101985682679 -0.025730623388290
0.121502472174122 -0.025901856299623
0.124944465184770 -0.026069142645222
0.128427587261303 -0.026232600794819
0.131951456440133 -0.026392370251374
0.135515686289294 -0.026548595924351
0.139119885950819 -0.026701429887765
0.142763660183598 -0.026851047444142
0.146446609406726 -0.026997621811639
0.150168329743317 -0.027141330062595
0.153928413064796 -0.027282367457599
0.157726447035656 -0.027420892158441
0.161562015158669 -0.027557016328256
0.165434696820571 -0.027690864249807
0.169344067338174 -0.027822537647011
0.173289698004947 -0.027952076153180
0.177271156138025 -0.028079521931711
0.181288005125655 -0.028204922473186
0.185339804475081 -0.028328334100717
0.189426109860845 -0.028449820048938
0.193546473173511 -0.028569452931358
0.197700442568812 -0.028687302219402
0.201887562517192 -0.028803436113131
0.206107373853763 -0.028917926611538
0.210359413828660 -0.029030848556154
0.214643216157784 -0.029142236621580
0.218958311073935 -0.029252110266718
0.223304225378328 -0.029360492752299
0.227680482492486 -0.029467405487697
0.232086602510501 -0.029572854419128
0.236522102251661 -0.029676843681582
0.240986495313435 -0.029779381228038
0.245479292124814 -0.029880462793417
0.250000000000000 -0.029980057155895
0.254548123192429 -0.030078131950767
0.259123162949142 -0.030174655480524
0.263724617565473 -0.030269613196544
0.268351982440069 -0.030363021716571
0.273004750130227 -0.030454902833686
0.277682410407536 -0.030545281905584
0.282384450313836 -0.030634166226038
0.287110354217464 -0.030721516926615
0.291859603869799 -0.030807288685583
0.296631678462100 -0.030891436080973
0.301426054682609 -0.030973903495961
0.306242206773948 -0.031054582712587
0.311079606590766 -0.031133349016445
0.315937723657661 -0.031210076862598
0.320816025227350 -0.031284641588340
0.325713976339092 -0.031356960955264
0.330631039877354 -0.031426983397341
0.335566676630708 -0.031494658775122
0.340520345350965 -0.031559937866632
0.345491502812526 -0.031622751876044
0.350479603871956 -0.031682986852589
0.355484101527764 -0.031740520213184
0.360504446980385 -0.031795229722866
0.365540089692367 -0.031846992995470
0.370590477448739 -0.031895693963792
0.375655056417572 -0.031941221393289
0.380733271210709 -0.031983464173340
0.385824564944672 -0.032022310911706
0.390928379301728 -0.032057656567601
0.396044154591120 -0.032089416837980
0.401171329810437 -0.032117513450416
0.406309342707137 -0.032141868954248
0.411457629840208 -0.032162406631453
0.416615626641949 -0.032179023975076
0.421782767479884 -0.032191575569585
0.426958485718794 -0.032199912287927
0.432142213782848 -0.032203885521838
0.437333383217848 -0.032203348316453
0.442531424753567 -0.032198171767793
0.447735768366173 -0.032188243128605
0.452945843340743 -0.032173451481625
0.458161078333842 -0.032153687451596
0.463380901436184 -0.032128844232030
0.468604740235343 -0.032098826681402
0.473832021878528 -0.032063546586754
0.479062173135400 -0.032022917691565
0.484294620460935 -0.031976855868690
0.489528790058321 -0.031925280959841
0.494764107941877 -0.031868124223292
0.500000000000000 -0.031805322291344
0.505235892058122 -0.031736814743269
0.510471209941678 -0.031662542636696
0.515705379539064 -0.031582451827554
0.520937826864600 -0.031496495041287
0.526167978121472 -0.031404629004554
0.531395259764656 -0.031306813178214
0.536619098563816 -0.031203009276696
0.541838921666157 -0.031093186266519
0.547054156659257 -0.030977323052399
0.552264231633827 -0.030855402205751
0.557468575246433 -0.030727409869750
0.562666616782152 -0.030593333398172
0.567857786217152 -0.030453152197516
0.573041514281206 -0.030306836190529
0.578217232520115 -0.030154356140596
0.583384373358051 -0.029995688067537
0.588542370159791 -0.029830813360805
0.593690657292862 -0.029659755745130
0.598828670189563 -0.029482562379788
0.603955845408879 -0.029299283595183
0.609071620698271 -0.029109971778737
0.614175435055328 -0.028914684080142
0.619266728789290 -0.028713486701625
0.624344943582427 -0.028506447155280
0.629409522551260 -0.028293638568491
0.634459910307633 -0.028075132456348
0.639495553019614 -0.027850981855723
0.644515898472235 -0.027621213320345
0.649520396128043 -0.027385852921462
0.654508497187474 -0.027144932114076
0.659479654649035 -0.026898498997580
0.664433323369291 -0.026646679779061
0.669368960122646 -0.026389625909966
0.674286023660907 -0.026127493647124
0.679183974772650 -0.025860435522271
0.684062276342339 -0.025588591897658
0.688920393409233 -0.025312092743911
0.693757793226051 -0.025031063571852
0.698573945317390 -0.024745634776491
0.703368321537900 -0.024455937610049
0.708140396130200 -0.024162104573301
0.712889645782536 -0.023864270952627
0.717615549686163 -0.023562571400339
0.722317589592464 -0.023257151207406
0.726995249869773 -0.022948196108515
0.731648017559930 -0.022635899685740
0.736275382434527 -0.022320456362560
0.740876837050857 -0.022002048396869
0.745451876807570 -0.021680815440178
0.750000000000000 -0.021356882528704
0.754520707875185 -0.021030376655305
0.759013504686565 -0.020701427130749
0.763477897748338 -0.020370176853711
0.767913397489498 -0.020036768752987
0.772319517507513 -0.019701349471831
0.776695774621672 -0.019364093184889
0.781041688926065 -0.019025253910305
0.785356783842216 -0.018685086516612
0.789640586171339 -0.018343845190037
0.793892626146236 -0.018001766288217
0.798112437482808 -0.017659068812544
0.802299557431187 -0.017315966995436
0.806453526826488 -0.016972673701311
0.810573890139155 -0.016629400544086
0.814660195524918 -0.016286353124646
0.818711994874345 -0.015943734128876
0.822728843861975 -0.015601708362876
0.826710301995052 -0.015260403047352
0.830655932661826 -0.014919946520371
0.834565303179429 -0.014580462359677
0.838437984841330 -0.014242060812010
0.842273552964344 -0.013904856267141
0.846071586935203 -0.013568969544819
0.849831670256683 -0.013234564236196
0.853553390593274 -0.012901804613177
0.857236339816401 -0.012570851698117
0.860880114049181 -0.012241861310644
0.864484313710706 -0.011914986386978
0.868048543559867 -0.011590395280378
0.871572412738697 -0.011268337746944
0.875055534815230 -0.010949066085804
0.878497527825878 -0.010632825399720
0.881898014317321 -0.010319851359550
0.885256621387894 -0.010010366567112
0.888572980728485 -0.009704550801174
0.891846728662920 -0.009402531410161
0.895077506187845 -0.009104431856810
0.898264959012098 -0.008810366021392
0.901408737595557 -0.008520436119629
0.904508497187474 -0.008234728046435
0.907563897864277 -0.007953298629577
0.910574604566852 -0.007676196124458
0.913540287137281 -0.007403441000883
0.916460620355049 -0.007135035638672
0.919335283972712 -0.006870993840924
0.922163962751007 -0.006611327479634
0.924946346493432 -0.006356063127574
0.927682130080253 -0.006105234538610
0.930371013501972 -0.005858879164217
0.933012701892219 -0.005617030319778
0.935606905560095 -0.005379725478950
0.938153340021932 -0.005146994875418
0.940651726032496 -0.004918864489947
0.943101789615607 -0.004695357495172
0.945503262094184 -0.004476492969920
0.947855880119706 -0.004262284628863
0.950159385701097 -0.004052752990236
0.952413526233010 -0.003847907806713
0.954618054523534 -0.003647772654462
0.956772728821300 -0.003452378302039
0.958877312841991 -0.003261756666537
0.960931575794250 -0.003075946732736
0.962935292404997 -0.002894965110886
0.964888242944126 -0.002718816373209
0.966790213248601 -0.002547610817569
0.968640994745946 -0.002381515045173
0.970440384477113 -0.002220743551818
0.972188185118740 -0.002065479709920
0.973884205004793 -0.001915851554462
0.975528258147577 -0.001771962338108
0.977120164258138 -0.001633896753131
0.978659748766034 -0.001501754070069
0.980146842838471 -0.001375604060173
0.981581283398829 -0.001255483496318
0.982962913144534 -0.001141396765149
0.984291580564316 -0.001033304069231
0.985567139954818 -0.000931209691993
0.986789451436580 -0.000835214624550
0.987958380969374 -0.000745392342878
0.989073800366903 -0.000661751647652
0.990135587310861 -0.000584239854364
0.991143625364344 -0.000512740915547
0.992097803984621 -0.000447127281817
0.992998018535252 -0.000387259561432
0.993844170297569 -0.000332973734454
0.994636166481494 -0.000284056976891
0.995373920235722 -0.000240253686051
0.996057350657239 -0.000201301501857
0.996686382800198 -0.000166849723137
0.997260947684137 -0.000136422986300
0.997780982301540 -0.000109601981214
0.998246429624752 -0.000086075139914
0.998657238612229 -0.000065614296097
0.999013364214136 -0.000048062366586
0.999314767377287 -0.000033310209885
0.999561415049429 -0.000021292037507
0.999753280182866 -0.000011968719097
0.999890341737423 -0.000005317314646
0.999972584682756 -0.000001329055998
1.000000000000000 0.000000000000000
