1.000000000000000 0.000000000000000
0.999972584682756 0.000003427082463
0.999890341737423 0.000013584238870
0.999753280182866 0.000030118002102
0.999561415049429 0.000052455630868
0.999314767377287 0.000079854952992
0.999013364214136 0.000111457863011
0.998657238612229 0.000146360392355
0.998246429624752 0.000183690739911
0.997780982301540 0.000222712516500
0.997260947684137 0.000262938721170
0.996686382800198 0.000304244657126
0.996057350657239 0.000347017008522
0.995373920235722 0.000392314085582
0.994636166481494 0.000440724631064
0.993844170297569 0.000492226674244
0.992998018535252 0.000546568558137
0.992097803984621 0.000603520663851
0.991143625364344 0.000662793715239
0.990135587310861 0.000724037798923
0.989073800366903 0.000786918398876
0.987958380969374 0.000851194016372
0.986789451436580 0.000916630606840
0.985567139954818 0.000982996955925
0.984291580564316 0.001050061896756
0.982962913144534 0.001117584604249
0.981581283398829 0.001185391151207
0.980146842838472 0.001253406741567
0.978659748766034 0.001321669863925
0.977120164258138 0.001390260244506
0.975528258147577 0.001459329673165
0.973884205004793 0.001529124015362
0.972188185118741 0.001599805240656
0.970440384477113 0.001671367010914
0.968640994745946 0.001743486228927
0.966790213248601 0.001815804604048
0.964888242944126 0.001887963454168
0.962935292404997 0.001959525815370
0.960931575794250 0.002030061008150
0.958877312841991 0.002099251312775
0.956772728821300 0.002166854978051
0.954618054523534 0.002232704609376
0.952413526233010 0.002296618716894
0.950159385701097 0.002358409001578
0.947855880119706 0.002417903707675
0.945503262094184 0.002474953325870
0.943101789615607 0.002529466525790
0.940651726032496 0.002581378078317
0.938153340021932 0.002630636180047
0.935606905560095 0.002677205876163
0.933012701892219 0.002721076345114
0.930371013501972 0.002762297370429
0.927682130080253 0.002801124871860
0.924946346493432 0.002837916395350
0.922163962751008 0.002873086844745
0.919335283972712 0.002907107738429
0.916460620355050 0.002940483581904
0.913540287137281 0.002973756144412
0.910574604566852 0.003007437743390
0.907563897864277 0.003041945447447
0.904508497187474 0.003077729823331
0.901408737595557 0.003115327978239
0.898264959012098 0.003155331619395
0.895077506187845 0.003198266272566
0.891846728662920 0.003244572514591
0.888572980728485 0.003294699711216
0.885256621387895 0.003349056250944
0.881898014317321 0.003408050952356
0.878497527825878 0.003472081756826
0.875055534815230 0.003541505955244
0.871572412738697 0.003616679842019
0.868048543559867 0.003697764266482
0.864484313710706 0.003784726387116
0.860880114049181 0.003877515705895
0.857236339816402 0.003976109521062
0.853553390593274 0.004080498648278
0.849831670256683 0.004190672735052
0.846071586935203 0.004306694874534
0.842273552964344 0.004428668002490
0.838437984841330 0.004556694748304
0.834565303179429 0.004690862955868
0.830655932661826 0.004831252921679
0.826710301995053 0.004977937178255
0.822728843861975 0.005130906858919
0.818711994874345 0.005290058844223
0.814660195524919 0.005455272294824
0.810573890139155 0.005626423009849
0.806453526826488 0.005803395943170
0.802299557431188 0.005986067155607
0.798112437482808 0.006174304943361
0.793892626146237 0.006367983769360
0.789640586171339 0.006566981147103
0.785356783842216 0.006771161500888
0.781041688926065 0.006980415486424
0.776695774621672 0.007194707941956
0.772319517507513 0.007414010635253
0.767913397489498 0.007638294731574
0.763477897748339 0.007867600656626
0.759013504686565 0.008102047438260
0.754520707875186 0.008341761734817
0.750000000000000 0.008586865204880
0.745451876807570 0.008837418004394
0.740876837050858 0.009093441751832
0.736275382434527 0.009354954234310
0.731648017559931 0.009621967199655
0.726995249869773 0.009894474226795
0.722317589592464 0.010172453519249
0.717615549686164 0.010455882055673
0.712889645782536 0.010744727109569
0.708140396130201 0.011038912258563
0.703368321537900 0.011338324264357
0.698573945317390 0.011642847269137
0.693757793226052 0.011952355134060
0.688920393409234 0.012266744315816
0.684062276342339 0.012585931914765
0.679183974772650 0.012909832837470
0.674286023660908 0.013238359541835
0.669368960122646 0.013571425430770
0.664433323369292 0.013908955174524
0.659479654649035 0.014250875648281
0.654508497187474 0.014597108391534
0.649520396128043 0.014947574775223
0.644515898472236 0.015302223754647
0.639495553019615 0.015661016052398
0.634459910307633 0.016023910795903
0.629409522551260 0.016390866498643
0.624344943582428 0.016761797716592
0.619266728789291 0.017136517437706
0.614175435055328 0.017514821722965
0.609071620698271 0.017896501300324
0.603955845408880 0.018281349656256
0.598828670189563 0.018669245436282
0.593690657292862 0.019060146942248
0.588542370159792 0.019454011111417
0.583384373358051 0.019850795776986
0.578217232520115 0.020250459655693
0.573041514281206 0.020652999697699
0.567857786217152 0.021058415139149
0.562666616782152 0.021466713423722
0.557468575246433 0.021877896427875
0.552264231633827 0.022291933128715
0.547054156659257 0.022708705414480
0.541838921666158 0.023128076206914
0.536619098563816 0.023549910103244
0.531395259764657 0.023974063250885
0.526167978121472 0.024400339555629
0.520937826864600 0.024828444921698
0.515705379539064 0.025258081410028
0.510471209941678 0.025688945053669
0.505235892058123 0.026120736381789
0.500000000000000 0.026553274138156
0.494764107941877 0.026986492636649
0.489528790058322 0.027420331452304
0.484294620460936 0.027854729015320
0.479062173135400 0.028289623914830
0.473832021878528 0.028724956569548
0.468604740235343 0.029160666574172
0.463380901436184 0.029596691212681
0.458161078333842 0.030032971434952
0.452945843340743 0.030469427518315
0.447735768366173 0.030905854288734
0.442531424753567 0.031341997917342
0.437333383217848 0.031777605909813
0.432142213782848 0.032212425235486
0.426958485718794 0.032646180846574
0.421782767479885 0.033078493957581
0.416615626641949 0.033508966928604
0.411457629840209 0.033937207421301
0.406309342707138 0.034362823914866
0.401171329810437 0.034785481677489
0.396044154591120 0.035204932502437
0.390928379301729 0.035620945598883
0.385824564944672 0.036033289090005
0.380733271210710 0.036441741855582
0.375655056417573 0.036846118284867
0.370590477448740 0.037246262002373
0.365540089692367 0.037642026546200
0.360504446980385 0.038033265307754
0.355484101527764 0.038419835629982
0.350479603871957 0.038801591070378
0.345491502812526 0.039178387568598
0.340520345350965 0.039550084334161
0.335566676630708 0.039916540382901
0.330631039877354 0.040277446744182
0.325713976339092 0.040632249694160
0.320816025227350 0.040980389239334
0.315937723657661 0.041321327531929
0.311079606590766 0.041654555346949
0.306242206773949 0.041979674269019
0.301426054682610 0.042296331288159
0.296631678462100 0.042604184883459
0.291859603869799 0.042902907818061
0.287110354217464 0.043192165273721
0.282384450313836 0.043471619001862
0.277682410407536 0.043740945249662
0.273004750130227 0.043999837763430
0.268351982440069 0.044247885802214
0.263724617565473 0.044484515617243
0.259123162949143 0.044709162946756
0.254548123192430 0.044921290970141
0.250000000000000 0.045120414169224
0.245479292124815 0.045306121142460
0.240986495313435 0.045478031419381
0.236522102251661 0.045635791250410
0.232086602510502 0.045779062294847
0.227680482492487 0.045907502887042
0.223304225378328 0.046020796995796
0.218958311073935 0.046118654368856
0.214643216157784 0.046200733638032
0.210359413828661 0.046266599052805
0.206107373853763 0.046315839673339
0.201887562517192 0.046348075893715
0.197700442568813 0.046362868075131
0.193546473173512 0.046359735960867
0.189426109860845 0.046338241945727
0.185339804475081 0.046297955765646
0.181288005125655 0.046238310616061
0.177271156138025 0.046158738935097
0.173289698004947 0.046058731927485
0.169344067338174 0.045937848354173
0.165434696820571 0.045795714539701
0.161562015158670 0.045632011439188
0.157726447035656 0.045446471252875
0.153928413064797 0.045238871264889
0.150168329743317 0.045009039860868
0.146446609406726 0.044756841483601
0.142763660183598 0.044482096038922
0.139119885950819 0.044184633272524
0.135515686289294 0.043864332349293
0.131951456440133 0.043521050500753
0.128427587261303 0.043154652654739
0.124944465184770 0.042765079755316
0.121502472174122 0.042352616899467
0.118101985682679 0.041917793105552
0.114743378612105 0.041461182473779
0.111427019271515 0.040983475365049
0.108153271337080 0.040485448554944
0.104922493812155 0.039967882752350
0.101735040987902 0.039431590893025
0.098591262404443 0.038877395036572
0.095491502812526 0.038306155541998
0.092436102135723 0.037718788711143
0.089425395433148 0.037116224211695
0.086459712862719 0.036499377877238
0.083539379644950 0.035869164060842
0.080664716027288 0.035226488116733
0.077836037248993 0.034572188916694
0.075053653506568 0.033907100291874
0.072317869919747 0.033232102381927
0.069628986498028 0.032548097203776
0.066987298107781 0.031855936611047
0.064393094439905 0.031156335161851
0.061846659978068 0.030449985151424
0.059348273967504 0.029737414826342
0.056898210384393 0.029019140610764
0.054496737905816 0.028295817138727
0.052144119880294 0.027568114618652
0.049840614298903 0.026836661237012
0.047586473766990 0.026102031264011
0.045381945476466 0.025364782422628
0.043227271178700 0.024625454019300
0.041122687158010 0.023884717532895
0.039068424205750 0.023143294331571
0.037064707595003 0.022401830485737
0.035111757055874 0.021660905663602
0.033209786751399 0.020920914769730
0.031359005254054 0.020182247916946
0.029559615522887 0.019445470012005
0.027811814881260 0.018711247720017
0.026115794995207 0.017980363967233
0.024471741852423 0.017253530210475
0.022879835741862 0.016531442588086
0.021340251233966 0.015814872642439
0.019853157161529 0.015104683154679
0.018418716601171 0.014401849498172
0.017037086855466 0.013707466380284
0.015708419435685 0.013022279594904
0.014432860045182 0.012345766043694
0.013210548563420 0.011677503212585
0.012041619030626 0.011017505760414
0.010926199633097 0.010366210037745
0.009864412689139 0.009724578252747
0.008856374635656 0.009093612838796
0.007902196015379 0.008473529221783
0.007001981464748 0.007864540479511
0.006155829702431 0.007267208968368
0.005363833518506 0.006682667561866
0.004626079764278 0.006112923345796
0.003942649342761 0.005559225979256
0.003313617199802 0.005019745288196
0.002739052315863 0.004489091284179
0.002219017698460 0.003965402614217
0.001753570375248 0.003449939671232
0.001342761387771 0.002947671844075
0.000986635785864 0.002466111361079
0.000685232622713 0.002010019292234
0.000438584950571 0.001575446580533
0.000246719817134 0.001158745917218
0.000109658262577 0.000758128475775
0.000027415317244 0.000372133500366
0.000000000000000 0.000000000000000
0.000027415317244 -0.000362253945078
0.000109658262577 -0.000730974769753
0.000246719817134 -0.001106704216915
0.000438584950571 -0.001485544228110
0.000685232622713 -0.001862123348443
0.000986635785864 -0.002229504146174
0.001342761387771 -0.002577969845027
0.001753570375248 -0.002901390209191
0.002219017698460 -0.003197334559212
0.002739052315863 -0.003467105496368
0.003313617199802 -0.003714226368138
0.003942649342761 -0.003946056560063
0.004626079764278 -0.004173913605981
0.005363833518506 -0.004402318124172
0.006155829702431 -0.004630966725202
0.007001981464748 -0.004856804287046
0.007902196015379 -0.005077878056663
0.008856374635656 -0.005292940120676
0.009864412689139 -0.005501046636305
0.010926199633097 -0.005701602958786
0.012041619030626 -0.005894214667799
0.013210548563420 -0.006078667973968
0.014432860045182 -0.006255261194962
0.015708419435684 -0.006424969604051
0.017037086855466 -0.006589320367165
0.018418716601171 -0.006749614970779
0.019853157161528 -0.006906402348927
0.021340251233966 -0.007059242837414
0.022879835741862 -0.007208008821312
0.024471741852423 -0.007352857457172
0.026115794995207 -0.007494125773146
0.027811814881259 -0.007632063233195
0.029559615522887 -0.007766768307691
0.031359005254054 -0.007898000294442
0.033209786751399 -0.008025484424530
0.035111757055874 -0.008149088071744
0.037064707595003 -0.008268730138656
0.039068424205750 -0.008384381556181
0.041122687158009 -0.008496169826967
0.043227271178699 -0.008604353947516
0.045381945476466 -0.008709280314848
0.047586473766990 -0.008811423556063
0.049840614298903 -0.008911476713533
0.052144119880293 -0.009010106358486
0.054496737905816 -0.009107586182083
0.056898210384393 -0.009204007949952
0.059348273967504 -0.009299096463154
0.061846659978068 -0.009392516474121
0.064393094439905 -0.009483954094247
0.066987298107781 -0.009573152928340
0.069628986498028 -0.009660088871701
0.072317869919747 -0.009744849966568
0.075053653506568 -0.009827779642424
0.077836037248992 -0.009909363837068
0.080664716027288 -0.009990156154194
0.083539379644950 -0.010070773827871
0.086459712862719 -0.010151700885679
0.089425395433148 -0.010233133632581
0.092436102135723 -0.010315234848248
0.095491502812526 -0.010398066593281
0.098591262404443 -0.010481660382719
0.101735040987902 -0.010566077143667
0.104922493812155 -0.010651409784309
0.108153271337080 -0.010737763085857
0.111427019271514 -0.010825252774357
0.114743378612105 -0.010914005930872
0.118101985682679 -0.011004162198991
0.121502472174122 -0.011095876692833
0.124944465184770 -0.011189315463193
0.128427587261303 -0.011284613669390
0.131951456440133 -0.011381868710192
0.135515686289294 -0.011481184373147
0.139119885950819 -0.011582679764224
0.142763660183598 -0.011686488009914
0.146446609406726 -0.011792740623648
0.150168329743317 -0.011901457441030
0.153928413064796 -0.012012581580748
0.157726447035656 -0.012126045266257
0.161562015158669 -0.012241746661999
0.165434696820571 -0.012359550787821
0.169344067338174 -0.012479314968094
0.173289698004947 -0.012600901979282
0.177271156138025 -0.012724185842686
0.181288005125655 -0.012849035858404
0.185339804475081 -0.012975313985904
0.189426109860845 -0.013102870999529
0.193546473173511 -0.013231549882707
0.197700442568812 -0.013361194103826
0.201887562517192 -0.013491721719327
0.206107373853763 -0.013623103521386
0.210359413828660 -0.013755311417130
0.214643216157784 -0.013888317120932
0.218958311073935 -0.014022094376122
0.223304225378328 -0.014156617110683
0.227680482492486 -0.014291858475558
0.232086602510501 -0.014427814455792
0.236522102251661 -0.014564509904610
0.240986495313435 -0.014701972748661
0.245479292124814 -0.014840226711182
0.250000000000000 -0.014979213064929
0.254548123192429 -0.015118801968261
0.259123162949142 -0.015258860581455
0.263724617565473 -0.015399244646679
0.268351982440069 -0.015539756438192
0.273004750130227 -0.015680157027202
0.277682410407536 -0.015820199619329
0.282384450313836 -0.015959636723451
0.287110354217464 -0.016098318292910
0.291859603869799 -0.016236171565565
0.296631678462100 -0.016373127751621
0.301426054682609 -0.016509116648089
0.306242206773948 -0.016644088997148
0.311079606590766 -0.016778022679143
0.315937723657661 -0.016910899446213
0.320816025227350 -0.017042700624850
0.325713976339092 -0.017173414542725
0.330631039877354 -0.017303045354678
0.335566676630708 -0.017431601604973
0.340520345350965 -0.017559093843576
0.345491502812526 -0.017685516822856
0.350479603871956 -0.017810690494027
0.355484101527764 -0.017934320549896
0.360504446980385 -0.018056106635409
0.365540089692367 -0.018175744478836
0.370590477448739 -0.018292998210610
0.375655056417572 -0.018407804789360
0.380733271210709 -0.018520128772591
0.385824564944672 -0.018629936651553
0.390928379301728 -0.018737195477021
0.396044154591120 -0.018841891369150
0.401171329810437 -0.018944024080604
0.406309342707137 -0.019043596331168
0.411457629840208 -0.019140612602773
0.416615626641949 -0.019235068353019
0.421782767479884 -0.019326910805637
0.426958485718794 -0.019416069669077
0.432142213782848 -0.019502475256382
0.437333383217848 -0.019586059427149
0.442531424753567 -0.019666767987860
0.447735768366173 -0.019744582799479
0.452945843340743 -0.019819492209488
0.458161078333842 -0.019891486223008
0.463380901436184 -0.019960555024930
0.468604740235343 -0.020026656732605
0.473832021878528 -0.020089704899440
0.479062173135400 -0.020149610710828
0.484294620460935 -0.020206286725818
0.489528790058321 -0.020259646218729
0.494764107941877 -0.020309597528594
0.500000000000000 -0.020356046080760
0.505235892058122 -0.020398897837936
0.510471209941678 -0.020438061140284
0.515705379539064 -0.020473448389788
0.520937826864600 -0.020505000083944
0.526167978121472 -0.020532670990098
0.531395259764656 -0.020556417973560
0.536619098563816 -0.020576199636186
0.541838921666157 -0.020592004371622
0.547054156659257 -0.020603948470336
0.552264231633827 -0.020612185192931
0.557468575246433 -0.020616868659732
0.562666616782152 -0.020618153216993
0.567857786217152 -0.020616110817891
0.573041514281206 -0.020610618648339
0.578217232520115 -0.020601528330458
0.583384373358051 -0.020588694575457
0.588542370159791 -0.020571976172781
0.593690657292862 -0.020551261071940
0.598828670189563 -0.020526470204132
0.603955845408879 -0.020497528978404
0.609071620698271 -0.020464366089174
0.614175435055328 -0.020426920753218
0.619266728789290 -0.020385195802663
0.624344943582427 -0.020339225087895
0.629409522551260 -0.020289044841098
0.634459910307633 -0.020234692969281
0.639495553019614 -0.020176235364527
0.644515898472235 -0.020113800554421
0.649520396128043 -0.020047526188604
0.654508497187474 -0.019977549910111
0.659479654649035 -0.019903993738088
0.664433323369291 -0.019826805963286
0.669368960122646 -0.019745826846817
0.674286023660907 -0.019660902293172
0.679183974772650 -0.019571884030376
0.684062276342339 -0.019478641007291
0.688920393409233 -0.019381069598931
0.693757793226051 -0.019279074483198
0.698573945317390 -0.019172565620956
0.703368321537900 -0.019061497600436
0.708140396130200 -0.018945994123647
0.712889645782536 -0.018826224222874
0.717615549686163 -0.018702357622494
0.722317589592464 -0.018574528462645
0.726995249869773 -0.018442606540363
0.731648017559930 -0.018306348118628
0.736275382434527 -0.018165519412400
0.740876837050857 -0.018019894503819
0.745451876807570 -0.017869210023461
0.750000000000000 -0.017713188965314
0.754520707875185 -0.017551568693240
0.759013504686565 -0.017384094516258
0.763477897748338 -0.017210449900156
0.767913397489498 -0.017030304346569
0.772319517507513 -0.016843346487801
0.776695774621672 -0.016649306209024
0.781041688926065 -0.016448006567366
0.785356783842216 -0.016239309372970
0.789640586171339 -0.016023091053684
0.793892626146236 -0.015799254098054
0.798112437482808 -0.015567734038151
0.802299557431187 -0.015328483983455
0.806453526826488 -0.015081489597149
0.810573890139155 -0.014826919519425
0.814660195524918 -0.014565031383100
0.818711994874345 -0.014296080529475
0.822728843861975 -0.014020350281413
0.826710301995052 -0.013738154592310
0.830655932661826 -0.013449805272692
0.834565303179429 -0.013155740145727
0.838437984841330 -0.012856792420165
0.842273552964344 -0.012553844558634
0.846071586935203 -0.012247746085298
0.849831670256683 -0.011939290697019
0.853553390593274 -0.011629231957811
0.857236339816401 -0.011318293312778
0.860880114049181 -0.011007142257674
0.864484313710706 -0.010696412931402
0.868048543559867 -0.010386707792587
0.871572412738697 -0.010078604939271
0.875055534815230 -0.009772647925608
0.878497527825878 -0.009469331432391
0.881898014317321 -0.009169042859091
0.885256621387894 -0.008872137634180
0.888572980728485 -0.008578939879940
0.891846728662920 -0.008289747868535
0.895077506187845 -0.008004836310695
0.898264959012098 -0.007724461765729
0.901408737595557 -0.007448855859062
0.904508497187474 -0.007178232861737
0.907563897864277 -0.006912784271168
0.910574604566852 -0.006652680254579
0.913540287137281 -0.006398078262683
0.916460620355049 -0.006149113460543
0.919335283972712 -0.005905903751403
0.922163962751007 -0.005668533373133
0.924946346493432 -0.005437075941866
0.927682130080253 -0.005211591999187
0.930371013501972 -0.004992127138240
0.933012701892219 -0.004778705312792
0.935606905560095 -0.004571325706877
0.938153340021932 -0.004369892320375
0.940651726032496 -0.004174265462975
0.943101789615607 -0.003984324446105
0.945503262094184 -0.003799950394826
0.947855880119706 -0.003621027155499
0.950159385701097 -0.003447450671326
0.952413526233010 -0.003279137645915
0.954618054523534 -0.003116024012565
0.956772728821300 -0.002958039796582
0.958877312841991 -0.002805118860211
0.960931575794250 -0.002657192682257
0.962935292404997 -0.002514189644659
0.964888242944126 -0.002376039023104
0.966790213248601 -0.002242668306775
0.968640994745946 -0.002114004936899
0.970440384477113 -0.001989974128697
0.972188185118740 -0.001870507198462
0.973884205004793 -0.001755539453565
0.975528258147577 -0.001644943303557
0.977120164258138 -0.001538552964196
0.978659748766034 -0.001436203744790
0.980146842838471 -0.001337750192009
0.981581283398829 -0.001243072796887
0.982962913144534 -0.001152075544591
0.984291580564316 -0.001064659941730
0.985567139954818 -0.000980722114157
0.986789451436580 -0.000900169004064
0.987958380969374 -0.000822935839119
0.989073800366903 -0.000748977144332
0.990135587310861 -0.000678268046702
0.991143625364344 -0.000610875193430
0.992097803984621 -0.000547315569605
0.992998018535252 -0.000488210560927
0.993844170297569 -0.000433948326844
0.994636166481494 -0.000384709033835
0.995373920235722 -0.000340633961649
0.996057350657239 -0.000301422241434
0.996686382800198 -0.000265831732874
0.997260947684137 -0.000231882771558
0.997780982301540 -0.000198573145349
0.998246429624752 -0.000165664929272
0.998657238612229 -0.000133464545025
0.999013364214136 -0.000102673150168
0.999314767377287 -0.000074213568707
0.999561415049429 -0.000049109236988
0.999753280182866 -0.000028361928287
0.999890341737423 -0.000012846775776
0.999972584682756 -0.000003248047177
1.000000000000000 0.000000000000000
