1.000000000000000 0.000000000000000
0.999972584682756 0.000019201894919
0.999890341737423 0.000075135013248
0.999753280182866 0.000163081779026
0.999561415049429 0.000276110743513
0.999314767377287 0.000406107139618
0.999013364214136 0.000544952855278
0.998657238612229 0.000685566981050
0.998246429624752 0.000822763048980
0.997780982301540 0.000953972708986
0.997260947684137 0.001080023817465
0.996686382800198 0.001205820244792
0.996057350657239 0.001341869886041
0.995373920235722 0.001506493500607
0.994636166481494 0.001711855078745
0.993844170297569 0.001961688679857
0.992998018535252 0.002254710648029
0.992097803984621 0.002587253297765
0.991143625364344 0.002951633812776
0.990135587310861 0.003335745612418
0.989073800366903 0.003729243384101
0.987958380969374 0.004132263287952
0.986789451436580 0.004547036426567
0.985567139954818 0.004976611042051
0.984291580564316 0.005425193684670
0.982962913144534 0.005898630042697
0.981581283398829 0.006401277646190
0.980146842838472 0.006934735212497
0.978659748766034 0.007497344158652
0.977120164258138 0.008087255267228
0.975528258147577 0.008702119539768
0.973884205004793 0.009338669348328
0.972188185118741 0.009994007425525
0.970440384477113 0.010666336064737
0.968640994745946 0.011355899868321
0.966790213248601 0.012062990156567
0.964888242944126 0.012787735758410
0.962935292404997 0.013530532302869
0.960931575794250 0.014291683143443
0.958877312841991 0.015071163143017
0.956772728821300 0.015868644867782
0.954618054523534 0.016683550570205
0.952413526233010 0.017515302237896
0.950159385701097 0.018363300827688
0.947855880119706 0.019226881982101
0.945503262094184 0.020105419301510
0.943101789615607 0.020998453253486
0.940651726032496 0.021905566511508
0.938153340021932 0.022826301024383
0.935606905560095 0.023760180132643
0.933012701892219 0.024706691822518
0.930371013501972 0.025665420713078
0.927682130080253 0.026636209936148
0.924946346493432 0.027618969344715
0.922163962751008 0.028613671358678
0.919335283972712 0.029620322670333
0.916460620355050 0.030638900677432
0.913540287137281 0.031669375504544
0.910574604566852 0.032711454831796
0.907563897864277 0.033764542325866
0.904508497187474 0.034828005774712
0.901408737595557 0.035901142768470
0.898264959012098 0.036983242806881
0.895077506187845 0.038073790496249
0.891846728662920 0.039172401003408
0.888572980728485 0.040278775159398
0.885256621387895 0.041392821189564
0.881898014317321 0.042514522643767
0.878497527825878 0.043643855432775
0.875055534815230 0.044780723455458
0.871572412738697 0.045925074085852
0.868048543559867 0.047076767511823
0.864484313710706 0.048235649914171
0.860880114049181 0.049401560113776
0.857236339816402 0.050574365954899
0.853553390593274 0.051753937717755
0.849831670256683 0.052940167829381
0.846071586935203 0.054132951444451
0.842273552964344 0.055332188050921
0.838437984841330 0.056537804788640
0.834565303179429 0.057749707272760
0.830655932661826 0.058967837789795
0.826710301995053 0.060192126911166
0.822728843861975 0.061422520225180
0.818711994874345 0.062658966649006
0.814660195524919 0.063901414182093
0.810573890139155 0.065149804361614
0.806453526826488 0.066404023891745
0.802299557431188 0.067663945914573
0.798112437482808 0.068929449736241
0.793892626146237 0.070200195653166
0.789640586171339 0.071475706931785
0.785356783842216 0.072755497120934
0.781041688926065 0.074039082006958
0.776695774621672 0.075326008813316
0.772319517507513 0.076615820773248
0.767913397489498 0.077908050683029
0.763477897748339 0.079202234229798
0.759013504686565 0.080497881936257
0.754520707875186 0.081794514863166
0.750000000000000 0.083091634096209
0.745451876807570 0.084388751694368
0.740876837050858 0.085685393020799
0.736275382434527 0.086981075751428
0.731648017559931 0.088275309620653
0.726995249869773 0.089567608668617
0.722317589592464 0.090857486852672
0.717615549686164 0.092144456138390
0.712889645782536 0.093428026692871
0.708140396130201 0.094707708298609
0.703368321537900 0.095983050052005
0.698573945317390 0.097253583510196
0.693757793226052 0.098518854726413
0.688920393409234 0.099778376573828
0.684062276342339 0.101031558228985
0.679183974772650 0.102277764695758
0.674286023660908 0.103516373081282
0.669368960122646 0.104746754252111
0.664433323369292 0.105968375883541
0.659479654649035 0.107180775707782
0.654508497187474 0.108383500732969
0.649520396128043 0.109576104795293
0.644515898472236 0.110758164968705
0.639495553019615 0.111929364925024
0.634459910307633 0.113089430243812
0.629409522551260 0.114238074615587
0.624344943582428 0.115375030630725
0.619266728789291 0.116499836196768
0.614175435055328 0.117611773635280
0.609071620698271 0.118710084089188
0.603955845408880 0.119794022814824
0.598828670189563 0.120862861812250
0.593690657292862 0.121916204195777
0.588542370159792 0.122953921604200
0.583384373358051 0.123975911962324
0.578217232520115 0.124982069190056
0.573041514281206 0.125972275758775
0.567857786217152 0.126946104340336
0.562666616782152 0.127902949463455
0.557468575246433 0.128842218954542
0.552264231633827 0.129763316701660
0.547054156659257 0.130665646359909
0.541838921666158 0.131548461564086
0.536619098563816 0.132410966399596
0.531395259764657 0.133252354769488
0.526167978121472 0.134071843942398
0.520937826864600 0.134868691879537
0.515705379539064 0.135642522385949
0.510471209941678 0.136393161973453
0.505235892058123 0.137120442206908
0.500000000000000 0.137824212043197
0.494764107941877 0.138504309989419
0.489528790058322 0.139160450435102
0.484294620460936 0.139792259637080
0.479062173135400 0.140399376471467
0.473832021878528 0.140981450160871
0.468604740235343 0.141538152225849
0.463380901436184 0.142069307506473
0.458161078333842 0.142574884931736
0.452945843340743 0.143054862576360
0.447735768366173 0.143509228493436
0.442531424753567 0.143937979646103
0.437333383217848 0.144341057373323
0.432142213782848 0.144718344796652
0.426958485718794 0.145069728913967
0.421782767479885 0.145395108280018
0.416615626641949 0.145694391806983
0.411457629840209 0.145967436198693
0.406309342707138 0.146214010728720
0.401171329810437 0.146433890705172
0.396044154591120 0.146626864571643
0.390928379301729 0.146792734131851
0.385824564944672 0.146931291289129
0.380733271210710 0.147042295161961
0.375655056417573 0.147125514352346
0.370590477448740 0.147180733724824
0.365540089692367 0.147207752827471
0.360504446980385 0.147206383656018
0.355484101527764 0.147176446606699
0.350479603871957 0.147117776293676
0.345491502812526 0.147030223893969
0.340520345350965 0.146913656390388
0.335566676630708 0.146767935343693
0.330631039877354 0.146592897813244
0.325713976339092 0.146388392174205
0.320816025227350 0.146154286628345
0.315937723657661 0.145890465419817
0.311079606590766 0.145596865687187
0.306242206773949 0.145273490353868
0.301426054682610 0.144920361309264
0.296631678462100 0.144537515485855
0.291859603869799 0.144125007907346
0.287110354217464 0.143682891436264
0.282384450313836 0.143211233054253
0.277682410407536 0.142710111473516
0.273004750130227 0.142179620916387
0.268351982440069 0.141619854089766
0.263724617565473 0.141030804077874
0.259123162949143 0.140412438381449
0.254548123192430 0.139764749309743
0.250000000000000 0.139087749899081
0.245479292124815 0.138381482290228
0.240986495313435 0.137646028539972
0.236522102251661 0.136881494959512
0.232086602510502 0.136088001441660
0.227680482492487 0.135265711218922
0.223304225378328 0.134414908548421
0.218958311073935 0.133535925806095
0.214643216157784 0.132629117102120
0.210359413828661 0.131694857388525
0.206107373853763 0.130733616989061
0.201887562517192 0.129745962448488
0.197700442568813 0.128732470319921
0.193546473173512 0.127693731122643
0.189426109860845 0.126630132936357
0.185339804475081 0.125541845476804
0.181288005125655 0.124429045422168
0.177271156138025 0.123291927866284
0.173289698004947 0.122130829878538
0.169344067338174 0.120946277913434
0.165434696820571 0.119738805071921
0.161562015158670 0.118508992865932
0.157726447035656 0.117257618032938
0.153928413064797 0.115985672221354
0.150168329743317 0.114694162992481
0.146446609406726 0.113384043471057
0.142763660183598 0.112055914749249
0.139119885950819 0.110710186777222
0.135515686289294 0.109347308447071
0.131951456440133 0.107967718187337
0.128427587261303 0.106571806723294
0.124944465184770 0.105159978518994
0.121502472174122 0.103732689344010
0.118101985682679 0.102290334757771
0.114743378612105 0.100833357404209
0.111427019271515 0.099362203315293
0.108153271337080 0.097877360544737
0.104922493812155 0.096379339345610
0.101735040987902 0.094868686559529
0.098591262404443 0.093346012197826
0.095491502812526 0.091811996577277
0.092436102135723 0.090267345755907
0.089425395433148 0.088712797418397
0.086459712862719 0.087149118412094
0.083539379644950 0.085577086142978
0.080664716027288 0.083997418645197
0.077836037248993 0.082410556413092
0.075053653506568 0.080816952950983
0.072317869919747 0.079217123541039
0.069628986498028 0.077611691799364
0.066987298107781 0.076001277219668
0.064393094439905 0.074386445948318
0.061846659978068 0.072767590464251
0.059348273967504 0.071145228214473
0.056898210384393 0.069519884146334
0.054496737905816 0.067892162777911
0.052144119880294 0.066262648713033
0.049840614298903 0.064631906353821
0.047586473766990 0.063000506425244
0.045381945476466 0.061368810471968
0.043227271178700 0.059737125239530
0.041122687158010 0.058106059973454
0.039068424205750 0.056476415323696
0.037064707595003 0.054848692859233
0.035111757055874 0.053222604294354
0.033209786751399 0.051597767857894
0.031359005254054 0.049973529126528
0.029559615522887 0.048349341888755
0.027811814881260 0.046724885824388
0.026115794995207 0.045100090576641
0.024471741852423 0.043475381371463
0.022879835741862 0.041851520187975
0.021340251233966 0.040229533253631
0.019853157161529 0.038610620352664
0.018418716601171 0.036996240932025
0.017037086855466 0.035387845852490
0.015708419435685 0.033786766039926
0.014432860045182 0.032193972862816
0.013210548563420 0.030610038752860
0.012041619030626 0.029035870594640
0.010926199633097 0.027472752613438
0.009864412689139 0.025922418358736
0.008856374635656 0.024386277153230
0.007902196015379 0.022865236445701
0.007001981464748 0.021359525691296
0.006155829702431 0.019869829593794
0.005363833518506 0.018397427015330
0.004626079764278 0.016944124892553
0.003942649342761 0.015512610657759
0.003313617199802 0.014103291614216
0.002739052315863 0.012714660293348
0.002219017698460 0.011345656543214
0.001753570375248 0.009995852693624
0.001342761387771 0.008665743900138
0.000986635785864 0.007357508260403
0.000685232622713 0.006073304505808
0.000438584950571 0.004812919539796
0.000246719817134 0.003575658734749
0.000109658262577 0.002361425542094
0.000027415317244 0.001169546665134
0.000000000000000 0.000000000000000
0.000027415317244 -0.001161550097575
0.000109658262577 -0.002330775232271
0.000246719817134 -0.003504555577091
0.000438584950571 -0.004680704012340
0.000685232622713 -0.005856521220027
0.000986635785864 -0.007029229650433
0.001342761387771 -0.008196421840438
0.001753570375248 -0.009360919736944
0.002219017698460 -0.010526368240057
0.002739052315863 -0.011695347027825
0.003313617199802 -0.012869700536757
0.003942649342761 -0.014051356456649
0.004626079764278 -0.015241799756686
0.005363833518506 -0.016440698324057
0.006155829702431 -0.017646622477271
0.007001981464748 -0.018858223768222
0.007902196015379 -0.020074891867100
0.008856374635656 -0.021296698765300
0.009864412689139 -0.022523532441101
0.010926199633097 -0.023754656066957
0.012041619030626 -0.024987471075870
0.013210548563420 -0.026218699197112
0.014432860045182 -0.027445657858105
0.015708419435684 -0.028665782390140
0.017037086855466 -0.029876559792579
0.018418716601171 -0.031076040238149
0.019853157161528 -0.032262758261042
0.021340251233966 -0.033435641069994
0.022879835741862 -0.034593855578030
0.024471741852423 -0.035736597346242
0.026115794995207 -0.036863177236570
0.027811814881259 -0.037973053279465
0.029559615522887 -0.039065784593616
0.031359005254054 -0.040141150140490
0.033209786751399 -0.041199068411454
0.035111757055874 -0.042239702672289
0.037064707595003 -0.043263380460521
0.039068424205750 -0.044270313498564
0.041122687158009 -0.045260630209979
0.043227271178699 -0.046234412614959
0.045381945476466 -0.047191573100812
0.047586473766990 -0.048132213073037
0.049840614298903 -0.049056710518338
0.052144119880293 -0.049965615384557
0.054496737905816 -0.050859120661998
0.056898210384393 -0.051737160155689
0.059348273967504 -0.052599788462235
0.061846659978068 -0.053447179369304
0.064393094439905 -0.054279618587013
0.066987298107781 -0.055097320242640
0.069628986498028 -0.055900438589756
0.072317869919747 -0.056689140057131
0.075053653506568 -0.057463260465561
0.077836037248992 -0.058222561570155
0.080664716027288 -0.058966909439775
0.083539379644950 -0.059696322981347
0.086459712862719 -0.060410908173807
0.089425395433148 -0.061110722426143
0.092436102135723 -0.061795730491212
0.095491502812526 -0.062465940966372
0.098591262404443 -0.063121458070908
0.101735040987902 -0.063762490463036
0.104922493812155 -0.064389312114593
0.108153271337080 -0.065002124497488
0.111427019271514 -0.065601032026751
0.114743378612105 -0.066186183043870
0.118101985682679 -0.066757802427095
0.121502472174122 -0.067316166863213
0.124944465184770 -0.067861626079845
0.128427587261303 -0.068394499865441
0.131951456440133 -0.068914925973017
0.135515686289294 -0.069423047442689
0.139119885950819 -0.069919051386234
0.142763660183598 -0.070403116672273
0.146446609406726 -0.070875449887532
0.150168329743317 -0.071336298854564
0.153928413064796 -0.071785741047598
0.157726447035656 -0.072223606068306
0.161562015158669 -0.072649727593321
0.165434696820571 -0.073063962214618
0.169344067338174 -0.073466202990932
0.173289698004947 -0.073856370193552
0.177271156138025 -0.074234412188458
0.181288005125655 -0.074600282048229
0.185339804475081 -0.074953926193074
0.189426109860845 -0.075295309757047
0.193546473173511 -0.075624416885651
0.197700442568812 -0.075941230446007
0.201887562517192 -0.076245729015426
0.206107373853763 -0.076537905855067
0.210359413828660 -0.076817771449295
0.214643216157784 -0.077085331221335
0.218958311073935 -0.077340578960303
0.223304225378328 -0.077583524770527
0.227680482492486 -0.077814195657462
0.232086602510501 -0.078032592544284
0.236522102251661 -0.078238684792033
0.240986495313435 -0.078432452787573
0.245479292124814 -0.078613893318597
0.250000000000000 -0.078782958598821
0.254548123192429 -0.078939525154517
0.259123162949142 -0.079083471572157
0.263724617565473 -0.079214683259342
0.268351982440069 -0.079333050810968
0.273004750130227 -0.079438455963442
0.277682410407536 -0.079530785892958
0.282384450313836 -0.079609934986928
0.287110354217464 -0.079675817485157
0.291859603869799 -0.079728489997493
0.296631678462100 -0.079768109163086
0.301426054682609 -0.079794847983738
0.306242206773948 -0.079808893603295
0.311079606590766 -0.079810358870278
0.315937723657661 -0.079799152674224
0.320816025227350 -0.079775158035839
0.325713976339092 -0.079738263619843
0.330631039877354 -0.079688369350801
0.335566676630708 -0.079625468521484
0.340520345350965 -0.079549635406391
0.345491502812526 -0.079460955989618
0.350479603871956 -0.079359525318446
0.355484101527764 -0.079245458857292
0.360504446980385 -0.079118948962059
0.365540089692367 -0.078980219655097
0.370590477448739 -0.078829508225892
0.375655056417572 -0.078667060234241
0.380733271210709 -0.078493005629491
0.385824564944672 -0.078307129200298
0.390928379301728 -0.078109156222932
0.396044154591120 -0.077898813800877
0.401171329810437 -0.077675832599799
0.406309342707137 -0.077440061805921
0.411457629840208 -0.077191569388303
0.416615626641949 -0.076930445632024
0.421782767479884 -0.076656792375329
0.426958485718794 -0.076370711472471
0.432142213782848 -0.076072176740352
0.437333383217848 -0.075760987668466
0.442531424753567 -0.075436938013086
0.447735768366173 -0.075099823575387
0.452945843340743 -0.074749445762154
0.458161078333842 -0.074385609434596
0.463380901436184 -0.074008128806360
0.468604740235343 -0.073616823408114
0.473832021878528 -0.073211515747578
0.479062173135400 -0.072792042354892
0.484294620460935 -0.072358454327273
0.489528790058321 -0.071910998713339
0.494764107941877 -0.071449931461822
0.500000000000000 -0.070975514526783
0.505235892058122 -0.070488018949873
0.510471209941678 -0.069987703574059
0.515705379539064 -0.069474828077059
0.520937826864600 -0.068949651458673
0.526167978121472 -0.068412442162913
0.531395259764656 -0.067863468836595
0.536619098563816 -0.067302952643679
0.541838921666157 -0.066731088924533
0.547054156659257 -0.066148074197972
0.552264231633827 -0.065554115734307
0.557468575246433 -0.064949430164512
0.562666616782152 -0.064334294059844
0.567857786217152 -0.063709011799131
0.573041514281206 -0.063073893081408
0.578217232520115 -0.062429251082218
0.583384373358051 -0.061775413856192
0.588542370159791 -0.061112777831256
0.593690657292862 -0.060441757133380
0.598828670189563 -0.059762761182506
0.603955845408879 -0.059076210243493
0.609071620698271 -0.058382477996724
0.614175435055328 -0.057681858767972
0.619266728789290 -0.056974641311748
0.624344943582427 -0.056261114963097
0.629409522551260 -0.055541576647635
0.634459910307633 -0.054816477404584
0.639495553019614 -0.054086388025217
0.644515898472235 -0.053351879847094
0.649520396128043 -0.052613519032295
0.654508497187474 -0.051871851380810
0.659479654649035 -0.051127355265377
0.664433323369291 -0.050380498935889
0.669368960122646 -0.049631736421233
0.674286023660907 -0.048881516541407
0.679183974772650 -0.048130224417854
0.684062276342339 -0.047378173739248
0.688920393409233 -0.046625685238845
0.693757793226051 -0.045873070985346
0.698573945317390 -0.045120721899633
0.703368321537900 -0.044369216639122
0.708140396130200 -0.043619149063026
0.712889645782536 -0.042871103754776
0.717615549686163 -0.042125598970299
0.722317589592464 -0.041382938492224
0.726995249869773 -0.040643356509623
0.731648017559930 -0.039907089350917
0.736275382434527 -0.039174342111516
0.740876837050857 -0.038445192620168
0.745451876807570 -0.037719672370364
0.750000000000000 -0.036997811653198
0.754520707875185 -0.036279698713497
0.759013504686565 -0.035565714678104
0.763477897748338 -0.034856328030893
0.767913397489498 -0.034151996682874
0.772319517507513 -0.033453139047010
0.776695774621672 -0.032760103709439
0.781041688926065 -0.032073207863337
0.785356783842216 -0.031392758833611
0.789640586171339 -0.030719008501941
0.793892626146236 -0.030052126477344
0.798112437482808 -0.029392269129206
0.802299557431187 -0.028739589004105
0.806453526826488 -0.028094262751935
0.810573890139155 -0.027456468764850
0.814660195524918 -0.026826380518745
0.818711994874345 -0.026204157614677
0.822728843861975 -0.025589964283200
0.826710301995052 -0.024983941706419
0.830655932661826 -0.024386235158710
0.834565303179429 -0.023797014395052
0.838437984841330 -0.023216436404054
0.842273552964344 -0.022644655189736
0.846071586935203 -0.022081879311965
0.849831670256683 -0.021528328810806
0.853553390593274 -0.020984170449347
0.857236339816401 -0.020449195194984
0.860880114049181 -0.019922980342558
0.864484313710706 -0.019405117392782
0.868048543559867 -0.018895130063358
0.871572412738697 -0.018392516151537
0.875055534815230 -0.017896809524772
0.878497527825878 -0.017407555719462
0.881898014317321 -0.016924331709200
0.885256621387894 -0.016446730374100
0.888572980728485 -0.015974329436418
0.891846728662920 -0.015506741505266
0.895077506187845 -0.015043641433333
0.898264959012098 -0.014584754510779
0.901408737595557 -0.014129869333771
0.904508497187474 -0.013678895186409
0.907563897864277 -0.013231794903867
0.910574604566852 -0.012788530576209
0.913540287137281 -0.012349034678239
0.916460620355049 -0.011913307918077
0.919335283972712 -0.011481543514584
0.922163962751007 -0.011053973927563
0.924946346493432 -0.010630897781179
0.927682130080253 -0.010212631119081
0.930371013501972 -0.009799469564409
0.933012701892219 -0.009391671152884
0.935606905560095 -0.008989508879743
0.938153340021932 -0.008593287789472
0.940651726032496 -0.008203302861476
0.943101789615607 -0.007819846113594
0.945503262094184 -0.007443168302994
0.947855880119706 -0.007073464023845
0.950159385701097 -0.006711042561693
0.952413526233010 -0.006356435299231
0.954618054523534 -0.006010179523929
0.956772728821300 -0.005672811643725
0.958877312841991 -0.005344821125721
0.960931575794250 -0.005026634931595
0.962935292404997 -0.004718380247631
0.964888242944126 -0.004419870136709
0.966790213248601 -0.004130245308636
0.968640994745946 -0.003848715596334
0.970440384477113 -0.003574748911305
0.972188185118740 -0.003307589517973
0.973884205004793 -0.003046890671509
0.975528258147577 -0.002794063682020
0.977120164258138 -0.002551772143104
0.978659748766034 -0.002323273835745
0.980146842838471 -0.002110720967541
0.981581283398829 -0.001915991651918
0.982962913144534 -0.001740408464202
0.984291580564316 -0.001582496117994
0.985567139954818 -0.001437555301296
0.986789451436580 -0.001299277486045
0.987958380969374 -0.001163207178076
0.989073800366903 -0.001026214278110
0.990135587310861 -0.000885783921785
0.991143625364344 -0.000741756395297
0.992097803984621 -0.000605164085919
0.992998018535252 -0.000488172302827
0.993844170297569 -0.000399138916074
0.994636166481494 -0.000342378112520
0.995373920235722 -0.000319645614919
0.996057350657239 -0.000327975230187
0.996686382800198 -0.000353831495499
0.997260947684137 -0.000376443581527
0.997780982301540 -0.000383926253764
0.998246429624752 -0.000370945468386
0.998657238612229 -0.000337153755221
0.999013364214136 -0.000285998907824
0.999314767377287 -0.000223493565718
0.999561415049429 -0.000157171887961
0.999753280182866 -0.000094994974238
0.999890341737423 -0.000044417511765
0.999972584682756 -0.000011444087629
1.000000000000000 0.000000000000000
