1.000000000000000 0.000000000000000
0.999972584682756 0.000012820227305
0.999890341737423 0.000051187945085
0.999753280182866 0.000114779571315
0.999561415049429 0.000203075782347
0.999314767377287 0.000315375588050
0.999013364214136 0.000450775364063
0.998657238612229 0.000608225389477
0.998246429624752 0.000786527817234
0.997780982301540 0.000984337911271
0.997260947684137 0.001200230959565
0.996686382800198 0.001432670701496
0.996057350657239 0.001680090541935
0.995373920235722 0.001940871388177
0.994636166481494 0.002213388476486
0.993844170297569 0.002496018591991
0.992998018535252 0.002787185073654
0.992097803984621 0.003085352778879
0.991143625364344 0.003389078072525
0.990135587310861 0.003697006218273
0.989073800366903 0.004007875006069
0.987958380969374 0.004320527811542
0.986789451436580 0.004633970994182
0.985567139954818 0.004947373403713
0.984291580564316 0.005260118463614
0.982962913144534 0.005571803787726
0.981581283398829 0.005882280841028
0.980146842838472 0.006191702532073
0.978659748766034 0.006500329492127
0.977120164258138 0.006808309194457
0.975528258147577 0.007115908886299
0.973884205004793 0.007423611247662
0.972188185118741 0.007732200346596
0.970440384477113 0.008042710693101
0.968640994745946 0.008356506646552
0.966790213248601 0.008675406479319
0.964888242944126 0.009000982592560
0.962935292404997 0.009334071227496
0.960931575794250 0.009675347233444
0.958877312841991 0.010025457788200
0.956772728821300 0.010385201055093
0.954618054523534 0.010755532369722
0.952413526233010 0.011137611152470
0.950159385701097 0.011532578233349
0.947855880119706 0.011941360536035
0.945503262094184 0.012364512323565
0.943101789615607 0.012801987129706
0.940651726032496 0.013253745124916
0.938153340021932 0.013719797397463
0.935606905560095 0.014200133027863
0.933012701892219 0.014694685018215
0.930371013501972 0.015203323143982
0.927682130080253 0.015725777176432
0.924946346493432 0.016261664488859
0.922163962751008 0.016810359751655
0.919335283972712 0.017371149598142
0.916460620355050 0.017943284141007
0.913540287137281 0.018525934291903
0.910574604566852 0.019118131728636
0.907563897864277 0.019718802886894
0.904508497187474 0.020327074301372
0.901408737595557 0.020942446480099
0.898264959012098 0.021564441225240
0.895077506187845 0.022192623883428
0.891846728662920 0.022826562916277
0.888572980728485 0.023465798009083
0.885256621387895 0.024109810661779
0.881898014317321 0.024758069229937
0.878497527825878 0.025410057687019
0.875055534815230 0.026065280843047
0.871572412738697 0.026723216521211
0.868048543559867 0.027383350857848
0.864484313710706 0.028045158069212
0.860880114049181 0.028708079154746
0.857236339816402 0.029371530653861
0.853553390593274 0.030034898949642
0.849831670256683 0.030697676107986
0.846071586935203 0.031359597524590
0.842273552964344 0.032020453211374
0.838437984841330 0.032680030220916
0.834565303179429 0.033338153451008
0.830655932661826 0.033994649210385
0.826710301995053 0.034649350759831
0.822728843861975 0.035302080705432
0.818711994874345 0.035952662871482
0.814660195524919 0.036600923499564
0.810573890139155 0.037246676432946
0.806453526826488 0.037889735447297
0.802299557431188 0.038529916588196
0.798112437482808 0.039167038961420
0.793892626146237 0.039800942675698
0.789640586171339 0.040431466768239
0.785356783842216 0.041058465763997
0.781041688926065 0.041681808398537
0.776695774621672 0.042301392089533
0.772319517507513 0.042917119612237
0.767913397489498 0.043528903777471
0.763477897748339 0.044136656878397
0.759013504686565 0.044740306125613
0.754520707875186 0.045339783869697
0.750000000000000 0.045935033331895
0.745451876807570 0.046526050402582
0.740876837050858 0.047112837117467
0.736275382434527 0.047695409499346
0.731648017559931 0.048273786456899
0.726995249869773 0.048847984302416
0.722317589592464 0.049418025868867
0.717615549686164 0.049983940297189
0.712889645782536 0.050545752422466
0.708140396130201 0.051103420796540
0.703368321537900 0.051656902652527
0.698573945317390 0.052206150208718
0.693757793226052 0.052751128111539
0.688920393409234 0.053291791754954
0.684062276342339 0.053828096798716
0.679183974772650 0.054360005743633
0.674286023660908 0.054887481003615
0.669368960122646 0.055410460283785
0.664433323369292 0.055928853336386
0.659479654649035 0.056442571349333
0.654508497187474 0.056951526933227
0.649520396128043 0.057455640776574
0.644515898472236 0.057954867602467
0.639495553019615 0.058449172891354
0.634459910307633 0.058938520824080
0.629409522551260 0.059422885233685
0.624344943582428 0.059902255021497
0.619266728789291 0.060376633148898
0.614175435055328 0.060846027622461
0.609071620698271 0.061310453888635
0.603955845408880 0.061769899212312
0.598828670189563 0.062224126107632
0.593690657292862 0.062672787715079
0.588542370159792 0.063115534724889
0.583384373358051 0.063552020301825
0.578217232520115 0.063981913690894
0.573041514281206 0.064404952388053
0.567857786217152 0.064820884115005
0.562666616782152 0.065229463574611
0.557468575246433 0.065630443159356
0.552264231633827 0.066023630476865
0.547054156659257 0.066408922002050
0.541838921666158 0.066786229957144
0.536619098563816 0.067155469398856
0.531395259764657 0.067516560093906
0.526167978121472 0.067869360594554
0.520937826864600 0.068213656970673
0.515705379539064 0.068549232962081
0.510471209941678 0.068875876291325
0.505235892058123 0.069193377348581
0.500000000000000 0.069501521229223
0.494764107941877 0.069800088513277
0.489528790058322 0.070088863159759
0.484294620460936 0.070367634723230
0.479062173135400 0.070636193312482
0.473832021878528 0.070894322793604
0.468604740235343 0.071141795913790
0.463380901436184 0.071378394394501
0.458161078333842 0.071603903583956
0.452945843340743 0.071818119067374
0.447735768366173 0.072020879316202
0.442531424753567 0.072212048767995
0.437333383217848 0.072391496834040
0.432142213782848 0.072559098613602
0.426958485718794 0.072714733804457
0.421782767479885 0.072858276698435
0.416615626641949 0.072989603103130
0.411457629840209 0.073108596213023
0.406309342707138 0.073215145396034
0.401171329810437 0.073309135861096
0.396044154591120 0.073390423114008
0.390928379301729 0.073458861909758
0.385824564944672 0.073514315569354
0.380733271210710 0.073556655682340
0.375655056417573 0.073585806194418
0.370590477448740 0.073601775003310
0.365540089692367 0.073604584037568
0.360504446980385 0.073594261881928
0.355484101527764 0.073570841617915
0.350479603871957 0.073534333965560
0.345491502812526 0.073484734155480
0.340520345350965 0.073422044122944
0.335566676630708 0.073346274247181
0.330631039877354 0.073257407434275
0.325713976339092 0.073155290618116
0.320816025227350 0.073039745251540
0.315937723657661 0.072910604701697
0.311079606590766 0.072767717608953
0.306242206773949 0.072611014786672
0.301426054682610 0.072440508567188
0.296631678462100 0.072256227876006
0.291859603869799 0.072058209271452
0.287110354217464 0.071846510617896
0.282384450313836 0.071621236636530
0.277682410407536 0.071382505472925
0.273004750130227 0.071130447038881
0.268351982440069 0.070865178910946
0.263724617565473 0.070586679695512
0.259123162949143 0.070294870635449
0.254548123192430 0.069989688377498
0.250000000000000 0.069671081728377
0.245479292124815 0.069339010516394
0.240986495313435 0.068993441887066
0.236522102251661 0.068634363103229
0.232086602510502 0.068261772389205
0.227680482492487 0.067875665388933
0.223304225378328 0.067476043544088
0.218958311073935 0.067062919553067
0.214643216157784 0.066636323390940
0.210359413828661 0.066196292012927
0.206107373853763 0.065742866782224
0.201887562517192 0.065276109782040
0.197700442568813 0.064796093823001
0.193546473173512 0.064302867301653
0.189426109860845 0.063796491232616
0.185339804475081 0.063277035192084
0.181288005125655 0.062744586095021
0.177271156138025 0.062199215236136
0.173289698004947 0.061641011007414
0.169344067338174 0.061070075509636
0.165434696820571 0.060486395356732
0.161562015158670 0.059889891678877
0.157726447035656 0.059280520648977
0.153928413064797 0.058658280528934
0.150168329743317 0.058023223741161
0.146446609406726 0.057375434938256
0.142763660183598 0.056715038388362
0.139119885950819 0.056042228029030
0.135515686289294 0.055357242888416
0.131951456440133 0.054660343297368
0.128427587261303 0.053951830525024
0.124944465184770 0.053232038251946
0.121502472174122 0.052501321052799
0.118101985682679 0.051759953221592
0.114743378612105 0.051008206655923
0.111427019271515 0.050246366869607
0.108153271337080 0.049474692526049
0.104922493812155 0.048693450880401
0.101735040987902 0.047902946591466
0.098591262404443 0.047103518699838
0.095491502812526 0.046295540090264
0.092436102135723 0.045479493562558
0.089425395433148 0.044656012282648
0.086459712862719 0.043825750508059
0.083539379644950 0.042989381333623
0.080664716027288 0.042147606723115
0.077836037248993 0.041301133264207
0.075053653506568 0.040450697592538
0.072317869919747 0.039597005532846
0.069628986498028 0.038740404928050
0.066987298107781 0.037881082701796
0.064393094439905 0.037019263398520
0.061846659978068 0.036155202358960
0.059348273967504 0.035289242115112
0.056898210384393 0.034421810078056
0.054496737905816 0.033553354671230
0.052144119880294 0.032684197788152
0.049840614298903 0.031814647855669
0.047586473766990 0.030944967108947
0.045381945476466 0.030075478049425
0.043227271178700 0.029206575768516
0.041122687158010 0.028338769885105
0.039068424205750 0.027472637304416
0.037064707595003 0.026608811288498
0.035111757055874 0.025747817550269
0.033209786751399 0.024890158748735
0.031359005254054 0.024036444228910
0.029559615522887 0.023187336131221
0.027811814881260 0.022343557044494
0.026115794995207 0.021505988529416
0.024471741852423 0.020675716434645
0.022879835741862 0.019853223141777
0.021340251233966 0.019038340685645
0.019853157161529 0.018230735117241
0.018418716601171 0.017430171476713
0.017037086855466 0.016636879011450
0.015708419435685 0.015851304475623
0.014432860045182 0.015074123153694
0.013210548563420 0.014306418106702
0.012041619030626 0.013548546988292
0.010926199633097 0.012799626632644
0.009864412689139 0.012059038333319
0.008856374635656 0.011326793215126
0.007902196015379 0.010603550222208
0.007001981464748 0.009890338697372
0.006155829702431 0.009189136617064
0.005363833518506 0.008502499406206
0.004626079764278 0.007829858972655
0.003942649342761 0.007167877523762
0.003313617199802 0.006512300584588
0.002739052315863 0.005861067208081
0.002219017698460 0.005213734120198
0.001753570375248 0.004571349563653
0.001342761387771 0.003937125280041
0.000986635785864 0.003317045684256
0.000685232622713 0.002718074310785
0.000438584950571 0.002139855295341
0.000246719817134 0.001580113309450
0.000109658262577 0.001037484860528
0.000027415317244 0.000511064947993
0.000000000000000 0.000000000000000
0.000027415317244 -0.000502781979588
0.000109658262577 -0.001013232169122
0.000246719817134 -0.001528215554502
0.000438584950571 -0.002042209245225
0.000685232622713 -0.002548841053835
0.000986635785864 -0.003040524356992
0.001342761387771 -0.003510025435707
0.001753570375248 -0.003955786780887
0.002219017698460 -0.004378269964212
0.002739052315863 -0.004778551302667
0.003313617199802 -0.005158345126596
0.003942649342761 -0.005519770099328
0.004626079764278 -0.005865945333546
0.005363833518506 -0.006201926953809
0.006155829702431 -0.006531465566004
0.007001981464748 -0.006854527232912
0.007902196015379 -0.007168718844486
0.008856374635656 -0.007471341581995
0.009864412689139 -0.007761283393238
0.010926199633097 -0.008038167626028
0.012041619030626 -0.008302661894573
0.013210548563420 -0.008557030668735
0.014432860045182 -0.008803098979502
0.015708419435684 -0.009041713546578
0.017037086855466 -0.009272096659910
0.018418716601171 -0.009493482629257
0.019853157161528 -0.009705694431085
0.021340251233966 -0.009908700742116
0.022879835741862 -0.010102742401312
0.024471741852423 -0.010288513351151
0.026115794995207 -0.010466364204608
0.027811814881259 -0.010636041781271
0.029559615522887 -0.010797154210383
0.031359005254054 -0.010949323326557
0.033209786751399 -0.011092346871588
0.035111757055874 -0.011226209956395
0.037064707595003 -0.011351114312171
0.039068424205750 -0.011467196495324
0.041122687158009 -0.011574408259413
0.043227271178699 -0.011672461693819
0.045381945476466 -0.011760849011389
0.047586473766990 -0.011839159754936
0.049840614298903 -0.011907076567117
0.052144119880293 -0.011964327714445
0.054496737905816 -0.012010681879514
0.056898210384393 -0.012045897735224
0.059348273967504 -0.012069741168840
0.061846659978068 -0.012081985223002
0.064393094439905 -0.012082421057663
0.066987298107781 -0.012070901469611
0.069628986498028 -0.012047345718189
0.072317869919747 -0.012011714432364
0.075053653506568 -0.011964000355572
0.077836037248992 -0.011904204019847
0.080664716027288 -0.011832218902455
0.083539379644950 -0.011747944622477
0.086459712862719 -0.011651335159026
0.089425395433148 -0.011542398425414
0.092436102135723 -0.011421178011881
0.095491502812526 -0.011287750741924
0.098591262404443 -0.011142204629793
0.101735040987902 -0.010984424783619
0.104922493812155 -0.010814210853474
0.108153271337080 -0.010631380766383
0.111427019271514 -0.010435764300689
0.114743378612105 -0.010227215092338
0.118101985682679 -0.010005624671920
0.121502472174122 -0.009770933287756
0.124944465184770 -0.009523116987146
0.128427587261303 -0.009262278117059
0.131951456440133 -0.008988605880275
0.135515686289294 -0.008702327143009
0.139119885950819 -0.008403723856389
0.142763660183598 -0.008093124328158
0.146446609406726 -0.007770859394051
0.150168329743317 -0.007437092786582
0.153928413064796 -0.007091961072509
0.157726447035656 -0.006735602701978
0.161562015158669 -0.006368081040934
0.165434696820571 -0.005989435617819
0.169344067338174 -0.005599729927465
0.173289698004947 -0.005199111575367
0.177271156138025 -0.004787802915666
0.181288005125655 -0.004366045183135
0.185339804475081 -0.003934183384993
0.189426109860845 -0.003492707781915
0.193546473173511 -0.003042147031818
0.197700442568812 -0.002583051171072
0.201887562517192 -0.002115919228112
0.206107373853763 -0.001641249061489
0.210359413828660 -0.001159568959998
0.214643216157784 -0.000671287142061
0.218958311073935 -0.000176624133032
0.223304225378328 0.000324211883775
0.227680482492486 0.000830988632919
0.232086602510501 0.001343429838241
0.236522102251661 0.001861211575983
0.240986495313435 0.002384002860243
0.245479292124814 0.002911438713625
0.250000000000000 0.003443065257756
0.254548123192429 0.003978377614745
0.259123162949142 0.004516858344041
0.263724617565473 0.005057976494794
0.268351982440069 0.005601250516816
0.273004750130227 0.006146204302069
0.277682410407536 0.006692345032054
0.282384450313836 0.007239183897535
0.287110354217464 0.007786310284255
0.291859603869799 0.008333334528657
0.296631678462100 0.008879863943629
0.301426054682609 0.009425491997059
0.306242206773948 0.009969776451086
0.311079606590766 0.010512245980176
0.315937723657661 0.011052423485999
0.320816025227350 0.011589822513732
0.325713976339092 0.012123938871438
0.330631039877354 0.012654251174250
0.335566676630708 0.013180232535855
0.340520345350965 0.013701344235955
0.345491502812526 0.014217078940197
0.350479603871956 0.014727062560051
0.355484101527764 0.015230960312872
0.360504446980385 0.015728434980555
0.365540089692367 0.016219150904736
0.370590477448739 0.016702776047620
0.375655056417572 0.017178982794935
0.380733271210709 0.017647442518213
0.385824564944672 0.018107828976095
0.390928379301728 0.018559811624082
0.396044154591120 0.019003040072676
0.401171329810437 0.019437156381035
0.406309342707137 0.019861801875785
0.411457629840208 0.020276621116910
0.416615626641949 0.020681297819995
0.421782767479884 0.021075610543841
0.426958485718794 0.021459357987927
0.432142213782848 0.021832337876720
0.437333383217848 0.022194356598492
0.442531424753567 0.022545237021511
0.447735768366173 0.022884829270395
0.452945843340743 0.023212989398053
0.458161078333842 0.023529577231414
0.463380901436184 0.023834453545741
0.468604740235343 0.024127431955176
0.473832021878528 0.024408298350573
0.479062173135400 0.024676840289206
0.484294620460935 0.024932852899704
0.489528790058321 0.025176159364521
0.494764107941877 0.025406754815099
0.500000000000000 0.025624708482932
0.505235892058122 0.025830097661684
0.510471209941678 0.026023002285321
0.515705379539064 0.026203517376524
0.520937826864600 0.026371783311559
0.526167978121472 0.026527954029244
0.531395259764656 0.026672188080147
0.536619098563816 0.026804648845467
0.541838921666157 0.026925428934970
0.547054156659257 0.027034452943306
0.552264231633827 0.027131625661393
0.557468575246433 0.027216856950248
0.562666616782152 0.027290065147139
0.567857786217152 0.027351285411335
0.573041514281206 0.027400706226424
0.578217232520115 0.027438530278860
0.583384373358051 0.027464963264717
0.588542370159791 0.027480218743606
0.593690657292862 0.027484572700027
0.598828670189563 0.027478344640462
0.603955845408879 0.027461856159449
0.609071620698271 0.027435429730622
0.614175435055328 0.027399354408652
0.619266728789290 0.027353761278878
0.624344943582427 0.027298738523754
0.629409522551260 0.027234378168041
0.634459910307633 0.027160776456695
0.639495553019614 0.027078067960987
0.644515898472235 0.026986442930883
0.649520396128043 0.026886098690280
0.654508497187474 0.026777232916938
0.659479654649035 0.026660055130954
0.664433323369291 0.026534842980633
0.669368960122646 0.026401900890955
0.674286023660907 0.026261532697749
0.679183974772650 0.026114041068713
0.684062276342339 0.025959711049923
0.688920393409233 0.025798805495802
0.693757793226051 0.025631585459332
0.698573945317390 0.025458310861389
0.703368321537900 0.025279244068283
0.708140396130200 0.025094660047583
0.712889645782536 0.024904832900924
0.717615549686163 0.024710035860720
0.722317589592464 0.024510505431375
0.726995249869773 0.024306301893064
0.731648017559930 0.024097429254473
0.736275382434527 0.023883894987683
0.740876837050857 0.023665712864938
0.745451876807570 0.023442881284152
0.750000000000000 0.023215401336998
0.754520707875185 0.022983276430768
0.759013504686565 0.022746513373055
0.763477897748338 0.022505085618561
0.767913397489498 0.022258960742736
0.772319517507513 0.022008117313932
0.776695774621672 0.021752539334877
0.781041688926065 0.021492220861361
0.785356783842216 0.021227163983023
0.789640586171339 0.020957377605687
0.793892626146236 0.020682858611156
0.798112437482808 0.020403583384495
0.802299557431187 0.020119535324558
0.806453526826488 0.019830710514834
0.810573890139155 0.019537095320318
0.814660195524918 0.019238686084495
0.818711994874345 0.018935487979711
0.822728843861975 0.018627551685986
0.826710301995052 0.018314974481924
0.830655932661826 0.017997863961162
0.834565303179429 0.017676347270591
0.838437984841330 0.017350590475135
0.842273552964344 0.017020776012580
0.846071586935203 0.016687080762685
0.849831670256683 0.016349690436405
0.853553390593274 0.016008788709709
0.857236339816401 0.015664591942784
0.860880114049181 0.015317453126793
0.864484313710706 0.014967766259310
0.868048543559867 0.014615918078848
0.871572412738697 0.014262275645239
0.875055534815230 0.013907189456401
0.878497527825878 0.013551016427104
0.881898014317321 0.013194118607288
0.885256621387894 0.012836856192081
0.888572980728485 0.012479617478091
0.891846728662920 0.012122828714117
0.895077506187845 0.011766908146407
0.898264959012098 0.011412244693099
0.901408737595557 0.011059204950215
0.904508497187474 0.010708142266103
0.907563897864277 0.010359394414377
0.910574604566852 0.010013285887450
0.913540287137281 0.009670118698261
0.916460620355049 0.009330176665183
0.919335283972712 0.008993730068562
0.922163962751007 0.008661041725798
0.924946346493432 0.008332351972025
0.927682130080253 0.008007880419907
0.930371013501972 0.007687839350375
0.933012701892219 0.007372488312042
0.935606905560095 0.007062083953109
0.938153340021932 0.006756909287117
0.940651726032496 0.006457236121335
0.943101789615607 0.006163306105807
0.945503262094184 0.005875324078998
0.947855880119706 0.005593498126470
0.950159385701097 0.005318002576223
0.952413526233010 0.005048932961163
0.954618054523534 0.004786340279861
0.956772728821300 0.004530211068052
0.958877312841991 0.004280527809698
0.960931575794250 0.004037278393451
0.962935292404997 0.003800458928981
0.964888242944126 0.003570054553392
0.966790213248601 0.003346060826465
0.968640994745946 0.003128561194858
0.970440384477113 0.002917974845279
0.972188185118740 0.002714749640003
0.973884205004793 0.002519234539867
0.975528258147577 0.002331709404381
0.977120164258138 0.002152378954788
0.978659748766034 0.001981377774119
0.980146842838471 0.001818785365267
0.981581283398829 0.001664608352810
0.982962913144534 0.001518750318204
0.984291580564316 0.001381075550828
0.985567139954818 0.001251419897771
0.986789451436580 0.001129602301455
0.987958380969374 0.001015422838368
0.989073800366903 0.000908668086162
0.990135587310861 0.000809115603325
0.991143625364344 0.000716533206512
0.992097803984621 0.000630712001759
0.992998018535252 0.000551448098760
0.993844170297569 0.000478519951178
0.994636166481494 0.000411704845074
0.995373920235722 0.000350766266849
0.996057350657239 0.000295476439859
0.996686382800198 0.000245601136471
0.997260947684137 0.000200918201040
0.997780982301540 0.000161211932418
0.998246429624752 0.000126280673295
0.998657238612229 0.000095933647841
0.999013364214136 0.000069999251002
0.999314767377287 0.000048324072043
0.999561415049429 0.000030776861437
0.999753280182866 0.000017244783330
0.999890341737423 0.000007643160096
0.999972584682756 0.000001907567745
1.000000000000000 0.000000000000000
