1.000000000000000 0.000000000000000
0.999972584682756 0.000021700140761
0.999890341737423 0.000086755034812
0.999753280182866 0.000195051104206
0.999561415049429 0.000346384155506
0.999314767377287 0.000540494199070
0.999013364214136 0.000777043249467
0.998657238612229 0.001055582180817
0.998246429624752 0.001375654242951
0.997780982301540 0.001736682618182
0.997260947684137 0.002138028915146
0.996686382800198 0.002579039675250
0.996057350657239 0.003058946773224
0.995373920235722 0.003576959441571
0.994636166481494 0.004132210348803
0.993844170297569 0.004723813498340
0.992998018535252 0.005350832998940
0.992097803984621 0.006012263866104
0.991143625364344 0.006707111252268
0.990135587310861 0.007434337943993
0.989073800366903 0.008192845995901
0.987958380969374 0.008981565579294
0.986789451436580 0.009799392832858
0.985567139954818 0.010645193283549
0.984291580564316 0.011517857260312
0.982962913144534 0.012416239652447
0.981581283398829 0.013339245662326
0.980146842838472 0.014285720330271
0.978659748766034 0.015254564320005
0.977120164258138 0.016244684844459
0.975528258147577 0.017254998870564
0.973884205004793 0.018284426219102
0.972188185118741 0.019331960306639
0.970440384477113 0.020396563676429
0.968640994745946 0.021477267480187
0.966790213248601 0.022573134402554
0.964888242944126 0.023683224777283
0.962935292404997 0.024806682143708
0.960931575794250 0.025942670805757
0.958877312841991 0.027090396250521
0.956772728821300 0.028249116225594
0.954618054523534 0.029418134339029
0.952413526233010 0.030596800691929
0.950159385701097 0.031784507387573
0.947855880119706 0.032980713836753
0.945503262094184 0.034184933803466
0.943101789615607 0.035396725939256
0.940651726032496 0.036615723870037
0.938153340021932 0.037841593215837
0.935606905560095 0.039074093964966
0.933012701892219 0.040313021838259
0.930371013501972 0.041558246146583
0.927682130080253 0.042809708082093
0.924946346493432 0.044067399408678
0.922163962751008 0.045331402369517
0.919335283972712 0.046601849344320
0.916460620355050 0.047878966743910
0.913540287137281 0.049163041348618
0.910574604566852 0.050454413640796
0.907563897864277 0.051753503049101
0.904508497187474 0.053060864992938
0.901408737595557 0.054377231495591
0.898264959012098 0.055703207195445
0.895077506187845 0.057038524720786
0.891846728662920 0.058382672643378
0.888572980728485 0.059735040407743
0.885256621387895 0.061094848401666
0.881898014317321 0.062461284463169
0.878497527825878 0.063833563737083
0.875055534815230 0.065210897798884
0.871572412738697 0.066592492507991
0.868048543559867 0.067977530224714
0.864484313710706 0.069365154295511
0.860880114049181 0.070754522353081
0.857236339816402 0.072144753424843
0.853553390593274 0.073534961642270
0.849831670256683 0.074924255706094
0.846071586935203 0.076311716261341
0.842273552964344 0.077696423190769
0.838437984841330 0.079077432768285
0.834565303179429 0.080453797744018
0.830655932661826 0.081824555349010
0.826710301995053 0.083188745498697
0.822728843861975 0.084545387369363
0.818711994874345 0.085893470078699
0.814660195524919 0.087231976954059
0.810573890139155 0.088559879825585
0.806453526826488 0.089876203070664
0.802299557431188 0.091179979671736
0.798112437482808 0.092470243657987
0.793892626146237 0.093746155740874
0.789640586171339 0.095007378130328
0.785356783842216 0.096253716296873
0.781041688926065 0.097484976138139
0.776695774621672 0.098700971618091
0.772319517507513 0.099901511168898
0.767913397489498 0.101086400614420
0.763477897748339 0.102255470868363
0.759013504686565 0.103408577934389
0.754520707875186 0.104545604050160
0.750000000000000 0.105666453077993
0.745451876807570 0.106771048617304
0.740876837050858 0.107859300987133
0.736275382434527 0.108931136906152
0.731648017559931 0.109986474461252
0.726995249869773 0.111025254998109
0.722317589592464 0.112047469420710
0.717615549686164 0.113053196454877
0.712889645782536 0.114042556215759
0.708140396130201 0.115015689534426
0.703368321537900 0.115972692385218
0.698573945317390 0.116913220871055
0.693757793226052 0.117836699398471
0.688920393409234 0.118742539292067
0.684062276342339 0.119630167467340
0.679183974772650 0.120498884041644
0.674286023660908 0.121347766130292
0.669368960122646 0.122175865834956
0.664433323369292 0.122982227698002
0.659479654649035 0.123765913799428
0.654508497187474 0.124526048751407
0.649520396128043 0.125261808691295
0.644515898472236 0.125972377250070
0.639495553019615 0.126656929874342
0.634459910307633 0.127314620862748
0.629409522551260 0.127944473798935
0.624344943582428 0.128545481170185
0.619266728789291 0.129116634909433
0.614175435055328 0.129656934103446
0.609071620698271 0.130165580573507
0.603955845408880 0.130642251711952
0.598828670189563 0.131086707233935
0.593690657292862 0.131498713258374
0.588542370159792 0.131878047794043
0.583384373358051 0.132224912435576
0.578217232520115 0.132540238335007
0.573041514281206 0.132825046619507
0.567857786217152 0.133080376992027
0.562666616782152 0.133307282680046
0.557468575246433 0.133506736718807
0.552264231633827 0.133679576676908
0.547054156659257 0.133826640859218
0.541838921666158 0.133948781419761
0.536619098563816 0.134046864824122
0.531395259764657 0.134121845349813
0.526167978121472 0.134174816161470
0.520937826864600 0.134206895287524
0.515705379539064 0.134219211790056
0.510471209941678 0.134212902476493
0.505235892058123 0.134188840731187
0.500000000000000 0.134147393639495
0.494764107941877 0.134088878852990
0.489528790058322 0.134013620635156
0.484294620460936 0.133921948607914
0.479062173135400 0.133814009678729
0.473832021878528 0.133689537839706
0.468604740235343 0.133548217855126
0.463380901436184 0.133389742134290
0.458161078333842 0.133213812368798
0.452945843340743 0.133020175638977
0.447735768366173 0.132808684184963
0.442531424753567 0.132579213577725
0.437333383217848 0.132331645370054
0.432142213782848 0.132065872481365
0.426958485718794 0.131781782911173
0.421782767479885 0.131479249903302
0.416615626641949 0.131158150697489
0.411457629840209 0.130818372412911
0.406309342707138 0.130459808702025
0.401171329810437 0.130082374486266
0.396044154591120 0.129686015334225
0.390928379301729 0.129270688355436
0.385824564944672 0.128836358947713
0.380733271210710 0.128383004179681
0.375655056417573 0.127910611472011
0.370590477448740 0.127419174374876
0.365540089692367 0.126908701117111
0.360504446980385 0.126379204032359
0.355484101527764 0.125830711991617
0.350479603871957 0.125263264740556
0.345491502812526 0.124676911765214
0.340520345350965 0.124071718495142
0.335566676630708 0.123447761202102
0.330631039877354 0.122805119265179
0.325713976339092 0.122143860510173
0.320816025227350 0.121464056987688
0.315937723657661 0.120765785236569
0.311079606590766 0.120049135257273
0.306242206773949 0.119314246107186
0.301426054682610 0.118561386173769
0.296631678462100 0.117790846059348
0.291859603869799 0.117002929861853
0.287110354217464 0.116197952754978
0.282384450313836 0.115376350939744
0.277682410407536 0.114538638805565
0.273004750130227 0.113685345131808
0.268351982440069 0.112816997686970
0.263724617565473 0.111934107329383
0.259123162949143 0.111037174910187
0.254548123192430 0.110126690950649
0.250000000000000 0.109203155652939
0.245479292124815 0.108267062042050
0.240986495313435 0.107318916875264
0.236522102251661 0.106359229714990
0.232086602510502 0.105388502319503
0.227680482492487 0.104407254808920
0.223304225378328 0.103416016937989
0.218958311073935 0.102415318451859
0.214643216157784 0.101405703859709
0.210359413828661 0.100387692389068
0.206107373853763 0.099361740865009
0.201887562517192 0.098328275763667
0.197700442568813 0.097287725320396
0.193546473173512 0.096240383352634
0.189426109860845 0.095186009479825
0.185339804475081 0.094124302207281
0.181288005125655 0.093054975942695
0.177271156138025 0.091977812322752
0.173289698004947 0.090892671473424
0.169344067338174 0.089799430071569
0.165434696820571 0.088698016111335
0.161562015158670 0.087588417549820
0.157726447035656 0.086470686871266
0.153928413064797 0.085344892038582
0.150168329743317 0.084210990673742
0.146446609406726 0.083068744127011
0.142763660183598 0.081917951642745
0.139119885950819 0.080758389147835
0.135515686289294 0.079589704243822
0.131951456440133 0.078411555680803
0.128427587261303 0.077223639171288
0.124944465184770 0.076025738196928
0.121502472174122 0.074817665634341
0.118101985682679 0.073599313858505
0.114743378612105 0.072370633179742
0.111427019271515 0.071131626212156
0.108153271337080 0.069882332194176
0.104922493812155 0.068622625991561
0.101735040987902 0.067352376750109
0.098591262404443 0.066071929258531
0.095491502812526 0.064783438030565
0.092436102135723 0.063489441400180
0.089425395433148 0.062192571264291
0.086459712862719 0.060895653023993
0.083539379644950 0.059601428017087
0.080664716027288 0.058312741613816
0.077836037248993 0.057032399661210
0.075053653506568 0.055762441429561
0.072317869919747 0.054503358932208
0.069628986498028 0.053255296471876
0.066987298107781 0.052017333913337
0.064393094439905 0.050788034583865
0.061846659978068 0.049566152977134
0.059348273967504 0.048350645274361
0.056898210384393 0.047140550167291
0.054496737905816 0.045934769979820
0.052144119880294 0.044732219582346
0.049840614298903 0.043531371349211
0.047586473766990 0.042330606554162
0.045381945476466 0.041127802737707
0.043227271178700 0.039921011934628
0.041122687158010 0.038709564176064
0.039068424205750 0.037493600490571
0.037064707595003 0.036274286576426
0.035111757055874 0.035053387906896
0.033209786751399 0.033833445853615
0.031359005254054 0.032617260290869
0.029559615522887 0.031407862904237
0.027811814881260 0.030208609578574
0.026115794995207 0.029022937430921
0.024471741852423 0.027853074582867
0.022879835741862 0.026700285404586
0.021340251233966 0.025564357675322
0.019853157161529 0.024444476306149
0.018418716601171 0.023340264910476
0.017037086855466 0.022251598123377
0.015708419435685 0.021178266908660
0.014432860045182 0.020120213513505
0.013210548563420 0.019077313781776
0.012041619030626 0.018049582983707
0.010926199633097 0.017036931268727
0.009864412689139 0.016039433649334
0.008856374635656 0.015057017881536
0.007902196015379 0.014089770453968
0.007001981464748 0.013137692920613
0.006155829702431 0.012200800558642
0.005363833518506 0.011279169332693
0.004626079764278 0.010372790179039
0.003942649342761 0.009481746057060
0.003313617199802 0.008606060693792
0.002739052315863 0.007745764219775
0.002219017698460 0.006900932200243
0.001753570375248 0.006071612961754
0.001342761387771 0.005257804035553
0.000986635785864 0.004459618183467
0.000685232622713 0.003677046911819
0.000438584950571 0.002910117690987
0.000246719817134 0.002158938884139
0.000109658262577 0.001423542668268
0.000027415317244 0.000703708785797
0.000000000000000 0.000000000000000
0.000027415317244 -0.000688054833766
0.000109658262577 -0.001360008939566
0.000246719817134 -0.002016205103275
0.000438584950571 -0.002656253825473
0.000685232622713 -0.003281740691047
0.000986635785864 -0.003897056253482
0.001342761387771 -0.004505262419821
0.001753570375248 -0.005107577070565
0.002219017698460 -0.005704593556860
0.002739052315863 -0.006296493570105
0.003313617199802 -0.006883287549947
0.003942649342761 -0.007464837290801
0.004626079764278 -0.008040975023139
0.005363833518506 -0.008611375228543
0.006155829702431 -0.009175747948614
0.007001981464748 -0.009733667695089
0.007902196015379 -0.010284707342095
0.008856374635656 -0.010828407945549
0.009864412689139 -0.011364130068492
0.010926199633097 -0.011891358070103
0.012041619030626 -0.012409289264470
0.013210548563420 -0.012917222159678
0.014432860045182 -0.013414173518033
0.015708419435684 -0.013899217371751
0.017037086855466 -0.014371079738093
0.018418716601171 -0.014828478616273
0.019853157161528 -0.015269719915485
0.021340251233966 -0.015692977816772
0.022879835741862 -0.016095788376802
0.024471741852423 -0.016475333245481
0.026115794995207 -0.016828035708505
0.027811814881259 -0.017149949204200
0.029559615522887 -0.017437928840736
0.031359005254054 -0.017689328672276
0.033209786751399 -0.017902390994687
0.035111757055874 -0.018076058767165
0.037064707595003 -0.018210694380321
0.039068424205750 -0.018307822084765
0.041122687158009 -0.018370879025025
0.043227271178699 -0.018404783208545
0.045381945476466 -0.018416299681705
0.047586473766990 -0.018413904773591
0.049840614298903 -0.018408433359317
0.052144119880293 -0.018410137758344
0.054496737905816 -0.018421936903878
0.056898210384393 -0.018444833793209
0.059348273967504 -0.018478709457633
0.061846659978068 -0.018523066066634
0.064393094439905 -0.018577675909986
0.066987298107781 -0.018642414603882
0.069628986498028 -0.018717138038328
0.072317869919747 -0.018801676797771
0.075053653506568 -0.018895707072428
0.077836037248992 -0.018998620295326
0.080664716027288 -0.019109618228937
0.083539379644950 -0.019227363072357
0.086459712862719 -0.019350166277617
0.089425395433148 -0.019476163086491
0.092436102135723 -0.019603317213947
0.095491502812526 -0.019729417600074
0.098591262404443 -0.019852159290223
0.101735040987902 -0.019969098808334
0.104922493812155 -0.020078373776852
0.108153271337080 -0.020179708493853
0.111427019271514 -0.020273064214657
0.114743378612105 -0.020358355339457
0.118101985682679 -0.020435439566299
0.121502472174122 -0.020504191282203
0.124944465184770 -0.020564520512125
0.128427587261303 -0.020616367526359
0.131951456440133 -0.020659692011463
0.135515686289294 -0.020694458530175
0.139119885950819 -0.020720645461848
0.142763660183598 -0.020738251245949
0.146446609406726 -0.020747303142311
0.150168329743317 -0.020747853795936
0.153928413064796 -0.020739987675136
0.157726447035656 -0.020723945401209
0.161562015158669 -0.020700093180570
0.165434696820571 -0.020668835320383
0.169344067338174 -0.020630600606200
0.173289698004947 -0.020585837638936
0.177271156138025 -0.020535029621970
0.181288005125655 -0.020478712344634
0.185339804475081 -0.020417515518079
0.189426109860845 -0.020352122118542
0.193546473173511 -0.020283246255081
0.197700442568812 -0.020211469139911
0.201887562517192 -0.020137256660613
0.206107373853763 -0.020061096434101
0.210359413828660 -0.019983416454424
0.214643216157784 -0.019904293710122
0.218958311073935 -0.019823705959498
0.223304225378328 -0.019741629513663
0.227680482492486 -0.019658073317990
0.232086602510501 -0.019573107421194
0.236522102251661 -0.019486814641877
0.240986495313435 -0.019399281026514
0.245479292124814 -0.019310584873961
0.250000000000000 -0.019220795865375
0.254548123192429 -0.019129983642241
0.259123162949142 -0.019038221326745
0.263724617565473 -0.018945586949553
0.268351982440069 -0.018852161648643
0.273004750130227 -0.018758030882258
0.277682410407536 -0.018663282457664
0.282384450313836 -0.018568010268226
0.287110354217464 -0.018472318079902
0.291859603869799 -0.018376312338887
0.296631678462100 -0.018280103361277
0.301426054682609 -0.018183780726166
0.306242206773948 -0.018087366636187
0.311079606590766 -0.017990870875403
0.315937723657661 -0.017894301454739
0.320816025227350 -0.017797665150187
0.325713976339092 -0.017700953641529
0.330631039877354 -0.017604150625060
0.335566676630708 -0.017507238170654
0.340520345350965 -0.017410198297696
0.345491502812526 -0.017313014398790
0.350479603871956 -0.017215673746380
0.355484101527764 -0.017118163062143
0.360504446980385 -0.017020469224461
0.365540089692367 -0.016922577069363
0.370590477448739 -0.016824468448104
0.375655056417572 -0.016726122541942
0.380733271210709 -0.016627517962452
0.385824564944672 -0.016528632803143
0.390928379301728 -0.016429448795832
0.396044154591120 -0.016329959568601
0.401171329810437 -0.016230159966123
0.406309342707137 -0.016130044158570
0.411457629840208 -0.016029607153482
0.416615626641949 -0.015928858065033
0.421782767479884 -0.015827821324379
0.426958485718794 -0.015726523031027
0.432142213782848 -0.015624989336569
0.437333383217848 -0.015523245784706
0.442531424753567 -0.015421315386119
0.447735768366173 -0.015319218578662
0.452945843340743 -0.015216976062305
0.458161078333842 -0.015114608176559
0.463380901436184 -0.015012136306663
0.468604740235343 -0.014909584332840
0.473832021878528 -0.014806976694551
0.479062173135400 -0.014704338724070
0.484294620460935 -0.014601695068472
0.489528790058321 -0.014499068255699
0.494764107941877 -0.014396474574192
0.500000000000000 -0.014293927800829
0.505235892058122 -0.014191442515954
0.510471209941678 -0.014089032871904
0.515705379539064 -0.013986706866244
0.520937826864600 -0.013884461014034
0.526167978121472 -0.013782289369236
0.531395259764656 -0.013680186822668
0.536619098563816 -0.013578147491556
0.541838921666157 -0.013476168295937
0.547054156659257 -0.013374248739912
0.552264231633827 -0.013272387490253
0.557468575246433 -0.013170584891838
0.562666616782152 -0.013068839588967
0.567857786217152 -0.012967148517977
0.573041514281206 -0.012865505582211
0.578217232520115 -0.012763905086068
0.583384373358051 -0.012662341312390
0.588542370159791 -0.012560811176684
0.593690657292862 -0.012459324973449
0.598828670189563 -0.012357897819838
0.603955845408879 -0.012256545875804
0.609071620698271 -0.012155284437153
0.614175435055328 -0.012054140398579
0.619266728789290 -0.011953167134020
0.624344943582427 -0.011852421882151
0.629409522551260 -0.011751961941270
0.634459910307633 -0.011651841770526
0.639495553019614 -0.011552113921823
0.644515898472235 -0.011452825936294
0.649520396128043 -0.011354024440304
0.654508497187474 -0.011255756456513
0.659479654649035 -0.011158066539300
0.664433323369291 -0.011060998425302
0.669368960122646 -0.010964593083871
0.674286023660907 -0.010868892172082
0.679183974772650 -0.010773936130315
0.684062276342339 -0.010679771739410
0.688920393409233 -0.010586450414991
0.693757793226051 -0.010494021662289
0.698573945317390 -0.010402533353480
0.703368321537900 -0.010311980277114
0.708140396130200 -0.010222270315324
0.712889645782536 -0.010133304568938
0.717615549686163 -0.010044988033870
0.722317589592464 -0.009957222874400
0.726995249869773 -0.009869899005275
0.731648017559930 -0.009782908709945
0.736275382434527 -0.009696146377097
0.740876837050857 -0.009609512045031
0.745451876807570 -0.009522913560700
0.750000000000000 -0.009436262117112
0.754520707875185 -0.009349473913665
0.759013504686565 -0.009262469145902
0.763477897748338 -0.009175172591803
0.767913397489498 -0.009087514080862
0.772319517507513 -0.008999426569291
0.776695774621672 -0.008910843354661
0.781041688926065 -0.008821694111852
0.785356783842216 -0.008731911856859
0.789640586171339 -0.008641436714369
0.793892626146236 -0.008550239727042
0.798112437482808 -0.008458317714284
0.802299557431187 -0.008365669035539
0.806453526826488 -0.008272364388062
0.810573890139155 -0.008178715267679
0.814660195524918 -0.008085075443463
0.818711994874345 -0.007991780596049
0.822728843861975 -0.007899134152326
0.826710301995052 -0.007807409316693
0.830655932661826 -0.007716867088701
0.834565303179429 -0.007627756770920
0.838437984841330 -0.007540319421762
0.842273552964344 -0.007454781122241
0.846071586935203 -0.007371354277889
0.849831670256683 -0.007290235791912
0.853553390593274 -0.007211607463730
0.857236339816401 -0.007135638502887
0.860880114049181 -0.007062483565873
0.864484313710706 -0.006992284358199
0.868048543559867 -0.006925170144791
0.871572412738697 -0.006861256337643
0.875055534815230 -0.006800646024406
0.878497527825878 -0.006743428595451
0.881898014317321 -0.006689678324336
0.885256621387894 -0.006639457655453
0.888572980728485 -0.006592824137042
0.891846728662920 -0.006549828633472
0.895077506187845 -0.006510504704980
0.898264959012098 -0.006474842027146
0.901408737595557 -0.006442802544850
0.904508497187474 -0.006413831903437
0.907563897864277 -0.006386626228965
0.910574604566852 -0.006359922433599
0.913540287137281 -0.006332591563532
0.916460620355049 -0.006303616655547
0.919335283972712 -0.006272072047583
0.922163962751007 -0.006237122392017
0.924946346493432 -0.006198025408796
0.927682130080253 -0.006154130893772
0.930371013501972 -0.006104875535448
0.933012701892219 -0.006049777933615
0.935606905560095 -0.005988438868158
0.938153340021932 -0.005920536379252
0.940651726032496 -0.005845822022241
0.943101789615607 -0.005764120967516
0.945503262094184 -0.005675324831252
0.947855880119706 -0.005579391269758
0.950159385701097 -0.005476340309587
0.952413526233010 -0.005366250887467
0.954618054523534 -0.005249258089661
0.956772728821300 -0.005125549279504
0.958877312841991 -0.004995360099194
0.960931575794250 -0.004858975382599
0.962935292404997 -0.004716721701816
0.964888242944126 -0.004568964306893
0.966790213248601 -0.004416108344444
0.968640994745946 -0.004258589127727
0.970440384477113 -0.004096875598924
0.972188185118740 -0.003931462393060
0.973884205004793 -0.003762868447062
0.975528258147577 -0.003591634393264
0.977120164258138 -0.003418319068692
0.978659748766034 -0.003243495711733
0.980146842838471 -0.003067753674092
0.981581283398829 -0.002891685914254
0.982962913144534 -0.002715893259358
0.984291580564316 -0.002540981746294
0.985567139954818 -0.002367559193023
0.986789451436580 -0.002196227638214
0.987958380969374 -0.002027586683877
0.989073800366903 -0.001862232173684
0.990135587310861 -0.001700744054664
0.991143625364344 -0.001543691901813
0.992097803984621 -0.001391634805280
0.992998018535252 -0.001245112420834
0.993844170297569 -0.001104642973733
0.994636166481494 -0.000970729336798
0.995373920235722 -0.000843846645996
0.996057350657239 -0.000724451047197
0.996686382800198 -0.000612964335003
0.997260947684137 -0.000509786698695
0.997780982301540 -0.000415286301912
0.998246429624752 -0.000329805289026
0.998657238612229 -0.000253642226757
0.999013364214136 -0.000187076149227
0.999314767377287 -0.000130342791889
0.999561415049429 -0.000083643443425
0.999753280182866 -0.000047146668527
0.999890341737423 -0.000020986874786
0.999972584682756 -0.000005251115253
1.000000000000000 0.000000000000000
