1.000000000000000 0.000000000000000
0.999972584682756 0.000004946846028
0.999890341737423 0.000019784388874
0.999753280182866 0.000044513334571
0.999561415049429 0.000079131623286
0.999314767377287 0.000123637652449
0.999013364214136 0.000178027033762
0.998657238612229 0.000242299042351
0.998246429624752 0.000316446903097
0.997780982301540 0.000400467466057
0.997260947684137 0.000494354717923
0.996686382800198 0.000598106221616
0.996057350657239 0.000711706916428
0.995373920235722 0.000835158191586
0.994636166481494 0.000968445507215
0.993844170297569 0.001111560996442
0.992998018535252 0.001264493719273
0.992097803984621 0.001427236091326
0.991143625364344 0.001599770886835
0.990135587310861 0.001782087375362
0.989073800366903 0.001974171557409
0.987958380969374 0.002176006106701
0.986789451436580 0.002387576793107
0.985567139954818 0.002608862700596
0.984291580564316 0.002839849131099
0.982962913144534 0.003080511329378
0.981581283398829 0.003330824140273
0.980146842838472 0.003590771677920
0.978659748766034 0.003860324544422
0.977120164258138 0.004139452731769
0.975528258147577 0.004428132044603
0.973884205004793 0.004726331039824
0.972188185118741 0.005034014193105
0.970440384477113 0.005351151567136
0.968640994745946 0.005677702489378
0.966790213248601 0.006013631716585
0.964888242944126 0.006358896356007
0.962935292404997 0.006713455533047
0.960931575794250 0.007077260556840
0.958877312841991 0.007450264589308
0.956772728821300 0.007832416059843
0.954618054523534 0.008223665083941
0.952413526233010 0.008623953624848
0.950159385701097 0.009033221912512
0.947855880119706 0.009451411610334
0.945503262094184 0.009878455978558
0.943101789615607 0.010314289543319
0.940651726032496 0.010758838264125
0.938153340021932 0.011212029201751
0.935606905560095 0.011673790431911
0.933012701892219 0.012144034729660
0.930371013501972 0.012622682221909
0.927682130080253 0.013109647317174
0.924946346493432 0.013604832153343
0.922163962751008 0.014108149217081
0.919335283972712 0.014619498575311
0.916460620355050 0.015138777533365
0.913540287137281 0.015665880563818
0.910574604566852 0.016200696006149
0.907563897864277 0.016743112461404
0.904508497187474 0.017293012271768
0.901408737595557 0.017850274693345
0.898264959012098 0.018414772617632
0.895077506187845 0.018986372506475
0.891846728662920 0.019564947177890
0.888572980728485 0.020150353321458
0.885256621387895 0.020742450800254
0.881898014317321 0.021341089727876
0.878497527825878 0.021946119792226
0.875055534815230 0.022557383646838
0.871572412738697 0.023174726795568
0.868048543559867 0.023797979612064
0.864484313710706 0.024426973205368
0.860880114049181 0.025061537974983
0.857236339816402 0.025701495845279
0.853553390593274 0.026346652477999
0.849831670256683 0.026996824794107
0.846071586935203 0.027651867604711
0.842273552964344 0.028311683284520
0.838437984841330 0.028976157765523
0.834565303179429 0.029645195371011
0.830655932661826 0.030318707297760
0.826710301995053 0.030996600812148
0.822728843861975 0.031678789956018
0.818711994874345 0.032365179946905
0.814660195524919 0.033055687258178
0.810573890139155 0.033750221775362
0.806453526826488 0.034448699793051
0.802299557431188 0.035151040057862
0.798112437482808 0.035857163411890
0.793892626146237 0.036566988013922
0.789640586171339 0.037280436154944
0.785356783842216 0.037997426287648
0.781041688926065 0.038717884919682
0.776695774621672 0.039441751268769
0.772319517507513 0.040168959414473
0.767913397489498 0.040899454448463
0.763477897748339 0.041633158917379
0.759013504686565 0.042369969141528
0.754520707875186 0.043109793131409
0.750000000000000 0.043852520471369
0.745451876807570 0.044597934738863
0.740876837050858 0.045345737467549
0.736275382434527 0.046095619772545
0.731648017559931 0.046847265466014
0.726995249869773 0.047600375812681
0.722317589592464 0.048354645035085
0.717615549686164 0.049109769047965
0.712889645782536 0.049865436277846
0.708140396130201 0.050621326274367
0.703368321537900 0.051377105123819
0.698573945317390 0.052132434669343
0.693757793226052 0.052886970333293
0.688920393409234 0.053640376886645
0.684062276342339 0.054392343521617
0.679183974772650 0.055142547336899
0.674286023660908 0.055890666062707
0.669368960122646 0.056636356348619
0.664433323369292 0.057379167676802
0.659479654649035 0.058118628499790
0.654508497187474 0.058854260383280
0.649520396128043 0.059585571959823
0.644515898472236 0.060311955682784
0.639495553019615 0.061032700933188
0.634459910307633 0.061747093116995
0.629409522551260 0.062454401896151
0.624344943582428 0.063153914803903
0.619266728789291 0.063844959298041
0.614175435055328 0.064526872266648
0.609071620698271 0.065198995881825
0.603955845408880 0.065860662582473
0.598828670189563 0.066511145882945
0.593690657292862 0.067149639612934
0.588542370159792 0.067775318550556
0.583384373358051 0.068387370557437
0.578217232520115 0.068984995426088
0.573041514281206 0.069567737649686
0.567857786217152 0.070135386038551
0.562666616782152 0.070687744076770
0.557468575246433 0.071224623829100
0.552264231633827 0.071745915524535
0.547054156659257 0.072252076933532
0.541838921666158 0.072743820388970
0.536619098563816 0.073221869925917
0.531395259764657 0.073686954783008
0.526167978121472 0.074139782733976
0.520937826864600 0.074580924521675
0.515705379539064 0.075010920487418
0.510471209941678 0.075430311214951
0.505235892058123 0.075839645117014
0.500000000000000 0.076239513137778
0.494764107941877 0.076630659904898
0.489528790058322 0.077013861522711
0.484294620460936 0.077389898679909
0.479062173135400 0.077759549818720
0.473832021878528 0.078123321071761
0.468604740235343 0.078480968276227
0.463380901436184 0.078832122564877
0.458161078333842 0.079176420851383
0.452945843340743 0.079513502528284
0.447735768366173 0.079842886407274
0.442531424753567 0.080163827595662
0.437333383217848 0.080475555831787
0.432142213782848 0.080777308859549
0.426958485718794 0.081068340309693
0.421782767479885 0.081347950935370
0.416615626641949 0.081615524234233
0.411457629840209 0.081870457905731
0.406309342707138 0.082112163116331
0.401171329810437 0.082340063839872
0.396044154591120 0.082553569452854
0.390928379301729 0.082752077074364
0.385824564944672 0.082934994841767
0.380733271210710 0.083101749800716
0.375655056417573 0.083251821941747
0.370590477448740 0.083385148598913
0.365540089692367 0.083501956643204
0.360504446980385 0.083602483697529
0.355484101527764 0.083686969469438
0.350479603871957 0.083755664225679
0.345491502812526 0.083808848281407
0.340520345350965 0.083846813183453
0.335566676630708 0.083869852983667
0.330631039877354 0.083878264143416
0.325713976339092 0.083872336188749
0.320816025227350 0.083852345172148
0.315937723657661 0.083818568082731
0.311079606590766 0.083771284111822
0.306242206773949 0.083710779448182
0.301426054682610 0.083637383473194
0.296631678462100 0.083551448821909
0.291859603869799 0.083453328559252
0.287110354217464 0.083343374196373
0.282384450313836 0.083221777418131
0.277682410407536 0.083088452103605
0.273004750130227 0.082943295680520
0.268351982440069 0.082786218392098
0.263724617565473 0.082617122188882
0.259123162949143 0.082435823536203
0.254548123192430 0.082242124858936
0.250000000000000 0.082035848619640
0.245479292124815 0.081816836484172
0.240986495313435 0.081584976879907
0.236522102251661 0.081340190260503
0.232086602510502 0.081082415433333
0.227680482492487 0.080811606000815
0.223304225378328 0.080527708971606
0.218958311073935 0.080230669998706
0.214643216157784 0.079920453220814
0.210359413828661 0.079597051659257
0.206107373853763 0.079260541007299
0.201887562517192 0.078911068322744
0.197700442568813 0.078548790805838
0.193546473173512 0.078173832405625
0.189426109860845 0.077785965624868
0.185339804475081 0.077384832868329
0.181288005125655 0.076970107898681
0.177271156138025 0.076541376111020
0.173289698004947 0.076097841148113
0.169344067338174 0.075638690023861
0.165434696820571 0.075163178019743
0.161562015158670 0.074670697831790
0.157726447035656 0.074160785015507
0.153928413064797 0.073633039690419
0.150168329743317 0.073087105716898
0.146446609406726 0.072522684244614
0.142763660183598 0.071939525246747
0.139119885950819 0.071337298042062
0.135515686289294 0.070714082454889
0.131951456440133 0.070066966970026
0.128427587261303 0.069393218567579
0.124944465184770 0.068690230767415
0.121502472174122 0.067955483821320
0.118101985682679 0.067186637308580
0.114743378612105 0.066381569953479
0.111427019271515 0.065538438146225
0.108153271337080 0.064655525412009
0.104922493812155 0.063730864307928
0.101735040987902 0.062761989251716
0.098591262404443 0.061746538129677
0.095491502812526 0.060684334866992
0.092436102135723 0.059577636214381
0.089425395433148 0.058429407087232
0.086459712862719 0.057248469524235
0.083539379644950 0.056046686781670
0.080664716027288 0.054835114283081
0.077836037248993 0.053623286814888
0.075053653506568 0.052419962265053
0.072317869919747 0.051232807771812
0.069628986498028 0.050068484778051
0.066987298107781 0.048928951856969
0.064393094439905 0.047807425247957
0.061846659978068 0.046696862159442
0.059348273967504 0.045591509719164
0.056898210384393 0.044486427936477
0.054496737905816 0.043377206080756
0.052144119880294 0.042259950143058
0.049840614298903 0.041130992768124
0.047586473766990 0.039986816995901
0.045381945476466 0.038826624602095
0.043227271178700 0.037653953768004
0.041122687158010 0.036473015122429
0.039068424205750 0.035288581255043
0.037064707595003 0.034105090702948
0.035111757055874 0.032926338549999
0.033209786751399 0.031755905911515
0.031359005254054 0.030597172691945
0.029559615522887 0.029453196222152
0.027811814881260 0.028326779223120
0.026115794995207 0.027220747993226
0.024471741852423 0.026137552805543
0.022879835741862 0.025078546410865
0.021340251233966 0.024040973911937
0.019853157161529 0.023017717450314
0.018418716601171 0.022003838514922
0.017037086855466 0.020996482651517
0.015708419435685 0.019994710637046
0.014432860045182 0.018999181514570
0.013210548563420 0.018011956876590
0.012041619030626 0.017036438971804
0.010926199633097 0.016074817106654
0.009864412689139 0.015127955256508
0.008856374635656 0.014195747911228
0.007902196015379 0.013278059928822
0.007001981464748 0.012375006761615
0.006155829702431 0.011486624371358
0.005363833518506 0.010613098664272
0.004626079764278 0.009754455315457
0.003942649342761 0.008910840528547
0.003313617199802 0.008082383887165
0.002739052315863 0.007269180747172
0.002219017698460 0.006471353946415
0.001753570375248 0.005689025294659
0.001342761387771 0.004922276893812
0.000986635785864 0.004171224220612
0.000685232622713 0.003435986921803
0.000438584950571 0.002716646524646
0.000246719817134 0.002013312252750
0.000109658262577 0.001326036071647
0.000027415317244 0.000654810645516
0.000000000000000 0.000000000000000
0.000027415317244 -0.000638663882987
0.000109658262577 -0.001260749594029
0.000246719817134 -0.001866434641075
0.000438584950571 -0.002455491065549
0.000685232622713 -0.003029333524851
0.000986635785864 -0.003592731206542
0.001342761387771 -0.004148871893832
0.001753570375248 -0.004698335671702
0.002219017698460 -0.005240627760490
0.002739052315863 -0.005774609977533
0.003313617199802 -0.006298788950042
0.003942649342761 -0.006811184364145
0.004626079764278 -0.007309399194064
0.005363833518506 -0.007790702637809
0.006155829702431 -0.008251710469959
0.007001981464748 -0.008688540764990
0.007902196015379 -0.009096312708214
0.008856374635656 -0.009469302371124
0.009864412689139 -0.009800544547884
0.010926199633097 -0.010080266708511
0.012041619030626 -0.010296101097904
0.013210548563420 -0.010434978528097
0.014432860045182 -0.010484770920064
0.015708419435684 -0.010442253863742
0.017037086855466 -0.010308060635721
0.018418716601171 -0.010087173204961
0.019853157161528 -0.009789483487054
0.021340251233966 -0.009431569808305
0.022879835741862 -0.009039056898245
0.024471741852423 -0.008640306763859
0.026115794995207 -0.008257526420661
0.027811814881259 -0.007899705883021
0.029559615522887 -0.007562667515247
0.031359005254054 -0.007244236015169
0.033209786751399 -0.006943105028362
0.035111757055874 -0.006656421906755
0.037064707595003 -0.006380471987686
0.039068424205750 -0.006111011009482
0.041122687158009 -0.005843118474537
0.043227271178699 -0.005571204417604
0.045381945476466 -0.005288263716529
0.047586473766990 -0.004985515658544
0.049840614298903 -0.004657405920552
0.052144119880293 -0.004304154403578
0.054496737905816 -0.003927918544381
0.056898210384393 -0.003533162037787
0.059348273967504 -0.003124832635715
0.061846659978068 -0.002707930539217
0.064393094439905 -0.002288309958305
0.066987298107781 -0.001873199465643
0.069628986498028 -0.001470101878199
0.072317869919747 -0.001084760403042
0.075053653506568 -0.000722094097121
0.077836037248992 -0.000381362582925
0.080664716027288 -0.000058212172955
0.083539379644950 0.000251598465366
0.086459712862719 0.000551857249821
0.089425395433148 0.000846831078195
0.092436102135723 0.001141809443496
0.095491502812526 0.001442666661926
0.098591262404443 0.001752729485938
0.101735040987902 0.002071965295821
0.104922493812155 0.002400050645537
0.108153271337080 0.002736182907289
0.111427019271514 0.003079305762779
0.114743378612105 0.003428313777694
0.118101985682679 0.003782121235817
0.121502472174122 0.004139570018360
0.124944465184770 0.004499416298448
0.128427587261303 0.004860323796935
0.131951456440133 0.005220866026557
0.135515686289294 0.005579470122805
0.139119885950819 0.005934408890875
0.142763660183598 0.006283900902168
0.146446609406726 0.006626915468266
0.150168329743317 0.006963208536739
0.153928413064796 0.007292571812316
0.157726447035656 0.007614891126751
0.161562015158669 0.007930172222681
0.165434696820571 0.008238448099732
0.169344067338174 0.008539760862766
0.173289698004947 0.008834147867199
0.177271156138025 0.009121667153124
0.181288005125655 0.009402387647727
0.185339804475081 0.009676376630723
0.189426109860845 0.009943712785180
0.193546473173511 0.010204489361301
0.197700442568812 0.010458706284135
0.201887562517192 0.010706234201313
0.206107373853763 0.010946941939776
0.210359413828660 0.011180702353622
0.214643216157784 0.011407419778345
0.218958311073935 0.011627010258882
0.223304225378328 0.011839398062838
0.227680482492486 0.012044515414931
0.232086602510501 0.012242294189402
0.236522102251661 0.012432674766185
0.240986495313435 0.012615605300088
0.245479292124814 0.012791042065664
0.250000000000000 0.012958956293383
0.254548123192429 0.013119327132403
0.259123162949142 0.013272141201426
0.263724617565473 0.013417385674140
0.268351982440069 0.013555044695044
0.273004750130227 0.013685107359224
0.277682410407536 0.013807569398655
0.282384450313836 0.013922467338195
0.287110354217464 0.014029919102669
0.291859603869799 0.014130062658967
0.296631678462100 0.014223047483305
0.301426054682609 0.014309043576484
0.306242206773948 0.014388276724002
0.311079606590766 0.014460996638413
0.315937723657661 0.014527464822937
0.320816025227350 0.014587952471456
0.325713976339092 0.014642724530778
0.330631039877354 0.014692043910470
0.335566676630708 0.014736183361491
0.340520345350965 0.014775425410262
0.345491502812526 0.014810082232099
0.350479603871956 0.014840518800551
0.355484101527764 0.014867116374163
0.360504446980385 0.014890266085276
0.365540089692367 0.014910355398554
0.370590477448739 0.014927628288710
0.375655056417572 0.014942237386731
0.380733271210709 0.014954337716346
0.385824564944672 0.014964088378497
0.390928379301728 0.014971526514207
0.396044154591120 0.014976255521927
0.401171329810437 0.014977780356404
0.406309342707137 0.014975600963273
0.411457629840208 0.014969213710915
0.416615626641949 0.014958159767271
0.421782767479884 0.014942049178189
0.426958485718794 0.014920496186949
0.432142213782848 0.014893113532513
0.437333383217848 0.014859508903125
0.442531424753567 0.014819223505714
0.447735768366173 0.014771747650131
0.452945843340743 0.014716569188875
0.458161078333842 0.014653176127373
0.463380901436184 0.014581094056087
0.468604740235343 0.014500123954371
0.473832021878528 0.014410192862903
0.479062173135400 0.014311231335768
0.484294620460935 0.014203174010954
0.489528790058321 0.014086040529591
0.494764107941877 0.013960203354767
0.500000000000000 0.013826131616531
0.505235892058122 0.013684299532698
0.510471209941678 0.013535183071782
0.515705379539064 0.013379234221080
0.520937826864600 0.013216832202540
0.526167978121472 0.013048345671738
0.531395259764656 0.012874147872911
0.536619098563816 0.012694610627131
0.541838921666157 0.012510134191481
0.547054156659257 0.012321156532728
0.552264231633827 0.012128118863968
0.557468575246433 0.011931461900630
0.562666616782152 0.011731618212043
0.567857786217152 0.011528895360907
0.573041514281206 0.011323483199711
0.578217232520115 0.011115571742009
0.583384373358051 0.010905348309887
0.588542370159791 0.010692991368616
0.593690657292862 0.010478612857805
0.598828670189563 0.010262293263210
0.603955845408879 0.010044116097352
0.609071620698271 0.009824162374697
0.614175435055328 0.009602525779713
0.619266728789290 0.009379328429897
0.624344943582427 0.009154694131025
0.629409522551260 0.008928748963230
0.634459910307633 0.008701615393721
0.639495553019614 0.008473378932460
0.644515898472235 0.008244088578504
0.649520396128043 0.008013793272508
0.654508497187474 0.007782542332156
0.659479654649035 0.007550453333017
0.664433323369291 0.007317915238617
0.669368960122646 0.007085377446283
0.674286023660907 0.006853278744662
0.679183974772650 0.006622056783117
0.684062276342339 0.006392246601973
0.688920393409233 0.006164455289507
0.693757793226051 0.005939276174774
0.698573945317390 0.005717285968278
0.703368321537900 0.005499033098136
0.708140396130200 0.005285023213264
0.712889645782536 0.005075746148509
0.717615549686163 0.004871672500904
0.722317589592464 0.004673253633022
0.726995249869773 0.004480914165664
0.731648017559930 0.004295058118399
0.736275382434527 0.004116073520396
0.740876837050857 0.003944351597747
0.745451876807570 0.003780338050620
0.750000000000000 0.003624474749989
0.754520707875185 0.003477180334335
0.759013504686565 0.003338581191227
0.763477897748338 0.003207996118821
0.767913397489498 0.003084617123678
0.772319517507513 0.002967659362351
0.776695774621672 0.002856300165586
0.781041688926065 0.002749630996107
0.785356783842216 0.002646767325367
0.789640586171339 0.002546859408471
0.793892626146236 0.002449120117906
0.798112437482808 0.002352815816132
0.802299557431187 0.002257245913695
0.806453526826488 0.002161738619845
0.810573890139155 0.002065642576690
0.814660195524918 0.001968337564781
0.818711994874345 0.001869236709847
0.822728843861975 0.001767799156532
0.826710301995052 0.001663524325751
0.830655932661826 0.001555943547385
0.834565303179429 0.001444595490338
0.838437984841330 0.001329014331103
0.842273552964344 0.001208766457859
0.846071586935203 0.001083516951106
0.849831670256683 0.000953126070866
0.853553390593274 0.000817501797521
0.857236339816401 0.000676854158977
0.860880114049181 0.000532261582380
0.864484313710706 0.000384910636499
0.868048543559867 0.000235887903782
0.871572412738697 0.000086122959345
0.875055534815230 -0.000063523774138
0.878497527825878 -0.000212230518125
0.881898014317321 -0.000359206612467
0.885256621387894 -0.000503714333809
0.888572980728485 -0.000645074038110
0.891846728662920 -0.000782663091811
0.895077506187845 -0.000915911852592
0.898264959012098 -0.001044295671468
0.901408737595557 -0.001167339981116
0.904508497187474 -0.001284620429928
0.907563897864277 -0.001395758592523
0.910574604566852 -0.001500421577950
0.913540287137281 -0.001598321176514
0.916460620355049 -0.001689214578013
0.919335283972712 -0.001772898114551
0.922163962751007 -0.001849211646608
0.924946346493432 -0.001918032734785
0.927682130080253 -0.001979278666228
0.930371013501972 -0.002032901685462
0.933012701892219 -0.002078890740757
0.935606905560095 -0.002117267572276
0.938153340021932 -0.002148087032503
0.940651726032496 -0.002171434387482
0.943101789615607 -0.002187424287837
0.945503262094184 -0.002196199322037
0.947855880119706 -0.002197928221585
0.950159385701097 -0.002192804405576
0.952413526233010 -0.002181044578220
0.954618054523534 -0.002162887104823
0.956772728821300 -0.002138590060535
0.958877312841991 -0.002108430657227
0.960931575794250 -0.002072702316958
0.962935292404997 -0.002031714796761
0.964888242944126 -0.001985791037050
0.966790213248601 -0.001935266818428
0.968640994745946 -0.001880488020106
0.970440384477113 -0.001821810895635
0.972188185118740 -0.001759599003919
0.973884205004793 -0.001694222797244
0.975528258147577 -0.001626057365852
0.977120164258138 -0.001555480837679
0.978659748766034 -0.001482875321488
0.980146842838471 -0.001408621164178
0.981581283398829 -0.001333101189117
0.982962913144534 -0.001256694808986
0.984291580564316 -0.001179778083614
0.985567139954818 -0.001102724266650
0.986789451436580 -0.001025898495331
0.987958380969374 -0.000949662013897
0.989073800366903 -0.000874368045139
0.990135587310861 -0.000800358287443
0.991143625364344 -0.000727966834565
0.992097803984621 -0.000657517173511
0.992998018535252 -0.000589319837009
0.993844170297569 -0.000523673626323
0.994636166481494 -0.000460861793028
0.995373920235722 -0.000401155204466
0.996057350657239 -0.000344809987175
0.996686382800198 -0.000292062711072
0.997260947684137 -0.000243136468365
0.997780982301540 -0.000198236935721
0.998246429624752 -0.000157551470331
0.998657238612229 -0.000121248606434
0.999013364214136 -0.000089477741380
0.999314767377287 -0.000062371450169
0.999561415049429 -0.000040041035404
0.999753280182866 -0.000022577479051
0.999890341737423 -0.000010051251705
0.999972584682756 -0.000002515290936
1.000000000000000 0.000000000000000
