1.000000000000000 0.000000000000000
0.999972584682756 0.000005449226074
0.999890341737423 0.000021796717551
0.999753280182866 0.000049041912025
0.999561415049429 0.000087180308311
0.999314767377287 0.000136203456542
0.999013364214136 0.000196109613196
0.998657238612229 0.000266882384207
0.998246429624752 0.000348515596867
0.997780982301540 0.000440999047183
0.997260947684137 0.000544318470201
0.996686382800198 0.000658455506874
0.996057350657239 0.000783391221409
0.995373920235722 0.000919109611829
0.994636166481494 0.001065590454979
0.993844170297569 0.001222809258905
0.992998018535252 0.001390737212295
0.992097803984621 0.001569355331649
0.991143625364344 0.001758625992951
0.990135587310861 0.001958524823987
0.989073800366903 0.002169015786565
0.987958380969374 0.002390058213119
0.986789451436580 0.002621620917098
0.985567139954818 0.002863660837209
0.984291580564316 0.003116137143713
0.982962913144534 0.003378996988336
0.981581283398829 0.003652196672292
0.980146842838472 0.003935687387200
0.978659748766034 0.004229408064651
0.977120164258138 0.004533310037819
0.975528258147577 0.004847325136930
0.973884205004793 0.005171397393719
0.972188185118741 0.005505454698429
0.970440384477113 0.005849429881299
0.968640994745946 0.006203246509385
0.966790213248601 0.006566836389654
0.964888242944126 0.006940107809877
0.962935292404997 0.007322987633245
0.960931575794250 0.007715379033735
0.958877312841991 0.008117193004905
0.956772728821300 0.008528337706492
0.954618054523534 0.008948711372637
0.952413526233010 0.009378205735446
0.950159385701097 0.009816716388331
0.947855880119706 0.010264128723623
0.945503262094184 0.010720331761163
0.943101789615607 0.011185193732665
0.940651726032496 0.011658593250833
0.938153340021932 0.012140398371099
0.935606905560095 0.012630473445352
0.933012701892219 0.013128679015471
0.930371013501972 0.013634864859742
0.927682130080253 0.014148883652918
0.924946346493432 0.014670577144075
0.922163962751008 0.015199782941868
0.919335283972712 0.015736334433879
0.916460620355050 0.016280064094734
0.913540287137281 0.016830786472461
0.910574604566852 0.017388321823909
0.907563897864277 0.017952482413226
0.904508497187474 0.018523069254412
0.901408737595557 0.019099889023692
0.898264959012098 0.019682730444821
0.895077506187845 0.020271383608187
0.891846728662920 0.020865629620643
0.888572980728485 0.021465245153145
0.885256621387895 0.022070002255670
0.881898014317321 0.022679673069997
0.878497527825878 0.023294013085373
0.875055534815230 0.023912762669087
0.871572412738697 0.024535655315939
0.868048543559867 0.025162445664333
0.864484313710706 0.025792946142711
0.860880114049181 0.026426960687579
0.857236339816402 0.027064399129670
0.853553390593274 0.027705244367296
0.849831670256683 0.028349497762597
0.846071586935203 0.028997153007293
0.842273552964344 0.029648201752500
0.838437984841330 0.030302642003819
0.834565303179429 0.030960485250383
0.830655932661826 0.031621762776607
0.826710301995053 0.032286507128844
0.822728843861975 0.032954766832689
0.818711994874345 0.033626596989797
0.814660195524919 0.034302060031628
0.810573890139155 0.034981231632637
0.806453526826488 0.035664196997384
0.802299557431188 0.036351048531654
0.798112437482808 0.037041889263000
0.793892626146237 0.037736842296826
0.789640586171339 0.038436033027760
0.785356783842216 0.039139606634388
0.781041688926065 0.039847712255857
0.776695774621672 0.040560488029370
0.772319517507513 0.041278082001419
0.767913397489498 0.042000638890582
0.763477897748339 0.042728176598345
0.759013504686565 0.043460376178494
0.754520707875186 0.044196881740693
0.750000000000000 0.044937321479505
0.745451876807570 0.045681319298854
0.740876837050858 0.046428504630461
0.736275382434527 0.047178501820117
0.731648017559931 0.047930914740068
0.726995249869773 0.048685345366714
0.722317589592464 0.049441384399207
0.717615549686164 0.050198605445558
0.712889645782536 0.050956580038125
0.708140396130201 0.051714871582805
0.703368321537900 0.052473026707954
0.698573945317390 0.053230596351569
0.693757793226052 0.053987118886902
0.688920393409234 0.054742122172925
0.684062276342339 0.055495138931157
0.679183974772650 0.056245697306660
0.674286023660908 0.056993320126004
0.669368960122646 0.057737544974350
0.664433323369292 0.058478171042262
0.659479654649035 0.059215138724554
0.654508497187474 0.059948402567167
0.649520396128043 0.060677916017494
0.644515898472236 0.061403635055723
0.639495553019615 0.062125518929811
0.634459910307633 0.062843527879016
0.629409522551260 0.063557626126717
0.624344943582428 0.064267781575660
0.619266728789291 0.064973965712641
0.614175435055328 0.065676144429136
0.609071620698271 0.066374297223223
0.603955845408880 0.067068397214525
0.598828670189563 0.067758430205050
0.593690657292862 0.068444405016389
0.588542370159792 0.069126331179443
0.583384373358051 0.069804231350367
0.578217232520115 0.070478119302995
0.573041514281206 0.071147908201166
0.567857786217152 0.071813280993569
0.562666616782152 0.072473889204396
0.557468575246433 0.073129393288067
0.552264231633827 0.073779451016488
0.547054156659257 0.074423703683968
0.541838921666158 0.075061779288278
0.536619098563816 0.075693303481860
0.531395259764657 0.076317907261694
0.526167978121472 0.076935223114351
0.520937826864600 0.077544884311762
0.515705379539064 0.078146531004389
0.510471209941678 0.078739805862963
0.505235892058123 0.079324356223701
0.500000000000000 0.079899831820852
0.494764107941877 0.080465902255911
0.489528790058322 0.081022253073883
0.484294620460936 0.081568567422607
0.479062173135400 0.082104540996935
0.473832021878528 0.082629887340180
0.468604740235343 0.083144477567555
0.463380901436184 0.083648272970847
0.458161078333842 0.084141242394113
0.452945843340743 0.084623356921324
0.447735768366173 0.085094591450521
0.442531424753567 0.085554906849347
0.437333383217848 0.086004253304275
0.432142213782848 0.086442591118779
0.426958485718794 0.086869883226173
0.421782767479885 0.087286102731940
0.416615626641949 0.087691265113728
0.411457629840209 0.088085402588493
0.406309342707138 0.088468550828696
0.401171329810437 0.088840752688314
0.396044154591120 0.089202018161187
0.390928379301729 0.089552223019670
0.385824564944672 0.089891214045930
0.380733271210710 0.090218846289474
0.375655056417573 0.090534981826962
0.370590477448740 0.090839357566334
0.365540089692367 0.091131404452047
0.360504446980385 0.091410518386425
0.355484101527764 0.091676116907047
0.350479603871957 0.091927633892562
0.345491502812526 0.092164553612160
0.340520345350965 0.092386420980956
0.335566676630708 0.092592799967049
0.330631039877354 0.092783271790661
0.325713976339092 0.092957437186650
0.320816025227350 0.093114908996882
0.315937723657661 0.093255316208727
0.311079606590766 0.093378306421699
0.306242206773949 0.093483549183591
0.301426054682610 0.093570723450961
0.296631678462100 0.093639508496523
0.291859603869799 0.093689601493512
0.287110354217464 0.093720720556514
0.282384450313836 0.093732585025404
0.277682410407536 0.093724693932030
0.273004750130227 0.093696415578596
0.268351982440069 0.093647150334237
0.263724617565473 0.093576332912789
0.259123162949143 0.093483442425642
0.254548123192430 0.093368005040550
0.250000000000000 0.093229584088264
0.245479292124815 0.093067775855313
0.240986495313435 0.092882212891960
0.236522102251661 0.092672565577710
0.232086602510502 0.092438540013628
0.227680482492487 0.092179874302445
0.223304225378328 0.091896338171770
0.218958311073935 0.091587706280436
0.214643216157784 0.091253778575026
0.210359413828661 0.090894389166274
0.206107373853763 0.090509427313753
0.201887562517192 0.090098942437182
0.197700442568813 0.089663060070773
0.193546473173512 0.089201931723289
0.189426109860845 0.088715419506487
0.185339804475081 0.088202014923801
0.181288005125655 0.087659906410966
0.177271156138025 0.087087393647216
0.173289698004947 0.086482837793137
0.169344067338174 0.085844601853893
0.165434696820571 0.085171144387629
0.161562015158670 0.084460990005364
0.157726447035656 0.083712425448370
0.153928413064797 0.082923541114713
0.150168329743317 0.082092521056754
0.146446609406726 0.081218329512317
0.142763660183598 0.080302039619799
0.139119885950819 0.079345124547645
0.135515686289294 0.078349347761227
0.131951456440133 0.077319225490769
0.128427587261303 0.076260554507673
0.124944465184770 0.075178936396868
0.121502472174122 0.074079360920727
0.118101985682679 0.072966315174352
0.114743378612105 0.071844072432675
0.111427019271515 0.070716713117599
0.108153271337080 0.069588073398248
0.104922493812155 0.068461839334634
0.101735040987902 0.067341991630038
0.098591262404443 0.066232754182883
0.095491502812526 0.065137643780670
0.092436102135723 0.064055261585230
0.089425395433148 0.062981489875930
0.086459712862719 0.061912229116640
0.083539379644950 0.060842265758001
0.080664716027288 0.059766321408473
0.077836037248993 0.058679477890966
0.075053653506568 0.057577019642978
0.072317869919747 0.056454756686317
0.069628986498028 0.055310996123908
0.066987298107781 0.054145686635116
0.064393094439905 0.052959669435549
0.061846659978068 0.051755647874895
0.059348273967504 0.050536478891265
0.056898210384393 0.049304605690439
0.054496737905816 0.048062300119299
0.052144119880294 0.046812248572940
0.049840614298903 0.045557398086831
0.047586473766990 0.044299816339595
0.045381945476466 0.043040264263107
0.043227271178700 0.041778312798022
0.041122687158010 0.040511112977611
0.039068424205750 0.039235840838201
0.037064707595003 0.037950129848616
0.035111757055874 0.036651667550289
0.033209786751399 0.035337905362563
0.031359005254054 0.034006111554423
0.029559615522887 0.032653181794803
0.027811814881260 0.031276027720354
0.026115794995207 0.029871273846291
0.024471741852423 0.028432942131000
0.022879835741862 0.026957886194519
0.021340251233966 0.025456368987482
0.019853157161529 0.023950791357400
0.018418716601171 0.022468155800412
0.017037086855466 0.021030972939773
0.015708419435685 0.019656843861714
0.014432860045182 0.018356825702749
0.013210548563420 0.017137075925066
0.012041619030626 0.016000377880765
0.010926199633097 0.014940326896091
0.009864412689139 0.013945242200409
0.008856374635656 0.013000801896072
0.007902196015379 0.012097514525481
0.007001981464748 0.011229252854403
0.006155829702431 0.010391153075531
0.005363833518506 0.009579437508635
0.004626079764278 0.008791289844642
0.003942649342761 0.008024291032677
0.003313617199802 0.007276573043649
0.002739052315863 0.006546527376210
0.002219017698460 0.005832828444296
0.001753570375248 0.005134311426971
0.001342761387771 0.004450061008618
0.000986635785864 0.003779197068581
0.000685232622713 0.003121031580122
0.000438584950571 0.002474824375147
0.000246719817134 0.001840176149625
0.000109658262577 0.001216362628614
0.000027415317244 0.000603123781909
0.000000000000000 0.000000000000000
0.000027415317244 -0.000593475705394
0.000109658262577 -0.001177347084431
0.000246719817134 -0.001755090273360
0.000438584950571 -0.002334084133430
0.000685232622713 -0.002916368080099
0.000986635785864 -0.003501947881221
0.001342761387771 -0.004090081788589
0.001753570375248 -0.004679720146421
0.002219017698460 -0.005269596019036
0.002739052315863 -0.005858194788817
0.003313617199802 -0.006443844349581
0.003942649342761 -0.007024613277746
0.004626079764278 -0.007598244198925
0.005363833518506 -0.008162253699794
0.006155829702431 -0.008713623282780
0.007001981464748 -0.009248924736396
0.007902196015379 -0.009764038367689
0.008856374635656 -0.010254027399118
0.009864412689139 -0.010713034111171
0.010926199633097 -0.011133052376607
0.012041619030626 -0.011504593050760
0.013210548563420 -0.011816706794641
0.014432860045182 -0.012060665552943
0.015708419435684 -0.012233570273433
0.017037086855466 -0.012334850780573
0.018418716601171 -0.012366504912766
0.019853157161528 -0.012333945549258
0.021340251233966 -0.012246556186857
0.022879835741862 -0.012119170818266
0.024471741852423 -0.011968549476049
0.026115794995207 -0.011810340717792
0.027811814881259 -0.011649989289700
0.029559615522887 -0.011484016810843
0.031359005254054 -0.011310452526394
0.033209786751399 -0.011127839064507
0.035111757055874 -0.010933819753211
0.037064707595003 -0.010725569126637
0.039068424205750 -0.010500009865006
0.041122687158009 -0.010253759305225
0.043227271178699 -0.009983139664914
0.045381945476466 -0.009683566565837
0.047586473766990 -0.009349218954460
0.049840614298903 -0.008976440733824
0.052144119880293 -0.008565425803346
0.054496737905816 -0.008118693055827
0.056898210384393 -0.007641884354300
0.059348273967504 -0.007141432788888
0.061846659978068 -0.006624125271586
0.064393094439905 -0.006097764581121
0.066987298107781 -0.005571498925774
0.069628986498028 -0.005055248314081
0.072317869919747 -0.004558966173802
0.075053653506568 -0.004092006202041
0.077836037248992 -0.003654841848016
0.080664716027288 -0.003243258081027
0.083539379644950 -0.002853071548364
0.086459712862719 -0.002480268815941
0.089425395433148 -0.002120202686072
0.092436102135723 -0.001766863694374
0.095491502812526 -0.001413609183571
0.098591262404443 -0.001056515018905
0.101735040987902 -0.000694522654495
0.104922493812155 -0.000326985371337
0.108153271337080 0.000044820432495
0.111427019271514 0.000418900561580
0.114743378612105 0.000793318200498
0.118101985682679 0.001166422627638
0.121502472174122 0.001536502948925
0.124944465184770 0.001901723733203
0.128427587261303 0.002260111407929
0.131951456440133 0.002609568731917
0.135515686289294 0.002947641981603
0.139119885950819 0.003271549061923
0.142763660183598 0.003578459983106
0.146446609406726 0.003866993983714
0.150168329743317 0.004137005575234
0.153928413064796 0.004388442831099
0.157726447035656 0.004621985532015
0.161562015158669 0.004839129700091
0.165434696820571 0.005041524251516
0.169344067338174 0.005230819224136
0.173289698004947 0.005408548805116
0.177271156138025 0.005576327680627
0.181288005125655 0.005735902889599
0.185339804475081 0.005889257302707
0.189426109860845 0.006038533314805
0.193546473173511 0.006185960553950
0.197700442568812 0.006332825979638
0.201887562517192 0.006479231711021
0.206107373853763 0.006625218222186
0.210359413828660 0.006770816793838
0.214643216157784 0.006915985358782
0.218958311073935 0.007060651837531
0.223304225378328 0.007204744148677
0.227680482492486 0.007348195721886
0.232086602510501 0.007490963949197
0.236522102251661 0.007633008294835
0.240986495313435 0.007774289675671
0.245479292124814 0.007914766310226
0.250000000000000 0.008054385790103
0.254548123192429 0.008193098656355
0.259123162949142 0.008330853173449
0.263724617565473 0.008467607193229
0.268351982440069 0.008603334056812
0.273004750130227 0.008738009133089
0.277682410407536 0.008871609443983
0.282384450313836 0.009004085165507
0.287110354217464 0.009135328839093
0.291859603869799 0.009265225242034
0.296631678462100 0.009393656218599
0.301426054682609 0.009520477319866
0.306242206773948 0.009645440575344
0.311079606590766 0.009768267365481
0.315937723657661 0.009888673078745
0.320816025227350 0.010006371014258
0.325713976339092 0.010121085082474
0.330631039877354 0.010232545536546
0.335566676630708 0.010340479253333
0.340520345350965 0.010444610136213
0.345491502812526 0.010544655713099
0.350479603871956 0.010640324772116
0.355484101527764 0.010731322229301
0.360504446980385 0.010817351061265
0.365540089692367 0.010898111993449
0.370590477448739 0.010973308459662
0.375655056417572 0.011042645462830
0.380733271210709 0.011105826774172
0.385824564944672 0.011162554310456
0.390928379301728 0.011212680598411
0.396044154591120 0.011256542253584
0.401171329810437 0.011294580911088
0.406309342707137 0.011327246758749
0.411457629840208 0.011354998564549
0.416615626641949 0.011378297857893
0.421782767479884 0.011397606485838
0.426958485718794 0.011413392715310
0.432142213782848 0.011426131214874
0.437333383217848 0.011436303450927
0.442531424753567 0.011444410146170
0.447735768366173 0.011450966853117
0.452945843340743 0.011456493808040
0.458161078333842 0.011461515220318
0.463380901436184 0.011466550390928
0.468604740235343 0.011472065251072
0.473832021878528 0.011478504321031
0.479062173135400 0.011486313380354
0.484294620460935 0.011495939133693
0.489528790058321 0.011507693404149
0.494764107941877 0.011521351953827
0.500000000000000 0.011536556711912
0.505235892058122 0.011552948795414
0.510471209941678 0.011570168677872
0.515705379539064 0.011587873346117
0.520937826864600 0.011605759954177
0.526167978121472 0.011623531910954
0.531395259764656 0.011640893600449
0.536619098563816 0.011657550195728
0.541838921666157 0.011673199519217
0.547054156659257 0.011687527839606
0.552264231633827 0.011700222677960
0.557468575246433 0.011710974064648
0.562666616782152 0.011719476020773
0.567857786217152 0.011725443178598
0.573041514281206 0.011728608547445
0.578217232520115 0.011728709183459
0.583384373358051 0.011725486002898
0.588542370159791 0.011718691580407
0.593690657292862 0.011708135745968
0.598828670189563 0.011693654994080
0.603955845408879 0.011675089715074
0.609071620698271 0.011652284662915
0.614175435055328 0.011625086487325
0.619266728789290 0.011593341426662
0.624344943582427 0.011556899256195
0.629409522551260 0.011515614719146
0.634459910307633 0.011469347246622
0.639495553019614 0.011417954984861
0.644515898472235 0.011361295685759
0.649520396128043 0.011299232607801
0.654508497187474 0.011231634168020
0.659479654649035 0.011158386124563
0.664433323369291 0.011079421081253
0.669368960122646 0.010994685751169
0.674286023660907 0.010904133595358
0.679183974772650 0.010807743036459
0.684062276342339 0.010705831505587
0.688920393409233 0.010598976700092
0.693757793226051 0.010487753901761
0.698573945317390 0.010372727496556
0.703368321537900 0.010254435234354
0.708140396130200 0.010133377850190
0.712889645782536 0.010010041193634
0.717615549686163 0.009884900522713
0.722317589592464 0.009758421483584
0.726995249869773 0.009631064676185
0.731648017559930 0.009503279722998
0.736275382434527 0.009375503227174
0.740876837050857 0.009248159248567
0.745451876807570 0.009121661865485
0.750000000000000 0.008996410203511
0.754520707875185 0.008872791450289
0.759013504686565 0.008751172245052
0.763477897748338 0.008631885943688
0.767913397489498 0.008515249634255
0.772319517507513 0.008401564487662
0.776695774621672 0.008290866438769
0.781041688926065 0.008182733268086
0.785356783842216 0.008076712296066
0.789640586171339 0.007972369014107
0.793892626146236 0.007869299769298
0.798112437482808 0.007767129600746
0.802299557431187 0.007665499338059
0.806453526826488 0.007564067676657
0.810573890139155 0.007462503833956
0.814660195524918 0.007360495006192
0.818711994874345 0.007257744729982
0.822728843861975 0.007153976397263
0.826710301995052 0.007048931632469
0.830655932661826 0.006942369628542
0.834565303179429 0.006834064913539
0.838437984841330 0.006723806652490
0.842273552964344 0.006611400063577
0.846071586935203 0.006496672130177
0.849831670256683 0.006379477211255
0.853553390593274 0.006259686617463
0.857236339816401 0.006137175247929
0.860880114049181 0.006011795981400
0.864484313710706 0.005883411416083
0.868048543559867 0.005752000583869
0.871572412738697 0.005617824238605
0.875055534815230 0.005481182816013
0.878497527825878 0.005342414140029
0.881898014317321 0.005201921075427
0.885256621387894 0.005060097844442
0.888572980728485 0.004917300346651
0.891846728662920 0.004773853009903
0.895077506187845 0.004630063822252
0.898264959012098 0.004486231247943
0.901408737595557 0.004342640666867
0.904508497187474 0.004199558964699
0.907563897864277 0.004057235961063
0.910574604566852 0.003915907476879
0.913540287137281 0.003775794659998
0.916460620355049 0.003637102298703
0.919335283972712 0.003500024234104
0.922163962751007 0.003364737066756
0.924946346493432 0.003231404091185
0.927682130080253 0.003100178568940
0.930371013501972 0.002971198089637
0.933012701892219 0.002844587393876
0.935606905560095 0.002720460791434
0.938153340021932 0.002598920484293
0.940651726032496 0.002480058192961
0.943101789615607 0.002363953189054
0.945503262094184 0.002250674825805
0.947855880119706 0.002140284612621
0.950159385701097 0.002032830898944
0.952413526233010 0.001928356225094
0.954618054523534 0.001826892378263
0.956772728821300 0.001728464937256
0.958877312841991 0.001633089680626
0.960931575794250 0.001540775147068
0.962935292404997 0.001451524674117
0.964888242944126 0.001365334072972
0.966790213248601 0.001282193945256
0.968640994745946 0.001202087380495
0.970440384477113 0.001124993880868
0.972188185118740 0.001050888014289
0.973884205004793 0.000979740475757
0.975528258147577 0.000911516997676
0.977120164258138 0.000846180435806
0.978659748766034 0.000783690646755
0.980146842838471 0.000724003551739
0.981581283398829 0.000667075564590
0.982962913144534 0.000612858233726
0.984291580564316 0.000561302982594
0.985567139954818 0.000512360874694
0.986789451436580 0.000465979284326
0.987958380969374 0.000422108514556
0.989073800366903 0.000380696431480
0.990135587310861 0.000341691557923
0.991143625364344 0.000305043536155
0.992097803984621 0.000270702464129
0.992998018535252 0.000238618448894
0.993844170297569 0.000208744651713
0.994636166481494 0.000181034700351
0.995373920235722 0.000155444072848
0.996057350657239 0.000131930405292
0.996686382800198 0.000110454530318
0.997260947684137 0.000090977418768
0.997780982301540 0.000073465029095
0.998246429624752 0.000057885585048
0.998657238612229 0.000044209610473
0.999013364214136 0.000032410311504
0.999314767377287 0.000022466150910
0.999561415049429 0.000014356546245
0.999753280182866 0.000008066434351
0.999890341737423 0.000003582011359
0.999972584682756 0.000000895025332
1.000000000000000 0.000000000000000
