1.000000000000000 0.000000000000000
0.999972584682756 0.000008997610103
0.999890341737423 0.000035967850596
0.999753280182866 0.000080882787657
0.999561415049429 0.000143663781051
0.999314767377287 0.000224227107705
0.999013364214136 0.000322444500422
0.998657238612229 0.000438177463219
0.998246429624752 0.000571249397421
0.997780982301540 0.000721474230196
0.997260947684137 0.000888623246878
0.996686382800198 0.001072459338145
0.996057350657239 0.001272715268556
0.995373920235722 0.001489105563290
0.994636166481494 0.001721321752799
0.993844170297569 0.001969033287432
0.992998018535252 0.002231893922507
0.992097803984621 0.002509542600524
0.991143625364344 0.002801599059963
0.990135587310861 0.003107665008625
0.989073800366903 0.003427330603885
0.987958380969374 0.003760170350743
0.986789451436580 0.004105759916764
0.985567139954818 0.004463641140538
0.984291580564316 0.004833380031741
0.982962913144534 0.005214501531216
0.981581283398829 0.005606547072015
0.980146842838472 0.006009050406734
0.978659748766034 0.006421539237717
0.977120164258138 0.006843546535496
0.975528258147577 0.007274602220066
0.973884205004793 0.007714234890999
0.972188185118741 0.008161987575786
0.970440384477113 0.008617395780409
0.968640994745946 0.009080021491180
0.966790213248601 0.009549418036290
0.964888242944126 0.010025159069992
0.962935292404997 0.010506826708598
0.960931575794250 0.010994026198527
0.958877312841991 0.011486365795366
0.956772728821300 0.011983480226810
0.954618054523534 0.012485023264361
0.952413526233010 0.012990665604157
0.950159385701097 0.013500104406971
0.947855880119706 0.014013061021845
0.945503262094184 0.014529278386431
0.943101789615607 0.015048534668021
0.940651726032496 0.015570625149285
0.938153340021932 0.016095387188784
0.935606905560095 0.016622686045025
0.933012701892219 0.017152420603049
0.930371013501972 0.017684520933970
0.927682130080253 0.018218964491783
0.924946346493432 0.018755755735523
0.922163962751008 0.019294942744428
0.919335283972712 0.019836617623371
0.916460620355050 0.020380910331249
0.913540287137281 0.020927997465693
0.910574604566852 0.021478097363726
0.907563897864277 0.022031491525847
0.904508497187474 0.022588490299158
0.901408737595557 0.023149446986949
0.898264959012098 0.023714756331217
0.895077506187845 0.024284930745651
0.891846728662920 0.024860570262014
0.888572980728485 0.025442232952926
0.885256621387895 0.026030227021230
0.881898014317321 0.026624836597513
0.878497527825878 0.027226183945503
0.875055534815230 0.027834188507412
0.871572412738697 0.028448763090385
0.868048543559867 0.029069868646366
0.864484313710706 0.029697511513280
0.860880114049181 0.030331693013644
0.857236339816402 0.030972405837665
0.853553390593274 0.031619647745824
0.849831670256683 0.032273409175753
0.846071586935203 0.032933701603476
0.842273552964344 0.033600533621512
0.838437984841330 0.034273919182684
0.834565303179429 0.034953884549547
0.830655932661826 0.035640449115422
0.826710301995053 0.036333653245538
0.822728843861975 0.037033522114698
0.818711994874345 0.037740091131866
0.814660195524919 0.038453391099867
0.810573890139155 0.039173477914103
0.806453526826488 0.039900430029362
0.802299557431188 0.040634335673270
0.798112437482808 0.041375279764782
0.793892626146237 0.042123269060075
0.789640586171339 0.042878257922851
0.785356783842216 0.043640196696246
0.781041688926065 0.044408868198529
0.776695774621672 0.045183630496519
0.772319517507513 0.045963740213604
0.767913397489498 0.046748438004718
0.763477897748339 0.047536970260122
0.759013504686565 0.048328595065798
0.754520707875186 0.049122550056724
0.750000000000000 0.049918049514898
0.745451876807570 0.050714269642929
0.740876837050858 0.051510337915580
0.736275382434527 0.052305372584992
0.731648017559931 0.053098461231043
0.726995249869773 0.053888713263319
0.722317589592464 0.054675236018166
0.717615549686164 0.055457123471015
0.712889645782536 0.056233445065504
0.708140396130201 0.057003153150085
0.703368321537900 0.057765079304645
0.698573945317390 0.058518041540673
0.693757793226052 0.059260835783855
0.688920393409234 0.059992787232110
0.684062276342339 0.060714106860309
0.679183974772650 0.061425109181130
0.674286023660908 0.062126124776853
0.669368960122646 0.062817560765695
0.664433323369292 0.063500133209724
0.659479654649035 0.064174662369474
0.654508497187474 0.064841994061031
0.649520396128043 0.065502993696564
0.644515898472236 0.066158470818725
0.639495553019615 0.066809167787442
0.634459910307633 0.067455845256812
0.629409522551260 0.068099278559184
0.624344943582428 0.068740284702032
0.619266728789291 0.069379880102315
0.614175435055328 0.070019151524251
0.609071620698271 0.070659213193094
0.603955845408880 0.071301190811080
0.598828670189563 0.071945922114030
0.593690657292862 0.072593586582719
0.588542370159792 0.073244271422678
0.583384373358051 0.073898062634255
0.578217232520115 0.074555030848578
0.573041514281206 0.075214658685945
0.567857786217152 0.075875742641743
0.562666616782152 0.076537023245918
0.557468575246433 0.077197233490831
0.552264231633827 0.077855116150375
0.547054156659257 0.078509556884087
0.541838921666158 0.079159567890191
0.536619098563816 0.079804150717255
0.531395259764657 0.080442314070700
0.526167978121472 0.081073051029801
0.520937826864600 0.081695237785769
0.515705379539064 0.082307696709217
0.510471209941678 0.082909251068470
0.505235892058123 0.083498729044994
0.500000000000000 0.084075030490662
0.494764107941877 0.084637453490906
0.489528790058322 0.085185463504178
0.484294620460936 0.085718526765231
0.479062173135400 0.086236127977078
0.473832021878528 0.086737811213258
0.468604740235343 0.087223445272497
0.463380901436184 0.087692998561513
0.458161078333842 0.088146448064856
0.452945843340743 0.088583781247800
0.447735768366173 0.089004968078574
0.442531424753567 0.089409926236884
0.437333383217848 0.089798561434127
0.432142213782848 0.090170785052362
0.426958485718794 0.090526518314400
0.421782767479885 0.090865689025944
0.416615626641949 0.091188236128497
0.411457629840209 0.091494106754783
0.406309342707138 0.091783255032007
0.401171329810437 0.092055643139539
0.396044154591120 0.092311276535067
0.390928379301729 0.092550248421684
0.385824564944672 0.092772668401834
0.380733271210710 0.092978651510690
0.375655056417573 0.093168320719444
0.370590477448740 0.093341833714525
0.365540089692367 0.093499397728964
0.360504446980385 0.093641228037816
0.355484101527764 0.093767541918499
0.350479603871957 0.093878560158801
0.345491502812526 0.093974477606479
0.340520345350965 0.094055469697142
0.335566676630708 0.094121717186716
0.330631039877354 0.094173405537229
0.325713976339092 0.094210745001134
0.320816025227350 0.094234055304562
0.315937723657661 0.094243688814787
0.311079606590766 0.094239998356729
0.306242206773949 0.094223332169145
0.301426054682610 0.094193783415132
0.296631678462100 0.094151071715687
0.291859603869799 0.094094902965699
0.287110354217464 0.094025000084480
0.282384450313836 0.093941003577640
0.277682410407536 0.093841953487143
0.273004750130227 0.093726699964357
0.268351982440069 0.093594138250425
0.263724617565473 0.093443215839126
0.259123162949143 0.093273012719940
0.254548123192430 0.093082741205525
0.250000000000000 0.092871658214370
0.245479292124815 0.092639066494071
0.240986495313435 0.092384292782372
0.236522102251661 0.092106680111284
0.232086602510502 0.091805609460989
0.227680482492487 0.091480504915206
0.223304225378328 0.091130840686133
0.218958311073935 0.090756141382303
0.214643216157784 0.090355978170937
0.210359413828661 0.089929963880688
0.206107373853763 0.089477756823577
0.201887562517192 0.088999082700194
0.197700442568813 0.088493704898214
0.193546473173512 0.087961428828841
0.189426109860845 0.087402111973403
0.185339804475081 0.086815664352162
0.181288005125655 0.086202035344282
0.177271156138025 0.085561217452553
0.173289698004947 0.084893253974879
0.169344067338174 0.084198239990489
0.165434696820571 0.083476309957331
0.161562015158670 0.082727592492630
0.157726447035656 0.081952047596103
0.153928413064797 0.081149603875261
0.150168329743317 0.080320247035910
0.146446609406726 0.079464770156447
0.142763660183598 0.078584926889393
0.139119885950819 0.077682514979112
0.135515686289294 0.076759467106337
0.131951456440133 0.075818276343184
0.128427587261303 0.074861475207700
0.124944465184770 0.073891488807034
0.121502472174122 0.072910558034085
0.118101985682679 0.071920790093675
0.114743378612105 0.070924221645832
0.111427019271515 0.069922871369894
0.108153271337080 0.068918686007905
0.104922493812155 0.067913537557061
0.101735040987902 0.066909185144760
0.098591262404443 0.065907290256153
0.095491502812526 0.064908020386676
0.092436102135723 0.063904330287801
0.089425395433148 0.062887398966074
0.086459712862719 0.061849031966197
0.083539379644950 0.060781619053280
0.080664716027288 0.059677948910356
0.077836037248993 0.058530175597731
0.075053653506568 0.057329615347625
0.072317869919747 0.056070002147420
0.069628986498028 0.054757752145251
0.066987298107781 0.053403365610669
0.064393094439905 0.052019055411555
0.061846659978068 0.050618511813265
0.059348273967504 0.049214475893011
0.056898210384393 0.047818080798506
0.054496737905816 0.046439887352101
0.052144119880294 0.045090683586323
0.049840614298903 0.043779168941135
0.047586473766990 0.042507112855409
0.045381945476466 0.041273356549155
0.043227271178700 0.040071309620541
0.041122687158010 0.038892876128113
0.039068424205750 0.037731970326616
0.037064707595003 0.036583773862613
0.035111757055874 0.035443618303686
0.033209786751399 0.034307093070583
0.031359005254054 0.033170029799530
0.029559615522887 0.032028535951229
0.027811814881260 0.030878812945723
0.026115794995207 0.029717020623890
0.024471741852423 0.028538772225578
0.022879835741862 0.027342786519167
0.021340251233966 0.026132243757772
0.019853157161529 0.024913082595792
0.018418716601171 0.023692724416546
0.017037086855466 0.022479271420720
0.015708419435685 0.021280676770202
0.014432860045182 0.020104643002836
0.013210548563420 0.018958118347804
0.012041619030626 0.017845658476542
0.010926199633097 0.016768104165446
0.009864412689139 0.015721239133873
0.008856374635656 0.014701948461824
0.007902196015379 0.013708345311565
0.007001981464748 0.012738877473653
0.006155829702431 0.011792337476883
0.005363833518506 0.010867867325360
0.004626079764278 0.009964688430915
0.003942649342761 0.009082291945316
0.003313617199802 0.008220162116879
0.002739052315863 0.007377936360743
0.002219017698460 0.006555304998090
0.001753570375248 0.005751975645497
0.001342761387771 0.004967769380439
0.000986635785864 0.004202438100426
0.000685232622713 0.003455875326743
0.000438584950571 0.002727893911848
0.000246719817134 0.002018410572713
0.000109658262577 0.001327342355265
0.000027415317244 0.000654470616121
0.000000000000000 0.000000000000000
0.000027415317244 -0.000636399918958
0.000109658262577 -0.001254700556932
0.000246719817134 -0.001855018498833
0.000438584950571 -0.002437275283946
0.000685232622713 -0.003002113646913
0.000986635785864 -0.003553899748726
0.001342761387771 -0.004096788190312
0.001753570375248 -0.004632136579979
0.002219017698460 -0.005160244144296
0.002739052315863 -0.005680619005804
0.003313617199802 -0.006192438831681
0.003942649342761 -0.006694587543377
0.004626079764278 -0.007185531863155
0.005363833518506 -0.007663593969905
0.006155829702431 -0.008126637401283
0.007001981464748 -0.008572179163968
0.007902196015379 -0.008997272284765
0.008856374635656 -0.009398259190112
0.009864412689139 -0.009770803101519
0.010926199633097 -0.010109366839141
0.012041619030626 -0.010407074431461
0.013210548563420 -0.010654163048182
0.014432860045182 -0.010841776664620
0.015708419435684 -0.010965664126032
0.017037086855466 -0.011024252147961
0.018418716601171 -0.011019323949746
0.019853157161528 -0.010956259397406
0.021340251233966 -0.010844418872323
0.022879835741862 -0.010697835328498
0.024471741852423 -0.010535381479989
0.026115794995207 -0.010380225181515
0.027811814881259 -0.010244491853402
0.029559615522887 -0.010128356176186
0.031359005254054 -0.010030832177611
0.033209786751399 -0.009950323806103
0.035111757055874 -0.009884946856293
0.037064707595003 -0.009832354813642
0.039068424205750 -0.009789653749612
0.041122687158009 -0.009753444384819
0.043227271178699 -0.009719893133380
0.045381945476466 -0.009684317571007
0.047586473766990 -0.009640925990048
0.049840614298903 -0.009584125210653
0.052144119880293 -0.009509451117466
0.054496737905816 -0.009414188976472
0.056898210384393 -0.009299433235899
0.059348273967504 -0.009166736826256
0.061846659978068 -0.009017269344622
0.064393094439905 -0.008852380989051
0.066987298107781 -0.008673848128676
0.069628986498028 -0.008483784160939
0.072317869919747 -0.008284747303379
0.075053653506568 -0.008079593346106
0.077836037248992 -0.007869998342823
0.080664716027288 -0.007656451424202
0.083539379644950 -0.007439291423318
0.086459712862719 -0.007218536043524
0.089425395433148 -0.006994178328748
0.092436102135723 -0.006766356765346
0.095491502812526 -0.006535296214061
0.098591262404443 -0.006301072291862
0.101735040987902 -0.006063459240023
0.104922493812155 -0.005822143291750
0.108153271337080 -0.005576425061958
0.111427019271514 -0.005325318409915
0.114743378612105 -0.005067771828019
0.118101985682679 -0.004802717962322
0.121502472174122 -0.004529029418559
0.124944465184770 -0.004245529764938
0.128427587261303 -0.003951006948171
0.131951456440133 -0.003644185747185
0.135515686289294 -0.003323567175775
0.139119885950819 -0.002987344039896
0.142763660183598 -0.002633596986950
0.146446609406726 -0.002260943679391
0.150168329743317 -0.001868908506843
0.153928413064796 -0.001457101545074
0.157726447035656 -0.001026073113081
0.161562015158669 -0.000578234387300
0.165434696820571 -0.000116384612450
0.169344067338174 0.000356629342347
0.173289698004947 0.000838231335304
0.177271156138025 0.001325792061783
0.181288005125655 0.001816477538711
0.185339804475081 0.002306869092298
0.189426109860845 0.002793140690861
0.193546473173511 0.003271298711654
0.197700442568812 0.003738309777394
0.201887562517192 0.004192949279671
0.206107373853763 0.004634154473490
0.210359413828660 0.005060951403829
0.214643216157784 0.005473422169179
0.218958311073935 0.005872264079345
0.223304225378328 0.006258230383881
0.227680482492486 0.006632048736359
0.232086602510501 0.006994218939774
0.236522102251661 0.007345214028437
0.240986495313435 0.007685540345751
0.245479292124814 0.008015766716281
0.250000000000000 0.008336560420396
0.254548123192429 0.008648638123621
0.259123162949142 0.008952747647371
0.263724617565473 0.009249670067297
0.268351982440069 0.009540211017278
0.273004750130227 0.009825207226451
0.277682410407536 0.010105530823019
0.282384450313836 0.010382077196324
0.287110354217464 0.010655756097002
0.291859603869799 0.010927501291026
0.296631678462100 0.011198279792448
0.301426054682609 0.011468877973718
0.306242206773948 0.011739080132225
0.311079606590766 0.012008353757688
0.315937723657661 0.012276154555864
0.320816025227350 0.012541929028710
0.325713976339092 0.012805127448924
0.330631039877354 0.013065201787318
0.335566676630708 0.013321595044771
0.340520345350965 0.013573741458963
0.345491502812526 0.013821071142581
0.350479603871956 0.014063017216559
0.355484101527764 0.014299005387030
0.360504446980385 0.014528454935888
0.365540089692367 0.014750777378199
0.370590477448739 0.014965323940417
0.375655056417572 0.015171404861190
0.380733271210709 0.015368326029097
0.385824564944672 0.015555385155571
0.390928379301728 0.015731971291451
0.396044154591120 0.015897807301433
0.401171329810437 0.016052695541124
0.406309342707137 0.016196440691488
0.411457629840208 0.016328854511309
0.416615626641949 0.016449863785131
0.421782767479884 0.016559575096523
0.426958485718794 0.016658114968476
0.432142213782848 0.016745616958291
0.437333383217848 0.016822218800654
0.442531424753567 0.016888033505899
0.447735768366173 0.016943156263615
0.452945843340743 0.016987686460295
0.458161078333842 0.017021728869761
0.463380901436184 0.017045391042383
0.468604740235343 0.017058764413334
0.473832021878528 0.017061935673774
0.479062173135400 0.017054996171285
0.484294620460935 0.017038041863555
0.489528790058321 0.017011216888356
0.494764107941877 0.016974861678097
0.500000000000000 0.016929374483927
0.505235892058122 0.016875157710902
0.510471209941678 0.016812617600714
0.515705379539064 0.016742203640134
0.520937826864600 0.016664475752386
0.526167978121472 0.016580013733001
0.531395259764656 0.016489398426714
0.536619098563816 0.016393211986453
0.541838921666157 0.016292015140585
0.547054156659257 0.016186335663867
0.552264231633827 0.016076696848626
0.557468575246433 0.015963621698504
0.562666616782152 0.015847632179434
0.567857786217152 0.015729292709321
0.573041514281206 0.015609202683883
0.578217232520115 0.015487959217279
0.583384373358051 0.015366155011909
0.588542370159791 0.015244339579253
0.593690657292862 0.015122764684909
0.598828670189563 0.015001540914523
0.603955845408879 0.014880778345641
0.609071620698271 0.014760584899072
0.614175435055328 0.014641021803280
0.619266728789290 0.014522016335056
0.624344943582427 0.014403471863140
0.629409522551260 0.014285293984016
0.634459910307633 0.014167389460044
0.639495553019614 0.014049690990476
0.644515898472235 0.013932152786762
0.649520396128043 0.013814732136663
0.654508497187474 0.013697387912336
0.659479654649035 0.013580079397575
0.664433323369291 0.013462768656652
0.669368960122646 0.013345420251626
0.674286023660907 0.013227998134711
0.679183974772650 0.013110467340913
0.684062276342339 0.012992763964140
0.688920393409233 0.012874799141670
0.693757793226051 0.012756487588135
0.698573945317390 0.012637745820585
0.703368321537900 0.012518446379922
0.708140396130200 0.012398376174588
0.712889645782536 0.012277318798140
0.717615549686163 0.012155066097955
0.722317589592464 0.012031422046445
0.726995249869773 0.011906215111045
0.731648017559930 0.011779284800810
0.736275382434527 0.011650477440297
0.740876837050857 0.011519645810844
0.745451876807570 0.011386645623684
0.750000000000000 0.011251337746022
0.754520707875185 0.011113592017489
0.759013504686565 0.010973288137797
0.763477897748338 0.010830319614256
0.767913397489498 0.010684588293369
0.772319517507513 0.010536005513723
0.776695774621672 0.010384481460174
0.781041688926065 0.010229919479109
0.785356783842216 0.010072230505228
0.789640586171339 0.009911343016715
0.793892626146236 0.009747329434300
0.798112437482808 0.009580380071213
0.802299557431187 0.009410685320721
0.806453526826488 0.009238440295719
0.810573890139155 0.009063865374174
0.814660195524918 0.008887182708315
0.818711994874345 0.008708608482078
0.822728843861975 0.008528349413396
0.826710301995052 0.008346601441457
0.830655932661826 0.008163558418363
0.834565303179429 0.007979407902517
0.838437984841330 0.007794335782279
0.842273552964344 0.007608523754799
0.846071586935203 0.007422149115660
0.849831670256683 0.007235381893441
0.853553390593274 0.007048390793037
0.857236339816401 0.006861336655606
0.860880114049181 0.006674374857566
0.864484313710706 0.006487658762300
0.868048543559867 0.006301335108612
0.871572412738697 0.006115550826760
0.875055534815230 0.005930449106959
0.878497527825878 0.005746159801933
0.881898014317321 0.005562797863778
0.885256621387894 0.005380474589121
0.888572980728485 0.005199345074969
0.891846728662920 0.005019599488097
0.895077506187845 0.004841433318285
0.898264959012098 0.004665104689406
0.901408737595557 0.004490877392239
0.904508497187474 0.004318989901521
0.907563897864277 0.004149648312992
0.910574604566852 0.003983044493510
0.913540287137281 0.003819356483076
0.916460620355049 0.003658748092110
0.919335283972712 0.003501368523469
0.922163962751007 0.003347349877425
0.924946346493432 0.003196811104668
0.927682130080253 0.003049853922451
0.930371013501972 0.002906572343661
0.933012701892219 0.002767041739916
0.935606905560095 0.002631328461724
0.938153340021932 0.002499484457751
0.940651726032496 0.002371550971213
0.943101789615607 0.002247558583004
0.945503262094184 0.002127526053766
0.947855880119706 0.002011462288433
0.950159385701097 0.001899367928775
0.952413526233010 0.001791232090970
0.954618054523534 0.001687036797234
0.956772728821300 0.001586755717983
0.958877312841991 0.001490354942892
0.960931575794250 0.001397792433550
0.962935292404997 0.001309021247130
0.964888242944126 0.001223986499006
0.966790213248601 0.001142629428260
0.968640994745946 0.001064884945120
0.970440384477113 0.000990684089894
0.972188185118740 0.000919954162030
0.973884205004793 0.000852616470237
0.975528258147577 0.000788592207298
0.977120164258138 0.000727799085686
0.978659748766034 0.000670150922354
0.980146842838471 0.000615561293270
0.981581283398829 0.000563942920499
0.982962913144534 0.000515205840133
0.984291580564316 0.000469261491732
0.985567139954818 0.000426019770843
0.986789451436580 0.000385392665721
0.987958380969374 0.000347291297219
0.989073800366903 0.000311628134253
0.990135587310861 0.000278318865697
0.991143625364344 0.000247278392912
0.992097803984621 0.000218426049882
0.992998018535252 0.000191682533507
0.993844170297569 0.000166971426675
0.994636166481494 0.000144220293235
0.995373920235722 0.000123358272942
0.996057350657239 0.000104321003540
0.996686382800198 0.000087044489275
0.997260947684137 0.000071472260411
0.997780982301540 0.000057549616283
0.998246429624752 0.000045228090320
0.998657238612229 0.000034462972691
0.999013364214136 0.000025214087215
0.999314767377287 0.000017447846421
0.999561415049429 0.000011133919632
0.999753280182866 0.000006248832897
0.999890341737423 0.000002772678177
0.999972584682756 0.000000692469132
1.000000000000000 0.000000000000000
