1.000000000000000 0.000000000000000
0.999972584682756 0.000008446294977
0.999890341737423 0.000033784709988
0.999753280182866 0.000075992058784
0.999561415049429 0.000135027963479
0.999314767377287 0.000210840418638
0.999013364214136 0.000303365941288
0.998657238612229 0.000412529756378
0.998246429624752 0.000538224380764
0.997780982301540 0.000680358678753
0.997260947684137 0.000838798651232
0.996686382800198 0.001013416503453
0.996057350657239 0.001204064053038
0.995373920235722 0.001410589334094
0.994636166481494 0.001632821003968
0.993844170297569 0.001870579634822
0.992998018535252 0.002123672970013
0.992097803984621 0.002391907150087
0.991143625364344 0.002675071472632
0.990135587310861 0.002972954945369
0.989073800366903 0.003285336445451
0.987958380969374 0.003611990733727
0.986789451436580 0.003952678873290
0.985567139954818 0.004307164670187
0.984291580564316 0.004675215365887
0.982962913144534 0.005056576887527
0.981581283398829 0.005451015749587
0.980146842838472 0.005858284141612
0.978659748766034 0.006278136272702
0.977120164258138 0.006710334299464
0.975528258147577 0.007154634254317
0.973884205004793 0.007610802095408
0.972188185118741 0.008078604755897
0.970440384477113 0.008557821027958
0.968640994745946 0.009048232764702
0.966790213248601 0.009549630868005
0.964888242944126 0.010061816323065
0.962935292404997 0.010584596518619
0.960931575794250 0.011117795891687
0.958877312841991 0.011661252192363
0.956772728821300 0.012214808151589
0.954618054523534 0.012778336167929
0.952413526233010 0.013351711177165
0.950159385701097 0.013934835170022
0.947855880119706 0.014527619718488
0.945503262094184 0.015130010102099
0.943101789615607 0.015741954269336
0.940651726032496 0.016363440545047
0.938153340021932 0.016994466786677
0.935606905560095 0.017635059658029
0.933012701892219 0.018285271256154
0.930371013501972 0.018945189009382
0.927682130080253 0.019614909870356
0.924946346493432 0.020294577229611
0.922163962751008 0.020984355364158
0.919335283972712 0.021684439329368
0.916460620355050 0.022395064126228
0.913540287137281 0.023116487892649
0.910574604566852 0.023849003768862
0.907563897864277 0.024592960749723
0.904508497187474 0.025348720642741
0.901408737595557 0.026116687742477
0.898264959012098 0.026897284819387
0.895077506187845 0.027690699704661
0.891846728662920 0.028496677698319
0.888572980728485 0.029314907572174
0.885256621387895 0.030145057562646
0.881898014317321 0.030986783946704
0.878497527825878 0.031839711133912
0.875055534815230 0.032703442726694
0.871572412738697 0.033577554412764
0.868048543559867 0.034461590145041
0.864484313710706 0.035355075694283
0.860880114049181 0.036257508827401
0.857236339816402 0.037168358690341
0.853553390593274 0.038087074596213
0.849831670256683 0.039013063962121
0.846071586935203 0.039945728140400
0.842273552964344 0.040884426661247
0.838437984841330 0.041828495110353
0.834565303179429 0.042777252216197
0.830655932661826 0.043729981651161
0.826710301995053 0.044685930066153
0.822728843861975 0.045644340576497
0.818711994874345 0.046604421459909
0.814660195524919 0.047565376346611
0.810573890139155 0.048526356370861
0.806453526826488 0.049486475836966
0.802299557431188 0.050444819729316
0.798112437482808 0.051400441027556
0.793892626146237 0.052352886934098
0.789640586171339 0.053302337712100
0.785356783842216 0.054249055451554
0.781041688926065 0.055193326429020
0.776695774621672 0.056135482142702
0.772319517507513 0.057075908685846
0.767913397489498 0.058015006675273
0.763477897748339 0.058953210882005
0.759013504686565 0.059890971516795
0.754520707875186 0.060828780221122
0.750000000000000 0.061767139282570
0.745451876807570 0.062706578614142
0.740876837050858 0.063647623188586
0.736275382434527 0.064590822648749
0.731648017559931 0.065536750660394
0.726995249869773 0.066486038663156
0.722317589592464 0.067439447331511
0.717615549686164 0.068397771506058
0.712889645782536 0.069361848356349
0.708140396130201 0.070332419922535
0.703368321537900 0.071309855849414
0.698573945317390 0.072294439478262
0.693757793226052 0.073286467003801
0.688920393409234 0.074286130473987
0.684062276342339 0.075292691821325
0.679183974772650 0.076304918038941
0.674286023660908 0.077321543906134
0.669368960122646 0.078341278697506
0.664433323369292 0.079362888317885
0.659479654649035 0.080385247869183
0.654508497187474 0.081407215307813
0.649520396128043 0.082427638929620
0.644515898472236 0.083445332258866
0.639495553019615 0.084459088471292
0.634459910307633 0.085467667269918
0.629409522551260 0.086469808981544
0.624344943582428 0.087464257437518
0.619266728789291 0.088449708628052
0.614175435055328 0.089424809601731
0.609071620698271 0.090388184185347
0.603955845408880 0.091338457659827
0.598828670189563 0.092274285224572
0.593690657292862 0.093194873707561
0.588542370159792 0.094099915712398
0.583384373358051 0.094989127845217
0.578217232520115 0.095862232647079
0.573041514281206 0.096718965740543
0.567857786217152 0.097559162105742
0.562666616782152 0.098382703661913
0.557468575246433 0.099189478834199
0.552264231633827 0.099979390286273
0.547054156659257 0.100752337502405
0.541838921666158 0.101508205699283
0.536619098563816 0.102246886155119
0.531395259764657 0.102968268644580
0.526167978121472 0.103672256272602
0.520937826864600 0.104358753356873
0.515705379539064 0.105027660558991
0.510471209941678 0.105678880945796
0.505235892058123 0.106312327767755
0.500000000000000 0.106927918278799
0.494764107941877 0.107525655229240
0.489528790058322 0.108105934547626
0.484294620460936 0.108669275033199
0.479062173135400 0.109216193293226
0.473832021878528 0.109747212063627
0.468604740235343 0.110262862295775
0.463380901436184 0.110763687286749
0.458161078333842 0.111250239484464
0.452945843340743 0.111723073468062
0.447735768366173 0.112182742774116
0.442531424753567 0.112629805930224
0.437333383217848 0.113064849671243
0.432142213782848 0.113488467997299
0.426958485718794 0.113901251904136
0.421782767479885 0.114303792317750
0.416615626641949 0.114696656485580
0.411457629840209 0.115080295680627
0.406309342707138 0.115455122434855
0.401171329810437 0.115821546120312
0.396044154591120 0.116179973712914
0.390928379301729 0.116530549252061
0.385824564944672 0.116872106964280
0.380733271210710 0.117203093081341
0.375655056417573 0.117521983618173
0.370590477448740 0.117827286132835
0.365540089692367 0.118117561481422
0.360504446980385 0.118391482796342
0.355484101527764 0.118647777918269
0.350479603871957 0.118885206910031
0.345491502812526 0.119102565803814
0.340520345350965 0.119298681129003
0.335566676630708 0.119472401204910
0.330631039877354 0.119622609706904
0.325713976339092 0.119748228941021
0.320816025227350 0.119848219009699
0.315937723657661 0.119921575125999
0.311079606590766 0.119967322048666
0.306242206773949 0.119984523307000
0.301426054682610 0.119972282866863
0.296631678462100 0.119929780165753
0.291859603869799 0.119856660512657
0.287110354217464 0.119752880425325
0.282384450313836 0.119618420997974
0.277682410407536 0.119453283818277
0.273004750130227 0.119257496417761
0.268351982440069 0.119031131702979
0.263724617565473 0.118774286205223
0.259123162949143 0.118487074160714
0.254548123192430 0.118169628060840
0.250000000000000 0.117822080637757
0.245479292124815 0.117444573150600
0.240986495313435 0.117037263596482
0.236522102251661 0.116600326739129
0.232086602510502 0.116133962609901
0.227680482492487 0.115638400420399
0.223304225378328 0.115113885129306
0.218958311073935 0.114560683043404
0.214643216157784 0.113979067428227
0.210359413828661 0.113369280962709
0.206107373853763 0.112731565496412
0.201887562517192 0.112066191771974
0.197700442568813 0.111373501571479
0.193546473173512 0.110654268329472
0.189426109860845 0.109909442801113
0.185339804475081 0.109139983456534
0.181288005125655 0.108346837564895
0.177271156138025 0.107530990815290
0.173289698004947 0.106693433554431
0.169344067338174 0.105835156477214
0.165434696820571 0.104957184086642
0.161562015158670 0.104060723114848
0.157726447035656 0.103147014036916
0.153928413064797 0.102217271882004
0.150168329743317 0.101272212682948
0.146446609406726 0.100311704719794
0.142763660183598 0.099335551351399
0.139119885950819 0.098343545374009
0.135515686289294 0.097334699524349
0.131951456440133 0.096307638109794
0.128427587261303 0.095261060940349
0.124944465184770 0.094193873082626
0.121502472174122 0.093105270251441
0.118101985682679 0.091994533444758
0.114743378612105 0.090861023163196
0.111427019271515 0.089704088061038
0.108153271337080 0.088523114352141
0.104922493812155 0.087317595150176
0.101735040987902 0.086087243744642
0.098591262404443 0.084831957335261
0.095491502812526 0.083551734569127
0.092436102135723 0.082247423972939
0.089425395433148 0.080920526054947
0.086459712862719 0.079572522677017
0.083539379644950 0.078204839347568
0.080664716027288 0.076818855220287
0.077836037248993 0.075415918563728
0.075053653506568 0.073997232869734
0.072317869919747 0.072563924113540
0.069628986498028 0.071116867800263
0.066987298107781 0.069656107709440
0.064393094439905 0.068181613512068
0.061846659978068 0.066693606205795
0.059348273967504 0.065192503995775
0.056898210384393 0.063678809182172
0.054496737905816 0.062153241988254
0.052144119880294 0.060616574623386
0.049840614298903 0.059069627019068
0.047586473766990 0.057513257457767
0.045381945476466 0.055947928554182
0.043227271178700 0.054373377500420
0.041122687158010 0.052789308935957
0.039068424205750 0.051195403271716
0.037064707595003 0.049591367258835
0.035111757055874 0.047976749004139
0.033209786751399 0.046351034226208
0.031359005254054 0.044713603812848
0.029559615522887 0.043063746975738
0.027811814881260 0.041400735572088
0.026115794995207 0.039723558282251
0.024471741852423 0.038030391671278
0.022879835741862 0.036323108543760
0.021340251233966 0.034609063767611
0.019853157161529 0.032898545946471
0.018418716601171 0.031202979273110
0.017037086855466 0.029533502449907
0.015708419435685 0.027900587545187
0.014432860045182 0.026313644055904
0.013210548563420 0.024780593920689
0.012041619030626 0.023307358469399
0.010926199633097 0.021893404027252
0.009864412689139 0.020529794443422
0.008856374635656 0.019209344790291
0.007902196015379 0.017926843882915
0.007001981464748 0.016678286865683
0.006155829702431 0.015460431223277
0.005363833518506 0.014270737654713
0.004626079764278 0.013107151327677
0.003942649342761 0.011967910029350
0.003313617199802 0.010851613458333
0.002739052315863 0.009757005887880
0.002219017698460 0.008683081455923
0.001753570375248 0.007628975741060
0.001342761387771 0.006593887534824
0.000986635785864 0.005577143187342
0.000685232622713 0.004578268654679
0.000438584950571 0.003596774122841
0.000246719817134 0.002632570675032
0.000109658262577 0.001685981359742
0.000027415317244 0.000760603404201
0.000000000000000 0.000000000000000
0.000027415317244 -0.001092758807907
0.000109658262577 -0.001972548216889
0.000246719817134 -0.002842809492056
0.000438584950571 -0.003699951034566
0.000685232622713 -0.004545771490973
0.000986635785864 -0.005386363988648
0.001342761387771 -0.006224469349557
0.001753570375248 -0.007060274046870
0.002219017698460 -0.007893026352714
0.002739052315863 -0.008721179626628
0.003313617199802 -0.009542848134320
0.003942649342761 -0.010355762663129
0.004626079764278 -0.011157316808338
0.005363833518506 -0.011944569103518
0.006155829702431 -0.012714165203192
0.007001981464748 -0.013462402609362
0.007902196015379 -0.014185061333900
0.008856374635656 -0.014877352182481
0.009864412689139 -0.015533888463308
0.010926199633097 -0.016148373239383
0.012041619030626 -0.016713716062281
0.013210548563420 -0.017221331769442
0.014432860045182 -0.017662773183709
0.015708419435684 -0.018033848268262
0.017037086855466 -0.018331190874186
0.018418716601171 -0.018551943801268
0.019853157161528 -0.018693107648742
0.021340251233966 -0.018751827344520
0.022879835741862 -0.018725068941661
0.024471741852423 -0.018609736967405
0.026115794995207 -0.018402445537049
0.027811814881259 -0.018099195702527
0.029559615522887 -0.017696367446970
0.031359005254054 -0.017191684167387
0.033209786751399 -0.016584413672271
0.035111757055874 -0.015876248547256
0.037064707595003 -0.015071273156554
0.039068424205750 -0.014176440615727
0.041122687158009 -0.013201750651415
0.043227271178699 -0.012160449404496
0.045381945476466 -0.011069374446631
0.047586473766990 -0.009948753527745
0.049840614298903 -0.008821279511239
0.052144119880293 -0.007710480255379
0.054496737905816 -0.006626238530485
0.056898210384393 -0.005566508020417
0.059348273967504 -0.004528995693667
0.061846659978068 -0.003511535823320
0.064393094439905 -0.002511603691593
0.066987298107781 -0.001526237121981
0.069628986498028 -0.000551911734915
0.072317869919747 0.000416026640978
0.075053653506568 0.001382431846379
0.077836037248992 0.002348965629509
0.080664716027288 0.003315625025888
0.083539379644950 0.004281294938385
0.086459712862719 0.005243067139209
0.089425395433148 0.006197766194334
0.092436102135723 0.007142354302598
0.095491502812526 0.008073777337085
0.098591262404443 0.008989121736866
0.101735040987902 0.009885920161612
0.104922493812155 0.010761736637838
0.108153271337080 0.011615130899676
0.111427019271514 0.012445628156801
0.114743378612105 0.013252809271615
0.118101985682679 0.014036065323480
0.121502472174122 0.014794692182236
0.124944465184770 0.015528010642607
0.128427587261303 0.016235472205161
0.131951456440133 0.016916593948951
0.135515686289294 0.017570915345672
0.139119885950819 0.018197837849109
0.142763660183598 0.018796690769540
0.146446609406726 0.019366852470732
0.150168329743317 0.019908322124461
0.153928413064796 0.020421683586172
0.157726447035656 0.020907621380413
0.161562015158669 0.021367208414924
0.165434696820571 0.021802236123898
0.169344067338174 0.022214692424195
0.173289698004947 0.022606689434503
0.177271156138025 0.022980333309996
0.181288005125655 0.023337806800981
0.185339804475081 0.023681436940693
0.189426109860845 0.024013727356866
0.193546473173511 0.024337412968247
0.197700442568812 0.024655386398496
0.201887562517192 0.024970553561686
0.206107373853763 0.025283881953895
0.210359413828660 0.025594776500871
0.214643216157784 0.025902574293895
0.218958311073935 0.026206589525960
0.223304225378328 0.026506057418980
0.227680482492486 0.026800167254376
0.232086602510501 0.027088084573754
0.236522102251661 0.027368951788311
0.240986495313435 0.027641889171805
0.245479292124814 0.027905994872450
0.250000000000000 0.028160344112934
0.254548123192429 0.028403998915808
0.259123162949142 0.028636039614731
0.263724617565473 0.028855547503319
0.268351982440069 0.029061584200036
0.273004750130227 0.029253181115289
0.277682410407536 0.029429199235803
0.282384450313836 0.029588375744744
0.287110354217464 0.029729423262074
0.291859603869799 0.029851041436254
0.296631678462100 0.029952434608874
0.301426054682609 0.030033533557448
0.306242206773948 0.030094334683368
0.311079606590766 0.030134848675395
0.315937723657661 0.030155271967115
0.320816025227350 0.030156563416402
0.325713976339092 0.030139919154358
0.330631039877354 0.030106575946186
0.335566676630708 0.030057805368838
0.340520345350965 0.029994793009517
0.345491502812526 0.029918624461685
0.350479603871956 0.029830409984174
0.355484101527764 0.029731289657914
0.360504446980385 0.029622451746882
0.365540089692367 0.029505218921358
0.370590477448739 0.029380984101255
0.375655056417572 0.029251168064725
0.380733271210709 0.029117218265798
0.385824564944672 0.028980494648251
0.390928379301728 0.028842113681177
0.396044154591120 0.028703170417246
0.401171329810437 0.028564776066216
0.406309342707137 0.028428029124539
0.411457629840208 0.028293159072605
0.416615626641949 0.028159330593885
0.421782767479884 0.028025635092782
0.426958485718794 0.027891155139271
0.432142213782848 0.027754972010601
0.437333383217848 0.027616290392934
0.442531424753567 0.027474404273297
0.447735768366173 0.027328605243179
0.452945843340743 0.027178182459423
0.458161078333842 0.027022411564814
0.463380901436184 0.026860492532448
0.468604740235343 0.026691586287986
0.473832021878528 0.026514852087951
0.479062173135400 0.026329449186850
0.484294620460935 0.026134566959671
0.489528790058321 0.025929563559540
0.494764107941877 0.025713856056894
0.500000000000000 0.025486865343743
0.505235892058122 0.025248014728530
0.510471209941678 0.024996903014243
0.515705379539064 0.024733773910650
0.520937826864600 0.024459026973832
0.526167978121472 0.024173067020584
0.531395259764656 0.023876302143908
0.536619098563816 0.023569117616713
0.541838921666157 0.023251828974559
0.547054156659257 0.022924747617719
0.552264231633827 0.022588185649695
0.557468575246433 0.022242458921155
0.562666616782152 0.021887884413765
0.567857786217152 0.021524772683690
0.573041514281206 0.021153436931552
0.578217232520115 0.020774197059717
0.583384373358051 0.020387370562513
0.588542370159791 0.019993361469315
0.593690657292862 0.019592636250408
0.598828670189563 0.019185663952748
0.603955845408879 0.018772912602229
0.609071620698271 0.018354915688381
0.614175435055328 0.017932643447327
0.619266728789290 0.017507225779324
0.624344943582427 0.017079783081105
0.629409522551260 0.016651420588334
0.634459910307633 0.016223210408380
0.639495553019614 0.015796156263970
0.644515898472235 0.015371245301878
0.649520396128043 0.014949445455641
0.654508497187474 0.014531703345775
0.659479654649035 0.014118933264596
0.664433323369291 0.013712018180990
0.669368960122646 0.013311819712582
0.674286023660907 0.012919180999562
0.679183974772650 0.012534973094870
0.684062276342339 0.012160153255535
0.688920393409233 0.011795662119368
0.693757793226051 0.011442412252189
0.698573945317390 0.011101132300136
0.703368321537900 0.010771712857909
0.708140396130200 0.010453777369805
0.712889645782536 0.010146951305385
0.717615549686163 0.009850839250755
0.722317589592464 0.009564791835350
0.726995249869773 0.009288019459871
0.731648017559930 0.009019747404266
0.736275382434527 0.008759226602432
0.740876837050857 0.008505788716818
0.745451876807570 0.008258827879192
0.750000000000000 0.008017758759981
0.754520707875185 0.007782009412240
0.759013504686565 0.007551010417385
0.763477897748338 0.007324198743783
0.767913397489498 0.007101031157094
0.772319517507513 0.006880983176619
0.776695774621672 0.006663556556088
0.781041688926065 0.006448270715911
0.785356783842216 0.006234669172807
0.789640586171339 0.006022312443007
0.793892626146236 0.005810786137951
0.798112437482808 0.005599692297421
0.802299557431187 0.005388680006059
0.806453526826488 0.005177872056904
0.810573890139155 0.004967799097083
0.814660195524918 0.004758986998894
0.818711994874345 0.004551935077190
0.822728843861975 0.004347115025817
0.826710301995052 0.004144974125156
0.830655932661826 0.003945937250646
0.834565303179429 0.003750405755657
0.838437984841330 0.003558759123709
0.842273552964344 0.003371349754455
0.846071586935203 0.003188511841553
0.849831670256683 0.003010552931653
0.853553390593274 0.002837756592638
0.857236339816401 0.002670387155433
0.860880114049181 0.002508684846170
0.864484313710706 0.002352866283140
0.868048543559867 0.002203128357128
0.871572412738697 0.002059643650658
0.875055534815230 0.001922566043568
0.878497527825878 0.001792027349314
0.881898014317321 0.001668141556185
0.885256621387894 0.001551000257410
0.888572980728485 0.001440669413179
0.891846728662920 0.001337194513465
0.895077506187845 0.001240613872190
0.898264959012098 0.001150966825030
0.901408737595557 0.001068246474950
0.904508497187474 0.000992163333105
0.907563897864277 0.000922288773725
0.910574604566852 0.000858195184528
0.913540287137281 0.000799447645699
0.916460620355049 0.000745631213747
0.919335283972712 0.000696360243674
0.922163962751007 0.000651272262845
0.924946346493432 0.000610023434493
0.927682130080253 0.000572287215430
0.930371013501972 0.000537756978338
0.933012701892219 0.000506144930869
0.935606905560095 0.000477181026622
0.938153340021932 0.000450613151455
0.940651726032496 0.000426205288189
0.943101789615607 0.000403738631739
0.945503262094184 0.000383009730139
0.947855880119706 0.000363830750723
0.950159385701097 0.000346028423985
0.952413526233010 0.000329443921706
0.954618054523534 0.000313931898665
0.956772728821300 0.000299360015356
0.958877312841991 0.000285608635698
0.960931575794250 0.000272570177115
0.962935292404997 0.000260148045642
0.964888242944126 0.000248256851825
0.966790213248601 0.000236821352902
0.968640994745946 0.000225776058867
0.970440384477113 0.000215064537390
0.972188185118740 0.000204638956719
0.973884205004793 0.000194459787960
0.975528258147577 0.000184494704268
0.977120164258138 0.000174718616538
0.978659748766034 0.000165112765501
0.980146842838471 0.000155664422748
0.981581283398829 0.000146366274565
0.982962913144534 0.000137215778244
0.984291580564316 0.000128215305701
0.985567139954818 0.000119370803032
0.986789451436580 0.000110692001192
0.987958380969374 0.000102191501349
0.989073800366903 0.000093884669195
0.990135587310861 0.000085789245642
0.991143625364344 0.000077924665298
0.992097803984621 0.000070311704709
0.992998018535252 0.000062972394676
0.993844170297569 0.000055929323632
0.994636166481494 0.000049205504731
0.995373920235722 0.000042824274464
0.996057350657239 0.000036808061542
0.996686382800198 0.000031179459991
0.997260947684137 0.000025960002318
0.997780982301540 0.000021170074467
0.998246429624752 0.000016828824811
0.998657238612229 0.000012954136942
0.999013364214136 0.000009562075361
0.999314767377287 0.000006666683432
0.999561415049429 0.000004280566776
0.999753280182866 0.000002414054913
0.999890341737423 0.000001074850198
0.999972584682756 0.000000268998880
1.000000000000000 0.000000000000000
