1.000000000000000 0.000000000000000
0.999972584682756 0.000007651434304
0.999890341737423 0.000030599593622
0.999753280182866 0.000068816226580
0.999561415049429 0.000122270720902
0.999314767377287 0.000190905610562
0.999013364214136 0.000274661295095
0.998657238612229 0.000373451674322
0.998246429624752 0.000487179125629
0.997780982301540 0.000615744499906
0.997260947684137 0.000759018129025
0.996686382800198 0.000916869457860
0.996057350657239 0.001089147942672
0.995373920235722 0.001275693213915
0.994636166481494 0.001476330705365
0.993844170297569 0.001690886541837
0.992998018535252 0.001919159276477
0.992097803984621 0.002160949243694
0.991143625364344 0.002416044760888
0.990135587310861 0.002684227516484
0.989073800366903 0.002965259160352
0.987958380969374 0.003258914863545
0.986789451436580 0.003564941879683
0.985567139954818 0.003883102277132
0.984291580564316 0.004213136561475
0.982962913144534 0.004554796793566
0.981581283398829 0.004907819846141
0.980146842838472 0.005271942092218
0.978659748766034 0.005646904701076
0.977120164258138 0.006032445479568
0.975528258147577 0.006428304278757
0.973884205004793 0.006834219503841
0.972188185118741 0.007249942213085
0.970440384477113 0.007675210821094
0.968640994745946 0.008109782642082
0.966790213248601 0.008553417363160
0.964888242944126 0.009005878124186
0.962935292404997 0.009466941059907
0.960931575794250 0.009936383589751
0.958877312841991 0.010414002254875
0.956772728821300 0.010899601091362
0.954618054523534 0.011392992738926
0.952413526233010 0.011894011768382
0.950159385701097 0.012402495224712
0.947855880119706 0.012918304083222
0.945503262094184 0.013441315932615
0.943101789615607 0.013971422144300
0.940651726032496 0.014508532788562
0.938153340021932 0.015052577733330
0.935606905560095 0.015603507498481
0.933012701892219 0.016161298196144
0.930371013501972 0.016725940797331
0.927682130080253 0.017297453842053
0.924946346493432 0.017875880355245
0.922163962751008 0.018461288935800
0.919335283972712 0.019053778306467
0.916460620355050 0.019653463325036
0.913540287137281 0.020260498374169
0.910574604566852 0.020875059531250
0.907563897864277 0.021497360431352
0.904508497187474 0.022127641844346
0.901408737595557 0.022766176297825
0.898264959012098 0.023413268928338
0.895077506187845 0.024069262271667
0.891846728662920 0.024734526029161
0.888572980728485 0.025409475855560
0.885256621387895 0.026094551000537
0.881898014317321 0.026790241908537
0.878497527825878 0.027497067647301
0.875055534815230 0.028215596784648
0.871572412738697 0.028946433213135
0.868048543559867 0.029690211529831
0.864484313710706 0.030447599253157
0.860880114049181 0.031219309413468
0.857236339816402 0.032006146216824
0.853553390593274 0.032809005355255
0.849831670256683 0.033628724259956
0.846071586935203 0.034465347033326
0.842273552964344 0.035318469498039
0.838437984841330 0.036187649579419
0.834565303179429 0.037072311249198
0.830655932661826 0.037971804592548
0.826710301995053 0.038885422802059
0.822728843861975 0.039812419135440
0.818711994874345 0.040752036619379
0.814660195524919 0.041703459215308
0.810573890139155 0.042665824719517
0.806453526826488 0.043638212699892
0.802299557431188 0.044619658752143
0.798112437482808 0.045609157070688
0.793892626146237 0.046605657196908
0.789640586171339 0.047608080841023
0.785356783842216 0.048615305252589
0.781041688926065 0.049626135604676
0.776695774621672 0.050639317502042
0.772319517507513 0.051653540489917
0.767913397489498 0.052667464813370
0.763477897748339 0.053679808176436
0.759013504686565 0.054689348426927
0.754520707875186 0.055694825800304
0.750000000000000 0.056695034624370
0.745451876807570 0.057689333842314
0.740876837050858 0.058677432989367
0.736275382434527 0.059659033347608
0.731648017559931 0.060633840321992
0.726995249869773 0.061601494883449
0.722317589592464 0.062561601337431
0.717615549686164 0.063513769336424
0.712889645782536 0.064457619023506
0.708140396130201 0.065392774540306
0.703368321537900 0.066318883780547
0.698573945317390 0.067235597678004
0.693757793226052 0.068142563240210
0.688920393409234 0.069039434785796
0.684062276342339 0.069925849487852
0.679183974772650 0.070801460715662
0.674286023660908 0.071665915416227
0.669368960122646 0.072518876641078
0.664433323369292 0.073360023190508
0.659479654649035 0.074189053824654
0.654508497187474 0.075005656505787
0.649520396128043 0.075809534225554
0.644515898472236 0.076600414475164
0.639495553019615 0.077378033570865
0.634459910307633 0.078142144733562
0.629409522551260 0.078892492814861
0.624344943582428 0.079628844669074
0.619266728789291 0.080350977285960
0.614175435055328 0.081058670756022
0.609071620698271 0.081751721298654
0.603955845408880 0.082429922933846
0.598828670189563 0.083093048134201
0.593690657292862 0.083740819736936
0.588542370159792 0.084372966923109
0.583384373358051 0.084989226538193
0.578217232520115 0.085589346266724
0.573041514281206 0.086173279618406
0.567857786217152 0.086741149188351
0.562666616782152 0.087293091129821
0.557468575246433 0.087829244691263
0.552264231633827 0.088349796599506
0.547054156659257 0.088855294251288
0.541838921666158 0.089346478091943
0.536619098563816 0.089824103375685
0.531395259764657 0.090288935289154
0.526167978121472 0.090741725653830
0.520937826864600 0.091183117971567
0.515705379539064 0.091613715217195
0.510471209941678 0.092034127174692
0.505235892058123 0.092444964716271
0.500000000000000 0.092846879565713
0.494764107941877 0.093240733368459
0.489528790058322 0.093627458069995
0.484294620460936 0.094007989867482
0.479062173135400 0.094383263542825
0.473832021878528 0.094753956480184
0.468604740235343 0.095119480293723
0.463380901436184 0.095478866099750
0.458161078333842 0.095831148417725
0.452945843340743 0.096175371610711
0.447735768366173 0.096510485906279
0.442531424753567 0.096835006705296
0.437333383217848 0.097147346957115
0.432142213782848 0.097445937063604
0.426958485718794 0.097729230698261
0.421782767479885 0.097995730587104
0.416615626641949 0.098244075856189
0.411457629840209 0.098472950098844
0.406309342707138 0.098681059870231
0.401171329810437 0.098867141200421
0.396044154591120 0.099029934629196
0.390928379301729 0.099168161356303
0.385824564944672 0.099280562298807
0.380733271210710 0.099365907902008
0.375655056417573 0.099423011353391
0.370590477448740 0.099451620306744
0.365540089692367 0.099453014957602
0.360504446980385 0.099428610677337
0.355484101527764 0.099379809978658
0.350479603871957 0.099308002901178
0.345491502812526 0.099214593983347
0.340520345350965 0.099100998987026
0.335566676630708 0.098968618792373
0.330631039877354 0.098818836834334
0.325713976339092 0.098653009549949
0.320816025227350 0.098472416267301
0.315937723657661 0.098278294606714
0.311079606590766 0.098071862954929
0.306242206773949 0.097854320115319
0.301426054682610 0.097626937583452
0.296631678462100 0.097391144889513
0.291859603869799 0.097148363775982
0.287110354217464 0.096899983914531
0.282384450313836 0.096647172252425
0.277682410407536 0.096389368849417
0.273004750130227 0.096125146715126
0.268351982440069 0.095853122265217
0.263724617565473 0.095571956132701
0.259123162949143 0.095280157954971
0.254548123192430 0.094975994167586
0.250000000000000 0.094657774744135
0.245479292124815 0.094323881459600
0.240986495313435 0.093972786875779
0.236522102251661 0.093603099237224
0.232086602510502 0.093213505508176
0.227680482492487 0.092802758552710
0.223304225378328 0.092369682748602
0.218958311073935 0.091913189671852
0.214643216157784 0.091432267026412
0.210359413828661 0.090925959216975
0.206107373853763 0.090393331430400
0.201887562517192 0.089833322318920
0.197700442568813 0.089244870112379
0.193546473173512 0.088626987136530
0.189426109860845 0.087979092416738
0.185339804475081 0.087301823367618
0.181288005125655 0.086596071670993
0.177271156138025 0.085862739969199
0.173289698004947 0.085103099044445
0.169344067338174 0.084319036212046
0.165434696820571 0.083512451907570
0.161562015158670 0.082685191529818
0.157726447035656 0.081838961460369
0.153928413064797 0.080975358278750
0.150168329743317 0.080095957617458
0.146446609406726 0.079202212300857
0.142763660183598 0.078295373692390
0.139119885950819 0.077376650725861
0.135515686289294 0.076446987109558
0.131951456440133 0.075505936045169
0.128427587261303 0.074552631242006
0.124944465184770 0.073586310049837
0.121502472174122 0.072606432704833
0.118101985682679 0.071612604474048
0.114743378612105 0.070604510856035
0.111427019271515 0.069581843353587
0.108153271337080 0.068544313046239
0.104922493812155 0.067491718972868
0.101735040987902 0.066424057885577
0.098591262404443 0.065341509216908
0.095491502812526 0.064244258594513
0.092436102135723 0.063131847509850
0.089425395433148 0.062003527089343
0.086459712862719 0.060858524135674
0.083539379644950 0.059695640549104
0.080664716027288 0.058513645886123
0.077836037248993 0.057311091211942
0.075053653506568 0.056086127417103
0.072317869919747 0.054837266092616
0.069628986498028 0.053565942573654
0.066987298107781 0.052275152683698
0.064393094439905 0.050971175946518
0.061846659978068 0.049665579477839
0.059348273967504 0.048369472680949
0.056898210384393 0.047091912187466
0.054496737905816 0.045840807793261
0.052144119880294 0.044623646360280
0.049840614298903 0.043447106891523
0.047586473766990 0.042315691162573
0.045381945476466 0.041231928402464
0.043227271178700 0.040192082347952
0.041122687158010 0.039184232796807
0.039068424205750 0.038197694275082
0.037064707595003 0.037223932529725
0.035111757055874 0.036255508976452
0.033209786751399 0.035285450976219
0.031359005254054 0.034307458057509
0.029559615522887 0.033315507299987
0.027811814881260 0.032304056406397
0.026115794995207 0.031267615774357
0.024471741852423 0.030200689125050
0.022879835741862 0.029097227294465
0.021340251233966 0.027955659577825
0.019853157161529 0.026782396805217
0.018418716601171 0.025586194697929
0.017037086855466 0.024377205764856
0.015708419435685 0.023166002895259
0.014432860045182 0.021962797698406
0.013210548563420 0.020777229459898
0.012041619030626 0.019619126740834
0.010926199633097 0.018494157370467
0.009864412689139 0.017402028042368
0.008856374635656 0.016338761807079
0.007902196015379 0.015299894438825
0.007001981464748 0.014282798036933
0.006155829702431 0.013285394755154
0.005363833518506 0.012305947888179
0.004626079764278 0.011343099487754
0.003942649342761 0.010395674289729
0.003313617199802 0.009462796715955
0.002739052315863 0.008543686066387
0.002219017698460 0.007637618880733
0.001753570375248 0.006744085464853
0.001342761387771 0.005862601459352
0.000986635785864 0.004992744382592
0.000685232622713 0.004134130639509
0.000438584950571 0.003286458147243
0.000246719817134 0.002449411733021
0.000109658262577 0.001622846723594
0.000027415317244 0.000806483555252
0.000000000000000 0.000000000000000
0.000027415317244 -0.000796526059451
0.000109658262577 -0.001583552794873
0.000246719817134 -0.002361006446115
0.000438584950571 -0.003134520159933
0.000685232622713 -0.003909932683615
0.000986635785864 -0.004688283376231
0.001342761387771 -0.005468517653122
0.001753570375248 -0.006248890757444
0.002219017698460 -0.007027112549285
0.002739052315863 -0.007800473619717
0.003313617199802 -0.008565938963775
0.003942649342761 -0.009320058587034
0.004626079764278 -0.010058945670239
0.005363833518506 -0.010778218588123
0.006155829702431 -0.011472923071924
0.007001981464748 -0.012137355203993
0.007902196015379 -0.012765012439450
0.008856374635656 -0.013348413629551
0.009864412689139 -0.013878842236607
0.010926199633097 -0.014345152194972
0.012041619030626 -0.014735243422678
0.013210548563420 -0.015036217327002
0.014432860045182 -0.015241484559655
0.015708419435684 -0.015353605330176
0.017037086855466 -0.015376895665730
0.018418716601171 -0.015318306897945
0.019853157161528 -0.015186963825152
0.021340251233966 -0.014995702063609
0.022879835741862 -0.014763011429433
0.024471741852423 -0.014510093790013
0.026115794995207 -0.014248555562919
0.027811814881259 -0.013985189086503
0.029559615522887 -0.013717871829224
0.031359005254054 -0.013443012559567
0.033209786751399 -0.013158683755593
0.035111757055874 -0.012862548006750
0.037064707595003 -0.012551160497792
0.039068424205750 -0.012220643272325
0.041122687158009 -0.011866824350699
0.043227271178699 -0.011484632962617
0.045381945476466 -0.011067862128955
0.047586473766990 -0.010610940805051
0.049840614298903 -0.010109825239998
0.052144119880293 -0.009563852928103
0.054496737905816 -0.008978148216344
0.056898210384393 -0.008358851534012
0.059348273967504 -0.007712187701978
0.061846659978068 -0.007045274059948
0.064393094439905 -0.006366205523409
0.066987298107781 -0.005684191420805
0.069628986498028 -0.005010066985539
0.072317869919747 -0.004355132074294
0.075053653506568 -0.003723429515862
0.077836037248992 -0.003113837458497
0.080664716027288 -0.002524440876528
0.083539379644950 -0.001952178281400
0.086459712862719 -0.001393537758338
0.089425395433148 -0.000844397340673
0.092436102135723 -0.000300173658989
0.095491502812526 0.000242760792620
0.098591262404443 0.000786317825226
0.101735040987902 0.001332228668368
0.104922493812155 0.001880603803919
0.108153271337080 0.002430644186307
0.111427019271514 0.002981605202788
0.114743378612105 0.003533147740171
0.118101985682679 0.004085031979176
0.121502472174122 0.004636973059071
0.124944465184770 0.005188580590345
0.128427587261303 0.005739459058864
0.131951456440133 0.006289187516588
0.135515686289294 0.006837334516043
0.139119885950819 0.007383456739308
0.142763660183598 0.007927232300428
0.146446609406726 0.008468568692415
0.150168329743317 0.009007398960808
0.153928413064796 0.009543732954890
0.157726447035656 0.010077731751255
0.161562015158669 0.010609604174916
0.165434696820571 0.011139582321322
0.169344067338174 0.011667884790112
0.173289698004947 0.012194752100043
0.177271156138025 0.012720449751481
0.181288005125655 0.013245284386647
0.185339804475081 0.013769605656825
0.189426109860845 0.014293793865552
0.193546473173511 0.014818000096427
0.197700442568812 0.015341679057760
0.201887562517192 0.015864150541501
0.206107373853763 0.016384707599994
0.210359413828660 0.016902616723910
0.214643216157784 0.017417113629083
0.218958311073935 0.017927412232879
0.223304225378328 0.018432704171485
0.227680482492486 0.018932151721607
0.232086602510501 0.019424894415363
0.236522102251661 0.019910045172593
0.240986495313435 0.020386707957729
0.245479292124814 0.020854003726773
0.250000000000000 0.021311042796224
0.254548123192429 0.021756922567439
0.259123162949142 0.022190693332677
0.263724617565473 0.022611246991890
0.268351982440069 0.023017417701750
0.273004750130227 0.023408011992709
0.277682410407536 0.023781913913237
0.282384450313836 0.024138606082074
0.287110354217464 0.024477841598795
0.291859603869799 0.024799376553241
0.296631678462100 0.025103009694254
0.301426054682609 0.025389061145576
0.306242206773948 0.025658282259817
0.311079606590766 0.025911469839079
0.315937723657661 0.026149450717168
0.320816025227350 0.026373015672777
0.325713976339092 0.026582846261060
0.330631039877354 0.026779634232398
0.335566676630708 0.026964093644745
0.340520345350965 0.027136973837583
0.345491502812526 0.027299127833283
0.350479603871956 0.027451475540026
0.355484101527764 0.027594960794902
0.360504446980385 0.027730552057748
0.365540089692367 0.027859147099552
0.370590477448739 0.027981458579798
0.375655056417572 0.028098186114859
0.380733271210709 0.028210043711356
0.385824564944672 0.028317724171566
0.390928379301728 0.028421227943990
0.396044154591120 0.028519930744070
0.401171329810437 0.028613180768900
0.406309342707137 0.028700319424771
0.411457629840208 0.028780701501630
0.416615626641949 0.028853799283913
0.421782767479884 0.028919134280147
0.426958485718794 0.028976227094984
0.432142213782848 0.029024597208327
0.437333383217848 0.029063737184607
0.442531424753567 0.029093040178850
0.447735768366173 0.029111877380433
0.452945843340743 0.029119620096363
0.458161078333842 0.029115641089976
0.463380901436184 0.029099447708281
0.468604740235343 0.029070835525089
0.473832021878528 0.029029641325308
0.479062173135400 0.028975706633886
0.484294620460935 0.028908883799924
0.489528790058321 0.028829338639086
0.494764107941877 0.028737679920400
0.500000000000000 0.028634556009328
0.505235892058122 0.028520620753448
0.510471209941678 0.028396528017388
0.515705379539064 0.028262858527724
0.520937826864600 0.028120119305649
0.526167978121472 0.027968816484163
0.531395259764656 0.027809460397120
0.536619098563816 0.027642569035417
0.541838921666157 0.027468728928820
0.547054156659257 0.027288572425736
0.552264231633827 0.027102732006579
0.557468575246433 0.026911838853058
0.562666616782152 0.026716474195686
0.567857786217152 0.026516920414072
0.573041514281206 0.026313348000099
0.578217232520115 0.026105926515509
0.583384373358051 0.025894827175462
0.588542370159791 0.025680163318699
0.593690657292862 0.025461871073437
0.598828670189563 0.025239858595576
0.603955845408879 0.025014036000209
0.609071620698271 0.024784317327685
0.614175435055328 0.024550652935438
0.619266728789290 0.024313038851208
0.624344943582427 0.024071475891503
0.629409522551260 0.023825968967610
0.634459910307633 0.023576518085902
0.639495553019614 0.023323080059569
0.644515898472235 0.023065593062985
0.649520396128043 0.022803998670145
0.654508497187474 0.022538242846560
0.659479654649035 0.022268375624731
0.664433323369291 0.021994646142251
0.669368960122646 0.021717321702987
0.674286023660907 0.021436671833406
0.679183974772650 0.021152978998269
0.684062276342339 0.020866658933627
0.688920393409233 0.020578180181122
0.693757793226051 0.020287998780396
0.698573945317390 0.019996566895627
0.703368321537900 0.019704300152229
0.708140396130200 0.019411587640599
0.712889645782536 0.019118804869769
0.717615549686163 0.018826322247635
0.722317589592464 0.018534499169043
0.726995249869773 0.018243687664313
0.731648017559930 0.017954231884050
0.736275382434527 0.017666464733800
0.740876837050857 0.017380720795322
0.745451876807570 0.017097347119417
0.750000000000000 0.016816683767851
0.754520707875185 0.016539054809411
0.759013504686565 0.016264669348809
0.763477897748338 0.015993530828103
0.767913397489498 0.015725623835240
0.772319517507513 0.015460929222188
0.776695774621672 0.015199390835394
0.781041688926065 0.014940911068026
0.785356783842216 0.014685393061312
0.789640586171339 0.014432744953065
0.793892626146236 0.014182891887174
0.798112437482808 0.013935770223766
0.802299557431187 0.013691317659467
0.806453526826488 0.013449474579066
0.810573890139155 0.013210178039965
0.814660195524918 0.012973372054175
0.818711994874345 0.012739000761944
0.822728843861975 0.012507010619659
0.826710301995052 0.012277356462570
0.830655932661826 0.012049991265869
0.834565303179429 0.011824875943308
0.838437984841330 0.011601971136838
0.842273552964344 0.011381246648291
0.846071586935203 0.011162665593282
0.849831670256683 0.010946193211286
0.853553390593274 0.010731793757681
0.857236339816401 0.010519395374245
0.860880114049181 0.010308836823894
0.864484313710706 0.010099959304974
0.868048543559867 0.009892613721289
0.871572412738697 0.009686674659171
0.875055534815230 0.009482025058611
0.878497527825878 0.009278559578090
0.881898014317321 0.009076183425338
0.885256621387894 0.008874812698301
0.888572980728485 0.008674377332882
0.891846728662920 0.008474813412528
0.895077506187845 0.008276073793171
0.898264959012098 0.008078118064577
0.901408737595557 0.007880916069266
0.904508497187474 0.007684448733459
0.907563897864277 0.007488706525937
0.910574604566852 0.007293688050915
0.913540287137281 0.007099402362124
0.916460620355049 0.006905868201092
0.919335283972712 0.006713109970405
0.922163962751007 0.006521162095622
0.924946346493432 0.006330067034308
0.927682130080253 0.006139875420645
0.930371013501972 0.005950643714846
0.933012701892219 0.005762434599672
0.935606905560095 0.005575319628627
0.938153340021932 0.005389374717693
0.940651726032496 0.005204683993764
0.943101789615607 0.005021333460996
0.945503262094184 0.004839417102709
0.947855880119706 0.004659032970049
0.950159385701097 0.004480284793472
0.952413526233010 0.004303276771361
0.954618054523534 0.004128121199963
0.956772728821300 0.003954931540754
0.958877312841991 0.003783823646019
0.960931575794250 0.003614919302920
0.962935292404997 0.003448337347602
0.964888242944126 0.003284204867164
0.966790213248601 0.003122644427193
0.968640994745946 0.002963785041787
0.970440384477113 0.002807752330089
0.972188185118740 0.002654676312967
0.973884205004793 0.002504684377315
0.975528258147577 0.002357907644033
0.977120164258138 0.002214469899709
0.978659748766034 0.002074500321451
0.980146842838471 0.001938125766544
0.981581283398829 0.001805471197885
0.982962913144534 0.001676658982452
0.984291580564316 0.001551810742437
0.985567139954818 0.001431045056072
0.986789451436580 0.001314479642353
0.987958380969374 0.001202225243455
0.989073800366903 0.001094394789419
0.990135587310861 0.000991094775408
0.991143625364344 0.000892428917246
0.992097803984621 0.000798497535800
0.992998018535252 0.000709395499023
0.993844170297569 0.000625213517717
0.994636166481494 0.000546038438319
0.995373920235722 0.000471954496655
0.996057350657239 0.000403040192017
0.996686382800198 0.000339363153874
0.997260947684137 0.000280993314829
0.997780982301540 0.000227992996426
0.998246429624752 0.000180418478305
0.998657238612229 0.000138317851838
0.999013364214136 0.000101739870692
0.999314767377287 0.000070722505904
0.999561415049429 0.000045300388778
0.999753280182866 0.000025497145980
0.999890341737423 0.000011336952593
0.999972584682756 0.000002834919794
1.000000000000000 0.000000000000000
