1.000000000000000 0.000000000000000
0.999972584682756 0.000008328327243
0.999890341737423 0.000033297049924
0.999753280182866 0.000074873285105
0.999561415049429 0.000132986505671
0.999314767377287 0.000207544602518
0.999013364214136 0.000298444625942
0.998657238612229 0.000405536312129
0.998246429624752 0.000528664535233
0.997780982301540 0.000667633118073
0.997260947684137 0.000822236759435
0.996686382800198 0.000992245939025
0.996057350657239 0.001177397398029
0.995373920235722 0.001377425809313
0.994636166481494 0.001592028649016
0.993844170297569 0.001820902853449
0.992998018535252 0.002063705208909
0.992097803984621 0.002320098830272
0.991143625364344 0.002589718957504
0.990135587310861 0.002872189227713
0.989073800366903 0.003167122792317
0.987958380969374 0.003474118673931
0.986789451436580 0.003792763201485
0.985567139954818 0.004122650380237
0.984291580564316 0.004463340472879
0.982962913144534 0.004814418248041
0.981581283398829 0.005175442651071
0.980146842838472 0.005545981127453
0.978659748766034 0.005925601660549
0.977120164258138 0.006313861055928
0.975528258147577 0.006710337849542
0.973884205004793 0.007114602603740
0.972188185118741 0.007526237435232
0.970440384477113 0.007944833118839
0.968640994745946 0.008369986594875
0.966790213248601 0.008801307099860
0.964888242944126 0.009238421783535
0.962935292404997 0.009680969290190
0.960931575794250 0.010128609556144
0.958877312841991 0.010581021362515
0.956772728821300 0.011037892696815
0.954618054523534 0.011498953314262
0.952413526233010 0.011963941876422
0.950159385701097 0.012432626816557
0.947855880119706 0.012904811733515
0.945503262094184 0.013380318449993
0.943101789615607 0.013859010911464
0.940651726032496 0.014340775024799
0.938153340021932 0.014825541922018
0.935606905560095 0.015313271781464
0.933012701892219 0.015803966268902
0.930371013501972 0.016297663011774
0.927682130080253 0.016794447517525
0.924946346493432 0.017294441371576
0.922163962751008 0.017797814543576
0.919335283972712 0.018304785926891
0.916460620355050 0.018815614005592
0.913540287137281 0.019330612291926
0.910574604566852 0.019850146801978
0.907563897864277 0.020374643728457
0.904508497187474 0.020904570969621
0.901408737595557 0.021440431175401
0.898264959012098 0.021982789379304
0.895077506187845 0.022532342788144
0.891846728662920 0.023089913166440
0.888572980728485 0.023656169407218
0.885256621387895 0.024231277940688
0.881898014317321 0.024815307099636
0.878497527825878 0.025408164253975
0.875055534815230 0.026009566752128
0.871572412738697 0.026619210530685
0.868048543559867 0.027236824612741
0.864484313710706 0.027862146462189
0.860880114049181 0.028494899428604
0.857236339816402 0.029134770146645
0.853553390593274 0.029781423566376
0.849831670256683 0.030434508730175
0.846071586935203 0.031093659142093
0.842273552964344 0.031758496203520
0.838437984841330 0.032428621090602
0.834565303179429 0.033103609186595
0.830655932661826 0.033783021006157
0.826710301995053 0.034466403636201
0.822728843861975 0.035153280187540
0.818711994874345 0.035843173275717
0.814660195524919 0.036535579799999
0.810573890139155 0.037229964591400
0.806453526826488 0.037925761520998
0.802299557431188 0.038622379051821
0.798112437482808 0.039319223699546
0.793892626146237 0.040015780062991
0.789640586171339 0.040711543117102
0.785356783842216 0.041406007897117
0.781041688926065 0.042098796169636
0.776695774621672 0.042789771531683
0.772319517507513 0.043478816288436
0.767913397489498 0.044165822351971
0.763477897748339 0.044850656729195
0.759013504686565 0.045533161725801
0.754520707875186 0.046213185676346
0.750000000000000 0.046890579153311
0.745451876807570 0.047565211342323
0.740876837050858 0.048236949746796
0.736275382434527 0.048905679631509
0.731648017559931 0.049571279807559
0.726995249869773 0.050233631105793
0.722317589592464 0.050892622700562
0.717615549686164 0.051548145515044
0.712889645782536 0.052200092442693
0.708140396130201 0.052848364304471
0.703368321537900 0.053492864505284
0.698573945317390 0.054133500919633
0.693757793226052 0.054770190506093
0.688920393409234 0.055402844461403
0.684062276342339 0.056031375014270
0.679183974772650 0.056655705400105
0.674286023660908 0.057275753737364
0.669368960122646 0.057891446808494
0.664433323369292 0.058502717207219
0.659479654649035 0.059109494793382
0.654508497187474 0.059711717993515
0.649520396128043 0.060309327063652
0.644515898472236 0.060902268407707
0.639495553019615 0.061490490210035
0.634459910307633 0.062073942518907
0.629409522551260 0.062652583491321
0.624344943582428 0.063226373452818
0.619266728789291 0.063795278071717
0.614175435055328 0.064359267114957
0.609071620698271 0.064918310124687
0.603955845408880 0.065472388173800
0.598828670189563 0.066021474204936
0.593690657292862 0.066565545339043
0.588542370159792 0.067104575947643
0.583384373358051 0.067638547588589
0.578217232520115 0.068167443131778
0.573041514281206 0.068691248481014
0.567857786217152 0.069209945407966
0.562666616782152 0.069723523298238
0.557468575246433 0.070231971919529
0.552264231633827 0.070735281936031
0.547054156659257 0.071233442032339
0.541838921666158 0.071726435679032
0.536619098563816 0.072214249912721
0.531395259764657 0.072696873675898
0.526167978121472 0.073174311017641
0.520937826864600 0.073646602540800
0.515705379539064 0.074113804869513
0.510471209941678 0.074575982016842
0.505235892058123 0.075033190997941
0.500000000000000 0.075485437728351
0.494764107941877 0.075932528874610
0.489528790058322 0.076374233174697
0.484294620460936 0.076810319989648
0.479062173135400 0.077240563279460
0.473832021878528 0.077664684733975
0.468604740235343 0.078082261600315
0.463380901436184 0.078492858512096
0.458161078333842 0.078896043095148
0.452945843340743 0.079291386706811
0.447735768366173 0.079678476906886
0.442531424753567 0.080056922869290
0.437333383217848 0.080426340289426
0.432142213782848 0.080786351195386
0.426958485718794 0.081136588694042
0.421782767479885 0.081476726079248
0.416615626641949 0.081806490470560
0.411457629840209 0.082125623827752
0.406309342707138 0.082433874016519
0.401171329810437 0.082730982212041
0.396044154591120 0.083016423131747
0.390928379301729 0.083289406050238
0.385824564944672 0.083549145837988
0.380733271210710 0.083794875512857
0.375655056417573 0.084025829138647
0.370590477448740 0.084241081942120
0.365540089692367 0.084439625141135
0.360504446980385 0.084620476929279
0.355484101527764 0.084782682432909
0.350479603871957 0.084925330812313
0.345491502812526 0.085047614861199
0.340520345350965 0.085148772598282
0.335566676630708 0.085228070549130
0.330631039877354 0.085284801426094
0.325713976339092 0.085318210614485
0.320816025227350 0.085327453444760
0.315937723657661 0.085311707468859
0.311079606590766 0.085270183744919
0.306242206773949 0.085202189036383
0.301426054682610 0.085107561295664
0.296631678462100 0.084986402578217
0.291859603869799 0.084838829059081
0.287110354217464 0.084664978838474
0.282384450313836 0.084465502816546
0.277682410407536 0.084241852332129
0.273004750130227 0.083995528872871
0.268351982440069 0.083728007540163
0.263724617565473 0.083440696890532
0.259123162949143 0.083134818994895
0.254548123192430 0.082811528959246
0.250000000000000 0.082471965572827
0.245479292124815 0.082117249097185
0.240986495313435 0.081748516769262
0.236522102251661 0.081366899572467
0.232086602510502 0.080973505973342
0.227680482492487 0.080569418728180
0.223304225378328 0.080155702441468
0.218958311073935 0.079733394827150
0.214643216157784 0.079303509970624
0.210359413828661 0.078867028426637
0.206107373853763 0.078424842828870
0.201887562517192 0.077977780844665
0.197700442568813 0.077526650326037
0.193546473173512 0.077071824267839
0.189426109860845 0.076611287922989
0.185339804475081 0.076142269197979
0.181288005125655 0.075662141883784
0.177271156138025 0.075168476021961
0.173289698004947 0.074659113308618
0.169344067338174 0.074132049102781
0.165434696820571 0.073585382662717
0.161562015158670 0.073017059498953
0.157726447035656 0.072424920235980
0.153928413064797 0.071806933209349
0.150168329743317 0.071161766019255
0.146446609406726 0.070489805803174
0.142763660183598 0.069791771943024
0.139119885950819 0.069068554713357
0.135515686289294 0.068322441460438
0.131951456440133 0.067556305570427
0.128427587261303 0.066772921663024
0.124944465184770 0.065974737646342
0.121502472174122 0.065163923991318
0.118101985682679 0.064342580204833
0.114743378612105 0.063512693721319
0.111427019271515 0.062676139929298
0.108153271337080 0.061834743452214
0.104922493812155 0.060990581419478
0.101735040987902 0.060145951007776
0.098591262404443 0.059302770873540
0.095491502812526 0.058459210468256
0.092436102135723 0.057611028277942
0.089425395433148 0.056754162304850
0.086459712862719 0.055884156790088
0.083539379644950 0.054996636568841
0.080664716027288 0.054087417376282
0.077836037248993 0.053152241082369
0.075053653506568 0.052187245771746
0.072317869919747 0.051191445950109
0.069628986498028 0.050166018468793
0.066987298107781 0.049112863362894
0.064393094439905 0.048035734036172
0.061846659978068 0.046938552033511
0.059348273967504 0.045824770922717
0.056898210384393 0.044697597015538
0.054496737905816 0.043560325531222
0.052144119880294 0.042416344967299
0.049840614298903 0.041268660088203
0.047586473766990 0.040119728554945
0.045381945476466 0.038971494862325
0.043227271178700 0.037824847490364
0.041122687158010 0.036680591279360
0.039068424205750 0.035539571239846
0.037064707595003 0.034402642472395
0.035111757055874 0.033270550408865
0.033209786751399 0.032144032307214
0.031359005254054 0.031023810327447
0.029559615522887 0.029910536572338
0.027811814881260 0.028804804703832
0.026115794995207 0.027707438554516
0.024471741852423 0.026619192558374
0.022879835741862 0.025538843610606
0.021340251233966 0.024464570559480
0.019853157161529 0.023395044813473
0.018418716601171 0.022330378927595
0.017037086855466 0.021272061918619
0.015708419435685 0.020222595752748
0.014432860045182 0.019185273914622
0.013210548563420 0.018163871674447
0.012041619030626 0.017161917503976
0.010926199633097 0.016180771315556
0.009864412689139 0.015218841223296
0.008856374635656 0.014274901136367
0.007902196015379 0.013348286304036
0.007001981464748 0.012438391682793
0.006155829702431 0.011544843615649
0.005363833518506 0.010667310319890
0.004626079764278 0.009805537897302
0.003942649342761 0.008959408897878
0.003313617199802 0.008128782236266
0.002739052315863 0.007313521404930
0.002219017698460 0.006513638641347
0.001753570375248 0.005729019229825
0.001342761387771 0.004959628153522
0.000986635785864 0.004205479715376
0.000685232622713 0.003466544136436
0.000438584950571 0.002742829341424
0.000246719817134 0.002034284810707
0.000109658262577 0.001340976272229
0.000027415317244 0.000662800762556
0.000000000000000 0.000000000000000
0.000027415317244 -0.000647510749126
0.000109658262577 -0.001279978662002
0.000246719817134 -0.001897031771380
0.000438584950571 -0.002499540937624
0.000685232622713 -0.003093002389603
0.000986635785864 -0.003681917274759
0.001342761387771 -0.004267608564639
0.001753570375248 -0.004850260498636
0.002219017698460 -0.005429503852215
0.002739052315863 -0.006004583238474
0.003313617199802 -0.006574536671332
0.003942649342761 -0.007138237849569
0.004626079764278 -0.007694234376524
0.005363833518506 -0.008240928836262
0.006155829702431 -0.008776402461167
0.007001981464748 -0.009298405728572
0.007902196015379 -0.009804345079783
0.008856374635656 -0.010290955476995
0.009864412689139 -0.010754459653615
0.010926199633097 -0.011190228105217
0.012041619030626 -0.011592009012800
0.013210548563420 -0.011951779382676
0.014432860045182 -0.012263833240797
0.015708419435684 -0.012524747099529
0.017037086855466 -0.012734054203513
0.018418716601171 -0.012893582623586
0.019853157161528 -0.013008135491527
0.021340251233966 -0.013085267486059
0.022879835741862 -0.013135961388113
0.024471741852423 -0.013175710447154
0.026115794995207 -0.013221913403815
0.027811814881259 -0.013280211668057
0.029559615522887 -0.013351133036031
0.031359005254054 -0.013432888345087
0.033209786751399 -0.013523176745295
0.035111757055874 -0.013619835299520
0.037064707595003 -0.013720236409866
0.039068424205750 -0.013821174626830
0.041122687158009 -0.013919052376041
0.043227271178699 -0.014009861545731
0.045381945476466 -0.014088763388209
0.047586473766990 -0.014150120935633
0.049840614298903 -0.014188724538933
0.052144119880293 -0.014199929405382
0.054496737905816 -0.014182197420630
0.056898210384393 -0.014137503182777
0.059348273967504 -0.014068028241472
0.061846659978068 -0.013975894999635
0.064393094439905 -0.013863642936807
0.066987298107781 -0.013734331512992
0.069628986498028 -0.013591597555839
0.072317869919747 -0.013439976472485
0.075053653506568 -0.013284285536149
0.077836037248992 -0.013126701226315
0.080664716027288 -0.012967947488817
0.083539379644950 -0.012808226172029
0.086459712862719 -0.012646978118021
0.089425395433148 -0.012483576444982
0.092436102135723 -0.012317527432330
0.095491502812526 -0.012148349901637
0.098591262404443 -0.011975603536301
0.101735040987902 -0.011798913511690
0.104922493812155 -0.011617932069524
0.108153271337080 -0.011432643144319
0.111427019271514 -0.011243171015627
0.114743378612105 -0.011049632523412
0.118101985682679 -0.010852091216049
0.121502472174122 -0.010650609472599
0.124944465184770 -0.010445264890159
0.128427587261303 -0.010236162158590
0.131951456440133 -0.010023413122142
0.135515686289294 -0.009807138436198
0.139119885950819 -0.009587469682913
0.142763660183598 -0.009364543315825
0.146446609406726 -0.009138504784860
0.150168329743317 -0.008909501332648
0.153928413064796 -0.008677688920106
0.157726447035656 -0.008443225653987
0.161562015158669 -0.008206260282618
0.165434696820571 -0.007966950604963
0.169344067338174 -0.007725462899682
0.173289698004947 -0.007481972922787
0.177271156138025 -0.007236664729525
0.181288005125655 -0.006989732203850
0.185339804475081 -0.006741381762819
0.189426109860845 -0.006491830073203
0.193546473173511 -0.006241301921083
0.197700442568812 -0.005990014179879
0.201887562517192 -0.005738170575687
0.206107373853763 -0.005485973836627
0.210359413828660 -0.005233635241070
0.214643216157784 -0.004981355144990
0.218958311073935 -0.004729329795676
0.223304225378328 -0.004477760266203
0.227680482492486 -0.004226854736728
0.232086602510501 -0.003976830360069
0.236522102251661 -0.003727910031960
0.240986495313435 -0.003480322458664
0.245479292124814 -0.003234298571724
0.250000000000000 -0.002990075897398
0.254548123192429 -0.002747894280065
0.259123162949142 -0.002507999819540
0.263724617565473 -0.002270641070454
0.268351982440069 -0.002036071992355
0.273004750130227 -0.001804552340637
0.277682410407536 -0.001576342052624
0.282384450313836 -0.001351709129672
0.287110354217464 -0.001130922204788
0.291859603869799 -0.000914253278930
0.296631678462100 -0.000701979192450
0.301426054682609 -0.000494343831571
0.306242206773948 -0.000291438844453
0.311079606590766 -0.000093307073724
0.315937723657661 0.000100009150844
0.320816025227350 0.000288473836161
0.325713976339092 0.000472050135779
0.330631039877354 0.000650706352473
0.335566676630708 0.000824411473226
0.340520345350965 0.000993139246850
0.345491502812526 0.001156868634387
0.350479603871956 0.001315588668643
0.355484101527764 0.001469290841726
0.360504446980385 0.001617970753790
0.365540089692367 0.001761625872305
0.370590477448739 0.001900239184169
0.375655056417572 0.002033783895582
0.380733271210709 0.002162236358667
0.385824564944672 0.002285575718083
0.390928379301728 0.002403815068677
0.396044154591120 0.002517080333740
0.401171329810437 0.002625525019956
0.406309342707137 0.002729307640867
0.411457629840208 0.002828592358993
0.416615626641949 0.002923594278441
0.421782767479884 0.003014602629424
0.426958485718794 0.003101916101721
0.432142213782848 0.003185839310937
0.437333383217848 0.003266678906264
0.442531424753567 0.003344720457493
0.447735768366173 0.003420232789137
0.452945843340743 0.003493488027109
0.458161078333842 0.003564760574154
0.463380901436184 0.003634335525294
0.468604740235343 0.003702556052929
0.473832021878528 0.003769791922635
0.479062173135400 0.003836414791757
0.484294620460935 0.003902797514299
0.489528790058321 0.003969244955669
0.494764107941877 0.004035773570444
0.500000000000000 0.004102325524178
0.505235892058122 0.004168842792767
0.510471209941678 0.004235267216770
0.515705379539064 0.004301468714966
0.520937826864600 0.004367136932232
0.526167978121472 0.004431934993315
0.531395259764656 0.004495527643663
0.536619098563816 0.004557581257515
0.541838921666157 0.004617794214498
0.547054156659257 0.004675912126304
0.552264231633827 0.004731686446192
0.557468575246433 0.004784871679451
0.562666616782152 0.004835222115784
0.567857786217152 0.004882457580908
0.573041514281206 0.004926267514303
0.578217232520115 0.004966345233472
0.583384373358051 0.005002387855259
0.588542370159791 0.005034127149211
0.593690657292862 0.005061507879142
0.598828670189563 0.005084568633239
0.603955845408879 0.005103349844754
0.609071620698271 0.005117893673301
0.614175435055328 0.005128286379828
0.619266728789290 0.005134732024094
0.624344943582427 0.005137453429831
0.629409522551260 0.005136672040811
0.634459910307633 0.005132606608700
0.639495553019614 0.005125452585147
0.644515898472235 0.005115383491362
0.649520396128043 0.005102570722243
0.654508497187474 0.005087183909773
0.659479654649035 0.005069393630766
0.664433323369291 0.005049378389681
0.669368960122646 0.005027316839499
0.674286023660907 0.005003385246006
0.679183974772650 0.004977756382868
0.684062276342339 0.004950591774804
0.688920393409233 0.004922043063136
0.693757793226051 0.004892258849825
0.698573945317390 0.004861385191004
0.703368321537900 0.004829550377810
0.708140396130200 0.004796854161112
0.712889645782536 0.004763391636566
0.717615549686163 0.004729256296883
0.722317589592464 0.004694540522537
0.726995249869773 0.004659338205700
0.731648017559930 0.004623741733174
0.736275382434527 0.004587841255539
0.740876837050857 0.004551724722788
0.745451876807570 0.004515478269153
0.750000000000000 0.004479185800111
0.754520707875185 0.004442928766118
0.759013504686565 0.004406783687517
0.763477897748338 0.004370817834946
0.767913397489498 0.004335094996960
0.772319517507513 0.004299676689782
0.776695774621672 0.004264635535016
0.781041688926065 0.004230064877654
0.785356783842216 0.004196057273969
0.789640586171339 0.004162689999665
0.793892626146236 0.004129879087310
0.798112437482808 0.004097422848211
0.802299557431187 0.004065125331596
0.806453526826488 0.004032782533332
0.810573890139155 0.004000141520305
0.814660195524918 0.003966949222248
0.818711994874345 0.003932967422855
0.822728843861975 0.003897983530535
0.826710301995052 0.003861807318148
0.830655932661826 0.003824260916145
0.834565303179429 0.003785176702616
0.838437984841330 0.003744395406115
0.842273552964344 0.003701770643053
0.846071586935203 0.003657167814804
0.849831670256683 0.003610467271227
0.853553390593274 0.003561561209232
0.857236339816401 0.003510352716696
0.860880114049181 0.003456755757880
0.864484313710706 0.003400695310128
0.868048543559867 0.003342110533927
0.871572412738697 0.003280956225568
0.875055534815230 0.003217199465697
0.878497527825878 0.003150807164204
0.881898014317321 0.003081740024635
0.885256621387894 0.003009972313216
0.888572980728485 0.002935551748570
0.891846728662920 0.002858585904946
0.895077506187845 0.002779228394876
0.898264959012098 0.002697849705516
0.901408737595557 0.002614869842332
0.904508497187474 0.002530664206688
0.907563897864277 0.002445559167390
0.910574604566852 0.002359862150846
0.913540287137281 0.002273869916706
0.916460620355049 0.002187862796026
0.919335283972712 0.002102100603358
0.922163962751007 0.002016823732422
0.924946346493432 0.001932254597497
0.927682130080253 0.001848598103181
0.930371013501972 0.001766044007717
0.933012701892219 0.001684764662920
0.935606905560095 0.001604917074226
0.938153340021932 0.001526642255100
0.940651726032496 0.001450067057638
0.943101789615607 0.001375304015088
0.945503262094184 0.001302452642149
0.947855880119706 0.001231598221082
0.950159385701097 0.001162814449869
0.952413526233010 0.001096162390456
0.954618054523534 0.001031692245433
0.956772728821300 0.000969442945539
0.958877312841991 0.000909443554435
0.960931575794250 0.000851713354102
0.962935292404997 0.000796262392320
0.964888242944126 0.000743092102940
0.966790213248601 0.000692195974517
0.968640994745946 0.000643560245419
0.970440384477113 0.000597163460976
0.972188185118740 0.000552979364743
0.973884205004793 0.000510974641871
0.975528258147577 0.000471111515345
0.977120164258138 0.000433346555438
0.978659748766034 0.000397632887467
0.980146842838471 0.000363920388203
0.981581283398829 0.000332154220904
0.982962913144534 0.000302278123894
0.984291580564316 0.000274233779804
0.985567139954818 0.000247960225970
0.986789451436580 0.000223396010425
0.987958380969374 0.000200478477859
0.989073800366903 0.000179144592580
0.990135587310861 0.000159331498845
0.991143625364344 0.000140976324732
0.992097803984621 0.000124017848911
0.992998018535252 0.000108395342837
0.993844170297569 0.000094049645539
0.994636166481494 0.000080923765099
0.995373920235722 0.000068962445644
0.996057350657239 0.000058113620050
0.996686382800198 0.000048327294694
0.997260947684137 0.000039556558033
0.997780982301540 0.000031758030495
0.998246429624752 0.000024891704543
0.998657238612229 0.000018921256025
0.999013364214136 0.000013813843035
0.999314767377287 0.000009541514828
0.999561415049429 0.000006079445022
0.999753280182866 0.000003407974741
0.999890341737423 0.000001510858104
0.999972584682756 0.000000377137325
1.000000000000000 0.000000000000000
