1.000000000000000 0.000000000000000
0.999972584682756 0.000005272689085
0.999890341737423 0.000021092717723
0.999753280182866 0.000047465957343
0.999561415049429 0.000084395297050
0.999314767377287 0.000131897706091
0.999013364214136 0.000189980152152
0.998657238612229 0.000258656607142
0.998246429624752 0.000337951348316
0.997780982301540 0.000427878177700
0.997260947684137 0.000528464266306
0.996686382800198 0.000639729297215
0.996057350657239 0.000761698967493
0.995373920235722 0.000894397820341
0.994636166481494 0.001037859310951
0.993844170297569 0.001192104728650
0.992998018535252 0.001357167059483
0.992097803984621 0.001533073302936
0.991143625364344 0.001719847508794
0.990135587310861 0.001917520805805
0.989073800366903 0.002126113538963
0.987958380969374 0.002345652238280
0.986789451436580 0.002576155163057
0.985567139954818 0.002817638773800
0.984291580564316 0.003070120737992
0.982962913144534 0.003333605309519
0.981581283398829 0.003608103894418
0.980146842838472 0.003893609782185
0.978659748766034 0.004190122271103
0.977120164258138 0.004497621283641
0.975528258147577 0.004816095106583
0.973884205004793 0.005145511359604
0.972188185118741 0.005485834094263
0.970440384477113 0.005837019591949
0.968640994745946 0.006199012123616
0.966790213248601 0.006571739675741
0.964888242944126 0.006955131154007
0.962935292404997 0.007349094226673
0.960931575794250 0.007753525351361
0.958877312841991 0.008168312669210
0.956772728821300 0.008593324536673
0.954618054523534 0.009028412402571
0.952413526233010 0.009473417281306
0.950159385701097 0.009928161871884
0.947855880119706 0.010392449859579
0.945503262094184 0.010866075959656
0.943101789615607 0.011348800169022
0.940651726032496 0.011840379290035
0.938153340021932 0.012340537661393
0.935606905560095 0.012848991455334
0.933012701892219 0.013365423089660
0.930371013501972 0.013889498456076
0.927682130080253 0.014420862702588
0.924946346493432 0.014959136064220
0.922163962751008 0.015503916507136
0.919335283972712 0.016054776066916
0.916460620355050 0.016611260981287
0.913540287137281 0.017172897667490
0.910574604566852 0.017739179116367
0.907563897864277 0.018309571427705
0.904508497187474 0.018883523553645
0.901408737595557 0.019460460451627
0.898264959012098 0.020039786430223
0.895077506187845 0.020620832859463
0.891846728662920 0.021202877515288
0.888572980728485 0.021785335950230
0.885256621387895 0.022367975344909
0.881898014317321 0.022950632333404
0.878497527825878 0.023533218646768
0.875055534815230 0.024115721568012
0.871572412738697 0.024698142822682
0.868048543559867 0.025280495518183
0.864484313710706 0.025862790246818
0.860880114049181 0.026445074228711
0.857236339816402 0.027027413097459
0.853553390593274 0.027609898820234
0.849831670256683 0.028192639362238
0.846071586935203 0.028775774446111
0.842273552964344 0.029359449122929
0.838437984841330 0.029943848483814
0.834565303179429 0.030529170425997
0.830655932661826 0.031115645554014
0.826710301995053 0.031703524341332
0.822728843861975 0.032293068890064
0.818711994874345 0.032884564849332
0.814660195524919 0.033478313816333
0.810573890139155 0.034074670927906
0.806453526826488 0.034674049938885
0.802299557431188 0.035276887663058
0.798112437482808 0.035883611796725
0.793892626146237 0.036494521096973
0.789640586171339 0.037109878578822
0.785356783842216 0.037729962005011
0.781041688926065 0.038354827302684
0.776695774621672 0.038984215808672
0.772319517507513 0.039617842811341
0.767913397489498 0.040255419789497
0.763477897748339 0.040896699243419
0.759013504686565 0.041541460797533
0.754520707875186 0.042189476783275
0.750000000000000 0.042840517253271
0.745451876807570 0.043494322405350
0.740876837050858 0.044150626864038
0.736275382434527 0.044809159747959
0.731648017559931 0.045469645006065
0.726995249869773 0.046131794785554
0.722317589592464 0.046795326775415
0.717615549686164 0.047459946107490
0.712889645782536 0.048125357098932
0.708140396130201 0.048791266314225
0.703368321537900 0.049457380115626
0.698573945317390 0.050123403562253
0.693757793226052 0.050789030193077
0.688920393409234 0.051453872379851
0.684062276342339 0.052117484237003
0.679183974772650 0.052779404868591
0.674286023660908 0.053439172124432
0.669368960122646 0.054096306814525
0.664433323369292 0.054750299474065
0.659479654649035 0.055400640127828
0.654508497187474 0.056046804054617
0.649520396128043 0.056688270423658
0.644515898472236 0.057324522289116
0.639495553019615 0.057955040906189
0.634459910307633 0.058579308802597
0.629409522551260 0.059196800987869
0.624344943582428 0.059806980637865
0.619266728789291 0.060409280593192
0.614175435055328 0.061003131491577
0.609071620698271 0.061587962350061
0.603955845408880 0.062163208567272
0.598828670189563 0.062728396823746
0.593690657292862 0.063283120185253
0.588542370159792 0.063826972707711
0.583384373358051 0.064359550346079
0.578217232520115 0.064880480861740
0.573041514281206 0.065389536164618
0.567857786217152 0.065886532841173
0.562666616782152 0.066371293281669
0.557468575246433 0.066843647127378
0.552264231633827 0.067303418286495
0.547054156659257 0.067750412989176
0.541838921666158 0.068184442388655
0.536619098563816 0.068605317702654
0.531395259764657 0.069012858819940
0.526167978121472 0.069406884856257
0.520937826864600 0.069787205781509
0.515705379539064 0.070153638972895
0.510471209941678 0.070506005637127
0.505235892058123 0.070844135897167
0.500000000000000 0.071167922435758
0.494764107941877 0.071477337873927
0.489528790058322 0.071772363841595
0.484294620460936 0.072052989052743
0.479062173135400 0.072319210609813
0.473832021878528 0.072571100288140
0.468604740235343 0.072808798942929
0.463380901436184 0.073032458115425
0.458161078333842 0.073242231763847
0.452945843340743 0.073438277700254
0.447735768366173 0.073620742865029
0.442531424753567 0.073789762466979
0.437333383217848 0.073945478595026
0.432142213782848 0.074088036497487
0.426958485718794 0.074217587231631
0.421782767479885 0.074334297958530
0.416615626641949 0.074438344621035
0.411457629840209 0.074529907374563
0.406309342707138 0.074609170368791
0.401171329810437 0.074676312546308
0.396044154591120 0.074731479286090
0.390928379301729 0.074774806713272
0.385824564944672 0.074806435034835
0.380733271210710 0.074826508305545
0.375655056417573 0.074835165426601
0.370590477448740 0.074832526735360
0.365540089692367 0.074818712809701
0.360504446980385 0.074793848283174
0.355484101527764 0.074758061660473
0.350479603871957 0.074711485321033
0.345491502812526 0.074654255340916
0.340520345350965 0.074586511893364
0.335566676630708 0.074508398072683
0.330631039877354 0.074420064320697
0.325713976339092 0.074321684505837
0.320816025227350 0.074213443461758
0.315937723657661 0.074095529057737
0.311079606590766 0.073968131664304
0.306242206773949 0.073831394853513
0.301426054682610 0.073685388396312
0.296631678462100 0.073530179316360
0.291859603869799 0.073365839498399
0.287110354217464 0.073192397761079
0.282384450313836 0.073009608029944
0.277682410407536 0.072817140560924
0.273004750130227 0.072614686719375
0.268351982440069 0.072401954678126
0.263724617565473 0.072178705592415
0.259123162949143 0.071944746509066
0.254548123192430 0.071699898928977
0.250000000000000 0.071444002027738
0.245479292124815 0.071176904725705
0.240986495313435 0.070898458725147
0.236522102251661 0.070608534152769
0.232086602510502 0.070307017709766
0.227680482492487 0.069993825891500
0.223304225378328 0.069668908998746
0.218958311073935 0.069332234066585
0.214643216157784 0.068983784695523
0.210359413828661 0.068623527777691
0.206107373853763 0.068251398701660
0.201887562517192 0.067867354542007
0.197700442568813 0.067471401014416
0.193546473173512 0.067064023046196
0.189426109860845 0.066646045166730
0.185339804475081 0.066218287500369
0.181288005125655 0.065781557145038
0.177271156138025 0.065336690141180
0.173289698004947 0.064884505507197
0.169344067338174 0.064425815232643
0.165434696820571 0.063961491478135
0.161562015158670 0.063492517091730
0.157726447035656 0.063019851670964
0.153928413064797 0.062544258718201
0.150168329743317 0.062065761134477
0.146446609406726 0.061584181805738
0.142763660183598 0.061099235886574
0.139119885950819 0.060608896233505
0.135515686289294 0.060110028686962
0.131951456440133 0.059599689845112
0.128427587261303 0.059075339860648
0.124944465184770 0.058534861595088
0.121502472174122 0.057976317098251
0.118101985682679 0.057397920724198
0.114743378612105 0.056798020997522
0.111427019271515 0.056175115822697
0.108153271337080 0.055527763960227
0.104922493812155 0.054854534548156
0.101735040987902 0.054154175828527
0.098591262404443 0.053426300985063
0.095491502812526 0.052671330710727
0.092436102135723 0.051889869091945
0.089425395433148 0.051083408075916
0.086459712862719 0.050253910034443
0.083539379644950 0.049403130231505
0.080664716027288 0.048532393822503
0.077836037248993 0.047642956877041
0.075053653506568 0.046736507927990
0.072317869919747 0.045815068078224
0.069628986498028 0.044881300099065
0.066987298107781 0.043939668523813
0.064393094439905 0.042994729008053
0.061846659978068 0.042050632160335
0.059348273967504 0.041111189407726
0.056898210384393 0.040179884098915
0.054496737905816 0.039259879716475
0.052144119880294 0.038354205658390
0.049840614298903 0.037465863198763
0.047586473766990 0.036595494719058
0.045381945476466 0.035737810257449
0.043227271178700 0.034887046103944
0.041122687158010 0.034037572585050
0.039068424205750 0.033184256577713
0.037064707595003 0.032322330542721
0.035111757055874 0.031447428629602
0.033209786751399 0.030555000593751
0.031359005254054 0.029640622522695
0.029559615522887 0.028699653037108
0.027811814881260 0.027727100426507
0.026115794995207 0.026716572349231
0.024471741852423 0.025662690649520
0.022879835741862 0.024562946303810
0.021340251233966 0.023425003970208
0.019853157161529 0.022262178524557
0.018418716601171 0.021089182545534
0.017037086855466 0.019921043898964
0.015708419435685 0.018771123093261
0.014432860045182 0.017650386765108
0.013210548563420 0.016567900849795
0.012041619030626 0.015527639237178
0.010926199633097 0.014528792537747
0.009864412689139 0.013566257728151
0.008856374635656 0.012635568675004
0.007902196015379 0.011734331433784
0.007001981464748 0.010860663138170
0.006155829702431 0.010013091460599
0.005363833518506 0.009190446034862
0.004626079764278 0.008391908636713
0.003942649342761 0.007616761931647
0.003313617199802 0.006864415924039
0.002739052315863 0.006134409880874
0.002219017698460 0.005426359754778
0.001753570375248 0.004739898094365
0.001342761387771 0.004074764650469
0.000986635785864 0.003430783446089
0.000685232622713 0.002807654608525
0.000438584950571 0.002205268152789
0.000246719817134 0.001623404145066
0.000109658262577 0.001061965187677
0.000027415317244 0.000520900791717
0.000000000000000 0.000000000000000
0.000027415317244 -0.000500787803308
0.000109658262577 -0.000981614910747
0.000246719817134 -0.001442440829885
0.000438584950571 -0.001883398447593
0.000685232622713 -0.002305750498608
0.000986635785864 -0.002714224006408
0.001342761387771 -0.003111743550459
0.001753570375248 -0.003499369083582
0.002219017698460 -0.003877393872350
0.002739052315863 -0.004245857094053
0.003313617199802 -0.004604324931434
0.003942649342761 -0.004952358022319
0.004626079764278 -0.005289308814912
0.005363833518506 -0.005614269222269
0.006155829702431 -0.005926349822919
0.007001981464748 -0.006224195987895
0.007902196015379 -0.006506460744549
0.008856374635656 -0.006771191321685
0.009864412689139 -0.007016196542731
0.010926199633097 -0.007238599459577
0.012041619030626 -0.007434449557677
0.013210548563420 -0.007598221120139
0.014432860045182 -0.007724472298130
0.015708419435684 -0.007808202475620
0.017037086855466 -0.007846485775807
0.018418716601171 -0.007838446166228
0.019853157161528 -0.007786230346969
0.021340251233966 -0.007695236160518
0.022879835741862 -0.007575041613533
0.024471741852423 -0.007441446833350
0.026115794995207 -0.007309785577994
0.027811814881259 -0.007189078931711
0.029559615522887 -0.007080999122923
0.031359005254054 -0.006982545822655
0.033209786751399 -0.006892177169400
0.035111757055874 -0.006808384715750
0.037064707595003 -0.006728896181355
0.039068424205750 -0.006651064733411
0.041122687158009 -0.006571952964427
0.043227271178699 -0.006488288272306
0.045381945476466 -0.006396392258572
0.047586473766990 -0.006291544971977
0.049840614298903 -0.006168234246126
0.052144119880293 -0.006023278519379
0.054496737905816 -0.005855428539372
0.056898210384393 -0.005665160833960
0.059348273967504 -0.005454380675046
0.061846659978068 -0.005225058441377
0.064393094439905 -0.004979251518410
0.066987298107781 -0.004719478246427
0.069628986498028 -0.004448770975026
0.072317869919747 -0.004170509004523
0.075053653506568 -0.003888380345084
0.077836037248992 -0.003605677108684
0.080664716027288 -0.003323385853605
0.083539379644950 -0.003042011127187
0.086459712862719 -0.002762122324000
0.089425395433148 -0.002484338406565
0.092436102135723 -0.002209346131023
0.095491502812526 -0.001937926167098
0.098591262404443 -0.001670844359460
0.101735040987902 -0.001408506597851
0.104922493812155 -0.001151172510635
0.108153271337080 -0.000898930400266
0.111427019271514 -0.000651555765102
0.114743378612105 -0.000408759877003
0.118101985682679 -0.000170251666288
0.121502472174122 0.000064260537883
0.124944465184770 0.000295111804702
0.128427587261303 0.000522680371049
0.131951456440133 0.000747388191473
0.135515686289294 0.000969718754549
0.139119885950819 0.001190286289252
0.142763660183598 0.001409777416829
0.146446609406726 0.001628831997036
0.150168329743317 0.001847766944609
0.153928413064796 0.002066837733073
0.157726447035656 0.002286223490293
0.161562015158669 0.002505663217410
0.165434696820571 0.002724743344770
0.169344067338174 0.002943045219555
0.173289698004947 0.003160222211532
0.177271156138025 0.003375964080500
0.181288005125655 0.003589949910186
0.185339804475081 0.003801810349214
0.189426109860845 0.004011116156886
0.193546473173511 0.004217419865075
0.197700442568812 0.004420310772375
0.201887562517192 0.004619590518991
0.206107373853763 0.004815117336250
0.210359413828660 0.005006754281803
0.214643216157784 0.005194423479901
0.218958311073935 0.005378124773714
0.223304225378328 0.005557871165406
0.227680482492486 0.005733679927612
0.232086602510501 0.005905557888718
0.236522102251661 0.006073505884979
0.240986495313435 0.006237531711657
0.245479292124814 0.006397649884848
0.250000000000000 0.006553887209952
0.254548123192429 0.006706279789357
0.259123162949142 0.006854869140101
0.263724617565473 0.006999703071639
0.268351982440069 0.007140835203144
0.273004750130227 0.007278323330130
0.277682410407536 0.007412233238777
0.282384450313836 0.007542635212297
0.287110354217464 0.007669609141615
0.291859603869799 0.007793241305534
0.296631678462100 0.007913623234673
0.301426054682609 0.008030856048269
0.306242206773948 0.008145065078499
0.311079606590766 0.008256397139170
0.315937723657661 0.008365005944228
0.320816025227350 0.008471050976278
0.325713976339092 0.008574699953270
0.330631039877354 0.008676130373229
0.335566676630708 0.008775525732808
0.340520345350965 0.008873074465002
0.345491502812526 0.008968969783040
0.350479603871956 0.009063394170638
0.355484101527764 0.009156531962394
0.360504446980385 0.009248571267191
0.365540089692367 0.009339705706106
0.370590477448739 0.009430168210935
0.375655056417572 0.009520240489026
0.380733271210709 0.009610213192771
0.385824564944672 0.009700381074439
0.390928379301728 0.009791007643170
0.396044154591120 0.009882081575427
0.401171329810437 0.009973463551662
0.406309342707137 0.010065011983656
0.411457629840208 0.010156582993385
0.416615626641949 0.010247968325034
0.421782767479884 0.010338776172477
0.426958485718794 0.010428577586871
0.432142213782848 0.010516940449249
0.437333383217848 0.010603430274257
0.442531424753567 0.010687641969825
0.447735768366173 0.010769214761059
0.452945843340743 0.010847789886016
0.458161078333842 0.010923007795642
0.463380901436184 0.010994505272483
0.468604740235343 0.011061871082731
0.473832021878528 0.011124655817579
0.479062173135400 0.011182408801301
0.484294620460935 0.011234680616393
0.489528790058321 0.011281054373211
0.494764107941877 0.011321367313888
0.500000000000000 0.011355581127565
0.505235892058122 0.011383660482706
0.510471209941678 0.011405572946257
0.515705379539064 0.011421323149860
0.520937826864600 0.011431075797081
0.526167978121472 0.011435043057196
0.531395259764656 0.011433438943908
0.536619098563816 0.011426479238132
0.541838921666157 0.011414367606587
0.547054156659257 0.011397273723851
0.552264231633827 0.011375363044206
0.557468575246433 0.011348802148703
0.562666616782152 0.011317758726253
0.567857786217152 0.011282405861524
0.573041514281206 0.011242923672116
0.578217232520115 0.011199493010164
0.583384373358051 0.011152295319188
0.588542370159791 0.011101512344949
0.593690657292862 0.011047334786029
0.598828670189563 0.010989959085548
0.603955845408879 0.010929580948792
0.609071620698271 0.010866395431443
0.614175435055328 0.010800599037638
0.619266728789290 0.010732394642982
0.624344943582427 0.010661987579710
0.629409522551260 0.010589580742467
0.634459910307633 0.010515374940752
0.639495553019614 0.010439565731147
0.644515898472235 0.010362342399764
0.649520396128043 0.010283891324962
0.654508497187474 0.010204396509611
0.659479654649035 0.010124040746198
0.664433323369291 0.010043017312305
0.669368960122646 0.009961521172125
0.674286023660907 0.009879743072724
0.679183974772650 0.009797869990254
0.684062276342339 0.009716050553664
0.688920393409233 0.009634392451698
0.693757793226051 0.009552997562985
0.698573945317390 0.009471966631551
0.703368321537900 0.009391331596598
0.708140396130200 0.009310950250516
0.712889645782536 0.009230657019766
0.717615549686163 0.009150290394068
0.722317589592464 0.009069699589979
0.726995249869773 0.008988764070599
0.731648017559930 0.008907374098521
0.736275382434527 0.008825424549540
0.740876837050857 0.008742813502075
0.745451876807570 0.008659437488671
0.750000000000000 0.008575195344900
0.754520707875185 0.008489990646513
0.759013504686565 0.008403733196810
0.763477897748338 0.008316339886197
0.767913397489498 0.008227734288727
0.772319517507513 0.008137844005536
0.776695774621672 0.008046601510545
0.781041688926065 0.007953940702421
0.785356783842216 0.007859800795967
0.789640586171339 0.007764126781639
0.793892626146236 0.007666881782719
0.798112437482808 0.007568046622358
0.802299557431187 0.007467606668398
0.806453526826488 0.007365554294878
0.810573890139155 0.007261890608587
0.814660195524918 0.007156624064637
0.818711994874345 0.007049765955830
0.822728843861975 0.006941329857632
0.826710301995052 0.006831332332778
0.830655932661826 0.006719792368019
0.834565303179429 0.006606734579310
0.838437984841330 0.006492185882997
0.842273552964344 0.006376176916032
0.846071586935203 0.006258743170040
0.849831670256683 0.006139921462293
0.853553390593274 0.006019753496949
0.857236339816401 0.005898282863483
0.860880114049181 0.005775556546358
0.864484313710706 0.005651624650239
0.868048543559867 0.005526540370763
0.871572412738697 0.005400362232094
0.875055534815230 0.005273149981000
0.878497527825878 0.005144965858142
0.881898014317321 0.005015867319198
0.885256621387894 0.004885916062724
0.888572980728485 0.004755192243979
0.891846728662920 0.004623792450436
0.895077506187845 0.004491833191131
0.898264959012098 0.004359549148286
0.901408737595557 0.004227211835013
0.904508497187474 0.004095070733501
0.907563897864277 0.003963350595995
0.910574604566852 0.003832262700525
0.913540287137281 0.003702010257517
0.916460620355049 0.003572785515844
0.919335283972712 0.003444766471844
0.922163962751007 0.003318119408401
0.924946346493432 0.003192999353875
0.927682130080253 0.003069551626206
0.930371013501972 0.002947908119161
0.933012701892219 0.002828192076871
0.935606905560095 0.002710516336916
0.938153340021932 0.002594982004092
0.940651726032496 0.002481683553558
0.943101789615607 0.002370703901259
0.945503262094184 0.002262118120482
0.947855880119706 0.002155992318981
0.950159385701097 0.002052384600407
0.952413526233010 0.001951345933810
0.954618054523534 0.001852918397794
0.956772728821300 0.001757137935853
0.958877312841991 0.001664033331426
0.960931575794250 0.001573627374409
0.962935292404997 0.001485937870036
0.964888242944126 0.001400973892870
0.966790213248601 0.001318741809202
0.968640994745946 0.001239241782644
0.970440384477113 0.001162470732199
0.972188185118740 0.001088419163568
0.973884205004793 0.001017075539711
0.975528258147577 0.000948424702859
0.977120164258138 0.000882446632695
0.978659748766034 0.000819119665865
0.980146842838471 0.000758419514299
0.981581283398829 0.000700319392837
0.982962913144534 0.000644790881303
0.984291580564316 0.000591802289635
0.985567139954818 0.000541323071499
0.986789451436580 0.000493320267871
0.987958380969374 0.000447760119032
0.989073800366903 0.000404607926227
0.990135587310861 0.000363830034664
0.991143625364344 0.000325392054731
0.992097803984621 0.000289259381307
0.992998018535252 0.000255399349838
0.993844170297569 0.000223777495957
0.994636166481494 0.000194362791064
0.995373920235722 0.000167124071191
0.996057350657239 0.000142032240325
0.996686382800198 0.000119058092856
0.997260947684137 0.000098175943492
0.997780982301540 0.000079360336480
0.998246429624752 0.000062589386139
0.998657238612229 0.000047841993978
0.999013364214136 0.000035098777236
0.999314767377287 0.000024344820690
0.999561415049429 0.000015565001986
0.999753280182866 0.000008748902969
0.999890341737423 0.000003886178631
0.999972584682756 0.000000971193031
1.000000000000000 0.000000000000000
