1.000000000000000 0.000000000000000
0.999972584682756 0.000010686634752
0.999890341737423 0.000042765912200
0.999753280182866 0.000096240697844
0.999561415049429 0.000171145615594
0.999314767377287 0.000267512407851
0.999013364214136 0.000385383583085
0.998657238612229 0.000524826078333
0.998246429624752 0.000685903338746
0.997780982301540 0.000868681905946
0.997260947684137 0.001073258883197
0.996686382800198 0.001299712917863
0.996057350657239 0.001548152459878
0.995373920235722 0.001818687496035
0.994636166481494 0.002111428992021
0.993844170297569 0.002426495311377
0.992998018535252 0.002764018681874
0.992097803984621 0.003124130528528
0.991143625364344 0.003506974898886
0.990135587310861 0.003912672336456
0.989073800366903 0.004341375746527
0.987958380969374 0.004793234287183
0.986789451436580 0.005268385291255
0.985567139954818 0.005766967575262
0.984291580564316 0.006289134964420
0.982962913144534 0.006835026660629
0.981581283398829 0.007404766057874
0.980146842838472 0.007998495908726
0.978659748766034 0.008616333833897
0.977120164258138 0.009258407545657
0.975528258147577 0.009924809891926
0.973884205004793 0.010615656263985
0.972188185118741 0.011331024751790
0.970440384477113 0.012070984177591
0.968640994745946 0.012835607815594
0.966790213248601 0.013624927601653
0.964888242944126 0.014438969889211
0.962935292404997 0.015277746836553
0.960931575794250 0.016141240040270
0.958877312841991 0.017029414205651
0.956772728821300 0.017942200689223
0.954618054523534 0.018879518803220
0.952413526233010 0.019841259424855
0.950159385701097 0.020827275934725
0.947855880119706 0.021837390484345
0.945503262094184 0.022871400187475
0.943101789615607 0.023929068305069
0.940651726032496 0.025010107423798
0.938153340021932 0.026114216628374
0.935606905560095 0.027241041745395
0.933012701892219 0.028390189539728
0.930371013501972 0.029561226401703
0.927682130080253 0.030753685039310
0.924946346493432 0.031967032398406
0.922163962751008 0.033200714636029
0.919335283972712 0.034454117778795
0.916460620355050 0.035726575057847
0.913540287137281 0.037017389058670
0.910574604566852 0.038325797927945
0.907563897864277 0.039650989134980
0.904508497187474 0.040992111600955
0.901408737595557 0.042348259958450
0.898264959012098 0.043718496279188
0.895077506187845 0.045101778803698
0.891846728662920 0.046496987718674
0.888572980728485 0.047903015689086
0.885256621387895 0.049318864320850
0.881898014317321 0.050743576191447
0.878497527825878 0.052176420882821
0.875055534815230 0.053617041830303
0.871572412738697 0.055065115167910
0.868048543559867 0.056520252714298
0.864484313710706 0.057982044434170
0.860880114049181 0.059450064053582
0.857236339816402 0.060923933812923
0.853553390593274 0.062403266949471
0.849831670256683 0.063887703283353
0.846071586935203 0.065376849695792
0.842273552964344 0.066870359415188
0.838437984841330 0.068367863583456
0.834565303179429 0.069869000996994
0.830655932661826 0.071373424435154
0.826710301995053 0.072880792936355
0.822728843861975 0.074390778339669
0.818711994874345 0.075903038427462
0.814660195524919 0.077417251049854
0.810573890139155 0.078933101484260
0.806453526826488 0.080450271034773
0.802299557431188 0.081968474596701
0.798112437482808 0.083487413808158
0.793892626146237 0.085006785280445
0.789640586171339 0.086526301333860
0.785356783842216 0.088045674464538
0.781041688926065 0.089564573968725
0.776695774621672 0.091082475589052
0.772319517507513 0.092598807872392
0.767913397489498 0.094112972456455
0.763477897748339 0.095624402349284
0.759013504686565 0.097132509068643
0.754520707875186 0.098636721965394
0.750000000000000 0.100136451358453
0.745451876807570 0.101631122405609
0.740876837050858 0.103120137453140
0.736275382434527 0.104602915839023
0.731648017559931 0.106078859338083
0.726995249869773 0.107547384317404
0.722317589592464 0.109007913132205
0.717615549686164 0.110459864172970
0.712889645782536 0.111902668323441
0.708140396130201 0.113335728867371
0.703368321537900 0.114758451143498
0.698573945317390 0.116170213356620
0.693757793226052 0.117570406265148
0.688920393409234 0.118958429311448
0.684062276342339 0.120333852309351
0.679183974772650 0.121696348393058
0.674286023660908 0.123045609308644
0.669368960122646 0.124381318375561
0.664433323369292 0.125703204101970
0.659479654649035 0.127011065890297
0.654508497187474 0.128304710468262
0.649520396128043 0.129583962167849
0.644515898472236 0.130848647390667
0.639495553019615 0.132098579932534
0.634459910307633 0.133333561778141
0.629409522551260 0.134553397042089
0.624344943582428 0.135757906132808
0.619266728789291 0.136946914470046
0.614175435055328 0.138120314287128
0.609071620698271 0.139278037285812
0.603955845408880 0.140420027322654
0.598828670189563 0.141546223620156
0.593690657292862 0.142656537970354
0.588542370159792 0.143750602069736
0.583384373358051 0.144827952691525
0.578217232520115 0.145888140429907
0.573041514281206 0.146930718298679
0.567857786217152 0.147955208697452
0.562666616782152 0.148960915015832
0.557468575246433 0.149947078049900
0.552264231633827 0.150912953191680
0.547054156659257 0.151857790756611
0.541838921666158 0.152780869272832
0.536619098563816 0.153681541005910
0.531395259764657 0.154559187239539
0.526167978121472 0.155413204988064
0.520937826864600 0.156242998228560
0.515705379539064 0.157047976092308
0.510471209941678 0.157827475947903
0.505235892058123 0.158580804017388
0.500000000000000 0.159307279976599
0.494764107941877 0.160006226650728
0.489528790058322 0.160677017632546
0.484294620460936 0.161319603493233
0.479062173135400 0.161934491750862
0.473832021878528 0.162522215735352
0.468604740235343 0.163083312363780
0.463380901436184 0.163618325784647
0.458161078333842 0.164127856438836
0.452945843340743 0.164612604387509
0.447735768366173 0.165073280196379
0.442531424753567 0.165510600983105
0.437333383217848 0.165925280197827
0.432142213782848 0.166318039577952
0.426958485718794 0.166689621971425
0.421782767479885 0.167040780613098
0.416615626641949 0.167372262234407
0.411457629840209 0.167684815028648
0.406309342707138 0.167979158212725
0.401171329810437 0.168255813383407
0.396044154591120 0.168515207517495
0.390928379301729 0.168757769199502
0.385824564944672 0.168983928041448
0.380733271210710 0.169194074647412
0.375655056417573 0.169387907507199
0.370590477448740 0.169564543109274
0.365540089692367 0.169723099778477
0.360504446980385 0.169862723810029
0.355484101527764 0.169982585587087
0.350479603871957 0.170081942409976
0.345491502812526 0.170160158050276
0.340520345350965 0.170216626342790
0.335566676630708 0.170250764562989
0.330631039877354 0.170262015006906
0.325713976339092 0.170249864667799
0.320816025227350 0.170213862979789
0.315937723657661 0.170153586984188
0.311079606590766 0.170068638157674
0.306242206773949 0.169958640987871
0.301426054682610 0.169823156407583
0.296631678462100 0.169661571816127
0.291859603869799 0.169473278043933
0.287110354217464 0.169257698352414
0.282384450313836 0.169014287557748
0.277682410407536 0.168742278131684
0.273004750130227 0.168440383292267
0.268351982440069 0.168107296740232
0.263724617565473 0.167741770015196
0.259123162949143 0.167342606222886
0.254548123192430 0.166908683492742
0.250000000000000 0.166438957628514
0.245479292124815 0.165932435436588
0.240986495313435 0.165388168551009
0.236522102251661 0.164805264527019
0.232086602510502 0.164182900386393
0.227680482492487 0.163520321535211
0.223304225378328 0.162816819928930
0.218958311073935 0.162071718923218
0.214643216157784 0.161284333525949
0.210359413828661 0.160453716379246
0.206107373853763 0.159578852013767
0.201887562517192 0.158658755619167
0.197700442568813 0.157692505052259
0.193546473173512 0.156680309437514
0.189426109860845 0.155623942227377
0.185339804475081 0.154525253553297
0.181288005125655 0.153386100705447
0.177271156138025 0.152208549477636
0.173289698004947 0.150995636114751
0.169344067338174 0.149750605906488
0.165434696820571 0.148476638199071
0.161562015158670 0.147176867522598
0.157726447035656 0.145854444626437
0.153928413064797 0.144512480966375
0.150168329743317 0.143154018444615
0.146446609406726 0.141781853896518
0.142763660183598 0.140397037841776
0.139119885950819 0.138999778417507
0.135515686289294 0.137590289110053
0.131951456440133 0.136168678545602
0.128427587261303 0.134734032641253
0.124944465184770 0.133285064068475
0.121502472174122 0.131820566134752
0.118101985682679 0.130339501282242
0.114743378612105 0.128841116453717
0.111427019271515 0.127324804524765
0.108153271337080 0.125790019008604
0.104922493812155 0.124236334830560
0.101735040987902 0.122663497627777
0.098591262404443 0.121071293858019
0.095491502812526 0.119459438164691
0.092436102135723 0.117826687683476
0.089425395433148 0.116171416449799
0.086459712862719 0.114492084591859
0.083539379644950 0.112786869441934
0.080664716027288 0.111053565014205
0.077836037248993 0.109289989950367
0.075053653506568 0.107494109634045
0.072317869919747 0.105664279518994
0.069628986498028 0.103798844444857
0.066987298107781 0.101896821006977
0.064393094439905 0.099959463328217
0.061846659978068 0.097988472166455
0.059348273967504 0.095985462969682
0.056898210384393 0.093951985393700
0.054496737905816 0.091889520702407
0.052144119880294 0.089799881693502
0.049840614298903 0.087685270057594
0.047586473766990 0.085547809882935
0.045381945476466 0.083388164197830
0.043227271178700 0.081206180120417
0.041122687158010 0.079001072395049
0.039068424205750 0.076770586897281
0.037064707595003 0.074512217548664
0.035111757055874 0.072223147601068
0.033209786751399 0.069900259993002
0.031359005254054 0.067539525989352
0.029559615522887 0.065135959376889
0.027811814881260 0.062683865105508
0.026115794995207 0.060176435324503
0.024471741852423 0.057602729837379
0.022879835741862 0.054950189343289
0.021340251233966 0.052222833177625
0.019853157161529 0.049440275842884
0.018418716601171 0.046639138564804
0.017037086855466 0.043858830321359
0.015708419435685 0.041138656615949
0.014432860045182 0.038514189676200
0.013210548563420 0.036012695183292
0.012041619030626 0.033655964063628
0.010926199633097 0.031445660283315
0.009864412689139 0.029363995351260
0.008856374635656 0.027385277906237
0.007902196015379 0.025491631481415
0.007001981464748 0.023670611042186
0.006155829702431 0.021912320108265
0.005363833518506 0.020209100408848
0.004626079764278 0.018554778282153
0.003942649342761 0.016944367007806
0.003313617199802 0.015373677319239
0.002739052315863 0.013839263330445
0.002219017698460 0.012338199475482
0.001753570375248 0.010867874020026
0.001342761387771 0.009426213183337
0.000986635785864 0.008011157495917
0.000685232622713 0.006621135955061
0.000438584950571 0.005254708642899
0.000246719817134 0.003910396125579
0.000109658262577 0.002587301472799
0.000027415317244 0.001284041487946
0.000000000000000 0.000000000000000
0.000027415317244 -0.001265964469042
0.000109658262577 -0.002514328758478
0.000246719817134 -0.003746104683353
0.000438584950571 -0.004961786573139
0.000685232622713 -0.006161980354523
0.000986635785864 -0.007347348213637
0.001342761387771 -0.008520175390896
0.001753570375248 -0.009684190271377
0.002219017698460 -0.010839490629622
0.002739052315863 -0.011984326415131
0.003313617199802 -0.013115749728142
0.003942649342761 -0.014230087076598
0.004626079764278 -0.015323156579185
0.005363833518506 -0.016390167435349
0.006155829702431 -0.017425962576742
0.007001981464748 -0.018425051297617
0.007902196015379 -0.019381360384112
0.008856374635656 -0.020288502597996
0.009864412689139 -0.021139521235480
0.010926199633097 -0.021927122485278
0.012041619030626 -0.022643509264795
0.013210548563420 -0.023279918459074
0.014432860045182 -0.023827070858409
0.015708419435684 -0.024286580564204
0.017037086855466 -0.024666875334198
0.018418716601171 -0.024976759052624
0.019853157161528 -0.025226856559831
0.021340251233966 -0.025428452736802
0.022879835741862 -0.025593838940404
0.024471741852423 -0.025737641390032
0.026115794995207 -0.025876677293932
0.027811814881259 -0.026027869247846
0.029559615522887 -0.026194261267595
0.031359005254054 -0.026373828665777
0.033209786751399 -0.026564081796148
0.035111757055874 -0.026762016594022
0.037064707595003 -0.026963908836834
0.039068424205750 -0.027165263300899
0.041122687158009 -0.027360993528066
0.043227271178699 -0.027545516110466
0.045381945476466 -0.027712318094517
0.047586473766990 -0.027853134217970
0.049840614298903 -0.027959052787602
0.052144119880293 -0.028024906973356
0.054496737905816 -0.028047738363394
0.056898210384393 -0.028027892338362
0.059348273967504 -0.027970531151039
0.061846659978068 -0.027881602495326
0.064393094439905 -0.027766352390597
0.066987298107781 -0.027630475670120
0.069628986498028 -0.027481423887223
0.072317869919747 -0.027328454222833
0.075053653506568 -0.027180503970834
0.077836037248992 -0.027042034260388
0.080664716027288 -0.026916524995890
0.083539379644950 -0.026804855100880
0.086459712862719 -0.026704337026209
0.089425395433148 -0.026611828832659
0.092436102135723 -0.026524595672182
0.095491502812526 -0.026439997517953
0.098591262404443 -0.026355285155645
0.101735040987902 -0.026268018094934
0.104922493812155 -0.026175682071356
0.108153271337080 -0.026075991987022
0.111427019271514 -0.025967512338227
0.114743378612105 -0.025848855081258
0.118101985682679 -0.025718425168176
0.121502472174122 -0.025574304205614
0.124944465184770 -0.025414430085750
0.128427587261303 -0.025236683403306
0.131951456440133 -0.025038950599381
0.135515686289294 -0.024819021129574
0.139119885950819 -0.024574447229605
0.142763660183598 -0.024302324222817
0.146446609406726 -0.023999534774053
0.150168329743317 -0.023663271811802
0.153928413064796 -0.023293152798962
0.157726447035656 -0.022889682205072
0.161562015158669 -0.022453480859678
0.165434696820571 -0.021985736064634
0.169344067338174 -0.021488131079587
0.173289698004947 -0.020962526996625
0.177271156138025 -0.020410919288109
0.181288005125655 -0.019835430281653
0.185339804475081 -0.019238331209926
0.189426109860845 -0.018622025514543
0.193546473173511 -0.017988738350171
0.197700442568812 -0.017340561452964
0.201887562517192 -0.016679709854891
0.206107373853763 -0.016008174934562
0.210359413828660 -0.015326446695959
0.214643216157784 -0.014634575453236
0.218958311073935 -0.013932626484709
0.223304225378328 -0.013220752625822
0.227680482492486 -0.012499328430833
0.232086602510501 -0.011768776367801
0.236522102251661 -0.011029544208535
0.240986495313435 -0.010282063827549
0.245479292124814 -0.009526748033759
0.250000000000000 -0.008764014453440
0.254548123192429 -0.007994305747287
0.259123162949142 -0.007218071572784
0.263724617565473 -0.006435775902530
0.268351982440069 -0.005647896912236
0.273004750130227 -0.004854933530547
0.277682410407536 -0.004057415661764
0.282384450313836 -0.003255963023464
0.287110354217464 -0.002451219720622
0.291859603869799 -0.001643845803363
0.296631678462100 -0.000834419737551
0.301426054682609 -0.000022900714507
0.306242206773948 0.000790997663960
0.311079606590766 0.001607569811394
0.315937723657661 0.002427127958953
0.320816025227350 0.003250088024056
0.325713976339092 0.004076993783863
0.330631039877354 0.004908408392249
0.335566676630708 0.005744903068549
0.340520345350965 0.006587048147894
0.345491502812526 0.007435335540399
0.350479603871956 0.008290251385808
0.355484101527764 0.009152295085485
0.360504446980385 0.010021979784223
0.365540089692367 0.010899949639222
0.370590477448739 0.011787016131660
0.375655056417572 0.012684022812025
0.380733271210709 0.013591809762604
0.385824564944672 0.014511139536853
0.390928379301728 0.015441958976825
0.396044154591120 0.016383845677844
0.401171329810437 0.017336349875430
0.406309342707137 0.018299023470102
0.411457629840208 0.019271104704991
0.416615626641949 0.020250880012084
0.421782767479884 0.021236399135421
0.426958485718794 0.022225701911149
0.432142213782848 0.023216802967395
0.437333383217848 0.024207820102405
0.442531424753567 0.025197077793292
0.447735768366173 0.026182901518940
0.452945843340743 0.027163613672680
0.458161078333842 0.028137526712705
0.463380901436184 0.029102800436210
0.468604740235343 0.030057445808824
0.473832021878528 0.030999464508496
0.479062173135400 0.031926865174877
0.484294620460935 0.032837724053992
0.489528790058321 0.033730802576604
0.494764107941877 0.034605338934603
0.500000000000000 0.035460581002331
0.505235892058122 0.036295798821656
0.510471209941678 0.037110338415703
0.515705379539064 0.037904146749190
0.520937826864600 0.038677433628668
0.526167978121472 0.039430425124706
0.531395259764656 0.040163348496530
0.536619098563816 0.040876411617641
0.541838921666157 0.041569672624914
0.547054156659257 0.042243157275274
0.552264231633827 0.042896898031744
0.557468575246433 0.043530927545846
0.562666616782152 0.044145321644160
0.567857786217152 0.044740235920009
0.573041514281206 0.045315858454374
0.578217232520115 0.045872374623219
0.583384373358051 0.046409976105404
0.588542370159791 0.046928712022713
0.593690657292862 0.047428369447072
0.598828670189563 0.047908713835107
0.603955845408879 0.048369524467342
0.609071620698271 0.048810590298930
0.614175435055328 0.049231604497585
0.619266728789290 0.049632181305647
0.624344943582427 0.050011942657705
0.629409522551260 0.050370529950139
0.634459910307633 0.050707604917893
0.639495553019614 0.051022875194769
0.644515898472235 0.051316078328058
0.649520396128043 0.051586968507838
0.654508497187474 0.051835313332855
0.659479654649035 0.052060898195714
0.664433323369291 0.052263521883345
0.669368960122646 0.052442996951870
0.674286023660907 0.052599155962357
0.679183974772650 0.052731845215721
0.684062276342339 0.052840915598434
0.688920393409233 0.052926228370557
0.693757793226051 0.052987662585794
0.698573945317390 0.053025114447969
0.703368321537900 0.053038478281754
0.708140396130200 0.053027637244568
0.712889645782536 0.052992490803449
0.717615549686163 0.052932957750439
0.722317589592464 0.052848977335051
0.726995249869773 0.052740511300766
0.731648017559930 0.052607540303423
0.736275382434527 0.052450065118625
0.740876837050857 0.052268103749994
0.745451876807570 0.052061693919306
0.750000000000000 0.051830890738683
0.754520707875185 0.051575767957158
0.759013504686565 0.051296418763528
0.763477897748338 0.050992950658657
0.767913397489498 0.050665489288478
0.772319517507513 0.050314179387566
0.776695774621672 0.049939189262897
0.781041688926065 0.049540723459514
0.785356783842216 0.049119011079979
0.789640586171339 0.048674299641714
0.793892626146236 0.048206974357131
0.798112437482808 0.047717673556363
0.802299557431187 0.047207066300609
0.806453526826488 0.046675818533814
0.810573890139155 0.046124583916445
0.814660195524918 0.045554012087804
0.818711994874345 0.044964754915431
0.822728843861975 0.044357467789764
0.826710301995052 0.043732811138505
0.830655932661826 0.043091445201660
0.834565303179429 0.042434032962918
0.838437984841330 0.041761241957274
0.842273552964344 0.041073728544851
0.846071586935203 0.040372164053031
0.849831670256683 0.039657213801237
0.853553390593274 0.038929548207935
0.857236339816401 0.038189836038128
0.860880114049181 0.037438745575607
0.864484313710706 0.036676938325576
0.868048543559867 0.035905087358720
0.871572412738697 0.035123867471668
0.875055534815230 0.034333965010890
0.878497527825878 0.033536057057354
0.881898014317321 0.032730784727275
0.885256621387894 0.031918765954479
0.888572980728485 0.031100741176120
0.891846728662920 0.030277974408462
0.895077506187845 0.029451839318136
0.898264959012098 0.028623691513435
0.901408737595557 0.027794901479520
0.904508497187474 0.026966781385544
0.907563897864277 0.026140568840231
0.910574604566852 0.025317434355231
0.913540287137281 0.024498499530660
0.916460620355049 0.023684832992298
0.919335283972712 0.022877443540197
0.922163962751007 0.022077291726581
0.924946346493432 0.021285272036377
0.927682130080253 0.020502227488647
0.930371013501972 0.019728957536648
0.933012701892219 0.018966195414200
0.935606905560095 0.018214637094215
0.938153340021932 0.017474916022824
0.940651726032496 0.016747626360279
0.943101789615607 0.016033304950055
0.945503262094184 0.015332457369243
0.947855880119706 0.014645529500484
0.950159385701097 0.013972933606001
0.952413526233010 0.013315037872418
0.954618054523534 0.012672169149110
0.956772728821300 0.012044622312071
0.958877312841991 0.011432649994867
0.960931575794250 0.010836470409094
0.962935292404997 0.010256274116871
0.964888242944126 0.009692219735032
0.966790213248601 0.009144427161481
0.968640994745946 0.008613001739876
0.970440384477113 0.008098013684357
0.972188185118740 0.007599517619826
0.973884205004793 0.007117544716324
0.975528258147577 0.006652098957935
0.977120164258138 0.006203170047352
0.978659748766034 0.005770731524778
0.980146842838471 0.005354733056922
0.981581283398829 0.004955132701312
0.982962913144534 0.004571850212146
0.984291580564316 0.004204809883523
0.985567139954818 0.003853923825017
0.986789451436580 0.003519089330278
0.987958380969374 0.003200209408101
0.989073800366903 0.002897179974926
0.990135587310861 0.002609879464174
0.991143625364344 0.002338194043699
0.992097803984621 0.002082014542486
0.992998018535252 0.001841221943184
0.993844170297569 0.001615702364577
0.994636166481494 0.001405340846785
0.995373920235722 0.001210028349214
0.996057350657239 0.001029656642660
0.996686382800198 0.000864125584761
0.997260947684137 0.000713331923989
0.997780982301540 0.000577196678453
0.998246429624752 0.000455625987558
0.998657238612229 0.000348547023692
0.999013364214136 0.000255887394628
0.999314767377287 0.000177586267382
0.999561415049429 0.000113599804418
0.999753280182866 0.000063872055810
0.999890341737423 0.000028379591526
0.999972584682756 0.000007093567650
1.000000000000000 0.000000000000000
