1.000000000000000 0.000000000000000
0.999972584682756 0.000010535402303
0.999890341737423 0.000042121151721
0.999753280182866 0.000094735910095
0.999561415049429 0.000168324213454
0.999314767377287 0.000262836569249
0.999013364214136 0.000378176384309
0.998657238612229 0.000514253437988
0.998246429624752 0.000670937660463
0.997780982301540 0.000848099317234
0.997260947684137 0.001045589467795
0.996686382800198 0.001263240432776
0.996057350657239 0.001500866319803
0.995373920235722 0.001758263607180
0.994636166481494 0.002035224835079
0.993844170297569 0.002331526086856
0.992998018535252 0.002646927714109
0.992097803984621 0.002981175115328
0.991143625364344 0.003334012441251
0.990135587310861 0.003705170402505
0.989073800366903 0.004094367177482
0.987958380969374 0.004501309367915
0.986789451436580 0.004925711997782
0.985567139954818 0.005367273915823
0.984291580564316 0.005825679000382
0.982962913144534 0.006300634882869
0.981581283398829 0.006791823632001
0.980146842838472 0.007298940461505
0.978659748766034 0.007821657557079
0.977120164258138 0.008359686972255
0.975528258147577 0.008912707708287
0.973884205004793 0.009480416213993
0.972188185118741 0.010062521190001
0.970440384477113 0.010658732560380
0.968640994745946 0.011268762812495
0.966790213248601 0.011892334268049
0.964888242944126 0.012529191993036
0.962935292404997 0.013179075455625
0.960931575794250 0.013841749268021
0.958877312841991 0.014516986730803
0.956772728821300 0.015204582736362
0.954618054523534 0.015904349043785
0.952413526233010 0.016616098511798
0.950159385701097 0.017339691980099
0.947855880119706 0.018074988156250
0.945503262094184 0.018821878917161
0.943101789615607 0.019580279253932
0.940651726032496 0.020350128313587
0.938153340021932 0.021131379724894
0.935606905560095 0.021924041455843
0.933012701892219 0.022728121731894
0.930371013501972 0.023543674339947
0.927682130080253 0.024370783349378
0.924946346493432 0.025209558689305
0.922163962751008 0.026060148567397
0.919335283972712 0.026922745735118
0.916460620355050 0.027797561277086
0.913540287137281 0.028684847592828
0.910574604566852 0.029584916738776
0.907563897864277 0.030498093525418
0.904508497187474 0.031424762845141
0.901408737595557 0.032365339215830
0.898264959012098 0.033320261632306
0.895077506187845 0.034289630449753
0.891846728662920 0.035273151653728
0.888572980728485 0.036270488156138
0.885256621387895 0.037281311079699
0.881898014317321 0.038305241856572
0.878497527825878 0.039341898450359
0.875055534815230 0.040390872761835
0.871572412738697 0.041451726059651
0.868048543559867 0.042523999939756
0.864484313710706 0.043607216151872
0.860880114049181 0.044700870841556
0.857236339816402 0.045804439425771
0.853553390593274 0.046917365866955
0.849831670256683 0.048039079069657
0.846071586935203 0.049168976586163
0.842273552964344 0.050306440814303
0.838437984841330 0.051450828337139
0.834565303179429 0.052601468463982
0.830655932661826 0.053757668962824
0.826710301995053 0.054918707043419
0.822728843861975 0.056083857871955
0.818711994874345 0.057252359005575
0.814660195524919 0.058423444790216
0.810573890139155 0.059596304992371
0.806453526826488 0.060770097592266
0.802299557431188 0.061943967572012
0.798112437482808 0.063117050962316
0.793892626146237 0.064288921812694
0.789640586171339 0.065459550316831
0.785356783842216 0.066628926729366
0.781041688926065 0.067797055330632
0.776695774621672 0.068963983842041
0.772319517507513 0.070129771080906
0.767913397489498 0.071294501116295
0.763477897748339 0.072458269236655
0.759013504686565 0.073621187269260
0.754520707875186 0.074783382630976
0.750000000000000 0.075944997959065
0.745451876807570 0.077106178461612
0.740876837050858 0.078267076420752
0.736275382434527 0.079427857351362
0.731648017559931 0.080588696868728
0.726995249869773 0.081749822637451
0.722317589592464 0.082911540341317
0.717615549686164 0.084074158912552
0.712889645782536 0.085238025532660
0.708140396130201 0.086403384308761
0.703368321537900 0.087570244384233
0.698573945317390 0.088738589417938
0.693757793226052 0.089908395225596
0.688920393409234 0.091079553687076
0.684062276342339 0.092251387016094
0.679183974772650 0.093422998980046
0.674286023660908 0.094593484299480
0.669368960122646 0.095761931883617
0.664433323369292 0.096927473532456
0.659479654649035 0.098089298802322
0.654508497187474 0.099246592878171
0.649520396128043 0.100398538472320
0.644515898472236 0.101544304163839
0.639495553019615 0.102683030617408
0.634459910307633 0.103813860686984
0.629409522551260 0.104935916914247
0.624344943582428 0.106048330811097
0.619266728789291 0.107150218771369
0.614175435055328 0.108240666697791
0.609071620698271 0.109318773094622
0.603955845408880 0.110383617014430
0.598828670189563 0.111434319245509
0.593690657292862 0.112470385636248
0.588542370159792 0.113491662357985
0.583384373358051 0.114498004931468
0.578217232520115 0.115489289797814
0.573041514281206 0.116465389047153
0.567857786217152 0.117426223241166
0.562666616782152 0.118371729777168
0.557468575246433 0.119301855203699
0.552264231633827 0.120216548620786
0.547054156659257 0.121115779616386
0.541838921666158 0.121999500225867
0.536619098563816 0.122867681258839
0.531395259764657 0.123720290095564
0.526167978121472 0.124557310827706
0.520937826864600 0.125378725570398
0.515705379539064 0.126184509220172
0.510471209941678 0.126974648097973
0.505235892058123 0.127749123526463
0.500000000000000 0.128507932037139
0.494764107941877 0.129251014220338
0.489528790058322 0.129977882021420
0.484294620460936 0.130687856772788
0.479062173135400 0.131380272605972
0.473832021878528 0.132054469623488
0.468604740235343 0.132709801998148
0.463380901436184 0.133345647588497
0.458161078333842 0.133961402298997
0.452945843340743 0.134556475929127
0.447735768366173 0.135130287642832
0.442531424753567 0.135682272376267
0.437333383217848 0.136211869957003
0.432142213782848 0.136718523949486
0.426958485718794 0.137201695241029
0.421782767479885 0.137660858439111
0.416615626641949 0.138095508235238
0.411457629840209 0.138505183464003
0.406309342707138 0.138889464588543
0.401171329810437 0.139247947832400
0.396044154591120 0.139580245200154
0.390928379301729 0.139885991721131
0.385824564944672 0.140164940805136
0.380733271210710 0.140416946275537
0.375655056417573 0.140641876462128
0.370590477448740 0.140839615467041
0.365540089692367 0.141010058848542
0.360504446980385 0.141153102110327
0.355484101527764 0.141268641637051
0.350479603871957 0.141356588802614
0.345491502812526 0.141416868510671
0.340520345350965 0.141449423664852
0.335566676630708 0.141454239892891
0.330631039877354 0.141431336405219
0.325713976339092 0.141380746042906
0.320816025227350 0.141302515598959
0.315937723657661 0.141196695474929
0.311079606590766 0.141063272591688
0.306242206773949 0.140902215792483
0.301426054682610 0.140713507991541
0.296631678462100 0.140497151500001
0.291859603869799 0.140252990307684
0.287110354217464 0.139980234721538
0.282384450313836 0.139677979201685
0.277682410407536 0.139345357976400
0.273004750130227 0.138981545135255
0.268351982440069 0.138585778409514
0.263724617565473 0.138157361061960
0.259123162949143 0.137695638396727
0.254548123192430 0.137199993716412
0.250000000000000 0.136669840941633
0.245479292124815 0.136104617231280
0.240986495313435 0.135503782952153
0.236522102251661 0.134866839349449
0.232086602510502 0.134193314547663
0.227680482492487 0.133482765674499
0.223304225378328 0.132734760320038
0.218958311073935 0.131948903157022
0.214643216157784 0.131124819752446
0.210359413828661 0.130262216776534
0.206107373853763 0.129360951968667
0.201887562517192 0.128420922821230
0.197700442568813 0.127442062366370
0.193546473173512 0.126424468051964
0.189426109860845 0.125369037636742
0.185339804475081 0.124276868849462
0.181288005125655 0.123149076557584
0.177271156138025 0.121986755382432
0.173289698004947 0.120790904562557
0.169344067338174 0.119562517483266
0.165434696820571 0.118302590535404
0.161562015158670 0.117012136447197
0.157726447035656 0.115692206707531
0.153928413064797 0.114343874438079
0.150168329743317 0.112968199404024
0.146446609406726 0.111566069743415
0.142763660183598 0.110138160236309
0.139119885950819 0.108685135208409
0.135515686289294 0.107207693225669
0.131951456440133 0.105706457783365
0.128427587261303 0.104182069601402
0.124944465184770 0.102635172700259
0.121502472174122 0.101066503475704
0.118101985682679 0.099476852546256
0.114743378612105 0.097867037622795
0.111427019271515 0.096237749928735
0.108153271337080 0.094589502848637
0.104922493812155 0.092922809940622
0.101735040987902 0.091238676997588
0.098591262404443 0.089539200797932
0.095491502812526 0.087826556232103
0.092436102135723 0.086103673038206
0.089425395433148 0.084374819825322
0.086459712862719 0.082644329524449
0.083539379644950 0.080916491349925
0.080664716027288 0.079195557301037
0.077836037248993 0.077485425707486
0.075053653506568 0.075788041865809
0.072317869919747 0.074104196607220
0.069628986498028 0.072433532553973
0.066987298107781 0.070771682511881
0.064393094439905 0.069113837133616
0.061846659978068 0.067456136884756
0.059348273967504 0.065795604835500
0.056898210384393 0.064129415603630
0.054496737905816 0.062454538866784
0.052144119880294 0.060768098788875
0.049840614298903 0.059068732285291
0.047586473766990 0.057356028437527
0.045381945476466 0.055631964773261
0.043227271178700 0.053901417291261
0.041122687158010 0.052169008227682
0.039068424205750 0.050438660169763
0.037064707595003 0.048714173624515
0.035111757055874 0.046999375820877
0.033209786751399 0.045297965936848
0.031359005254054 0.043613456734539
0.029559615522887 0.041949202050766
0.027811814881260 0.040308289570289
0.026115794995207 0.038693981272792
0.024471741852423 0.037109333789809
0.022879835741862 0.035554374772868
0.021340251233966 0.034027231373975
0.019853157161529 0.032526029266316
0.018418716601171 0.031049523774556
0.017037086855466 0.029597489691648
0.015708419435685 0.028170249277461
0.014432860045182 0.026768783233070
0.013210548563420 0.025395246621680
0.012041619030626 0.024051080862678
0.010926199633097 0.022735832449512
0.009864412689139 0.021446861281038
0.008856374635656 0.020180883128835
0.007902196015379 0.018935803933431
0.007001981464748 0.017709876858059
0.006155829702431 0.016501682060215
0.005363833518506 0.015310024309139
0.004626079764278 0.014133914530403
0.003942649342761 0.012972546032690
0.003313617199802 0.011825150527718
0.002739052315863 0.010691172376569
0.002219017698460 0.009570077518112
0.001753570375248 0.008461387161913
0.001342761387771 0.007364694482468
0.000986635785864 0.006279710853396
0.000685232622713 0.005206103219406
0.000438584950571 0.004143545693118
0.000246719817134 0.003091885734158
0.000109658262577 0.002050912056914
0.000027415317244 0.001020377114726
0.000000000000000 0.000000000000000
0.000027415317244 -0.001010123006998
0.000109658262577 -0.002011464275751
0.000246719817134 -0.003014544494726
0.000438584950571 -0.004025052533528
0.000685232622713 -0.005042769347222
0.000986635785864 -0.006066602134829
0.001342761387771 -0.007094873884474
0.001753570375248 -0.008125811492033
0.002219017698460 -0.009157283184864
0.002739052315863 -0.010187157178207
0.003313617199802 -0.011213002281070
0.003942649342761 -0.012232195460442
0.004626079764278 -0.013241952049965
0.005363833518506 -0.014239195715773
0.006155829702431 -0.015220572112186
0.007001981464748 -0.016182438095615
0.007902196015379 -0.017120698003900
0.008856374635656 -0.018030992324052
0.009864412689139 -0.018908447167327
0.010926199633097 -0.019747310757296
0.012041619030626 -0.020541483817029
0.013210548563420 -0.021284951514150
0.014432860045182 -0.021974808487130
0.015708419435684 -0.022614459507937
0.017037086855466 -0.023208203991300
0.018418716601171 -0.023761196783034
0.019853157161528 -0.024279257971557
0.021340251233966 -0.024769277877108
0.022879835741862 -0.025240184592420
0.024471741852423 -0.025703595157979
0.026115794995207 -0.026168638512001
0.027811814881259 -0.026639206069147
0.029559615522887 -0.027116843211981
0.031359005254054 -0.027599071831004
0.033209786751399 -0.028083320072215
0.035111757055874 -0.028567878804634
0.037064707595003 -0.029050914572343
0.039068424205750 -0.029530107073642
0.041122687158009 -0.030002932577102
0.043227271178699 -0.030466868602132
0.045381945476466 -0.030919198476200
0.047586473766990 -0.031356775171393
0.049840614298903 -0.031776225661386
0.052144119880293 -0.032175329616574
0.054496737905816 -0.032552820350289
0.056898210384393 -0.032907901346948
0.059348273967504 -0.033240516259001
0.061846659978068 -0.033550774192810
0.064393094439905 -0.033838715048341
0.066987298107781 -0.034104478681503
0.069628986498028 -0.034348430784766
0.072317869919747 -0.034571170362728
0.075053653506568 -0.034773352523631
0.077836037248992 -0.034955418785072
0.080664716027288 -0.035117871386119
0.083539379644950 -0.035261146233813
0.086459712862719 -0.035385612122554
0.089425395433148 -0.035491773817176
0.092436102135723 -0.035580410040474
0.095491502812526 -0.035652494602436
0.098591262404443 -0.035709013907962
0.101735040987902 -0.035750744002973
0.104922493812155 -0.035778522034278
0.108153271337080 -0.035792998464532
0.111427019271514 -0.035794473577005
0.114743378612105 -0.035783280540370
0.118101985682679 -0.035759894396343
0.121502472174122 -0.035724947947614
0.124944465184770 -0.035679157130440
0.128427587261303 -0.035623270489842
0.131951456440133 -0.035558061551428
0.135515686289294 -0.035484382394798
0.139119885950819 -0.035403266202793
0.142763660183598 -0.035315977224782
0.146446609406726 -0.035223886067140
0.150168329743317 -0.035128084585339
0.153928413064796 -0.035028824430174
0.157726447035656 -0.034926243580714
0.161562015158669 -0.034820414008139
0.165434696820571 -0.034710935528337
0.169344067338174 -0.034597210138697
0.173289698004947 -0.034478610451767
0.177271156138025 -0.034354553550260
0.181288005125655 -0.034224518576892
0.185339804475081 -0.034087967171664
0.189426109860845 -0.033944338845941
0.193546473173511 -0.033793039491084
0.197700442568812 -0.033633449024015
0.201887562517192 -0.033464925234808
0.206107373853763 -0.033286983310654
0.210359413828660 -0.033099492385388
0.214643216157784 -0.032902368630136
0.218958311073935 -0.032695534489017
0.223304225378328 -0.032478909808792
0.227680482492486 -0.032252404274018
0.232086602510501 -0.032015935688188
0.236522102251661 -0.031769427113687
0.240986495313435 -0.031512802766174
0.245479292124814 -0.031245994284027
0.250000000000000 -0.030968937452258
0.254548123192429 -0.030681576283906
0.259123162949142 -0.030383870689798
0.263724617565473 -0.030075803812086
0.268351982440069 -0.029757364628619
0.273004750130227 -0.029428547656427
0.277682410407536 -0.029089311926103
0.282384450313836 -0.028739549812856
0.287110354217464 -0.028379161079815
0.291859603869799 -0.028008038635411
0.296631678462100 -0.027626217621880
0.301426054682609 -0.027234127742979
0.306242206773948 -0.026832298361431
0.311079606590766 -0.026421272676464
0.315937723657661 -0.026001644111935
0.320816025227350 -0.025574280634670
0.325713976339092 -0.025140214938722
0.330631039877354 -0.024700514401900
0.335566676630708 -0.024256268412485
0.340520345350965 -0.023808563887437
0.345491502812526 -0.023358428924538
0.350479603871956 -0.022906912981326
0.355484101527764 -0.022455084119057
0.360504446980385 -0.022004032203456
0.365540089692367 -0.021554939750442
0.370590477448739 -0.021109045399554
0.375655056417572 -0.020667607645106
0.380733271210709 -0.020231904279559
0.385824564944672 -0.019803161432584
0.390928379301728 -0.019382375610296
0.396044154591120 -0.018970498318904
0.401171329810437 -0.018568485104966
0.406309342707137 -0.018177292480116
0.411457629840208 -0.017797323999189
0.416615626641949 -0.017428014250463
0.421782767479884 -0.017068689043565
0.426958485718794 -0.016718663502642
0.432142213782848 -0.016377242303151
0.437333383217848 -0.016043819008884
0.442531424753567 -0.015717875053504
0.447735768366173 -0.015398887064874
0.452945843340743 -0.015086323559720
0.458161078333842 -0.014779644937579
0.463380901436184 -0.014478250368175
0.468604740235343 -0.014181501752671
0.473832021878528 -0.013888752534583
0.479062173135400 -0.013599354480786
0.484294620460935 -0.013312670607527
0.489528790058321 -0.013028175498086
0.494764107941877 -0.012745394386155
0.500000000000000 -0.012463848726776
0.505235892058122 -0.012183061492883
0.510471209941678 -0.011902648885549
0.515705379539064 -0.011622671088125
0.520937826864600 -0.011343322917024
0.526167978121472 -0.011064796934854
0.531395259764656 -0.010787286354935
0.536619098563816 -0.010510964173694
0.541838921666157 -0.010235949917739
0.547054156659257 -0.009962350440733
0.552264231633827 -0.009690273050516
0.557468575246433 -0.009419823299519
0.562666616782152 -0.009151108890604
0.567857786217152 -0.008884247590614
0.573041514281206 -0.008619354638894
0.578217232520115 -0.008356544490806
0.583384373358051 -0.008095930586813
0.588542370159791 -0.007837636286275
0.593690657292862 -0.007581797933162
0.598828670189563 -0.007328548483756
0.603955845408879 -0.007078020487308
0.609071620698271 -0.006830351250944
0.614175435055328 -0.006585767382179
0.619266728789290 -0.006344528019864
0.624344943582427 -0.006106888418411
0.629409522551260 -0.005873100410899
0.634459910307633 -0.005643403465867
0.639495553019614 -0.005418025345807
0.644515898472235 -0.005197186401848
0.649520396128043 -0.004981099046127
0.654508497187474 -0.004769970223100
0.659479654649035 -0.004563997793171
0.664433323369291 -0.004363368029005
0.669368960122646 -0.004168260708530
0.674286023660907 -0.003978849104550
0.679183974772650 -0.003795313948571
0.684062276342339 -0.003617857628285
0.688920393409233 -0.003446681269747
0.693757793226051 -0.003281974966439
0.698573945317390 -0.003123888258258
0.703368321537900 -0.002972342980403
0.708140396130200 -0.002827168001923
0.712889645782536 -0.002688194160856
0.717615549686163 -0.002555247699446
0.722317589592464 -0.002428092680633
0.726995249869773 -0.002306448757369
0.731648017559930 -0.002190040239060
0.736275382434527 -0.002078596801145
0.740876837050857 -0.001971868871049
0.745451876807570 -0.001869624776239
0.750000000000000 -0.001771637969994
0.754520707875185 -0.001677687357811
0.759013504686565 -0.001587551740088
0.763477897748338 -0.001501011882472
0.767913397489498 -0.001417854457233
0.772319517507513 -0.001337871177558
0.776695774621672 -0.001260860277488
0.781041688926065 -0.001186624970333
0.785356783842216 -0.001114975065346
0.789640586171339 -0.001045726701320
0.793892626146236 -0.000978705928959
0.798112437482808 -0.000913745489240
0.802299557431187 -0.000850688673416
0.806453526826488 -0.000789533670887
0.810573890139155 -0.000730437073105
0.814660195524918 -0.000673553980577
0.818711994874345 -0.000619028755117
0.822728843861975 -0.000566992000719
0.826710301995052 -0.000517564488846
0.830655932661826 -0.000470857127308
0.834565303179429 -0.000426972293591
0.838437984841330 -0.000386004341453
0.842273552964344 -0.000348037890154
0.846071586935203 -0.000313147865393
0.849831670256683 -0.000281400359761
0.853553390593274 -0.000252852213575
0.857236339816401 -0.000227551384571
0.860880114049181 -0.000205537577305
0.864484313710706 -0.000186841418790
0.868048543559867 -0.000171485089559
0.871572412738697 -0.000159481922285
0.875055534815230 -0.000150837270536
0.878497527825878 -0.000145549591704
0.881898014317321 -0.000143610303005
0.885256621387894 -0.000145002141023
0.888572980728485 -0.000149695092684
0.891846728662920 -0.000157650262915
0.895077506187845 -0.000168831065503
0.898264959012098 -0.000183212634522
0.901408737595557 -0.000200738741117
0.904508497187474 -0.000221055430814
0.907563897864277 -0.000243639691910
0.910574604566852 -0.000267988189917
0.913540287137281 -0.000293607536427
0.916460620355049 -0.000320038847143
0.919335283972712 -0.000346865153625
0.922163962751007 -0.000373706489549
0.924946346493432 -0.000400214526887
0.927682130080253 -0.000426071729988
0.930371013501972 -0.000450992432983
0.933012701892219 -0.000474721115338
0.935606905560095 -0.000497031823630
0.938153340021932 -0.000517726585760
0.940651726032496 -0.000536634573802
0.943101789615607 -0.000553611107276
0.945503262094184 -0.000568536554911
0.947855880119706 -0.000581315008369
0.950159385701097 -0.000591873628325
0.952413526233010 -0.000600161200700
0.954618054523534 -0.000606147141908
0.956772728821300 -0.000609820449164
0.958877312841991 -0.000611188451982
0.960931575794250 -0.000610275829609
0.962935292404997 -0.000607123430930
0.964888242944126 -0.000601787266447
0.966790213248601 -0.000594337260467
0.968640994745946 -0.000584856203942
0.970440384477113 -0.000573438779487
0.972188185118740 -0.000560190412084
0.973884205004793 -0.000545226195084
0.975528258147577 -0.000528669752696
0.977120164258138 -0.000510652704110
0.978659748766034 -0.000491312323243
0.980146842838471 -0.000470792728613
0.981581283398829 -0.000449241733580
0.982962913144534 -0.000426810913844
0.984291580564316 -0.000403654748157
0.985567139954818 -0.000379929653064
0.986789451436580 -0.000355792136443
0.987958380969374 -0.000331400138631
0.989073800366903 -0.000306909368702
0.990135587310861 -0.000282474929565
0.991143625364344 -0.000258248680126
0.992097803984621 -0.000234380008669
0.992998018535252 -0.000211014498722
0.993844170297569 -0.000188292337392
0.994636166481494 -0.000166349804588
0.995373920235722 -0.000145316505324
0.996057350657239 -0.000125315737010
0.996686382800198 -0.000106463790474
0.997260947684137 -0.000088870370664
0.997780982301540 -0.000072636323888
0.998246429624752 -0.000057854256338
0.998657238612229 -0.000044608321180
0.999013364214136 -0.000032974120124
0.999314767377287 -0.000023016990859
0.999561415049429 -0.000014792731440
0.999753280182866 -0.000008348476681
0.999890341737423 -0.000003719025673
0.999972584682756 -0.000000931029438
1.000000000000000 0.000000000000000
