1.000000000000000 0.000000000000000
0.999972584682756 0.000005431016477
0.999890341737423 0.000021722164173
0.999753280182866 0.000048896695205
0.999561415049429 0.000086973997358
0.999314767377287 0.000135987622941
0.999013364214136 0.000195985207889
0.998657238612229 0.000267017434925
0.998246429624752 0.000349152436896
0.997780982301540 0.000442457366418
0.997260947684137 0.000547012754201
0.996686382800198 0.000662912318639
0.996057350657239 0.000790251653910
0.995373920235722 0.000929138963979
0.994636166481494 0.001079687346114
0.993844170297569 0.001242018120262
0.992998018535252 0.001416264222779
0.992097803984621 0.001602550971144
0.991143625364344 0.001801033317518
0.990135587310861 0.002011846253568
0.989073800366903 0.002235145941093
0.987958380969374 0.002471094151194
0.986789451436580 0.002719842189477
0.985567139954818 0.002981565116027
0.984291580564316 0.003256418444341
0.982962913144534 0.003544580413614
0.981581283398829 0.003846220087369
0.980146842838472 0.004161504370514
0.978659748766034 0.004490609339023
0.977120164258138 0.004833703559719
0.975528258147577 0.005190955315641
0.973884205004793 0.005562540136327
0.972188185118741 0.005948615444684
0.970440384477113 0.006349340142964
0.968640994745946 0.006764878199490
0.966790213248601 0.007195372738514
0.964888242944126 0.007640970272172
0.962935292404997 0.008101807302062
0.960931575794250 0.008578009361539
0.958877312841991 0.009069703115097
0.956772728821300 0.009576993896536
0.954618054523534 0.010099977690540
0.952413526233010 0.010638740267578
0.950159385701097 0.011193360829969
0.947855880119706 0.011763888806795
0.945503262094184 0.012350378641632
0.943101789615607 0.012952853087602
0.940651726032496 0.013571324699251
0.938153340021932 0.014205785918151
0.935606905560095 0.014856212726720
0.933012701892219 0.015522559162476
0.930371013501972 0.016204756378101
0.927682130080253 0.016902725763077
0.924946346493432 0.017616345397991
0.922163962751008 0.018345481789800
0.919335283972712 0.019089984680498
0.916460620355050 0.019849667093362
0.913540287137281 0.020624314077141
0.910574604566852 0.021413686507775
0.907563897864277 0.022217525443755
0.904508497187474 0.023035532066128
0.901408737595557 0.023867381137048
0.898264959012098 0.024712720367371
0.895077506187845 0.025571165132201
0.891846728662920 0.026442298951632
0.888572980728485 0.027325672248037
0.885256621387895 0.028220804252912
0.881898014317321 0.029127171084784
0.878497527825878 0.030044241941353
0.875055534815230 0.030971645988868
0.871572412738697 0.031909162177255
0.868048543559867 0.032856547530847
0.864484313710706 0.033813571594517
0.860880114049181 0.034779989856583
0.857236339816402 0.035755551659273
0.853553390593274 0.036739999248541
0.849831670256683 0.037733068558261
0.846071586935203 0.038734475128974
0.842273552964344 0.039743947824630
0.838437984841330 0.040761190339274
0.834565303179429 0.041785909923271
0.830655932661826 0.042817803015819
0.826710301995053 0.043856555324636
0.822728843861975 0.044901846566633
0.818711994874345 0.045953354572668
0.814660195524919 0.047010741435552
0.810573890139155 0.048073663467736
0.806453526826488 0.049141781903391
0.802299557431188 0.050214735439881
0.798112437482808 0.051292171478769
0.793892626146237 0.052373716392234
0.789640586171339 0.053458996142307
0.785356783842216 0.054547609715456
0.781041688926065 0.055639165375227
0.776695774621672 0.056733329404298
0.772319517507513 0.057829903046432
0.767913397489498 0.058928691776154
0.763477897748339 0.060029508917271
0.759013504686565 0.061132184023759
0.754520707875186 0.062236539314520
0.750000000000000 0.063342422967904
0.745451876807570 0.064449668644270
0.740876837050858 0.065558120438973
0.736275382434527 0.066667620335909
0.731648017559931 0.067778009365987
0.726995249869773 0.068889144843436
0.722317589592464 0.070000868556658
0.717615549686164 0.071113037693796
0.712889645782536 0.072225499867827
0.708140396130201 0.073338119267415
0.703368321537900 0.074450762273053
0.698573945317390 0.075563305285287
0.693757793226052 0.076675632797791
0.688920393409234 0.077787628457235
0.684062276342339 0.078899150285945
0.679183974772650 0.080010022548748
0.674286023660908 0.081120054349223
0.669368960122646 0.082229060884567
0.664433323369292 0.083336853822898
0.659479654649035 0.084443215040159
0.654508497187474 0.085547908265660
0.649520396128043 0.086650702483398
0.644515898472236 0.087751371965151
0.639495553019615 0.088849690486704
0.634459910307633 0.089945432540056
0.629409522551260 0.091038382373757
0.624344943582428 0.092128314052366
0.619266728789291 0.093215020047611
0.614175435055328 0.094298292005566
0.609071620698271 0.095377928628175
0.603955845408880 0.096453738498460
0.598828670189563 0.097525528458695
0.593690657292862 0.098593087549300
0.588542370159792 0.099656164759492
0.583384373358051 0.100714498277589
0.578217232520115 0.101767816847606
0.573041514281206 0.102815858558392
0.567857786217152 0.103858332149547
0.562666616782152 0.104894847254663
0.557468575246433 0.105925010266451
0.552264231633827 0.106948425180228
0.547054156659257 0.107964707813362
0.541838921666158 0.108973452632643
0.536619098563816 0.109974253865780
0.531395259764657 0.110966699683942
0.526167978121472 0.111950384341610
0.520937826864600 0.112924906395620
0.515705379539064 0.113889944036285
0.510471209941678 0.114845288182789
0.505235892058123 0.115790739126208
0.500000000000000 0.116726103894637
0.494764107941877 0.117651195699690
0.489528790058322 0.118565478449240
0.484294620460936 0.119467907283821
0.479062173135400 0.120357397577713
0.473832021878528 0.121232889436735
0.468604740235343 0.122093319608629
0.463380901436184 0.122937293165933
0.458161078333842 0.123762878357236
0.452945843340743 0.124568112505684
0.447735768366173 0.125351069000025
0.442531424753567 0.126109849074605
0.437333383217848 0.126842674205729
0.432142213782848 0.127547967348007
0.426958485718794 0.128224188535540
0.421782767479885 0.128869841032664
0.416615626641949 0.129483453463152
0.411457629840209 0.130063481636807
0.406309342707138 0.130608180454439
0.401171329810437 0.131115819945586
0.396044154591120 0.131584717271668
0.390928379301729 0.132013233601884
0.385824564944672 0.132400421400421
0.380733271210710 0.132746665195243
0.375655056417573 0.133052512495524
0.370590477448740 0.133318511665106
0.365540089692367 0.133545214192245
0.360504446980385 0.133733433558319
0.355484101527764 0.133884485647250
0.350479603871957 0.133999730616865
0.345491502812526 0.134080514054904
0.340520345350965 0.134128166893071
0.335566676630708 0.134143910380280
0.330631039877354 0.134128804848807
0.325713976339092 0.134083889248679
0.320816025227350 0.134010195033785
0.315937723657661 0.133908749398814
0.311079606590766 0.133780691670401
0.306242206773949 0.133627281861636
0.301426054682610 0.133449769564327
0.296631678462100 0.133249391314420
0.291859603869799 0.133027295820066
0.287110354217464 0.132783894896011
0.282384450313836 0.132519183674420
0.277682410407536 0.132233166040500
0.273004750130227 0.131925863564022
0.268351982440069 0.131597176615771
0.263724617565473 0.131246534492205
0.259123162949143 0.130873290727920
0.254548123192430 0.130476837225625
0.250000000000000 0.130056601567752
0.245479292124815 0.129612146632118
0.240986495313435 0.129143159146603
0.236522102251661 0.128649362525495
0.232086602510502 0.128130512523700
0.227680482492487 0.127586368501735
0.223304225378328 0.127016647249761
0.218958311073935 0.126421078289107
0.214643216157784 0.125799424512608
0.210359413828661 0.125151504892820
0.206107373853763 0.124477388462256
0.201887562517192 0.123777276134788
0.197700442568813 0.123051393121035
0.193546473173512 0.122299944495632
0.189426109860845 0.121522300266704
0.185339804475081 0.120717119124084
0.181288005125655 0.119883118519097
0.177271156138025 0.119019063714001
0.173289698004947 0.118123344082712
0.169344067338174 0.117193951999937
0.165434696820571 0.116228967356750
0.161562015158670 0.115226529983053
0.157726447035656 0.114184665543832
0.153928413064797 0.113101297078421
0.150168329743317 0.111974417872816
0.146446609406726 0.110802324701805
0.142763660183598 0.109584970740854
0.139119885950819 0.108323024221229
0.135515686289294 0.107017173433520
0.131951456440133 0.105669656496250
0.128427587261303 0.104285984602506
0.124944465184770 0.102872017360788
0.121502472174122 0.101433411917285
0.118101985682679 0.099975100530632
0.114743378612105 0.098501623075361
0.111427019271515 0.097017392382447
0.108153271337080 0.095526799288692
0.104922493812155 0.094034138210827
0.101735040987902 0.092543550635123
0.098591262404443 0.091058999191900
0.095491502812526 0.089584210150639
0.092436102135723 0.088122676189385
0.089425395433148 0.086675271668644
0.086459712862719 0.085237999243906
0.083539379644950 0.083806653708298
0.080664716027288 0.082377280232394
0.077836037248993 0.080946202444980
0.075053653506568 0.079509998395744
0.072317869919747 0.078065613121162
0.069628986498028 0.076610320626202
0.066987298107781 0.075141690327573
0.064393094439905 0.073658299502118
0.061846659978068 0.072159535453398
0.059348273967504 0.070644919476285
0.056898210384393 0.069113973388244
0.054496737905816 0.067566330955833
0.052144119880294 0.066001656581606
0.049840614298903 0.064419557638127
0.047586473766990 0.062819837319430
0.045381945476466 0.061203045607910
0.043227271178700 0.059570067515154
0.041122687158010 0.057923577196834
0.039068424205750 0.056267815961737
0.037064707595003 0.054606909423676
0.035111757055874 0.052944547510544
0.033209786751399 0.051284463330608
0.031359005254054 0.049630332614218
0.029559615522887 0.047985848584666
0.027811814881260 0.046354389507373
0.026115794995207 0.044739375596199
0.024471741852423 0.043144546018097
0.022879835741862 0.041573092910243
0.021340251233966 0.040026684955018
0.019853157161529 0.038504421290521
0.018418716601171 0.037000265521132
0.017037086855466 0.035508684260128
0.015708419435685 0.034025713791759
0.014432860045182 0.032548117988180
0.013210548563420 0.031073273268554
0.012041619030626 0.029599421734983
0.010926199633097 0.028125514170431
0.009864412689139 0.026651619281479
0.008856374635656 0.025178630040279
0.007902196015379 0.023708168350350
0.007001981464748 0.022241539682277
0.006155829702431 0.020779919133844
0.005363833518506 0.019324387106020
0.004626079764278 0.017875829367254
0.003942649342761 0.016435134816147
0.003313617199802 0.015003176995808
0.002739052315863 0.013580626390287
0.002219017698460 0.012168111333437
0.001753570375248 0.010766384875244
0.001342761387771 0.009375875044088
0.000986635785864 0.007997253852295
0.000685232622713 0.006630918147499
0.000438584950571 0.005277393192010
0.000246719817134 0.003937153940963
0.000109658262577 0.002610518746874
0.000027415317244 0.001298098880240
0.000000000000000 0.000000000000000
0.000027415317244 -0.001283304664063
0.000109658262577 -0.002551427479256
0.000246719817134 -0.003804464866677
0.000438584950571 -0.005048347137293
0.000685232622713 -0.006291142875578
0.000986635785864 -0.007535018608447
0.001342761387771 -0.008779949619806
0.001753570375248 -0.010024947456928
0.002219017698460 -0.011268780883476
0.002739052315863 -0.012509794646850
0.003313617199802 -0.013746251231807
0.003942649342761 -0.014976213827419
0.004626079764278 -0.016197501571548
0.005363833518506 -0.017407900548580
0.006155829702431 -0.018604919247553
0.007001981464748 -0.019785895228300
0.007902196015379 -0.020948025420746
0.008856374635656 -0.022088252082357
0.009864412689139 -0.023203246055869
0.010926199633097 -0.024289466102367
0.012041619030626 -0.025342947039977
0.013210548563420 -0.026359525062283
0.014432860045182 -0.027334990752650
0.015708419435684 -0.028268566273656
0.017037086855466 -0.029163864603684
0.018418716601171 -0.030024957351709
0.019853157161528 -0.030856368707577
0.021340251233966 -0.031662953962533
0.022879835741862 -0.032450158559939
0.024471741852423 -0.033224571409763
0.026115794995207 -0.033994454371197
0.027811814881259 -0.034766115041028
0.029559615522887 -0.035539409185918
0.031359005254054 -0.036312874893521
0.033209786751399 -0.037083437644055
0.035111757055874 -0.037847515618996
0.037064707595003 -0.038601699547251
0.039068424205750 -0.039342566349909
0.041122687158009 -0.040066501298137
0.043227271178699 -0.040769685081189
0.045381945476466 -0.041447990701024
0.047586473766990 -0.042096873853524
0.049840614298903 -0.042711783122883
0.052144119880293 -0.043289215196139
0.054496737905816 -0.043825976563923
0.056898210384393 -0.044320563260104
0.059348273967504 -0.044773438698499
0.061846659978068 -0.045185240319527
0.064393094439905 -0.045556391342479
0.066987298107781 -0.045887377255238
0.069628986498028 -0.046178878541965
0.072317869919747 -0.046431779680240
0.075053653506568 -0.046647219041231
0.077836037248992 -0.046826768580070
0.080664716027288 -0.046972413659276
0.083539379644950 -0.047086486150815
0.086459712862719 -0.047171776224498
0.089425395433148 -0.047231490591357
0.092436102135723 -0.047269403240638
0.095491502812526 -0.047290209868788
0.098591262404443 -0.047299184218094
0.101735040987902 -0.047300672407185
0.104922493812155 -0.047296228840438
0.108153271337080 -0.047287131191227
0.111427019271514 -0.047274184132072
0.114743378612105 -0.047256995959198
0.118101985682679 -0.047234992118812
0.121502472174122 -0.047207689537738
0.124944465184770 -0.047174912273535
0.128427587261303 -0.047136539556720
0.131951456440133 -0.047092434336184
0.135515686289294 -0.047042369292517
0.139119885950819 -0.046986088314023
0.142763660183598 -0.046923331963469
0.146446609406726 -0.046853866354244
0.150168329743317 -0.046777472583390
0.153928413064796 -0.046693930177086
0.157726447035656 -0.046603028182883
0.161562015158669 -0.046504570176193
0.165434696820571 -0.046398363013807
0.169344067338174 -0.046284213336592
0.173289698004947 -0.046161936553887
0.177271156138025 -0.046031350168951
0.181288005125655 -0.045892274064464
0.185339804475081 -0.045744515931177
0.189426109860845 -0.045587855429204
0.193546473173511 -0.045422067541572
0.197700442568812 -0.045246933792413
0.201887562517192 -0.045062430736862
0.206107373853763 -0.044868762174462
0.210359413828660 -0.044666161529758
0.214643216157784 -0.044454883612430
0.218958311073935 -0.044235251255152
0.223304225378328 -0.044007640935273
0.227680482492486 -0.043772452301671
0.232086602510501 -0.043530109702178
0.236522102251661 -0.043281053035081
0.240986495313435 -0.043025739811506
0.245479292124814 -0.042764650888704
0.250000000000000 -0.042498287407534
0.254548123192429 -0.042227160222333
0.259123162949142 -0.041951791355951
0.263724617565473 -0.041672722916464
0.268351982440069 -0.041390515715263
0.273004750130227 -0.041105798634625
0.277682410407536 -0.040819280363368
0.282384450313836 -0.040531701190972
0.287110354217464 -0.040243818736520
0.291859603869799 -0.039956307880116
0.296631678462100 -0.039669484916419
0.301426054682609 -0.039383590366102
0.306242206773948 -0.039098871110607
0.311079606590766 -0.038815558083340
0.315937723657661 -0.038533638760463
0.320816025227350 -0.038252917291378
0.325713976339092 -0.037973184204487
0.330631039877354 -0.037694224972810
0.335566676630708 -0.037415839361314
0.340520345350965 -0.037137890127512
0.345491502812526 -0.036860249861279
0.350479603871956 -0.036582785960510
0.355484101527764 -0.036305364122726
0.360504446980385 -0.036027818747227
0.365540089692367 -0.035749961549316
0.370590477448739 -0.035471593443306
0.375655056417572 -0.035192513222160
0.380733271210709 -0.034912523895259
0.385824564944672 -0.034631484691824
0.390928379301728 -0.034349283289737
0.396044154591120 -0.034065805309154
0.401171329810437 -0.033780938232881
0.406309342707137 -0.033494597979023
0.411457629840208 -0.033206858808838
0.416615626641949 -0.032917834092517
0.421782767479884 -0.032627642051955
0.426958485718794 -0.032336399719762
0.432142213782848 -0.032044215488385
0.437333383217848 -0.031751175465825
0.442531424753567 -0.031457361051938
0.447735768366173 -0.031162856719089
0.452945843340743 -0.030867745263001
0.458161078333842 -0.030572116696285
0.463380901436184 -0.030276072453617
0.468604740235343 -0.029979716241660
0.473832021878528 -0.029683151838589
0.479062173135400 -0.029386484436966
0.484294620460935 -0.029089799279331
0.489528790058321 -0.028793160369561
0.494764107941877 -0.028496628843621
0.500000000000000 -0.028200266449085
0.505235892058122 -0.027904132803487
0.510471209941678 -0.027608263530210
0.515705379539064 -0.027312665523978
0.520937826864600 -0.027017345052267
0.526167978121472 -0.026722309037691
0.531395259764656 -0.026427563873569
0.536619098563816 -0.026133122801807
0.541838921666157 -0.025839002960308
0.547054156659257 -0.025545222364926
0.552264231633827 -0.025251798253821
0.557468575246433 -0.024958749771833
0.562666616782152 -0.024666089554944
0.567857786217152 -0.024373830057215
0.573041514281206 -0.024081982428745
0.578217232520115 -0.023790560953401
0.583384373358051 -0.023499578716905
0.588542370159791 -0.023209061558256
0.593690657292862 -0.022919037834575
0.598828670189563 -0.022629536083447
0.603955845408879 -0.022340583706217
0.609071620698271 -0.022052212996145
0.614175435055328 -0.021764462957451
0.619266728789290 -0.021477372364327
0.624344943582427 -0.021190981438659
0.629409522551260 -0.020905329161715
0.634459910307633 -0.020620452658473
0.639495553019614 -0.020336388657229
0.644515898472235 -0.020053172228392
0.649520396128043 -0.019770840536609
0.654508497187474 -0.019489428215666
0.659479654649035 -0.019208971760963
0.664433323369291 -0.018929508776173
0.669368960122646 -0.018651075415793
0.674286023660907 -0.018373706427645
0.679183974772650 -0.018097437125429
0.684062276342339 -0.017822300131956
0.688920393409233 -0.017548327945006
0.693757793226051 -0.017275553013938
0.698573945317390 -0.017004004645113
0.703368321537900 -0.016733707211414
0.708140396130200 -0.016464684624386
0.712889645782536 -0.016196962107827
0.717615549686163 -0.015930561484562
0.722317589592464 -0.015665509733558
0.726995249869773 -0.015401831568332
0.731648017559930 -0.015139551277110
0.736275382434527 -0.014878693678840
0.740876837050857 -0.014619284830138
0.745451876807570 -0.014361347737552
0.750000000000000 -0.014104908747386
0.754520707875185 -0.013849991448133
0.759013504686565 -0.013596621178548
0.763477897748338 -0.013344821636572
0.767913397489498 -0.013094617439626
0.772319517507513 -0.012846034841450
0.776695774621672 -0.012599096914781
0.781041688926065 -0.012353828546406
0.785356783842216 -0.012110254202942
0.789640586171339 -0.011868400587168
0.793892626146236 -0.011628297676523
0.798112437482808 -0.011389978255489
0.802299557431187 -0.011153472550097
0.806453526826488 -0.010918810014965
0.810573890139155 -0.010686023311022
0.814660195524918 -0.010455140915307
0.818711994874345 -0.010226191950464
0.822728843861975 -0.009999206156585
0.826710301995052 -0.009774212132027
0.830655932661826 -0.009551238693397
0.834565303179429 -0.009330313216536
0.838437984841330 -0.009111462972214
0.842273552964344 -0.008894714121629
0.846071586935203 -0.008680095108935
0.849831670256683 -0.008467631291707
0.853553390593274 -0.008257349437117
0.857236339816401 -0.008049273706320
0.860880114049181 -0.007843428951302
0.864484313710706 -0.007639840730793
0.868048543559867 -0.007438532562037
0.871572412738697 -0.007239528077077
0.875055534815230 -0.007042850299997
0.878497527825878 -0.006848523638329
0.881898014317321 -0.006656570498717
0.885256621387894 -0.006467011016021
0.888572980728485 -0.006279865042844
0.891846728662920 -0.006095150912867
0.895077506187845 -0.005912886907296
0.898264959012098 -0.005733090019637
0.901408737595557 -0.005555779219604
0.904508497187474 -0.005380971452499
0.907563897864277 -0.005208682800027
0.910574604566852 -0.005038931963317
0.913540287137281 -0.004871735307059
0.916460620355049 -0.004707109254256
0.919335283972712 -0.004545070582339
0.922163962751007 -0.004385636133302
0.924946346493432 -0.004228821032202
0.927682130080253 -0.004074641852877
0.930371013501972 -0.003923114795097
0.933012701892219 -0.003774254257792
0.935606905560095 -0.003628076281327
0.938153340021932 -0.003484596091982
0.940651726032496 -0.003343827047027
0.943101789615607 -0.003205786283900
0.945503262094184 -0.003070486088766
0.947855880119706 -0.002937941272501
0.950159385701097 -0.002808166470892
0.952413526233010 -0.002681174122001
0.954618054523534 -0.002556978817416
0.956772728821300 -0.002435592688606
0.958877312841991 -0.002317029057379
0.960931575794250 -0.002201300807085
0.962935292404997 -0.002088420329855
0.964888242944126 -0.001978398623410
0.966790213248601 -0.001871249536904
0.968640994745946 -0.001766982146794
0.970440384477113 -0.001665609973449
0.972188185118740 -0.001567143208525
0.973884205004793 -0.001471592542419
0.975528258147577 -0.001378967126364
0.977120164258138 -0.001289280079176
0.978659748766034 -0.001202538100733
0.980146842838471 -0.001118752420027
0.981581283398829 -0.001037932245021
0.982962913144534 -0.000960085939179
0.984291580564316 -0.000885222321592
0.985567139954818 -0.000813349443298
0.986789451436580 -0.000744475276236
0.987958380969374 -0.000678608849361
0.989073800366903 -0.000615755776537
0.990135587310861 -0.000555924080150
0.991143625364344 -0.000499119336979
0.992097803984621 -0.000445349405165
0.992998018535252 -0.000394618881605
0.993844170297569 -0.000346934021690
0.994636166481494 -0.000302301371602
0.995373920235722 -0.000260724158843
0.996057350657239 -0.000222207632981
0.996686382800198 -0.000186756657592
0.997260947684137 -0.000154375337409
0.997780982301540 -0.000125066782296
0.998246429624752 -0.000098833947125
0.998657238612229 -0.000075680665625
0.999013364214136 -0.000055608249640
0.999314767377287 -0.000038621127907
0.999561415049429 -0.000024719339682
0.999753280182866 -0.000013906169584
0.999890341737423 -0.000006180718703
0.999972584682756 -0.000001545181220
1.000000000000000 0.000000000000000
