1.000000000000000 0.000000000000000
0.999972584682756 0.000004520822706
0.999890341737423 0.000018083109206
0.999753280182866 0.000040686315349
0.999561415049429 0.000072323619899
0.999314767377287 0.000112993762549
0.999013364214136 0.000162689215703
0.998657238612229 0.000221399151109
0.998246429624752 0.000289121279538
0.997780982301540 0.000365841156607
0.997260947684137 0.000451549941000
0.996686382800198 0.000546229622309
0.996057350657239 0.000649873732854
0.995373920235722 0.000762460755986
0.994636166481494 0.000883977794421
0.993844170297569 0.001014405809674
0.992998018535252 0.001153728508899
0.992097803984621 0.001301920550480
0.991143625364344 0.001458965291683
0.990135587310861 0.001624837091522
0.989073800366903 0.001799516102460
0.987958380969374 0.001982973536968
0.986789451436580 0.002175189405554
0.985567139954818 0.002376131890201
0.984291580564316 0.002585778028687
0.982962913144534 0.002804093100034
0.981581283398829 0.003031057195332
0.980146842838472 0.003266629876119
0.978659748766034 0.003510788527497
0.977120164258138 0.003763498922199
0.975528258147577 0.004024727047909
0.973884205004793 0.004294439143946
0.972188185118741 0.004572607623789
0.970440384477113 0.004859190513058
0.968640994745946 0.005154155035465
0.966790213248601 0.005457468819991
0.964888242944126 0.005769094061576
0.962935292404997 0.006088996385443
0.960931575794250 0.006417136069531
0.958877312841991 0.006753476905211
0.956772728821300 0.007097980361298
0.954618054523534 0.007450611501703
0.952413526233010 0.007811333152585
0.950159385701097 0.008180108882630
0.947855880119706 0.008556894240194
0.945503262094184 0.008941657343988
0.943101789615607 0.009334358377160
0.940651726032496 0.009734958436597
0.938153340021932 0.010143422508043
0.935606905560095 0.010559710705877
0.933012701892219 0.010983787116537
0.930371013501972 0.011415613971513
0.927682130080253 0.011855154620740
0.924946346493432 0.012302373573086
0.922163962751008 0.012757230670824
0.919335283972712 0.013219695794294
0.916460620355050 0.013689731289182
0.913540287137281 0.014167300803932
0.910574604566852 0.014652372286170
0.907563897864277 0.015144912166552
0.904508497187474 0.015644888271776
0.901408737595557 0.016152266797924
0.898264959012098 0.016667018312858
0.895077506187845 0.017189109368907
0.891846728662920 0.017718514367136
0.888572980728485 0.018255203100149
0.885256621387895 0.018799142041747
0.881898014317321 0.019350307352657
0.878497527825878 0.019908671433746
0.875055534815230 0.020474215260301
0.871572412738697 0.021046923929520
0.868048543559867 0.021626742741054
0.864484313710706 0.022213573146289
0.860880114049181 0.022807316744124
0.857236339816402 0.023407855032099
0.853553390593274 0.024015050468176
0.849831670256683 0.024628763835101
0.846071586935203 0.025248851654723
0.842273552964344 0.025875173705591
0.838437984841330 0.026507576230956
0.834565303179429 0.027145902914888
0.830655932661826 0.027789989168355
0.826710301995053 0.028439668589345
0.822728843861975 0.029094764220875
0.818711994874345 0.029755100384482
0.814660195524919 0.030420490745354
0.810573890139155 0.031090741363677
0.806453526826488 0.031765659675983
0.802299557431188 0.032445045504356
0.798112437482808 0.033128690963158
0.793892626146237 0.033816382500125
0.789640586171339 0.034507904235895
0.785356783842216 0.035203026903088
0.781041688926065 0.035901527063707
0.776695774621672 0.036603175338168
0.772319517507513 0.037307738856481
0.767913397489498 0.038014978087826
0.763477897748339 0.038724667417739
0.759013504686565 0.039436573913053
0.754520707875186 0.040150476473935
0.750000000000000 0.040866139420632
0.745451876807570 0.041583325193749
0.740876837050858 0.042301792013274
0.736275382434527 0.043021298032822
0.731648017559931 0.043741587525201
0.726995249869773 0.044462417081602
0.722317589592464 0.045183532975586
0.717615549686164 0.045904673646428
0.712889645782536 0.046625588950355
0.708140396130201 0.047346007893549
0.703368321537900 0.048065666608650
0.698573945317390 0.048784296431802
0.693757793226052 0.049501621608417
0.688920393409234 0.050217378286357
0.684062276342339 0.050931300957889
0.679183974772650 0.051643128937713
0.674286023660908 0.052352595356498
0.669368960122646 0.053059459543453
0.664433323369292 0.053763538453408
0.659479654649035 0.054464678411453
0.654508497187474 0.055162719670248
0.649520396128043 0.055857501493409
0.644515898472236 0.056548868562355
0.639495553019615 0.057236656739494
0.634459910307633 0.057920708531861
0.629409522551260 0.058600865767150
0.624344943582428 0.059276971588754
0.619266728789291 0.059948869096755
0.614175435055328 0.060616402895741
0.609071620698271 0.061279417241346
0.603955845408880 0.061937763334523
0.598828670189563 0.062591297800236
0.593690657292862 0.063239892335933
0.588542370159792 0.063883421753105
0.583384373358051 0.064521761078864
0.578217232520115 0.065154763961114
0.573041514281206 0.065781953045021
0.567857786217152 0.066402640846292
0.562666616782152 0.067016138840138
0.557468575246433 0.067621757124507
0.552264231633827 0.068218799834344
0.547054156659257 0.068806570711566
0.541838921666158 0.069384369102631
0.536619098563816 0.069951494097219
0.531395259764657 0.070507254310046
0.526167978121472 0.071050946862125
0.520937826864600 0.071581854504210
0.515705379539064 0.072099254631910
0.510471209941678 0.072602432854067
0.505235892058123 0.073090680458659
0.500000000000000 0.073563332900144
0.494764107941877 0.074019842143317
0.489528790058322 0.074459681631961
0.484294620460936 0.074882332328326
0.479062173135400 0.075287288745721
0.473832021878528 0.075674434765418
0.468604740235343 0.076044412777762
0.463380901436184 0.076397949979320
0.458161078333842 0.076735778871530
0.452945843340743 0.077058631365583
0.447735768366173 0.077367187977970
0.442531424753567 0.077662051139588
0.437333383217848 0.077943818113669
0.432142213782848 0.078213088697200
0.426958485718794 0.078470461398494
0.421782767479885 0.078716605208838
0.416615626641949 0.078952262948286
0.411457629840209 0.079178176600137
0.406309342707138 0.079395085122944
0.401171329810437 0.079603701905677
0.396044154591120 0.079804450442813
0.390928379301729 0.079997550748999
0.385824564944672 0.080183217121650
0.380733271210710 0.080361663319978
0.375655056417573 0.080532979564799
0.370590477448740 0.080696427714469
0.365540089692367 0.080850944016251
0.360504446980385 0.080995488261928
0.355484101527764 0.081129042357087
0.350479603871957 0.081250660769593
0.345491502812526 0.081359552500740
0.340520345350965 0.081454972957553
0.335566676630708 0.081536201214559
0.330631039877354 0.081602537915433
0.325713976339092 0.081653279666064
0.320816025227350 0.081687718234801
0.315937723657661 0.081705170169676
0.311079606590766 0.081704978850603
0.306242206773949 0.081686520626828
0.301426054682610 0.081649225092581
0.296631678462100 0.081592556853085
0.291859603869799 0.081516007829005
0.287110354217464 0.081419111729652
0.282384450313836 0.081301760117928
0.277682410407536 0.081164197411256
0.273004750130227 0.081006690762074
0.268351982440069 0.080829513693874
0.263724617565473 0.080632941936847
0.259123162949143 0.080417244212926
0.254548123192430 0.080182692888414
0.250000000000000 0.079929569245733
0.245479292124815 0.079658169894662
0.240986495313435 0.079368819259462
0.236522102251661 0.079061856048659
0.232086602510502 0.078737624791777
0.227680482492487 0.078396467545136
0.223304225378328 0.078038663519967
0.218958311073935 0.077664481038599
0.214643216157784 0.077274195178694
0.210359413828661 0.076868146756169
0.206107373853763 0.076446939021014
0.201887562517192 0.076011246357002
0.197700442568813 0.075561744180443
0.193546473173512 0.075098549609785
0.189426109860845 0.074620186468089
0.185339804475081 0.074124971158683
0.181288005125655 0.073611312116368
0.177271156138025 0.073077314137693
0.173289698004947 0.072520690263314
0.169344067338174 0.071939251092421
0.165434696820571 0.071330933602468
0.161562015158670 0.070693813022584
0.157726447035656 0.070026073854548
0.153928413064797 0.069326038344663
0.150168329743317 0.068592445582807
0.146446609406726 0.067824554028840
0.142763660183598 0.067021707219359
0.139119885950819 0.066184394130529
0.135515686289294 0.065316278578729
0.131951456440133 0.064421528089571
0.128427587261303 0.063504115974888
0.124944465184770 0.062567575700752
0.121502472174122 0.061615216647805
0.118101985682679 0.060650246802600
0.114743378612105 0.059675725451247
0.111427019271515 0.058694574962085
0.108153271337080 0.057709676888154
0.104922493812155 0.056724132933118
0.101735040987902 0.055740973955711
0.098591262404443 0.054762432060236
0.095491502812526 0.053789062246798
0.092436102135723 0.052821085341082
0.089425395433148 0.051856856948826
0.086459712862719 0.050892591308240
0.083539379644950 0.049924742245286
0.080664716027288 0.048950447521846
0.077836037248993 0.047967284993898
0.075053653506568 0.046973167876889
0.072317869919747 0.045966379111438
0.069628986498028 0.044945882163448
0.066987298107781 0.043913979766742
0.064393094439905 0.042874269831524
0.061846659978068 0.041830065590846
0.059348273967504 0.040784380342369
0.056898210384393 0.039740076429985
0.054496737905816 0.038699875629171
0.052144119880294 0.037666394776056
0.049840614298903 0.036642371376177
0.047586473766990 0.035630063574322
0.045381945476466 0.034629428774891
0.043227271178700 0.033639747275640
0.041122687158010 0.032659774770094
0.039068424205750 0.031688238279756
0.037064707595003 0.030724184504034
0.035111757055874 0.029766883916948
0.033209786751399 0.028815702399784
0.031359005254054 0.027870124508227
0.029559615522887 0.026929746838973
0.027811814881260 0.025994291729919
0.026115794995207 0.025063675105282
0.024471741852423 0.024137787100771
0.022879835741862 0.023216341103080
0.021340251233966 0.022298371805834
0.019853157161529 0.021382752315566
0.018418716601171 0.020469581883034
0.017037086855466 0.019559924366890
0.015708419435685 0.018655645619134
0.014432860045182 0.017759180318179
0.013210548563420 0.016873516817776
0.012041619030626 0.016002418465556
0.010926199633097 0.015147199780668
0.009864412689139 0.014306640059437
0.008856374635656 0.013478934552194
0.007902196015379 0.012662463727047
0.007001981464748 0.011856228924177
0.006155829702431 0.011059423643098
0.005363833518506 0.010271436056856
0.004626079764278 0.009491740995366
0.003942649342761 0.008719964784156
0.003313617199802 0.007955796080971
0.002739052315863 0.007198945056055
0.002219017698460 0.006449179221327
0.001753570375248 0.005706368142766
0.001342761387771 0.004970340529195
0.000986635785864 0.004240985840422
0.000685232622713 0.003518153158199
0.000438584950571 0.002801821930078
0.000246719817134 0.002091872776611
0.000109658262577 0.001388337698733
0.000027415317244 0.000691017000553
0.000000000000000 0.000000000000000
0.000027415317244 -0.000684721584309
0.000109658262577 -0.001369481382887
0.000246719817134 -0.002062584057213
0.000438584950571 -0.002764262449518
0.000685232622713 -0.003473414283476
0.000986635785864 -0.004188731330060
0.001342761387771 -0.004908538938710
0.001753570375248 -0.005631064594555
0.002219017698460 -0.006354353852072
0.002739052315863 -0.007076228205297
0.003313617199802 -0.007794236106285
0.003942649342761 -0.008505646689423
0.004626079764278 -0.009207465130853
0.005363833518506 -0.009896166572765
0.006155829702431 -0.010567826267437
0.007001981464748 -0.011217952752335
0.007902196015379 -0.011841133987812
0.008856374635656 -0.012431234664226
0.009864412689139 -0.012981149191822
0.010926199633097 -0.013481746798870
0.012041619030626 -0.013920823672208
0.013210548563420 -0.014288935883880
0.014432860045182 -0.014579847776073
0.015708419435684 -0.014792315169087
0.017037086855466 -0.014928413365984
0.018418716601171 -0.014992349151856
0.019853157161528 -0.014990523166971
0.021340251233966 -0.014932303544658
0.022879835741862 -0.014831014242049
0.024471741852423 -0.014704656631571
0.026115794995207 -0.014565392656563
0.027811814881259 -0.014416632942594
0.029559615522887 -0.014259330810496
0.031359005254054 -0.014092879413414
0.033209786751399 -0.013917406099385
0.035111757055874 -0.013733486459886
0.037064707595003 -0.013541606358297
0.039068424205750 -0.013342296567831
0.041122687158009 -0.013136252439593
0.043227271178699 -0.012924324799580
0.045381945476466 -0.012707592187412
0.047586473766990 -0.012487205324755
0.049840614298903 -0.012264045745705
0.052144119880293 -0.012038794086400
0.054496737905816 -0.011811253700563
0.056898210384393 -0.011580921444206
0.059348273967504 -0.011347362812835
0.061846659978068 -0.011110138161721
0.064393094439905 -0.010868722386867
0.066987298107781 -0.010622518288582
0.069628986498028 -0.010370798538880
0.072317869919747 -0.010112702626632
0.075053653506568 -0.009847703581890
0.077836037248992 -0.009576394027673
0.080664716027288 -0.009299634596746
0.083539379644950 -0.009018458087136
0.086459712862719 -0.008734041520601
0.089425395433148 -0.008447734347042
0.092436102135723 -0.008161101377594
0.095491502812526 -0.007875753448609
0.098591262404443 -0.007592743449297
0.101735040987902 -0.007312888526169
0.104922493812155 -0.007036773409585
0.108153271337080 -0.006764379093619
0.111427019271514 -0.006495574705706
0.114743378612105 -0.006230297085567
0.118101985682679 -0.005968556649481
0.121502472174122 -0.005710346383449
0.124944465184770 -0.005455609461063
0.128427587261303 -0.005204254050585
0.131951456440133 -0.004956158886291
0.135515686289294 -0.004711155125753
0.139119885950819 -0.004469039442516
0.142763660183598 -0.004229596972329
0.146446609406726 -0.003992728995464
0.150168329743317 -0.003758385622098
0.153928413064796 -0.003526510838272
0.157726447035656 -0.003297152840279
0.161562015158669 -0.003070424213411
0.165434696820571 -0.002846436381847
0.169344067338174 -0.002625275234281
0.173289698004947 -0.002407004789910
0.177271156138025 -0.002191676304964
0.181288005125655 -0.001979340321681
0.185339804475081 -0.001770041461228
0.189426109860845 -0.001563816550372
0.193546473173511 -0.001360702901466
0.197700442568812 -0.001160762608264
0.201887562517192 -0.000964081062543
0.206107373853763 -0.000770741436467
0.210359413828660 -0.000580824595130
0.214643216157784 -0.000394416540403
0.218958311073935 -0.000211603661319
0.223304225378328 -0.000032466771083
0.227680482492486 0.000142914513397
0.232086602510501 0.000314468539543
0.236522102251661 0.000482123712743
0.240986495313435 0.000645815445452
0.245479292124814 0.000805479913081
0.250000000000000 0.000961060252582
0.254548123192429 0.001112501321408
0.259123162949142 0.001259752126984
0.263724617565473 0.001402760909945
0.268351982440069 0.001541476273727
0.273004750130227 0.001675848326769
0.277682410407536 0.001805831440962
0.282384450313836 0.001931397177148
0.287110354217464 0.002052539716174
0.291859603869799 0.002169258709407
0.296631678462100 0.002281559162239
0.301426054682609 0.002389472342194
0.306242206773948 0.002493097360880
0.311079606590766 0.002592549753278
0.315937723657661 0.002687952166213
0.320816025227350 0.002779432394470
0.325713976339092 0.002867116702083
0.330631039877354 0.002951133604093
0.335566676630708 0.003031617852267
0.340520345350965 0.003108709670602
0.345491502812526 0.003182554953001
0.350479603871956 0.003253303478557
0.355484101527764 0.003321110567468
0.360504446980385 0.003386136910030
0.365540089692367 0.003448549316897
0.370590477448739 0.003508531310918
0.375655056417572 0.003566275481643
0.380733271210709 0.003621979797264
0.385824564944672 0.003675845983918
0.390928379301728 0.003728000827442
0.396044154591120 0.003778391601669
0.401171329810437 0.003826940513306
0.406309342707137 0.003873570105304
0.411457629840208 0.003918202088036
0.416615626641949 0.003960746456462
0.421782767479884 0.004001100638517
0.426958485718794 0.004039161891262
0.432142213782848 0.004074827390962
0.437333383217848 0.004107994956766
0.442531424753567 0.004138567102986
0.447735768366173 0.004166449015644
0.452945843340743 0.004191546442085
0.458161078333842 0.004213765855485
0.463380901436184 0.004233014188826
0.468604740235343 0.004249197523168
0.473832021878528 0.004262222437262
0.479062173135400 0.004271996501680
0.484294620460935 0.004278428444595
0.489528790058321 0.004281471389271
0.494764107941877 0.004281206874101
0.500000000000000 0.004277741200208
0.505235892058122 0.004271182160223
0.510471209941678 0.004261638910704
0.515705379539064 0.004249222017889
0.520937826864600 0.004234043567616
0.526167978121472 0.004216216778607
0.531395259764656 0.004195855607069
0.536619098563816 0.004173074847480
0.541838921666157 0.004147989818097
0.547054156659257 0.004120716073343
0.552264231633827 0.004091369760524
0.557468575246433 0.004060067246329
0.562666616782152 0.004026925079761
0.567857786217152 0.003992059882426
0.573041514281206 0.003955588691164
0.578217232520115 0.003917627911199
0.583384373358051 0.003878294014011
0.588542370159791 0.003837702921714
0.593690657292862 0.003795971922590
0.598828670189563 0.003753217194141
0.603955845408879 0.003709554849963
0.609071620698271 0.003665099833201
0.614175435055328 0.003619966118641
0.619266728789290 0.003574266942065
0.624344943582427 0.003528114276140
0.629409522551260 0.003481618490995
0.634459910307633 0.003434889005745
0.639495553019614 0.003388031895062
0.644515898472235 0.003341151330275
0.649520396128043 0.003294349317901
0.654508497187474 0.003247726443286
0.659479654649035 0.003201382716543
0.664433323369291 0.003155421833026
0.669368960122646 0.003109946092266
0.674286023660907 0.003065055292627
0.679183974772650 0.003020839319297
0.684062276342339 0.002977292377060
0.688920393409233 0.002934348644408
0.693757793226051 0.002891943269650
0.698573945317390 0.002850012514669
0.703368321537900 0.002808490514386
0.708140396130200 0.002767307248624
0.712889645782536 0.002726394392656
0.717615549686163 0.002685685663582
0.722317589592464 0.002645116918107
0.726995249869773 0.002604627124922
0.731648017559930 0.002564157262798
0.736275382434527 0.002523650680632
0.740876837050857 0.002483053829353
0.745451876807570 0.002442318746833
0.750000000000000 0.002401400149903
0.754520707875185 0.002360254828457
0.759013504686565 0.002318836268093
0.763477897748338 0.002277086234503
0.767913397489498 0.002234947143869
0.772319517507513 0.002192365845533
0.776695774621672 0.002149361323450
0.781041688926065 0.002106055676519
0.785356783842216 0.002062575823093
0.789640586171339 0.002019045611493
0.793892626146236 0.001975609189816
0.798112437482808 0.001932421028030
0.802299557431187 0.001889628879521
0.806453526826488 0.001847371977605
0.810573890139155 0.001805774911308
0.814660195524918 0.001764955623286
0.818711994874345 0.001725025173209
0.822728843861975 0.001686090733445
0.826710301995052 0.001648253628552
0.830655932661826 0.001611609268651
0.834565303179429 0.001576247137737
0.838437984841330 0.001542250763746
0.842273552964344 0.001509697385816
0.846071586935203 0.001478656862620
0.849831670256683 0.001449188844452
0.853553390593274 0.001421347300591
0.857236339816401 0.001395185488818
0.860880114049181 0.001370765516811
0.864484313710706 0.001348145195504
0.868048543559867 0.001327350332269
0.871572412738697 0.001308343172875
0.875055534815230 0.001291074950737
0.878497527825878 0.001275409248247
0.881898014317321 0.001261083169554
0.885256621387894 0.001247839353766
0.888572980728485 0.001235456668639
0.891846728662920 0.001223743317299
0.895077506187845 0.001212519382542
0.898264959012098 0.001201611254213
0.901408737595557 0.001190856574879
0.904508497187474 0.001180107149031
0.907563897864277 0.001169228540689
0.910574604566852 0.001158098850746
0.913540287137281 0.001146607166212
0.916460620355049 0.001134654414504
0.919335283972712 0.001122152718931
0.922163962751007 0.001109025313627
0.924946346493432 0.001095206054954
0.927682130080253 0.001080639106802
0.930371013501972 0.001065278470924
0.933012701892219 0.001049087879900
0.935606905560095 0.001032040068821
0.938153340021932 0.001014116768020
0.940651726032496 0.000995308195847
0.943101789615607 0.000975612764348
0.945503262094184 0.000955036195811
0.947855880119706 0.000933592178327
0.950159385701097 0.000911300786209
0.952413526233010 0.000888189057144
0.954618054523534 0.000864289886698
0.956772728821300 0.000839642299333
0.958877312841991 0.000814290358736
0.960931575794250 0.000788283365568
0.962935292404997 0.000761675195857
0.964888242944126 0.000734523925778
0.966790213248601 0.000706891744228
0.968640994745946 0.000678843413539
0.970440384477113 0.000650448021154
0.972188185118740 0.000621776559443
0.973884205004793 0.000592902565366
0.975528258147577 0.000563901372857
0.977120164258138 0.000534850164255
0.978659748766034 0.000505827842927
0.980146842838471 0.000476912947465
0.981581283398829 0.000448185383847
0.982962913144534 0.000419725827449
0.984291580564316 0.000391613935432
0.985567139954818 0.000363929184364
0.986789451436580 0.000336750102865
0.987958380969374 0.000310155417572
0.989073800366903 0.000284220948237
0.990135587310861 0.000259022021023
0.991143625364344 0.000234631210963
0.992097803984621 0.000211119663800
0.992998018535252 0.000188556184065
0.993844170297569 0.000167006829498
0.994636166481494 0.000146533910301
0.995373920235722 0.000127198072268
0.996057350657239 0.000109056493271
0.996686382800198 0.000092161359995
0.997260947684137 0.000076563900643
0.997780982301540 0.000062309059292
0.998246429624752 0.000049439574772
0.998657238612229 0.000037992798438
0.999013364214136 0.000028003041725
0.999314767377287 0.000019499558530
0.999561415049429 0.000012507313852
0.999753280182866 0.000007047452750
0.999890341737423 0.000003136017805
0.999972584682756 0.000000784563031
1.000000000000000 0.000000000000000
