1.000000000000000 0.000000000000000
0.999972584682756 0.000005737234287
0.999890341737423 0.000022954227765
0.999753280182866 0.000051629797889
0.999561415049429 0.000091764469025
0.999314767377287 0.000143328620561
0.999013364214136 0.000206295858970
0.998657238612229 0.000280643025426
0.998246429624752 0.000366328043382
0.997780982301540 0.000463308462703
0.997260947684137 0.000571537804061
0.996686382800198 0.000690965608034
0.996057350657239 0.000821530140794
0.995373920235722 0.000963169511712
0.994636166481494 0.001115814388774
0.993844170297569 0.001279391755842
0.992998018535252 0.001453821341295
0.992097803984621 0.001639023018603
0.991143625364344 0.001834905955430
0.990135587310861 0.002041372408829
0.989073800366903 0.002258335953706
0.987958380969374 0.002485685329384
0.986789451436580 0.002723317204165
0.985567139954818 0.002971121794468
0.984291580564316 0.003228983027970
0.982962913144534 0.003496785853284
0.981581283398829 0.003774409196211
0.980146842838472 0.004061722593500
0.978659748766034 0.004358600581552
0.977120164258138 0.004664912148193
0.975528258147577 0.004980520929460
0.973884205004793 0.005305288913092
0.972188185118741 0.005639076586361
0.970440384477113 0.005981743084751
0.968640994745946 0.006333139422297
0.966790213248601 0.006693122568027
0.964888242944126 0.007061538300929
0.962935292404997 0.007438238673243
0.960931575794250 0.007823071816765
0.958877312841991 0.008215885566412
0.956772728821300 0.008616520874493
0.954618054523534 0.009024825564415
0.952413526233010 0.009440637625376
0.950159385701097 0.009863808913603
0.947855880119706 0.010294171873668
0.945503262094184 0.010731579753657
0.943101789615607 0.011175866913948
0.940651726032496 0.011626878868961
0.938153340021932 0.012084459219042
0.935606905560095 0.012548453129979
0.933012701892219 0.013018704288109
0.930371013501972 0.013495058344172
0.927682130080253 0.013977363086937
0.924946346493432 0.014465465433488
0.922163962751008 0.014959221150275
0.919335283972712 0.015458479146641
0.916460620355050 0.015963094354589
0.913540287137281 0.016472921604224
0.910574604566852 0.016987825215071
0.907563897864277 0.017507660545463
0.904508497187474 0.018032295621910
0.901408737595557 0.018561598734511
0.898264959012098 0.019095439445148
0.895077506187845 0.019633695247243
0.891846728662920 0.020176252824232
0.888572980728485 0.020722994951216
0.885256621387895 0.021273821836467
0.881898014317321 0.021828624023289
0.878497527825878 0.022387309128202
0.875055534815230 0.022949778393833
0.871572412738697 0.023515950325184
0.868048543559867 0.024085737534206
0.864484313710706 0.024659064294356
0.860880114049181 0.025235860818373
0.857236339816402 0.025816054958323
0.853553390593274 0.026399589344169
0.849831670256683 0.026986407095617
0.846071586935203 0.027576463050289
0.842273552964344 0.028169707206047
0.838437984841330 0.028766104873872
0.834565303179429 0.029365626487036
0.830655932661826 0.029968249519946
0.826710301995053 0.030573954809044
0.822728843861975 0.031182725614724
0.818711994874345 0.031794552888893
0.814660195524919 0.032409432172065
0.810573890139155 0.033027376122771
0.806453526826488 0.033648419013041
0.802299557431188 0.034272603385704
0.798112437482808 0.034899930817608
0.793892626146237 0.035530276514298
0.789640586171339 0.036163493095253
0.785356783842216 0.036799427931094
0.781041688926065 0.037437898785740
0.776695774621672 0.038078704572829
0.772319517507513 0.038721632531667
0.767913397489498 0.039366473613209
0.763477897748339 0.040013021693570
0.759013504686565 0.040661068608892
0.754520707875186 0.041310409084923
0.750000000000000 0.041960826812102
0.745451876807570 0.042612105041022
0.740876837050858 0.043264024028663
0.736275382434527 0.043916354208174
0.731648017559931 0.044568873303644
0.726995249869773 0.045221356960849
0.722317589592464 0.045873582543785
0.717615549686164 0.046525323347923
0.712889645782536 0.047176349024872
0.708140396130201 0.047826406133002
0.703368321537900 0.048475238147747
0.698573945317390 0.049122586702633
0.693757793226052 0.049768155447022
0.688920393409234 0.050411444474755
0.684062276342339 0.051051849410028
0.679183974772650 0.051688768731902
0.674286023660908 0.052321585560189
0.669368960122646 0.052949677524338
0.664433323369292 0.053572421720443
0.659479654649035 0.054189181785312
0.654508497187474 0.054799321920095
0.649520396128043 0.055402205903678
0.644515898472236 0.055997211689477
0.639495553019615 0.056583724202182
0.634459910307633 0.057161124737464
0.629409522551260 0.057728781146531
0.624344943582428 0.058285983273282
0.619266728789291 0.058831949502053
0.614175435055328 0.059365888435438
0.609071620698271 0.059887007893978
0.603955845408880 0.060394618606806
0.598828670189563 0.060888589949947
0.593690657292862 0.061368970853795
0.588542370159792 0.061835819699971
0.583384373358051 0.062289204275721
0.578217232520115 0.062729344155950
0.573041514281206 0.063156805295444
0.567857786217152 0.063572203153224
0.562666616782152 0.063976168435059
0.557468575246433 0.064369335849222
0.552264231633827 0.064752278655372
0.547054156659257 0.065125490031437
0.541838921666158 0.065489464203519
0.536619098563816 0.065844702463719
0.531395259764657 0.066191717848611
0.526167978121472 0.066531147614685
0.520937826864600 0.066863725287011
0.515705379539064 0.067190190121032
0.510471209941678 0.067511288834265
0.505235892058123 0.067827701771791
0.500000000000000 0.068139501162679
0.494764107941877 0.068446420806233
0.489528790058322 0.068748193726465
0.484294620460936 0.069044556670374
0.479062173135400 0.069335184144333
0.473832021878528 0.069619361012035
0.468604740235343 0.069896223322658
0.463380901436184 0.070164914313900
0.458161078333842 0.070424582705061
0.452945843340743 0.070674411685236
0.447735768366173 0.070913696247192
0.442531424753567 0.071141768963078
0.437333383217848 0.071357970901406
0.432142213782848 0.071561653124509
0.426958485718794 0.071752157183208
0.421782767479885 0.071928778253503
0.416615626641949 0.072090815398275
0.411457629840209 0.072237580747130
0.406309342707138 0.072368403985862
0.401171329810437 0.072482743955568
0.396044154591120 0.072580252808897
0.390928379301729 0.072660610700546
0.385824564944672 0.072723510175228
0.380733271210710 0.072768661047480
0.375655056417573 0.072795865817389
0.370590477448740 0.072805003294547
0.365540089692367 0.072795964952446
0.360504446980385 0.072768653175094
0.355484101527764 0.072722978422352
0.350479603871957 0.072658844982756
0.345491502812526 0.072576164125770
0.340520345350965 0.072474857657321
0.335566676630708 0.072354860121831
0.330631039877354 0.072216101338653
0.325713976339092 0.072058498519945
0.320816025227350 0.071881978299106
0.315937723657661 0.071686480355314
0.311079606590766 0.071471977621342
0.306242206773949 0.071238591993540
0.301426054682610 0.070986509321218
0.296631678462100 0.070715928960735
0.291859603869799 0.070427062972887
0.287110354217464 0.070120443931825
0.282384450313836 0.069796965233471
0.277682410407536 0.069457534978595
0.273004750130227 0.069103050097941
0.268351982440069 0.068734365848629
0.263724617565473 0.068352262197055
0.259123162949143 0.067957498122112
0.254548123192430 0.067550825748124
0.250000000000000 0.067132992166447
0.245479292124815 0.066704762736814
0.240986495313435 0.066266898901908
0.236522102251661 0.065820149457637
0.232086602510502 0.065365235249966
0.227680482492487 0.064902811055121
0.223304225378328 0.064433512652428
0.218958311073935 0.063957955700804
0.214643216157784 0.063476813344996
0.210359413828661 0.062990911523883
0.206107373853763 0.062501083528908
0.201887562517192 0.062008126769568
0.197700442568813 0.061512100489051
0.193546473173512 0.061012066273603
0.189426109860845 0.060507056503764
0.185339804475081 0.059996131794045
0.181288005125655 0.059478031221557
0.177271156138025 0.058951378266852
0.173289698004947 0.058414873630020
0.169344067338174 0.057867341701659
0.165434696820571 0.057307769971810
0.161562015158670 0.056735223910759
0.157726447035656 0.056148853592500
0.153928413064797 0.055547905762705
0.150168329743317 0.054931713305173
0.146446609406726 0.054299733638329
0.142763660183598 0.053652392582051
0.139119885950819 0.052990835268957
0.135515686289294 0.052316202465770
0.131951456440133 0.051629584511515
0.128427587261303 0.050932024051107
0.124944465184770 0.050224540139081
0.121502472174122 0.049508132913592
0.118101985682679 0.048783780341176
0.114743378612105 0.048052451360225
0.111427019271515 0.047315135090569
0.108153271337080 0.046572841802843
0.104922493812155 0.045826527610733
0.101735040987902 0.045076910553352
0.098591262404443 0.044324576479375
0.095491502812526 0.043569191996663
0.092436102135723 0.042807327046398
0.089425395433148 0.042035208325209
0.086459712862719 0.041249559477336
0.083539379644950 0.040447613022856
0.080664716027288 0.039626716101784
0.077836037248993 0.038783704746059
0.075053653506568 0.037915656468221
0.072317869919747 0.037022776273957
0.069628986498028 0.036107932576283
0.066987298107781 0.035174873333301
0.064393094439905 0.034228872241112
0.061846659978068 0.033275030274885
0.059348273967504 0.032317795179039
0.056898210384393 0.031361306113829
0.054496737905816 0.030409536351565
0.052144119880294 0.029466191424692
0.049840614298903 0.028534410122006
0.047586473766990 0.027616430353683
0.045381945476466 0.026710826896828
0.043227271178700 0.025815002276716
0.041122687158010 0.024926760166771
0.039068424205750 0.024044235582485
0.037064707595003 0.023165655196650
0.035111757055874 0.022289422796938
0.033209786751399 0.021414023218415
0.031359005254054 0.020538056648291
0.029559615522887 0.019660075044988
0.027811814881260 0.018778829855943
0.026115794995207 0.017893037220306
0.024471741852423 0.017000711927526
0.022879835741862 0.016104904166353
0.021340251233966 0.015215253392976
0.019853157161529 0.014342950678822
0.018418716601171 0.013497613014192
0.017037086855466 0.012686320698197
0.015708419435685 0.011913687680471
0.014432860045182 0.011181901376807
0.013210548563420 0.010491858344514
0.012041619030626 0.009843605825562
0.010926199633097 0.009232019772685
0.009864412689139 0.008649796063964
0.008856374635656 0.008091265346614
0.007902196015379 0.007552294771643
0.007001981464748 0.007030049990511
0.006155829702431 0.006522382026105
0.005363833518506 0.006027645889080
0.004626079764278 0.005544436305782
0.003942649342761 0.005071781142151
0.003313617199802 0.004608693324853
0.002739052315863 0.004154513835756
0.002219017698460 0.003708607082981
0.001753570375248 0.003270407932866
0.001342761387771 0.002839506498459
0.000986635785864 0.002415527849043
0.000685232622713 0.001998099382919
0.000438584950571 0.001586909471025
0.000246719817134 0.001181747558071
0.000109658262577 0.000782283859593
0.000027415317244 0.000388472512023
0.000000000000000 0.000000000000000
0.000027415317244 -0.000385277613065
0.000109658262577 -0.000775210698113
0.000246719817134 -0.001170637824597
0.000438584950571 -0.001571487137663
0.000685232622713 -0.001977449755772
0.000986635785864 -0.002388227871159
0.001342761387771 -0.002803503876072
0.001753570375248 -0.003222957067475
0.002219017698460 -0.003646230993142
0.002739052315863 -0.004072818423982
0.003313617199802 -0.004502320249191
0.003942649342761 -0.004934180645011
0.004626079764278 -0.005367740310505
0.005363833518506 -0.005802376159813
0.006155829702431 -0.006237161476953
0.007001981464748 -0.006671213707520
0.007902196015379 -0.007103297234766
0.008856374635656 -0.007532009557918
0.009864412689139 -0.007955563544553
0.010926199633097 -0.008371623782846
0.012041619030626 -0.008777227317744
0.013210548563420 -0.009167930550919
0.014432860045182 -0.009538472896324
0.015708419435684 -0.009883405222561
0.017037086855466 -0.010197814845630
0.018418716601171 -0.010477917971333
0.019853157161528 -0.010721992339046
0.021340251233966 -0.010930579558504
0.022879835741862 -0.011107349037544
0.024471741852423 -0.011260529160823
0.026115794995207 -0.011399576371895
0.027811814881259 -0.011528550378114
0.029559615522887 -0.011648218188040
0.031359005254054 -0.011756828457293
0.033209786751399 -0.011853244818776
0.035111757055874 -0.011936565034173
0.037064707595003 -0.012005554407333
0.039068424205750 -0.012058853497199
0.041122687158009 -0.012095007008735
0.043227271178699 -0.012112457628188
0.045381945476466 -0.012109513499162
0.047586473766990 -0.012084076030112
0.049840614298903 -0.012033616476785
0.052144119880293 -0.011956600290978
0.054496737905816 -0.011852691976242
0.056898210384393 -0.011722443097869
0.059348273967504 -0.011567380596004
0.061846659978068 -0.011389377274957
0.064393094439905 -0.011190609667263
0.066987298107781 -0.010973734862256
0.069628986498028 -0.010741963076436
0.072317869919747 -0.010498950365236
0.075053653506568 -0.010248751884179
0.077836037248992 -0.009995143099541
0.080664716027288 -0.009738534322310
0.083539379644950 -0.009478186890179
0.086459712862719 -0.009213371877396
0.089425395433148 -0.008943347885299
0.092436102135723 -0.008667238313386
0.095491502812526 -0.008383938453754
0.098591262404443 -0.008092301545766
0.101735040987902 -0.007791712784742
0.104922493812155 -0.007481857752588
0.108153271337080 -0.007162659565451
0.111427019271514 -0.006834658080635
0.114743378612105 -0.006498538535370
0.118101985682679 -0.006154951715781
0.121502472174122 -0.005804525391547
0.124944465184770 -0.005447934216771
0.128427587261303 -0.005085920385648
0.131951456440133 -0.004719293769712
0.135515686289294 -0.004348927671893
0.139119885950819 -0.003975833259399
0.142763660183598 -0.003601099501021
0.146446609406726 -0.003225813285201
0.150168329743317 -0.002850791657691
0.153928413064796 -0.002476789225977
0.157726447035656 -0.002104500083710
0.161562015158669 -0.001734075304845
0.165434696820571 -0.001365453285716
0.169344067338174 -0.000998561705300
0.173289698004947 -0.000633412200319
0.177271156138025 -0.000270064295274
0.181288005125655 0.000091429554273
0.185339804475081 0.000451049263611
0.189426109860845 0.000808820108114
0.193546473173511 0.001164775792975
0.197700442568812 0.001518948246872
0.201887562517192 0.001871292543161
0.206107373853763 0.002221742981381
0.210359413828660 0.002570238185687
0.214643216157784 0.002916693909426
0.218958311073935 0.003260980814867
0.223304225378328 0.003602972632551
0.227680482492486 0.003942542904516
0.232086602510501 0.004279575740059
0.236522102251661 0.004613969238419
0.240986495313435 0.004945615965348
0.245479292124814 0.005274417480209
0.250000000000000 0.005600271440273
0.254548123192429 0.005923078480816
0.259123162949142 0.006242740523469
0.263724617565473 0.006559163239125
0.268351982440069 0.006872250640229
0.273004750130227 0.007181915309696
0.277682410407536 0.007488065212116
0.282384450313836 0.007790617787628
0.287110354217464 0.008089493630629
0.291859603869799 0.008384621681244
0.296631678462100 0.008675929352281
0.301426054682609 0.008963345737490
0.306242206773948 0.009246715502499
0.311079606590766 0.009525831241430
0.315937723657661 0.009800487055630
0.320816025227350 0.010070470273087
0.325713976339092 0.010335568995842
0.330631039877354 0.010595558675670
0.335566676630708 0.010850217631122
0.340520345350965 0.011099320122591
0.345491502812526 0.011342644468839
0.350479603871956 0.011579974928296
0.355484101527764 0.011811097342162
0.360504446980385 0.012035798929692
0.365540089692367 0.012253867178396
0.370590477448739 0.012465077063413
0.375655056417572 0.012669189367949
0.380733271210709 0.012865963783774
0.385824564944672 0.013055161517624
0.390928379301728 0.013236554714168
0.396044154591120 0.013410000167598
0.401171329810437 0.013575391679219
0.406309342707137 0.013732627020435
0.411457629840208 0.013881605971496
0.416615626641949 0.014022269478617
0.421782767479884 0.014154661916104
0.426958485718794 0.014278851527186
0.432142213782848 0.014394908850327
0.437333383217848 0.014502910579346
0.442531424753567 0.014602925355143
0.447735768366173 0.014695009587200
0.452945843340743 0.014779223142154
0.458161078333842 0.014855630192234
0.463380901436184 0.014924298408364
0.468604740235343 0.014985300182562
0.473832021878528 0.015038712694934
0.479062173135400 0.015084616783382
0.484294620460935 0.015123096481435
0.489528790058321 0.015154241886269
0.494764107941877 0.015178162179167
0.500000000000000 0.015194977741250
0.505235892058122 0.015204811908143
0.510471209941678 0.015207791163916
0.515705379539064 0.015204050655044
0.520937826864600 0.015193754541923
0.526167978121472 0.015177076800891
0.531395259764656 0.015154193660541
0.536619098563816 0.015125283671757
0.541838921666157 0.015090524852252
0.547054156659257 0.015050091741653
0.552264231633827 0.015004159612111
0.557468575246433 0.014952904826348
0.562666616782152 0.014896505739373
0.567857786217152 0.014835143628123
0.573041514281206 0.014769004233301
0.578217232520115 0.014698274320173
0.583384373358051 0.014623140886710
0.588542370159791 0.014543790969860
0.593690657292862 0.014460401518999
0.598828670189563 0.014373144148907
0.603955845408879 0.014282189474008
0.609071620698271 0.014187708284544
0.614175435055328 0.014089867110222
0.619266728789290 0.013988814891791
0.624344943582427 0.013884695266849
0.629409522551260 0.013777651008893
0.634459910307633 0.013667825870432
0.639495553019614 0.013555364154318
0.644515898472235 0.013440413524506
0.649520396128043 0.013323120743222
0.654508497187474 0.013203632293753
0.659479654649035 0.013082091946780
0.664433323369291 0.012958639633952
0.669368960122646 0.012833411615165
0.674286023660907 0.012706544382666
0.679183974772650 0.012578171743358
0.684062276342339 0.012448433815912
0.688920393409233 0.012317478013982
0.693757793226051 0.012185449190400
0.698573945317390 0.012052490484386
0.703368321537900 0.011918682096690
0.708140396130200 0.011783941759005
0.712889645782536 0.011648164804819
0.717615549686163 0.011511251861138
0.722317589592464 0.011373104695277
0.726995249869773 0.011233614336395
0.731648017559930 0.011092673278328
0.736275382434527 0.010950180944732
0.740876837050857 0.010806041441759
0.745451876807570 0.010660168424809
0.750000000000000 0.010512482820894
0.754520707875185 0.010362911222046
0.759013504686565 0.010211386209068
0.763477897748338 0.010057846751803
0.767913397489498 0.009902238476181
0.772319517507513 0.009744512423589
0.776695774621672 0.009584622627527
0.781041688926065 0.009422521762637
0.785356783842216 0.009258167391852
0.789640586171339 0.009091524123413
0.793892626146236 0.008922585530755
0.798112437482808 0.008751373752262
0.802299557431187 0.008577916252347
0.806453526826488 0.008402277342917
0.810573890139155 0.008224682405461
0.814660195524918 0.008045401534240
0.818711994874345 0.007864694790562
0.822728843861975 0.007682802584867
0.826710301995052 0.007499945425291
0.830655932661826 0.007316334954418
0.834565303179429 0.007132180638916
0.838437984841330 0.006947690125118
0.842273552964344 0.006763063207273
0.846071586935203 0.006578493793933
0.849831670256683 0.006394165376494
0.853553390593274 0.006210257801113
0.857236339816401 0.006026942297437
0.860880114049181 0.005844382934735
0.864484313710706 0.005662739090666
0.868048543559867 0.005482161999197
0.871572412738697 0.005302797341016
0.875055534815230 0.005124783160849
0.878497527825878 0.004948250470544
0.881898014317321 0.004773326800630
0.885256621387894 0.004600130592217
0.888572980728485 0.004428774819891
0.891846728662920 0.004259364299750
0.895077506187845 0.004091998404571
0.898264959012098 0.003926778031909
0.901408737595557 0.003763799773451
0.904508497187474 0.003603218367885
0.907563897864277 0.003445277369364
0.910574604566852 0.003290212379555
0.913540287137281 0.003138229029664
0.916460620355049 0.002989515108650
0.919335283972712 0.002844237735866
0.922163962751007 0.002702548945031
0.924946346493432 0.002564579342122
0.927682130080253 0.002430446951835
0.930371013501972 0.002300247358093
0.933012701892219 0.002174063957788
0.935606905560095 0.002051961933752
0.938153340021932 0.001933994098301
0.940651726032496 0.001820195903921
0.943101789615607 0.001710591686244
0.945503262094184 0.001605191462035
0.947855880119706 0.001503990663051
0.950159385701097 0.001406977079161
0.952413526233010 0.001314123956599
0.954618054523534 0.001225395752017
0.956772728821300 0.001140745400368
0.958877312841991 0.001060117596051
0.960931575794250 0.000983447526553
0.962935292404997 0.000910664437660
0.964888242944126 0.000841687849791
0.966790213248601 0.000776430824164
0.968640994745946 0.000714802291034
0.970440384477113 0.000656702875893
0.972188185118740 0.000602030869288
0.973884205004793 0.000550678704117
0.975528258147577 0.000502535764434
0.977120164258138 0.000457488026027
0.978659748766034 0.000415419754696
0.980146842838471 0.000376212364943
0.981581283398829 0.000339746953175
0.982962913144534 0.000305902539497
0.984291580564316 0.000274559191769
0.985567139954818 0.000245596204390
0.986789451436580 0.000218895100168
0.987958380969374 0.000194336660649
0.989073800366903 0.000171804536955
0.990135587310861 0.000151185324594
0.991143625364344 0.000132366617234
0.992097803984621 0.000115240467198
0.992998018535252 0.000099701701109
0.993844170297569 0.000085649063474
0.994636166481494 0.000072985838371
0.995373920235722 0.000061619778903
0.996057350657239 0.000051463376096
0.996686382800198 0.000042434223613
0.997260947684137 0.000034455816382
0.997780982301540 0.000027457642433
0.998246429624752 0.000021374324084
0.998657238612229 0.000016147425399
0.999013364214136 0.000011724445138
0.999314767377287 0.000008060249915
0.999561415049429 0.000005115579616
0.999753280182866 0.000002858831841
0.999890341737423 0.000001264592775
0.999972584682756 0.000000315241796
1.000000000000000 0.000000000000000
