1.000000000000000 0.000000000000000
0.999972584682756 0.000009652000960
0.999890341737423 0.000038619151105
0.999753280182866 0.000086909749231
0.999561415049429 0.000154548017645
0.999314767377287 0.000241567713585
0.999013364214136 0.000347999379824
0.998657238612229 0.000473895301504
0.998246429624752 0.000619310385460
0.997780982301540 0.000784301834112
0.997260947684137 0.000968954086434
0.996686382800198 0.001173327855672
0.996057350657239 0.001397516619019
0.995373920235722 0.001641601817248
0.994636166481494 0.001905684054793
0.993844170297569 0.002189857107834
0.992998018535252 0.002494226412371
0.992097803984621 0.002818895655125
0.991143625364344 0.003163972458144
0.990135587310861 0.003529567659456
0.989073800366903 0.003915788084085
0.987958380969374 0.004322755129476
0.986789451436580 0.004750565066890
0.985567139954818 0.005199326962650
0.984291580564316 0.005669148862995
0.982962913144534 0.006160123730139
0.981581283398829 0.006672354604505
0.980146842838472 0.007205920780599
0.978659748766034 0.007760902967104
0.977120164258138 0.008337375673119
0.975528258147577 0.008935392791005
0.973884205004793 0.009555006325092
0.972188185118741 0.010196238550894
0.970440384477113 0.010859127561747
0.968640994745946 0.011543665873103
0.966790213248601 0.012249845991117
0.964888242944126 0.012977632310298
0.962935292404997 0.013726966496092
0.960931575794250 0.014497779723687
0.958877312841991 0.015289971103524
0.956772728821300 0.016103419870296
0.954618054523534 0.016937977314309
0.952413526233010 0.017793465419666
0.950159385701097 0.018669668688465
0.947855880119706 0.019566353381757
0.945503262094184 0.020483252538257
0.943101789615607 0.021420050968530
0.940651726032496 0.022376418296857
0.938153340021932 0.023351973388723
0.935606905560095 0.024346296878584
0.933012701892219 0.025358936928251
0.930371013501972 0.026389394330061
0.927682130080253 0.027437134850319
0.924946346493432 0.028501574675119
0.922163962751008 0.029582093801491
0.919335283972712 0.030678007768691
0.916460620355050 0.031788618882249
0.913540287137281 0.032913145915031
0.910574604566852 0.034050777894449
0.907563897864277 0.035200682112243
0.904508497187474 0.036361950860723
0.901408737595557 0.037533606272268
0.898264959012098 0.038714580447846
0.895077506187845 0.039903836970285
0.891846728662920 0.041100518164352
0.888572980728485 0.042303790243798
0.885256621387895 0.043513270082729
0.881898014317321 0.044728901398153
0.878497527825878 0.045950646692207
0.875055534815230 0.047178393749924
0.871572412738697 0.048412050667913
0.868048543559867 0.049651541612534
0.864484313710706 0.050896837617311
0.860880114049181 0.052147940420257
0.857236339816402 0.053404859957541
0.853553390593274 0.054667638327250
0.849831670256683 0.055936346078658
0.846071586935203 0.057211052718943
0.842273552964344 0.058491876053490
0.838437984841330 0.059778957315273
0.834565303179429 0.061072452745392
0.830655932661826 0.062372556222910
0.826710301995053 0.063679493310646
0.822728843861975 0.064993509026049
0.818711994874345 0.066314842156934
0.814660195524919 0.067643748066769
0.810573890139155 0.068980516297893
0.806453526826488 0.070325542733502
0.802299557431188 0.071679325176079
0.798112437482808 0.073042382317484
0.793892626146237 0.074415120673109
0.789640586171339 0.075797433676066
0.785356783842216 0.077189110095592
0.781041688926065 0.078589918180743
0.776695774621672 0.079999389763138
0.772319517507513 0.081416716759921
0.767913397489498 0.082841047474915
0.763477897748339 0.084271525498201
0.759013504686565 0.085707333926786
0.754520707875186 0.087147680157202
0.750000000000000 0.088591767497654
0.745451876807570 0.090038763783770
0.740876837050858 0.091487807316897
0.736275382434527 0.092937999918547
0.731648017559931 0.094388434285918
0.726995249869773 0.095838188906149
0.722317589592464 0.097286316704516
0.717615549686164 0.098731874288196
0.712889645782536 0.100173884245241
0.708140396130201 0.101611375313369
0.703368321537900 0.103043367305017
0.698573945317390 0.104468871586328
0.693757793226052 0.105886907870794
0.688920393409234 0.107296479458267
0.684062276342339 0.108696851052564
0.679183974772650 0.110087833292408
0.674286023660908 0.111469333396069
0.669368960122646 0.112841246173742
0.664433323369292 0.114203479695609
0.659479654649035 0.115555957850406
0.654508497187474 0.116898596357897
0.649520396128043 0.118231328787404
0.644515898472236 0.119554086697111
0.639495553019615 0.120866810283606
0.634459910307633 0.122169416870102
0.629409522551260 0.123461837372182
0.624344943582428 0.124743995580917
0.619266728789291 0.126015834070163
0.614175435055328 0.127277372366915
0.609071620698271 0.128528704015026
0.603955845408880 0.129769947387662
0.598828670189563 0.131001214904291
0.593690657292862 0.132222585956823
0.588542370159792 0.133433620649008
0.583384373358051 0.134633500774820
0.578217232520115 0.135821416417790
0.573041514281206 0.136996556028640
0.567857786217152 0.138158080636261
0.562666616782152 0.139304948269077
0.557468575246433 0.140435989499028
0.552264231633827 0.141550040359896
0.547054156659257 0.142645947954765
0.541838921666158 0.143722574127485
0.536619098563816 0.144778854970558
0.531395259764657 0.145813772699672
0.526167978121472 0.146826321272649
0.520937826864600 0.147815507131714
0.515705379539064 0.148780347569195
0.510471209941678 0.149719801514522
0.505235892058123 0.150632793341230
0.500000000000000 0.151518262317780
0.494764107941877 0.152375170180076
0.489528790058322 0.153202515820650
0.484294620460936 0.153999977774889
0.479062173135400 0.154767884319242
0.473832021878528 0.155506605586377
0.468604740235343 0.156216515288411
0.463380901436184 0.156897987388360
0.458161078333842 0.157551453600461
0.452945843340743 0.158177412219047
0.447735768366173 0.158776378732876
0.442531424753567 0.159348868914187
0.437333383217848 0.159895399178436
0.432142213782848 0.160416502302046
0.426958485718794 0.160912735177372
0.421782767479885 0.161384662420680
0.416615626641949 0.161832849684338
0.411457629840209 0.162257864587591
0.406309342707138 0.162660240412591
0.401171329810437 0.163040325232823
0.396044154591120 0.163398414573244
0.390928379301729 0.163734804332231
0.385824564944672 0.164049798540070
0.380733271210710 0.164343609579452
0.375655056417573 0.164615550265100
0.370590477448740 0.164864454159961
0.365540089692367 0.165089181556071
0.360504446980385 0.165288625702809
0.355484101527764 0.165461717735219
0.350479603871957 0.165607509003540
0.345491502812526 0.165725151808363
0.340520345350965 0.165813832810304
0.335566676630708 0.165872769155303
0.330631039877354 0.165901208114462
0.325713976339092 0.165898392389121
0.320816025227350 0.165863557688379
0.315937723657661 0.165795970481333
0.311079606590766 0.165694930895090
0.306242206773949 0.165559774450188
0.301426054682610 0.165389958783150
0.296631678462100 0.165185068119750
0.291859603869799 0.164944719576457
0.287110354217464 0.164668556140151
0.282384450313836 0.164356264799277
0.277682410407536 0.164007888979580
0.273004750130227 0.163623804625887
0.268351982440069 0.163204410774162
0.263724617565473 0.162750113142279
0.259123162949143 0.162261325174603
0.254548123192430 0.161738418309233
0.250000000000000 0.161181742421064
0.245479292124815 0.160591652908050
0.240986495313435 0.159968528361384
0.236522102251661 0.159312747486697
0.232086602510502 0.158624702643818
0.227680482492487 0.157904790513990
0.223304225378328 0.157153421723872
0.218958311073935 0.156371021874498
0.214643216157784 0.155558057485717
0.210359413828661 0.154715064293574
0.206107373853763 0.153842584762065
0.201887562517192 0.152941176793136
0.197700442568813 0.152011363425793
0.193546473173512 0.151053393657758
0.189426109860845 0.150067437818023
0.185339804475081 0.149053684862891
0.181288005125655 0.148012339936558
0.177271156138025 0.146943309075939
0.173289698004947 0.145846246974058
0.169344067338174 0.144720839681270
0.165434696820571 0.143566804360497
0.161562015158670 0.142383970089035
0.157726447035656 0.141172298466705
0.153928413064797 0.139931787145179
0.150168329743317 0.138662476780716
0.146446609406726 0.137364380643057
0.142763660183598 0.136037498780596
0.139119885950819 0.134681826373144
0.135515686289294 0.133297408973002
0.131951456440133 0.131884204123669
0.128427587261303 0.130442041978460
0.124944465184770 0.128970778935066
0.121502472174122 0.127470293572566
0.118101985682679 0.125940556798698
0.114743378612105 0.124381572249938
0.111427019271515 0.122793389834019
0.108153271337080 0.121176033112778
0.104922493812155 0.119529417115414
0.101735040987902 0.117853456325822
0.098591262404443 0.116148098219128
0.095491502812526 0.114413791832471
0.092436102135723 0.112651377844505
0.089425395433148 0.110861761708007
0.086459712862719 0.109046438965556
0.083539379644950 0.107208034917207
0.080664716027288 0.105349334206198
0.077836037248993 0.103473148112065
0.075053653506568 0.101582376457045
0.072317869919747 0.099679939718339
0.069628986498028 0.097768130685873
0.066987298107781 0.095847412455557
0.064393094439905 0.093917926785884
0.061846659978068 0.091979294398740
0.059348273967504 0.090029932452452
0.056898210384393 0.088068140610989
0.054496737905816 0.086092631207739
0.052144119880294 0.084102433348140
0.049840614298903 0.082096688227660
0.047586473766990 0.080074491752066
0.045381945476466 0.078034954504104
0.043227271178700 0.075977786267071
0.041122687158010 0.073903863627584
0.039068424205750 0.071814084138399
0.037064707595003 0.069709447760541
0.035111757055874 0.067590902685994
0.033209786751399 0.065459337342496
0.031359005254054 0.063315600405810
0.029559615522887 0.061160534382166
0.027811814881260 0.058994846945137
0.026115794995207 0.056819376709500
0.024471741852423 0.054634858024515
0.022879835741862 0.052441958999054
0.021340251233966 0.050241303646970
0.019853157161529 0.048036422017077
0.018418716601171 0.045833319175123
0.017037086855466 0.043638949101246
0.015708419435685 0.041461034977596
0.014432860045182 0.039307610288457
0.013210548563420 0.037186843461371
0.012041619030626 0.035107191139487
0.010926199633097 0.033077946940342
0.009864412689139 0.031104069826712
0.008856374635656 0.029184916557975
0.007902196015379 0.027313756248448
0.007001981464748 0.025485147742732
0.006155829702431 0.023695310542370
0.005363833518506 0.021940681791677
0.004626079764278 0.020218377125177
0.003942649342761 0.018526008181762
0.003313617199802 0.016861429300323
0.002739052315863 0.015222907821205
0.002219017698460 0.013608834651559
0.001753570375248 0.012017814626100
0.001342761387771 0.010448675146812
0.000986635785864 0.008900330501742
0.000685232622713 0.007371824330827
0.000438584950571 0.005862281889145
0.000246719817134 0.004370996958126
0.000109658262577 0.002897402686404
0.000027415317244 0.001440519690335
0.000000000000000 0.000000000000000
0.000027415317244 -0.001424479201105
0.000109658262577 -0.002833976657731
0.000246719817134 -0.004228727742181
0.000438584950571 -0.005616256043905
0.000685232622713 -0.007003869857427
0.000986635785864 -0.008392406121330
0.001342761387771 -0.009780749612722
0.001753570375248 -0.011167171203821
0.002219017698460 -0.012549254299341
0.002739052315863 -0.013924610189473
0.003313617199802 -0.015290502688999
0.003942649342761 -0.016644014237591
0.004626079764278 -0.017982165505868
0.005363833518506 -0.019301761334153
0.006155829702431 -0.020599496558442
0.007001981464748 -0.021871967280392
0.007902196015379 -0.023115528169525
0.008856374635656 -0.024326362068749
0.009864412689139 -0.025500615958589
0.010926199633097 -0.026634327785085
0.012041619030626 -0.027722860839548
0.013210548563420 -0.028761219320319
0.014432860045182 -0.029746305264133
0.015708419435684 -0.030676298624146
0.017037086855466 -0.031554565522485
0.018418716601171 -0.032386552455026
0.019853157161528 -0.033176861807934
0.021340251233966 -0.033929768647378
0.022879835741862 -0.034650097852231
0.024471741852423 -0.035343443914763
0.026115794995207 -0.036015104419371
0.027811814881259 -0.036669353865189
0.029559615522887 -0.037309699555302
0.031359005254054 -0.037934696557509
0.033209786751399 -0.038541581675142
0.035111757055874 -0.039128262844913
0.037064707595003 -0.039693144147804
0.039068424205750 -0.040234575386601
0.041122687158009 -0.040750799642149
0.043227271178699 -0.041240058175390
0.045381945476466 -0.041700695740030
0.047586473766990 -0.042131113450963
0.049840614298903 -0.042529772445633
0.052144119880293 -0.042895217818769
0.054496737905816 -0.043226592674795
0.056898210384393 -0.043525923208827
0.059348273967504 -0.043796483834363
0.061846659978068 -0.044041918341642
0.064393094439905 -0.044266195484123
0.066987298107781 -0.044473920479706
0.069628986498028 -0.044671090956468
0.072317869919747 -0.044864870344114
0.075053653506568 -0.045062224029849
0.077836037248992 -0.045267082466349
0.080664716027288 -0.045482864146420
0.083539379644950 -0.045710000029306
0.086459712862719 -0.045942651195023
0.089425395433148 -0.046173710401042
0.092436102135723 -0.046395667523625
0.095491502812526 -0.046600682201453
0.098591262404443 -0.046780446209892
0.101735040987902 -0.046928697037906
0.104922493812155 -0.047041305391977
0.108153271337080 -0.047114180301736
0.111427019271514 -0.047146654294033
0.114743378612105 -0.047141608959738
0.118101985682679 -0.047102367049826
0.121502472174122 -0.047031934287054
0.124944465184770 -0.046932825836633
0.128427587261303 -0.046807776654376
0.131951456440133 -0.046659905937698
0.135515686289294 -0.046492854411539
0.139119885950819 -0.046310598414198
0.142763660183598 -0.046117402038954
0.146446609406726 -0.045917720376693
0.150168329743317 -0.045716281686084
0.153928413064796 -0.045517943317291
0.157726447035656 -0.045324603713244
0.161562015158669 -0.045135375938146
0.165434696820571 -0.044949207524215
0.169344067338174 -0.044764993605503
0.173289698004947 -0.044581638290049
0.177271156138025 -0.044397992206083
0.181288005125655 -0.044212836948447
0.185339804475081 -0.044024758509278
0.189426109860845 -0.043832113191266
0.193546473173511 -0.043633163184272
0.197700442568812 -0.043426169040276
0.201887562517192 -0.043210172064155
0.206107373853763 -0.042984711934100
0.210359413828660 -0.042749320136058
0.214643216157784 -0.042503610538114
0.218958311073935 -0.042247813022337
0.223304225378328 -0.041982437140552
0.227680482492486 -0.041708023069013
0.232086602510501 -0.041425118758106
0.236522102251661 -0.041134160916239
0.240986495313435 -0.040835554522299
0.245479292124814 -0.040529727097832
0.250000000000000 -0.040217131517315
0.254548123192429 -0.039898263833742
0.259123162949142 -0.039573657392377
0.263724617565473 -0.039243860780062
0.268351982440069 -0.038909455170811
0.273004750130227 -0.038571066076029
0.277682410407536 -0.038229370905906
0.282384450313836 -0.037885071490101
0.287110354217464 -0.037538886580394
0.291859603869799 -0.037191469571524
0.296631678462100 -0.036843301898940
0.301426054682609 -0.036494854004816
0.306242206773948 -0.036146610160256
0.311079606590766 -0.035799002508510
0.315937723657661 -0.035452028698493
0.320816025227350 -0.035105482692529
0.325713976339092 -0.034759144668801
0.330631039877354 -0.034412793273244
0.335566676630708 -0.034066234046248
0.340520345350965 -0.033719338993696
0.345491502812526 -0.033371981061286
0.350479603871956 -0.033024031899833
0.355484101527764 -0.032675356711153
0.360504446980385 -0.032325800223041
0.365540089692367 -0.031975189000630
0.370590477448739 -0.031623345447633
0.375655056417572 -0.031270090256978
0.380733271210709 -0.030915240482495
0.385824564944672 -0.030558623336200
0.390928379301728 -0.030200066194326
0.396044154591120 -0.029839392004635
0.401171329810437 -0.029476424752290
0.406309342707137 -0.029111049433468
0.411457629840208 -0.028743319580074
0.416615626641949 -0.028373321547854
0.421782767479884 -0.028001142450713
0.426958485718794 -0.027626868872575
0.432142213782848 -0.027250592127695
0.437333383217848 -0.026872396320397
0.442531424753567 -0.026492374662412
0.447735768366173 -0.026110613506199
0.452945843340743 -0.025727205685869
0.458161078333842 -0.025342236111270
0.463380901436184 -0.024955785316312
0.468604740235343 -0.024567931334888
0.473832021878528 -0.024178754914463
0.479062173135400 -0.023788339733290
0.484294620460935 -0.023396797873630
0.489528790058321 -0.023004269778340
0.494764107941877 -0.022610897159649
0.500000000000000 -0.022216821927639
0.505235892058122 -0.021822210263413
0.510471209941678 -0.021427495248823
0.515705379539064 -0.021033304103204
0.520937826864600 -0.020640263301470
0.526167978121472 -0.020249003844393
0.531395259764656 -0.019860142655009
0.536619098563816 -0.019474265671429
0.541838921666157 -0.019091937087217
0.547054156659257 -0.018713713682269
0.552264231633827 -0.018340152412988
0.557468575246433 -0.017971809720003
0.562666616782152 -0.017609279495014
0.567857786217152 -0.017253161942661
0.573041514281206 -0.016904051386274
0.578217232520115 -0.016562532017491
0.583384373358051 -0.016229132298338
0.588542370159791 -0.015904235694717
0.593690657292862 -0.015588191762253
0.598828670189563 -0.015281341538047
0.603955845408879 -0.014984008413584
0.609071620698271 -0.014696097015752
0.614175435055328 -0.014416910968511
0.619266728789290 -0.014145716474836
0.624344943582427 -0.013881784867594
0.629409522551260 -0.013624404490212
0.634459910307633 -0.013372936554795
0.639495553019614 -0.013126790529756
0.644515898472235 -0.012885382999954
0.649520396128043 -0.012648141938548
0.654508497187474 -0.012414501618687
0.659479654649035 -0.012183904668164
0.664433323369291 -0.011955803707946
0.669368960122646 -0.011729662308204
0.674286023660907 -0.011504950854324
0.679183974772650 -0.011281095748553
0.684062276342339 -0.011057501141069
0.688920393409233 -0.010833587522709
0.693757793226051 -0.010608792328507
0.698573945317390 -0.010382855655484
0.703368321537900 -0.010156004206088
0.708140396130200 -0.009928505163086
0.712889645782536 -0.009700621355046
0.717615549686163 -0.009472653107338
0.722317589592464 -0.009245041957428
0.726995249869773 -0.009018248152313
0.731648017559930 -0.008792715959439
0.736275382434527 -0.008568869972155
0.740876837050857 -0.008347083902467
0.745451876807570 -0.008127707679217
0.750000000000000 -0.007911080247251
0.754520707875185 -0.007697527453355
0.759013504686565 -0.007487373022897
0.763477897748338 -0.007280925837827
0.767913397489498 -0.007078484807262
0.772319517507513 -0.006880334978966
0.776695774621672 -0.006686759820937
0.781041688926065 -0.006498029017029
0.785356783842216 -0.006314397227462
0.789640586171339 -0.006136073410808
0.793892626146236 -0.005963218169860
0.798112437482808 -0.005795973525505
0.802299557431187 -0.005634438208750
0.806453526826488 -0.005478445391774
0.810573890139155 -0.005327730563649
0.814660195524918 -0.005182037432610
0.818711994874345 -0.005041132484992
0.822728843861975 -0.004904813471006
0.826710301995052 -0.004772886340893
0.830655932661826 -0.004645159859960
0.834565303179429 -0.004521441718382
0.838437984841330 -0.004401543035860
0.842273552964344 -0.004285283088093
0.846071586935203 -0.004172487989402
0.849831670256683 -0.004062991896168
0.853553390593274 -0.003956634924680
0.857236339816401 -0.003853262746398
0.860880114049181 -0.003752726942443
0.864484313710706 -0.003654885387562
0.868048543559867 -0.003559602534833
0.871572412738697 -0.003466748423889
0.875055534815230 -0.003376200129984
0.878497527825878 -0.003287838738448
0.881898014317321 -0.003201551561441
0.885256621387894 -0.003117232846715
0.888572980728485 -0.003034784858805
0.891846728662920 -0.002954115790721
0.895077506187845 -0.002875131109032
0.898264959012098 -0.002797735024876
0.901408737595557 -0.002721834584160
0.904508497187474 -0.002647325019348
0.907563897864277 -0.002574103615163
0.910574604566852 -0.002502077420630
0.913540287137281 -0.002431165529039
0.916460620355049 -0.002361292907991
0.919335283972712 -0.002292392205763
0.922163962751007 -0.002224401987494
0.924946346493432 -0.002157268141442
0.927682130080253 -0.002090944992600
0.930371013501972 -0.002025391059780
0.933012701892219 -0.001960573045255
0.935606905560095 -0.001896462406516
0.938153340021932 -0.001833037076389
0.940651726032496 -0.001770280604635
0.943101789615607 -0.001708181798608
0.945503262094184 -0.001646734066918
0.947855880119706 -0.001585937233001
0.950159385701097 -0.001525793756392
0.952413526233010 -0.001466312289579
0.954618054523534 -0.001407504749272
0.956772728821300 -0.001349386591382
0.958877312841991 -0.001291977608281
0.960931575794250 -0.001235300919828
0.962935292404997 -0.001179382697562
0.964888242944126 -0.001124251458414
0.966790213248601 -0.001069939954051
0.968640994745946 -0.001016481548188
0.970440384477113 -0.000963912791273
0.972188185118740 -0.000912272047019
0.973884205004793 -0.000861598906168
0.975528258147577 -0.000811934975967
0.977120164258138 -0.000763323804252
0.978659748766034 -0.000715808169144
0.980146842838471 -0.000669433142892
0.981581283398829 -0.000624243227846
0.982962913144534 -0.000580284260727
0.984291580564316 -0.000537602505304
0.985567139954818 -0.000496242307018
0.986789451436580 -0.000456250001469
0.987958380969374 -0.000417669921228
0.989073800366903 -0.000380546303093
0.990135587310861 -0.000344923201151
0.991143625364344 -0.000310843074726
0.992097803984621 -0.000278346247467
0.992998018535252 -0.000247474339630
0.993844170297569 -0.000218264538969
0.994636166481494 -0.000190754745525
0.995373920235722 -0.000164979990331
0.996057350657239 -0.000140973555459
0.996686382800198 -0.000118767188189
0.997260947684137 -0.000098389836921
0.997780982301540 -0.000079868900626
0.998246429624752 -0.000063228970598
0.998657238612229 -0.000048493037375
0.999013364214136 -0.000035680989830
0.999314767377287 -0.000024809964486
0.999561415049429 -0.000015894634181
0.999753280182866 -0.000008948336116
0.999890341737423 -0.000003979268916
0.999972584682756 -0.000000995133899
1.000000000000000 0.000000000000000
