1.000000000000000 0.000000000000000
0.999972584682756 0.000007950603791
0.999890341737423 0.000031814522990
0.999753280182866 0.000071582021679
0.999561415049429 0.000127272656094
0.999314767377287 0.000198878924794
0.999013364214136 0.000286427619935
0.998657238612229 0.000389918287694
0.998246429624752 0.000509369196072
0.997780982301540 0.000644796710462
0.997260947684137 0.000796220256940
0.996686382800198 0.000963651865575
0.996057350657239 0.001147116506495
0.995373920235722 0.001346636467973
0.994636166481494 0.001562231096991
0.993844170297569 0.001793921675235
0.992998018535252 0.002041725977210
0.992097803984621 0.002305678624700
0.991143625364344 0.002585784279381
0.990135587310861 0.002882074131179
0.989073800366903 0.003194564195984
0.987958380969374 0.003523270439033
0.986789451436580 0.003868208390494
0.985567139954818 0.004229387538095
0.984291580564316 0.004606821305846
0.982962913144534 0.005000510995340
0.981581283398829 0.005410460955387
0.980146842838472 0.005836667688374
0.978659748766034 0.006279119344969
0.977120164258138 0.006737805700662
0.975528258147577 0.007212707184668
0.973884205004793 0.007703794340393
0.972188185118741 0.008211027278376
0.970440384477113 0.008734376200950
0.968640994745946 0.009273789295388
0.966790213248601 0.009829192107094
0.964888242944126 0.010400534484553
0.962935292404997 0.010987721397552
0.960931575794250 0.011590670449750
0.958877312841991 0.012209274315029
0.956772728821300 0.012843421314872
0.954618054523534 0.013492984255401
0.952413526233010 0.014157819845051
0.950159385701097 0.014837778717900
0.947855880119706 0.015532683651102
0.945503262094184 0.016242355506563
0.943101789615607 0.016966591453096
0.940651726032496 0.017705175011050
0.938153340021932 0.018457875492861
0.935606905560095 0.019224431579128
0.933012701892219 0.020004577270340
0.930371013501972 0.020798030740813
0.927682130080253 0.021604472680995
0.924946346493432 0.022423582853503
0.922163962751008 0.023255007953769
0.919335283972712 0.024098376960050
0.916460620355050 0.024953310763203
0.913540287137281 0.025819385399271
0.910574604566852 0.026696174412795
0.907563897864277 0.027583217044647
0.904508497187474 0.028480041354812
0.901408737595557 0.029386130518393
0.898264959012098 0.030300964051049
0.895077506187845 0.031224004917204
0.891846728662920 0.032154698802827
0.888572980728485 0.033092584858068
0.885256621387895 0.034037403008114
0.881898014317321 0.034988912398496
0.878497527825878 0.035946876776268
0.875055534815230 0.036911041536500
0.871572412738697 0.037881160916950
0.868048543559867 0.038856995937840
0.864484313710706 0.039838317506967
0.860880114049181 0.040824885831152
0.857236339816402 0.041816474561021
0.853553390593274 0.042812861437465
0.849831670256683 0.043813814199258
0.846071586935203 0.044819124114744
0.842273552964344 0.045828572678035
0.838437984841330 0.046841946620110
0.834565303179429 0.047859044103075
0.830655932661826 0.048879668688982
0.826710301995053 0.049903618908329
0.822728843861975 0.050930701590505
0.818711994874345 0.051960712037979
0.814660195524919 0.052993469360802
0.810573890139155 0.054028801190555
0.806453526826488 0.055066558907565
0.802299557431188 0.056106605911329
0.798112437482808 0.057148779398424
0.793892626146237 0.058192825146611
0.789640586171339 0.059238441174519
0.785356783842216 0.060285343735412
0.781041688926065 0.061333114767290
0.776695774621672 0.062381192662563
0.772319517507513 0.063428999851833
0.767913397489498 0.064475952746448
0.763477897748339 0.065521486820454
0.759013504686565 0.066565044677696
0.754520707875186 0.067606062388407
0.750000000000000 0.068643967231791
0.745451876807570 0.069678162973075
0.740876837050858 0.070708046672759
0.736275382434527 0.071733009242448
0.731648017559931 0.072752426835194
0.726995249869773 0.073765701304149
0.722317589592464 0.074772227005359
0.717615549686164 0.075771394388171
0.712889645782536 0.076762587269145
0.708140396130201 0.077745125879040
0.703368321537900 0.078718305495434
0.698573945317390 0.079681416784951
0.693757793226052 0.080633763559281
0.688920393409234 0.081575075769007
0.684062276342339 0.082505473638134
0.679183974772650 0.083425100871939
0.674286023660908 0.084334127883007
0.669368960122646 0.085232761648377
0.664433323369292 0.086121325261197
0.659479654649035 0.087000174978830
0.654508497187474 0.087869678447293
0.649520396128043 0.088730210698419
0.644515898472236 0.089582115574009
0.639495553019615 0.090425710584721
0.634459910307633 0.091261330628635
0.629409522551260 0.092089313118760
0.624344943582428 0.092910055014450
0.619266728789291 0.093724105405037
0.614175435055328 0.094532062022428
0.609071620698271 0.095334535357638
0.603955845408880 0.096132140234719
0.598828670189563 0.096925156722647
0.593690657292862 0.097713294322622
0.588542370159792 0.098496209773004
0.583384373358051 0.099273568810631
0.578217232520115 0.100045007119472
0.573041514281206 0.100809674473131
0.567857786217152 0.101566243995642
0.562666616782152 0.102313368895480
0.557468575246433 0.103049699685331
0.552264231633827 0.103773898029402
0.547054156659257 0.104484785730246
0.541838921666158 0.105181283343670
0.536619098563816 0.105862324194202
0.531395259764657 0.106526846342946
0.526167978121472 0.107173772077924
0.520937826864600 0.107801825732659
0.515705379539064 0.108409633132676
0.510471209941678 0.108995822725094
0.505235892058123 0.109559039862699
0.500000000000000 0.110098052920061
0.494764107941877 0.110612557323529
0.489528790058322 0.111102720310202
0.484294620460936 0.111568713952640
0.479062173135400 0.112010718356036
0.473832021878528 0.112429000608185
0.468604740235343 0.112824445226599
0.463380901436184 0.113198228678098
0.458161078333842 0.113551533753693
0.452945843340743 0.113885538207698
0.447735768366173 0.114201395075521
0.442531424753567 0.114500056165919
0.437333383217848 0.114782383794241
0.432142213782848 0.115049235742914
0.426958485718794 0.115301469827882
0.421782767479885 0.115539977753972
0.416615626641949 0.115765913127233
0.411457629840209 0.115980539379105
0.406309342707138 0.116185107767173
0.401171329810437 0.116380863373479
0.396044154591120 0.116568759898096
0.390928379301729 0.116748072413973
0.385824564944672 0.116917462781090
0.380733271210710 0.117075616153016
0.375655056417573 0.117221244143874
0.370590477448740 0.117352955728225
0.365540089692367 0.117468823381140
0.360504446980385 0.117566805366757
0.355484101527764 0.117644905746362
0.350479603871957 0.117701176184032
0.345491502812526 0.117733785907383
0.340520345350965 0.117741132515249
0.335566676630708 0.117721688026222
0.330631039877354 0.117673969651579
0.325713976339092 0.117596537061891
0.320816025227350 0.117487825529744
0.315937723657661 0.117346097587372
0.311079606590766 0.117169653098134
0.306242206773949 0.116956845609653
0.301426054682610 0.116706210165902
0.296631678462100 0.116417409753659
0.291859603869799 0.116090684494166
0.287110354217464 0.115726283770743
0.282384450313836 0.115324475099475
0.277682410407536 0.114886006318398
0.273004750130227 0.114412611611152
0.268351982440069 0.113906128196414
0.263724617565473 0.113368368634973
0.259123162949143 0.112801090594181
0.254548123192430 0.112205823199817
0.250000000000000 0.111583990119136
0.245479292124815 0.110936995709551
0.240986495313435 0.110266224200136
0.236522102251661 0.109573054609740
0.232086602510502 0.108858835820426
0.227680482492487 0.108124910294935
0.223304225378328 0.107372595119263
0.218958311073935 0.106603304745224
0.214643216157784 0.105818564351235
0.210359413828661 0.105019894987422
0.206107373853763 0.104208772093410
0.201887562517192 0.103386173383396
0.197700442568813 0.102552340461459
0.193546473173512 0.101707483402404
0.189426109860845 0.100851765107953
0.185339804475081 0.099983773317235
0.181288005125655 0.099100326734398
0.177271156138025 0.098198294234778
0.173289698004947 0.097274725785790
0.169344067338174 0.096327180162936
0.165434696820571 0.095353570747493
0.161562015158670 0.094351927637426
0.157726447035656 0.093320232664461
0.153928413064797 0.092256124882719
0.150168329743317 0.091157239996999
0.146446609406726 0.090021478307260
0.142763660183598 0.088849650816580
0.139119885950819 0.087644841262439
0.135515686289294 0.086410132364091
0.131951456440133 0.085148906710000
0.128427587261303 0.083865126390440
0.124944465184770 0.082562723247625
0.121502472174122 0.081245461234682
0.118101985682679 0.079916763109842
0.114743378612105 0.078579910480046
0.111427019271515 0.077238114275370
0.108153271337080 0.075894611801761
0.104922493812155 0.074552570582477
0.101735040987902 0.073214827183748
0.098591262404443 0.071883602763556
0.095491502812526 0.070560910152675
0.092436102135723 0.069246819432171
0.089425395433148 0.067937825463305
0.086459712862719 0.066630250846329
0.083539379644950 0.065320957279819
0.080664716027288 0.064007267574559
0.077836037248993 0.062686730248177
0.075053653506568 0.061356927442651
0.072317869919747 0.060015584932512
0.069628986498028 0.058661416965898
0.066987298107781 0.057294569176263
0.064393094439905 0.055915415107753
0.061846659978068 0.054524548799623
0.059348273967504 0.053122710128176
0.056898210384393 0.051710729058571
0.054496737905816 0.050289568802020
0.052144119880294 0.048860287270070
0.049840614298903 0.047423957908377
0.047586473766990 0.045981934862394
0.045381945476466 0.044536064648219
0.043227271178700 0.043088303509246
0.041122687158010 0.041640686250274
0.039068424205750 0.040195151612067
0.037064707595003 0.038753448456927
0.035111757055874 0.037317212162387
0.033209786751399 0.035887981370134
0.031359005254054 0.034467265917241
0.029559615522887 0.033056446839590
0.027811814881260 0.031656876081206
0.026115794995207 0.030269899267019
0.024471741852423 0.028896647559089
0.022879835741862 0.027538561412244
0.021340251233966 0.026198020531926
0.019853157161529 0.024878346466095
0.018418716601171 0.023583509594555
0.017037086855466 0.022317572451333
0.015708419435685 0.021084552377932
0.014432860045182 0.019888169552810
0.013210548563420 0.018731628585177
0.012041619030626 0.017617897360377
0.010926199633097 0.016547771282246
0.009864412689139 0.015515722632364
0.008856374635656 0.014516339619906
0.007902196015379 0.013545687017780
0.007001981464748 0.012600777248961
0.006155829702431 0.011679453730996
0.005363833518506 0.010779960063988
0.004626079764278 0.009900875649593
0.003942649342761 0.009041127924369
0.003313617199802 0.008199711294736
0.002739052315863 0.007375929677916
0.002219017698460 0.006569068451413
0.001753570375248 0.005778638597038
0.001342761387771 0.005004128771993
0.000986635785864 0.004245116165343
0.000685232622713 0.003501284858782
0.000438584950571 0.002772313293541
0.000246719817134 0.002057967957994
0.000109658262577 0.001357843890647
0.000027415317244 0.000672085739311
0.000000000000000 0.000000000000000
0.000027415317244 -0.000658292705845
0.000109658262577 -0.001302712971626
0.000246719817134 -0.001935754325748
0.000438584950571 -0.002565512007477
0.000685232622713 -0.003196021634224
0.000986635785864 -0.003828356789978
0.001342761387771 -0.004462706459048
0.001753570375248 -0.005098967519364
0.002219017698460 -0.005736893354275
0.002739052315863 -0.006376060390535
0.003313617199802 -0.007016028624661
0.003942649342761 -0.007656243224608
0.004626079764278 -0.008296088290777
0.005363833518506 -0.008934820986766
0.006155829702431 -0.009571642235355
0.007001981464748 -0.010205594551689
0.007902196015379 -0.010835533460176
0.008856374635656 -0.011460223715564
0.009864412689139 -0.012078009992214
0.010926199633097 -0.012687066629849
0.012041619030626 -0.013284954468077
0.013210548563420 -0.013868709518148
0.014432860045182 -0.014434783730862
0.015708419435684 -0.014980424163595
0.017037086855466 -0.015503851811872
0.018418716601171 -0.016004848841904
0.019853157161528 -0.016484583426954
0.021340251233966 -0.016946088525206
0.022879835741862 -0.017394590047265
0.024471741852423 -0.017837583269081
0.026115794995207 -0.018282869657100
0.027811814881259 -0.018736911490382
0.029559615522887 -0.019198556262547
0.031359005254054 -0.019664971891963
0.033209786751399 -0.020133975221529
0.035111757055874 -0.020603117658196
0.037064707595003 -0.021069474673324
0.039068424205750 -0.021529825496939
0.041122687158009 -0.021980679128468
0.043227271178699 -0.022418302390156
0.045381945476466 -0.022838695716644
0.047586473766990 -0.023237043372068
0.049840614298903 -0.023607688340196
0.052144119880293 -0.023946755455958
0.054496737905816 -0.024252970222691
0.056898210384393 -0.024526269230451
0.059348273967504 -0.024768499242994
0.061846659978068 -0.024981930373650
0.064393094439905 -0.025168825155551
0.066987298107781 -0.025331841838384
0.069628986498028 -0.025474528406039
0.072317869919747 -0.025601076302179
0.075053653506568 -0.025715221285622
0.077836037248992 -0.025820217945665
0.080664716027288 -0.025918518483516
0.083539379644950 -0.026009689511652
0.086459712862719 -0.026092795834228
0.089425395433148 -0.026167298987167
0.092436102135723 -0.026232941246270
0.095491502812526 -0.026289437313403
0.098591262404443 -0.026336372464693
0.101735040987902 -0.026373316424815
0.104922493812155 -0.026400085694927
0.108153271337080 -0.026416780476942
0.111427019271514 -0.026423555472641
0.114743378612105 -0.026420603234214
0.118101985682679 -0.026408158120118
0.121502472174122 -0.026386500466525
0.124944465184770 -0.026355956819198
0.128427587261303 -0.026316901415464
0.131951456440133 -0.026269760661475
0.135515686289294 -0.026215022469646
0.139119885950819 -0.026153228765238
0.142763660183598 -0.026084963611845
0.146446609406726 -0.026010817821706
0.150168329743317 -0.025931420395529
0.153928413064796 -0.025847330187573
0.157726447035656 -0.025758389362500
0.161562015158669 -0.025664142021648
0.165434696820571 -0.025564116149545
0.169344067338174 -0.025457861527811
0.173289698004947 -0.025344945196739
0.177271156138025 -0.025224919313128
0.181288005125655 -0.025097287153956
0.185339804475081 -0.024961468729012
0.189426109860845 -0.024816855446360
0.193546473173511 -0.024662847229606
0.197700442568812 -0.024499065803171
0.201887562517192 -0.024325249056432
0.206107373853763 -0.024141137772284
0.210359413828660 -0.023946626700617
0.214643216157784 -0.023742036551945
0.218958311073935 -0.023527776071890
0.223304225378328 -0.023304282202027
0.227680482492486 -0.023071970674343
0.232086602510501 -0.022831219361710
0.236522102251661 -0.022582427125316
0.240986495313435 -0.022326014391186
0.245479292124814 -0.022062444594988
0.250000000000000 -0.021792216947573
0.254548123192429 -0.021515855467570
0.259123162949142 -0.021233908743147
0.263724617565473 -0.020946934205487
0.268351982440069 -0.020655504039192
0.273004750130227 -0.020360210281985
0.277682410407536 -0.020061667911393
0.282384450313836 -0.019760537208541
0.287110354217464 -0.019457520854170
0.291859603869799 -0.019153349603887
0.296631678462100 -0.018848769819090
0.301426054682609 -0.018544397291136
0.306242206773948 -0.018240569703879
0.311079606590766 -0.017937601038987
0.315937723657661 -0.017635807594784
0.320816025227350 -0.017335505894384
0.325713976339092 -0.017036962519828
0.330631039877354 -0.016740435000738
0.335566676630708 -0.016446182798805
0.340520345350965 -0.016154468401222
0.345491502812526 -0.015865560556823
0.350479603871956 -0.015579735434345
0.355484101527764 -0.015297270751594
0.360504446980385 -0.015018446473580
0.365540089692367 -0.014743551470298
0.370590477448739 -0.014472905069547
0.375655056417572 -0.014206837386025
0.380733271210709 -0.013945679573969
0.385824564944672 -0.013689763543419
0.390928379301728 -0.013439351355857
0.396044154591120 -0.013194575308147
0.401171329810437 -0.012955558712138
0.406309342707137 -0.012722420737105
0.411457629840208 -0.012495268377977
0.416615626641949 -0.012274049204316
0.421782767479884 -0.012058590102044
0.426958485718794 -0.011848707525591
0.432142213782848 -0.011644215753386
0.437333383217848 -0.011444928572917
0.442531424753567 -0.011250692942688
0.447735768366173 -0.011061366534794
0.452945843340743 -0.010876805170379
0.458161078333842 -0.010696859373953
0.463380901436184 -0.010521373777152
0.468604740235343 -0.010350176837643
0.473832021878528 -0.010183090488374
0.479062173135400 -0.010019934455788
0.484294620460935 -0.009860525998721
0.489528790058321 -0.009704688799010
0.494764107941877 -0.009552262005101
0.500000000000000 -0.009403086227638
0.505235892058122 -0.009257000016408
0.510471209941678 -0.009113840763450
0.515705379539064 -0.008973455947668
0.520937826864600 -0.008835705960080
0.526167978121472 -0.008700452207125
0.531395259764656 -0.008567554651580
0.536619098563816 -0.008436873550890
0.541838921666157 -0.008308270219542
0.547054156659257 -0.008181606388209
0.552264231633827 -0.008056745141783
0.557468575246433 -0.007933548374103
0.562666616782152 -0.007811876523654
0.567857786217152 -0.007691572067891
0.573041514281206 -0.007572468186278
0.578217232520115 -0.007454399356586
0.583384373358051 -0.007337201037532
0.588542370159791 -0.007220733880148
0.593690657292862 -0.007104958468985
0.598828670189563 -0.006989861193123
0.603955845408879 -0.006875427236189
0.609071620698271 -0.006761644657962
0.614175435055328 -0.006648561118736
0.619266728789290 -0.006536327686177
0.624344943582427 -0.006425102856341
0.629409522551260 -0.006315042829029
0.634459910307633 -0.006206298398970
0.639495553019614 -0.006098996030897
0.644515898472235 -0.005993247395654
0.649520396128043 -0.005889160440294
0.654508497187474 -0.005786841329547
0.659479654649035 -0.005686395682301
0.664433323369291 -0.005587934685355
0.669368960122646 -0.005491567481053
0.674286023660907 -0.005397398785411
0.679183974772650 -0.005305531151134
0.684062276342339 -0.005216055248747
0.688920393409233 -0.005129056083690
0.693757793226051 -0.005044614964812
0.698573945317390 -0.004962806071973
0.703368321537900 -0.004883586120132
0.708140396130200 -0.004806775014487
0.712889645782536 -0.004732187688100
0.717615549686163 -0.004659643229729
0.722317589592464 -0.004588967112753
0.726995249869773 -0.004519994432007
0.731648017559930 -0.004452564394504
0.736275382434527 -0.004386520850914
0.740876837050857 -0.004321710233471
0.745451876807570 -0.004257982015854
0.750000000000000 -0.004195189449538
0.754520707875185 -0.004133190347755
0.759013504686565 -0.004071849951670
0.763477897748338 -0.004011043734077
0.767913397489498 -0.003950651749524
0.772319517507513 -0.003890559134101
0.776695774621672 -0.003830643860363
0.781041688926065 -0.003770773723039
0.785356783842216 -0.003710821648567
0.789640586171339 -0.003650675382461
0.793892626146236 -0.003590303484141
0.798112437482808 -0.003529722054102
0.802299557431187 -0.003468946592535
0.806453526826488 -0.003408036238646
0.810573890139155 -0.003347154596402
0.814660195524918 -0.003286473583430
0.818711994874345 -0.003226156583690
0.822728843861975 -0.003166338628392
0.826710301995052 -0.003107137616626
0.830655932661826 -0.003048665489012
0.834565303179429 -0.002991031514672
0.838437984841330 -0.002934344485199
0.842273552964344 -0.002878706017401
0.846071586935203 -0.002824211971974
0.849831670256683 -0.002770949358900
0.853553390593274 -0.002718999636962
0.857236339816401 -0.002668438046305
0.860880114049181 -0.002619332928931
0.864484313710706 -0.002571747894929
0.868048543559867 -0.002525740619329
0.871572412738697 -0.002481365405300
0.875055534815230 -0.002438671140429
0.878497527825878 -0.002397695180459
0.881898014317321 -0.002358462325789
0.885256621387894 -0.002320994385675
0.888572980728485 -0.002285336442720
0.891846728662920 -0.002251545718386
0.895077506187845 -0.002219619996497
0.898264959012098 -0.002189342636335
0.901408737595557 -0.002160456303866
0.904508497187474 -0.002132663533771
0.907563897864277 -0.002105624292584
0.910574604566852 -0.002079028041683
0.913540287137281 -0.002052610822055
0.916460620355049 -0.002026137737987
0.919335283972712 -0.001999391665237
0.922163962751007 -0.001972175102419
0.924946346493432 -0.001944313349861
0.927682130080253 -0.001915654299125
0.930371013501972 -0.001886066581792
0.933012701892219 -0.001855438027912
0.935606905560095 -0.001823676218988
0.938153340021932 -0.001790706832450
0.940651726032496 -0.001756473307161
0.943101789615607 -0.001720936398890
0.945503262094184 -0.001684072776782
0.947855880119706 -0.001645874652355
0.950159385701097 -0.001606349208794
0.952413526233010 -0.001565516963634
0.954618054523534 -0.001523412335429
0.956772728821300 -0.001480081396242
0.958877312841991 -0.001435582293024
0.960931575794250 -0.001389983503826
0.962935292404997 -0.001343364808229
0.964888242944126 -0.001295812970686
0.966790213248601 -0.001247425508558
0.968640994745946 -0.001198306522930
0.970440384477113 -0.001148567514304
0.972188185118740 -0.001098325261858
0.973884205004793 -0.001047703631371
0.975528258147577 -0.000996829662264
0.977120164258138 -0.000945835625961
0.978659748766034 -0.000894856390425
0.980146842838471 -0.000844029825726
0.981581283398829 -0.000793494859491
0.982962913144534 -0.000743392723271
0.984291580564316 -0.000693864351428
0.985567139954818 -0.000645051615405
0.986789451436580 -0.000597095719895
0.987958380969374 -0.000550135383652
0.989073800366903 -0.000504308067030
0.990135587310861 -0.000459748686517
0.991143625364344 -0.000416590335204
0.992097803984621 -0.000374960284792
0.992998018535252 -0.000334984447688
0.993844170297569 -0.000296781906434
0.994636166481494 -0.000260468975993
0.995373920235722 -0.000226155125861
0.996057350657239 -0.000193944193660
0.996686382800198 -0.000163933024555
0.997260947684137 -0.000136215579070
0.997780982301540 -0.000110874531352
0.998246429624752 -0.000087987645964
0.998657238612229 -0.000067625625475
0.999013364214136 -0.000049850131828
0.999314767377287 -0.000034715963371
0.999561415049429 -0.000022269169563
0.999753280182866 -0.000012549410733
0.999890341737423 -0.000005584566971
0.999972584682756 -0.000001397174744
1.000000000000000 0.000000000000000
