1.000000000000000 0.000000000000000
0.999972584682756 0.000008783014706
0.999890341737423 0.000035137282119
0.999753280182866 0.000079056049356
0.999561415049429 0.000140537393538
0.999314767377287 0.000219561789948
0.999013364214136 0.000316120115687
0.998657238612229 0.000430202414127
0.998246429624752 0.000561786658452
0.997780982301540 0.000710849924554
0.997260947684137 0.000877373950254
0.996686382800198 0.001061322683909
0.996057350657239 0.001262670240067
0.995373920235722 0.001481389636223
0.994636166481494 0.001717430342804
0.993844170297569 0.001970768596715
0.992998018535252 0.002241351357678
0.992097803984621 0.002529135410903
0.991143625364344 0.002834064908002
0.990135587310861 0.003156093651102
0.989073800366903 0.003495162636776
0.987958380969374 0.003851211148039
0.986789451436580 0.004224176654456
0.985567139954818 0.004613977969816
0.984291580564316 0.005020559796318
0.982962913144534 0.005443831233947
0.981581283398829 0.005883721457673
0.980146842838472 0.006340134999290
0.978659748766034 0.006812985074718
0.977120164258138 0.007302176745384
0.975528258147577 0.007807617921607
0.973884205004793 0.008329191451598
0.972188185118741 0.008866788359849
0.970440384477113 0.009420302128933
0.968640994745946 0.009989606386413
0.966790213248601 0.010574582504720
0.964888242944126 0.011175086247418
0.962935292404997 0.011790991911806
0.960931575794250 0.012422147950770
0.958877312841991 0.013068415515306
0.956772728821300 0.013729629700648
0.954618054523534 0.014405638006305
0.952413526233010 0.015096261673793
0.950159385701097 0.015801334055401
0.947855880119706 0.016520678468211
0.945503262094184 0.017254097171910
0.943101789615607 0.018001398624243
0.940651726032496 0.018762386371829
0.938153340021932 0.019536848041930
0.935606905560095 0.020324571580601
0.933012701892219 0.021125328829195
0.930371013501972 0.021938891713435
0.927682130080253 0.022765021274381
0.924946346493432 0.023603472996387
0.922163962751008 0.024453991301131
0.919335283972712 0.025316320228248
0.916460620355050 0.026190187207064
0.913540287137281 0.027075313777232
0.910574604566852 0.027971420746253
0.907563897864277 0.028878206890026
0.904508497187474 0.029795380725204
0.901408737595557 0.030722623356329
0.898264959012098 0.031659625466707
0.895077506187845 0.032606055563355
0.891846728662920 0.033561586271384
0.888572980728485 0.034525868140065
0.885256621387895 0.035498555636490
0.881898014317321 0.036479291594131
0.878497527825878 0.037467707113554
0.875055534815230 0.038463426816007
0.871572412738697 0.039466068886526
0.868048543559867 0.040475244899310
0.864484313710706 0.041490549920862
0.860880114049181 0.042511577642606
0.857236339816402 0.043537919978188
0.853553390593274 0.044569147543484
0.849831670256683 0.045604834817014
0.846071586935203 0.046644535626846
0.842273552964344 0.047687817430445
0.838437984841330 0.048734216525752
0.834565303179429 0.049783275510949
0.830655932661826 0.050834521017247
0.826710301995053 0.051887484820184
0.822728843861975 0.052941686126393
0.818711994874345 0.053996650925299
0.814660195524919 0.055051889557588
0.810573890139155 0.056106893733603
0.806453526826488 0.057161117365439
0.802299557431188 0.058214012454096
0.798112437482808 0.059265119695360
0.793892626146237 0.060314204896976
0.789640586171339 0.061361096016789
0.785356783842216 0.062405627325777
0.781041688926065 0.063447673488541
0.776695774621672 0.064487167492442
0.772319517507513 0.065524050774597
0.767913397489498 0.066558279085683
0.763477897748339 0.067589796895924
0.759013504686565 0.068618572376592
0.754520707875186 0.069644568090131
0.750000000000000 0.070667765627511
0.745451876807570 0.071688152382052
0.740876837050858 0.072705734276342
0.736275382434527 0.073720511983774
0.731648017559931 0.074732521168772
0.726995249869773 0.075741803502983
0.722317589592464 0.076748444085346
0.717615549686164 0.077752515803041
0.712889645782536 0.078754099093178
0.708140396130201 0.079753219253868
0.703368321537900 0.080749868621168
0.698573945317390 0.081744054898127
0.693757793226052 0.082735773383012
0.688920393409234 0.083724645647627
0.684062276342339 0.084710027200110
0.679183974772650 0.085691248797343
0.674286023660908 0.086667638420265
0.669368960122646 0.087638538796489
0.664433323369292 0.088603319949850
0.659479654649035 0.089561352525101
0.654508497187474 0.090512007280014
0.649520396128043 0.091454651447697
0.644515898472236 0.092388641219704
0.639495553019615 0.093313331335558
0.634459910307633 0.094228074920600
0.629409522551260 0.095132224032958
0.624344943582428 0.096025115730095
0.619266728789291 0.096906076888663
0.614175435055328 0.097774420963383
0.609071620698271 0.098629468347610
0.603955845408880 0.099470540575872
0.598828670189563 0.100297071199415
0.593690657292862 0.101108651005337
0.588542370159792 0.101904875585192
0.583384373358051 0.102685351210866
0.578217232520115 0.103449689356827
0.573041514281206 0.104197552000535
0.567857786217152 0.104928632326547
0.562666616782152 0.105642640004552
0.557468575246433 0.106339280176410
0.552264231633827 0.107018270401702
0.547054156659257 0.107679329259358
0.541838921666158 0.108322175295581
0.536619098563816 0.108946535428434
0.531395259764657 0.109552146843386
0.526167978121472 0.110138744066053
0.520937826864600 0.110706052330866
0.515705379539064 0.111253791086482
0.510471209941678 0.111781688505111
0.505235892058123 0.112289479985976
0.500000000000000 0.112776947633454
0.494764107941877 0.113244125256333
0.489528790058322 0.113691158727893
0.484294620460936 0.114118198968446
0.479062173135400 0.114525406679862
0.473832021878528 0.114912952960940
0.468604740235343 0.115281063487803
0.463380901436184 0.115629989860704
0.458161078333842 0.115959990656752
0.452945843340743 0.116271326476203
0.447735768366173 0.116564263446719
0.442531424753567 0.116839059119921
0.437333383217848 0.117095969053327
0.432142213782848 0.117335253309653
0.426958485718794 0.117557177548942
0.421782767479885 0.117762014640855
0.416615626641949 0.117950057299892
0.411457629840209 0.118121609977289
0.406309342707138 0.118276979469394
0.401171329810437 0.118416476930357
0.396044154591120 0.118540299432437
0.390928379301729 0.118648022599915
0.385824564944672 0.118739025999206
0.380733271210710 0.118812705433985
0.375655056417573 0.118868474434130
0.370590477448740 0.118905759172512
0.365540089692367 0.118923983970401
0.360504446980385 0.118922587040977
0.355484101527764 0.118901026194860
0.350479603871957 0.118858779180015
0.345491502812526 0.118795347974914
0.340520345350965 0.118710263911225
0.335566676630708 0.118603079988061
0.330631039877354 0.118473369851357
0.325713976339092 0.118320728193344
0.320816025227350 0.118144754230360
0.315937723657661 0.117945047265612
0.311079606590766 0.117721229363028
0.306242206773949 0.117472943288203
0.301426054682610 0.117199881074340
0.296631678462100 0.116901944967881
0.291859603869799 0.116579142582543
0.287110354217464 0.116231497587959
0.282384450313836 0.115859051058691
0.277682410407536 0.115461884465096
0.273004750130227 0.115040152898340
0.268351982440069 0.114594026513809
0.263724617565473 0.114123690521701
0.259123162949143 0.113629345350546
0.254548123192430 0.113111201287972
0.250000000000000 0.112569477448869
0.245479292124815 0.112004412832710
0.240986495313435 0.111416253814364
0.236522102251661 0.110805254684401
0.232086602510502 0.110171676663346
0.227680482492487 0.109515790792438
0.223304225378328 0.108837883733167
0.218958311073935 0.108138309324397
0.214643216157784 0.107417517813033
0.210359413828661 0.106675968614532
0.206107373853763 0.105914125508567
0.201887562517192 0.105132237205606
0.197700442568813 0.104330191168886
0.193546473173512 0.103507872140295
0.189426109860845 0.102665190644401
0.185339804475081 0.101801863018508
0.181288005125655 0.100917354293633
0.177271156138025 0.100011154578026
0.173289698004947 0.099082824620205
0.169344067338174 0.098132003611234
0.165434696820571 0.097158434034347
0.161562015158670 0.096161889380209
0.157726447035656 0.095142186777437
0.153928413064797 0.094099151190925
0.150168329743317 0.093032640538871
0.146446609406726 0.091942566458308
0.142763660183598 0.090828870646486
0.139119885950819 0.089691542805124
0.135515686289294 0.088530614775758
0.131951456440133 0.087346168981430
0.128427587261303 0.086138302731303
0.124944465184770 0.084907162367657
0.121502472174122 0.083652945123679
0.118101985682679 0.082375908460988
0.114743378612105 0.081076353192157
0.111427019271515 0.079754619499417
0.108153271337080 0.078411003917294
0.104922493812155 0.077045841608843
0.101735040987902 0.075659567819257
0.098591262404443 0.074253050982559
0.095491502812526 0.072827319970025
0.092436102135723 0.071383529788271
0.089425395433148 0.069923215134168
0.086459712862719 0.068447985586501
0.083539379644950 0.066959302945546
0.080664716027288 0.065458450450327
0.077836037248993 0.063946744890873
0.075053653506568 0.062425885127233
0.072317869919747 0.060897702613101
0.069628986498028 0.059364595221148
0.066987298107781 0.057829883434596
0.064393094439905 0.056296815037315
0.061846659978068 0.054768458713547
0.059348273967504 0.053247763173105
0.056898210384393 0.051737560386316
0.054496737905816 0.050240567646051
0.052144119880294 0.048759456713425
0.049840614298903 0.047296835294544
0.047586473766990 0.045853446140558
0.045381945476466 0.044427472909696
0.043227271178700 0.043017034744582
0.041122687158010 0.041620248188619
0.039068424205750 0.040235447027401
0.037064707595003 0.038861145407594
0.035111757055874 0.037495981182750
0.033209786751399 0.036138667386116
0.031359005254054 0.034787996986151
0.029559615522887 0.033442808235417
0.027811814881260 0.032101905959516
0.026115794995207 0.030764155463412
0.024471741852423 0.029428646313402
0.022879835741862 0.028096095690590
0.021340251233966 0.026770250587972
0.019853157161529 0.025455960190082
0.018418716601171 0.024158706101733
0.017037086855466 0.022884226690276
0.015708419435685 0.021637916069192
0.014432860045182 0.020424873014128
0.013210548563420 0.019250096507210
0.012041619030626 0.018115204737814
0.010926199633097 0.017018678217999
0.009864412689139 0.015955539788384
0.008856374635656 0.014921813651940
0.007902196015379 0.013915241016828
0.007001981464748 0.012933896432805
0.006155829702431 0.011976276864926
0.005363833518506 0.011041226800260
0.004626079764278 0.010127789020157
0.003942649342761 0.009235256770884
0.003313617199802 0.008362980852312
0.002739052315863 0.007510415744109
0.002219017698460 0.006677184616889
0.001753570375248 0.005862888577060
0.001342761387771 0.005067225387812
0.000986635785864 0.004289878455558
0.000685232622713 0.003530665660390
0.000438584950571 0.002789356181686
0.000246719817134 0.002065759366923
0.000109658262577 0.001359836571599
0.000027415317244 0.000671226121484
0.000000000000000 0.000000000000000
0.000027415317244 -0.000654002220513
0.000109658262577 -0.001290982012882
0.000246719817134 -0.001910908089308
0.000438584950571 -0.002513780813563
0.000685232622713 -0.003103653253790
0.000986635785864 -0.003686081135851
0.001342761387771 -0.004263895283826
0.001753570375248 -0.004838044686345
0.002219017698460 -0.005408820731860
0.002739052315863 -0.005976156340362
0.003313617199802 -0.006539686444729
0.003942649342761 -0.007098974816830
0.004626079764278 -0.007653382777840
0.005363833518506 -0.008202092077589
0.006155829702431 -0.008744252157686
0.007001981464748 -0.009278694579466
0.007902196015379 -0.009804184092351
0.008856374635656 -0.010319109483527
0.009864412689139 -0.010821615449976
0.010926199633097 -0.011309445212341
0.012041619030626 -0.011779516646352
0.013210548563420 -0.012228084578704
0.014432860045182 -0.012651065131904
0.015708419435684 -0.013044642998300
0.017037086855466 -0.013406469209190
0.018418716601171 -0.013735440795875
0.019853157161528 -0.014032080784942
0.021340251233966 -0.014298584283056
0.022879835741862 -0.014539154160107
0.024471741852423 -0.014761321398814
0.026115794995207 -0.014972936940954
0.027811814881259 -0.015178148202501
0.029559615522887 -0.015378575009683
0.031359005254054 -0.015572691523926
0.033209786751399 -0.015759393249741
0.035111757055874 -0.015938170905535
0.037064707595003 -0.016108303566025
0.039068424205750 -0.016268931182610
0.041122687158009 -0.016419232115291
0.043227271178699 -0.016558396110182
0.045381945476466 -0.016685557037009
0.047586473766990 -0.016799820386902
0.049840614298903 -0.016900232627066
0.052144119880293 -0.016985823821117
0.054496737905816 -0.017055756793716
0.056898210384393 -0.017109287973217
0.059348273967504 -0.017145727151927
0.061846659978068 -0.017164439810567
0.064393094439905 -0.017164850564331
0.066987298107781 -0.017146453743026
0.069628986498028 -0.017108801133489
0.072317869919747 -0.017051515107929
0.075053653506568 -0.016974295834592
0.077836037248992 -0.016877007023886
0.080664716027288 -0.016759621908999
0.083539379644950 -0.016622228720848
0.086459712862719 -0.016465030415169
0.089425395433148 -0.016288329338576
0.092436102135723 -0.016092524370457
0.095491502812526 -0.015878113368524
0.098591262404443 -0.015645617871351
0.101735040987902 -0.015395598652029
0.104922493812155 -0.015128597759498
0.108153271337080 -0.014844735177687
0.111427019271514 -0.014544039932144
0.114743378612105 -0.014226616640330
0.118101985682679 -0.013892669472732
0.121502472174122 -0.013542457314573
0.124944465184770 -0.013176285642431
0.128427587261303 -0.012794503020652
0.131951456440133 -0.012397515938378
0.135515686289294 -0.011985787275540
0.139119885950819 -0.011559845185389
0.142763660183598 -0.011120275567350
0.146446609406726 -0.010667719831069
0.150168329743317 -0.010202880731236
0.153928413064796 -0.009726520906103
0.157726447035656 -0.009239471042099
0.161562015158669 -0.008742625838311
0.165434696820571 -0.008236943826400
0.169344067338174 -0.007723436212451
0.173289698004947 -0.007203156243899
0.177271156138025 -0.006677220244408
0.181288005125655 -0.006146824375066
0.185339804475081 -0.005613295318396
0.189426109860845 -0.005078055532706
0.193546473173511 -0.004542574892881
0.197700442568812 -0.004008143325379
0.201887562517192 -0.003475884475580
0.206107373853763 -0.002946951896914
0.210359413828660 -0.002422425405057
0.214643216157784 -0.001902910374564
0.218958311073935 -0.001388877253772
0.223304225378328 -0.000880805539922
0.227680482492486 -0.000379224946095
0.232086602510501 0.000115244746693
0.236522102251661 0.000601955292861
0.240986495313435 0.001080256103608
0.245479292124814 0.001549492189865
0.250000000000000 0.002009011278715
0.254548123192429 0.002458154670409
0.259123162949142 0.002896253591257
0.263724617565473 0.003322645476913
0.268351982440069 0.003736674209272
0.273004750130227 0.004137675958139
0.277682410407536 0.004524980843024
0.282384450313836 0.004897856669343
0.287110354217464 0.005255480450277
0.291859603869799 0.005597015460383
0.296631678462100 0.005921618002039
0.301426054682609 0.006228731935890
0.306242206773948 0.006518549380117
0.311079606590766 0.006791388362068
0.315937723657661 0.007047593664016
0.320816025227350 0.007287553649522
0.325713976339092 0.007511865176843
0.330631039877354 0.007721224973306
0.335566676630708 0.007916356599654
0.340520345350965 0.008098008348070
0.345491502812526 0.008266911116409
0.350479603871956 0.008423763661509
0.355484101527764 0.008569283722383
0.360504446980385 0.008704208741942
0.365540089692367 0.008829309819563
0.370590477448739 0.008945455641230
0.375655056417572 0.009053568334860
0.380733271210709 0.009154588138439
0.385824564944672 0.009249475254690
0.390928379301728 0.009339076212600
0.396044154591120 0.009423973430559
0.401171329810437 0.009504725053265
0.406309342707137 0.009581898225442
0.411457629840208 0.009656050671213
0.416615626641949 0.009727338385520
0.421782767479884 0.009795524655635
0.426958485718794 0.009860356170792
0.432142213782848 0.009921578894230
0.437333383217848 0.009978949025907
0.442531424753567 0.010032318406657
0.447735768366173 0.010081589273755
0.452945843340743 0.010126664883486
0.458161078333842 0.010167450202450
0.463380901436184 0.010203840198146
0.468604740235343 0.010235679396307
0.473832021878528 0.010262798122321
0.479062173135400 0.010285028534623
0.484294620460935 0.010302204167936
0.489528790058321 0.010314201900502
0.494764107941877 0.010321016221913
0.500000000000000 0.010322663860599
0.505235892058122 0.010319163865314
0.510471209941678 0.010310538790796
0.515705379539064 0.010296925079332
0.520937826864600 0.010278658093412
0.526167978121472 0.010256094484143
0.531395259764656 0.010229591879203
0.536619098563816 0.010199507437881
0.541838921666157 0.010166167482015
0.547054156659257 0.010129863950739
0.552264231633827 0.010090886624420
0.557468575246433 0.010049525218417
0.562666616782152 0.010006071292703
0.567857786217152 0.009960849470423
0.573041514281206 0.009914204650526
0.578217232520115 0.009866480253302
0.583384373358051 0.009818016549125
0.588542370159791 0.009769127277577
0.593690657292862 0.009719999159750
0.598828670189563 0.009670776846447
0.603955845408879 0.009621603545023
0.609071620698271 0.009572619894933
0.614175435055328 0.009523843856793
0.619266728789290 0.009475042567573
0.624344943582427 0.009425955636733
0.629409522551260 0.009376326784849
0.634459910307633 0.009325906857711
0.639495553019614 0.009274487623227
0.644515898472235 0.009221890957607
0.649520396128043 0.009167944065665
0.654508497187474 0.009112477892974
0.659479654649035 0.009055326024435
0.664433323369291 0.008996319248674
0.669368960122646 0.008935292959805
0.674286023660907 0.008872087178036
0.679183974772650 0.008806545356552
0.684062276342339 0.008738502622361
0.688920393409233 0.008667789614826
0.693757793226051 0.008594243714564
0.698573945317390 0.008517710979110
0.703368321537900 0.008438164441816
0.708140396130200 0.008355752097583
0.712889645782536 0.008270634216614
0.717615549686163 0.008182969001505
0.722317589592464 0.008092926613391
0.726995249869773 0.008000708439904
0.731648017559930 0.007906516682878
0.736275382434527 0.007810550073738
0.740876837050857 0.007712999775069
0.745451876807570 0.007614044485538
0.750000000000000 0.007513856924619
0.754520707875185 0.007412605125536
0.759013504686565 0.007310455688418
0.763477897748338 0.007207570598641
0.767913397489498 0.007104108820526
0.772319517507513 0.007000224681615
0.776695774621672 0.006896069945278
0.781041688926065 0.006791793155213
0.785356783842216 0.006687538793410
0.789640586171339 0.006583446143451
0.793892626146236 0.006479638244026
0.798112437482808 0.006376226715423
0.802299557431187 0.006273319549478
0.806453526826488 0.006170985579302
0.810573890139155 0.006069187445110
0.814660195524918 0.005967872964698
0.818711994874345 0.005866993431026
0.822728843861975 0.005766511083647
0.826710301995052 0.005666397016512
0.830655932661826 0.005566623579956
0.834565303179429 0.005467165683716
0.838437984841330 0.005367998749498
0.842273552964344 0.005269100688446
0.846071586935203 0.005170453847387
0.849831670256683 0.005072042852343
0.853553390593274 0.004973855607522
0.857236339816401 0.004875882682660
0.860880114049181 0.004778117249152
0.864484313710706 0.004680555260999
0.868048543559867 0.004583195974051
0.871572412738697 0.004486039775017
0.875055534815230 0.004389090877481
0.878497527825878 0.004292355980341
0.881898014317321 0.004195843893826
0.885256621387894 0.004099565622830
0.888572980728485 0.004003535235120
0.891846728662920 0.003907768282692
0.895077506187845 0.003812283077838
0.898264959012098 0.003717099951498
0.901408737595557 0.003622241697967
0.904508497187474 0.003527732526043
0.907563897864277 0.003433598196782
0.910574604566852 0.003339868221069
0.913540287137281 0.003246571701145
0.916460620355049 0.003153740965509
0.919335283972712 0.003061409581343
0.922163962751007 0.002969611889585
0.924946346493432 0.002878385068884
0.927682130080253 0.002787766728967
0.930371013501972 0.002697795767176
0.933012701892219 0.002608512549575
0.935606905560095 0.002519959617890
0.938153340021932 0.002432178023384
0.940651726032496 0.002345212565159
0.943101789615607 0.002259107135103
0.945503262094184 0.002173907190415
0.947855880119706 0.002089658999570
0.950159385701097 0.002006407688253
0.952413526233010 0.001924201387140
0.954618054523534 0.001843087845426
0.956772728821300 0.001763114184370
0.958877312841991 0.001684327941372
0.960931575794250 0.001606778318547
0.962935292404997 0.001530513602431
0.964888242944126 0.001455581976167
0.966790213248601 0.001382030926422
0.968640994745946 0.001309908761834
0.970440384477113 0.001239263456696
0.972188185118740 0.001170142452095
0.973884205004793 0.001102592641898
0.975528258147577 0.001036659509378
0.977120164258138 0.000972390034540
0.978659748766034 0.000909829041572
0.980146842838471 0.000849020272660
0.981581283398829 0.000790008198315
0.982962913144534 0.000732835043404
0.984291580564316 0.000677542617655
0.985567139954818 0.000624171353014
0.986789451436580 0.000572760745014
0.987958380969374 0.000523349614650
0.989073800366903 0.000475974386252
0.990135587310861 0.000430671602950
0.991143625364344 0.000387474847926
0.992097803984621 0.000346417544559
0.992998018535252 0.000307531680910
0.993844170297569 0.000270846893787
0.994636166481494 0.000236392043513
0.995373920235722 0.000204193678945
0.996057350657239 0.000174276833237
0.996686382800198 0.000146664735644
0.997260947684137 0.000121380097546
0.997780982301540 0.000098442443880
0.998246429624752 0.000077870390536
0.998657238612229 0.000059679260927
0.999013364214136 0.000043883430761
0.999314767377287 0.000030497174902
0.999561415049429 0.000019529685371
0.999753280182866 0.000010991069513
0.999890341737423 0.000004886476124
0.999972584682756 0.000001221830204
1.000000000000000 0.000000000000000
