1.000000000000000 0.000000000000000
0.999972584682756 0.000005329884658
0.999890341737423 0.000021324956440
0.999753280182866 0.000047973819318
0.999561415049429 0.000085265552602
0.999314767377287 0.000133189715400
0.999013364214136 0.000191719094616
0.998657238612229 0.000260840794197
0.998246429624752 0.000340518290514
0.997780982301540 0.000430725959908
0.997260947684137 0.000531421525617
0.996686382800198 0.000642570205759
0.996057350657239 0.000764130960074
0.995373920235722 0.000896046249640
0.994636166481494 0.001038269557356
0.993844170297569 0.001190744820103
0.992998018535252 0.001353413346264
0.992097803984621 0.001526210450387
0.991143625364344 0.001709065527675
0.990135587310861 0.001901912332247
0.989073800366903 0.002104675400304
0.987958380969374 0.002317273552891
0.986789451436580 0.002539626749087
0.985567139954818 0.002771649369226
0.984291580564316 0.003013253679776
0.982962913144534 0.003264349900543
0.981581283398829 0.003524842922677
0.980146842838472 0.003794632418783
0.978659748766034 0.004073619627072
0.977120164258138 0.004361700735028
0.975528258147577 0.004658766999721
0.973884205004793 0.004964714797050
0.972188185118741 0.005279432418044
0.970440384477113 0.005602800243534
0.968640994745946 0.005934707324463
0.966790213248601 0.006275034976136
0.964888242944126 0.006623660223712
0.962935292404997 0.006980465691648
0.960931575794250 0.007345320160234
0.958877312841991 0.007718101463200
0.956772728821300 0.008098686771417
0.954618054523534 0.008486936657863
0.952413526233010 0.008882730608464
0.950159385701097 0.009285931769953
0.947855880119706 0.009696409530751
0.945503262094184 0.010114026864502
0.943101789615607 0.010538653136274
0.940651726032496 0.010970148405239
0.938153340021932 0.011408382441093
0.935606905560095 0.011853212867134
0.933012701892219 0.012304507190193
0.930371013501972 0.012762127284419
0.927682130080253 0.013225932693269
0.924946346493432 0.013695789959025
0.922163962751008 0.014171560418588
0.919335283972712 0.014653106483470
0.916460620355050 0.015140294765572
0.913540287137281 0.015632981068068
0.910574604566852 0.016131040673821
0.907563897864277 0.016634329312450
0.904508497187474 0.017142719298475
0.901408737595557 0.017656072732516
0.898264959012098 0.018174262409496
0.895077506187845 0.018697154174942
0.891846728662920 0.019224618845635
0.888572980728485 0.019756529326016
0.885256621387895 0.020292760702922
0.881898014317321 0.020833184567881
0.878497527825878 0.021377677827419
0.875055534815230 0.021926122706279
0.871572412738697 0.022478395410327
0.868048543559867 0.023034380466025
0.864484313710706 0.023593962253749
0.860880114049181 0.024157027982278
0.857236339816402 0.024723467907313
0.853553390593274 0.025293169733368
0.849831670256683 0.025866029586111
0.846071586935203 0.026441943308102
0.842273552964344 0.027020806990068
0.838437984841330 0.027602525862038
0.834565303179429 0.028187002525512
0.830655932661826 0.028774149059707
0.826710301995053 0.029363874645534
0.822728843861975 0.029956089531512
0.818711994874345 0.030550700798936
0.814660195524919 0.031147611451325
0.810573890139155 0.031746757116849
0.806453526826488 0.032348102690287
0.802299557431188 0.032951611527737
0.798112437482808 0.033557178245987
0.793892626146237 0.034164459847477
0.789640586171339 0.034773036504381
0.785356783842216 0.035382485753635
0.781041688926065 0.035992325429715
0.776695774621672 0.036602021453915
0.772319517507513 0.037211018638396
0.767913397489498 0.037818751926797
0.763477897748339 0.038424654386884
0.759013504686565 0.039028151390869
0.754520707875186 0.039628651072935
0.750000000000000 0.040225554289285
0.745451876807570 0.040818247590312
0.740876837050858 0.041406106082660
0.736275382434527 0.041988491561432
0.731648017559931 0.042564757327170
0.726995249869773 0.043134220167859
0.722317589592464 0.043696186969295
0.717615549686164 0.044249952289542
0.712889645782536 0.044794816128713
0.708140396130201 0.045330133203495
0.703368321537900 0.045855265617472
0.698573945317390 0.046369573622781
0.693757793226052 0.046872480040638
0.688920393409234 0.047364016679420
0.684062276342339 0.047844567009302
0.679183974772650 0.048314532483738
0.674286023660908 0.048774335615620
0.669368960122646 0.049224391317678
0.664433323369292 0.049665099768657
0.659479654649035 0.050096881726022
0.654508497187474 0.050520167107812
0.649520396128043 0.050935399504058
0.644515898472236 0.051343022340863
0.639495553019615 0.051743488726266
0.634459910307633 0.052137265247481
0.629409522551260 0.052524828904737
0.624344943582428 0.052906736138498
0.619266728789291 0.053283630730591
0.614175435055328 0.053656174214775
0.609071620698271 0.054025042664276
0.603955845408880 0.054390868203789
0.598828670189563 0.054753775031714
0.593690657292862 0.055113626672124
0.588542370159792 0.055470285275761
0.583384373358051 0.055823616576659
0.578217232520115 0.056173401411119
0.573041514281206 0.056519118941821
0.567857786217152 0.056860174588304
0.562666616782152 0.057195974364065
0.557468575246433 0.057525919996447
0.552264231633827 0.057849454129841
0.547054156659257 0.058166098259370
0.541838921666158 0.058475387801325
0.536619098563816 0.058776854855938
0.531395259764657 0.059070036219599
0.526167978121472 0.059354414430841
0.520937826864600 0.059629408609037
0.515705379539064 0.059894435640534
0.510471209941678 0.060148915340974
0.505235892058123 0.060392286695686
0.500000000000000 0.060624280579455
0.494764107941877 0.060844894242547
0.489528790058322 0.061054138549646
0.484294620460936 0.061252028684651
0.479062173135400 0.061438598965716
0.473832021878528 0.061614052288021
0.468604740235343 0.061778703731881
0.463380901436184 0.061932875451388
0.458161078333842 0.062076889168081
0.452945843340743 0.062211067130978
0.447735768366173 0.062335688583022
0.442531424753567 0.062451015667145
0.437333383217848 0.062557312549237
0.432142213782848 0.062654844525969
0.426958485718794 0.062743881565667
0.421782767479885 0.062824706695534
0.416615626641949 0.062897607503606
0.411457629840209 0.062962872058048
0.406309342707138 0.063020788852158
0.401171329810437 0.063071645753182
0.396044154591120 0.063115729527006
0.390928379301729 0.063153325892869
0.385824564944672 0.063184720034798
0.380733271210710 0.063210196204955
0.375655056417573 0.063230042941144
0.370590477448740 0.063244554448402
0.365540089692367 0.063254023729520
0.360504446980385 0.063258741547668
0.355484101527764 0.063258994450299
0.350479603871957 0.063255046435503
0.345491502812526 0.063247146814206
0.340520345350965 0.063235542102643
0.335566676630708 0.063220476252455
0.330631039877354 0.063202217312610
0.325713976339092 0.063181112735042
0.320816025227350 0.063157520107461
0.315937723657661 0.063131790374863
0.311079606590766 0.063104250560525
0.306242206773949 0.063074946795890
0.301426054682610 0.063043708125147
0.296631678462100 0.063010363933461
0.291859603869799 0.062974748032324
0.287110354217464 0.062936341135066
0.282384450313836 0.062893821446920
0.277682410407536 0.062845795598040
0.273004750130227 0.062790916313427
0.268351982440069 0.062727909178606
0.263724617565473 0.062655682015017
0.259123162949143 0.062573230629392
0.254548123192430 0.062479592761539
0.250000000000000 0.062373844494978
0.245479292124815 0.062255064298266
0.240986495313435 0.062122355264059
0.236522102251661 0.061974865293268
0.232086602510502 0.061811792260970
0.227680482492487 0.061632408228054
0.223304225378328 0.061436047936879
0.218958311073935 0.061222091356381
0.214643216157784 0.060989952052243
0.210359413828661 0.060739008557608
0.206107373853763 0.060468648744822
0.201887562517192 0.060178313397189
0.197700442568813 0.059867685914832
0.193546473173512 0.059537274189794
0.189426109860845 0.059187782934447
0.185339804475081 0.058819915052994
0.181288005125655 0.058434454169196
0.177271156138025 0.058032296079418
0.173289698004947 0.057614340438946
0.169344067338174 0.057181463087259
0.165434696820571 0.056734509424231
0.161562015158670 0.056274298137733
0.157726447035656 0.055801642166606
0.153928413064797 0.055317286147547
0.150168329743317 0.054821904299936
0.146446609406726 0.054316160783376
0.142763660183598 0.053800557740874
0.139119885950819 0.053275181775852
0.135515686289294 0.052740075535723
0.131951456440133 0.052195321625985
0.128427587261303 0.051641110167713
0.124944465184770 0.051077671514226
0.121502472174122 0.050505239492921
0.118101985682679 0.049924012772580
0.114743378612105 0.049334181655154
0.111427019271515 0.048736026733054
0.108153271337080 0.048130091979695
0.104922493812155 0.047516999693530
0.101735040987902 0.046897019811600
0.098591262404443 0.046269525663008
0.095491502812526 0.045633784864740
0.092436102135723 0.044987771616102
0.089425395433148 0.044327746304326
0.086459712862719 0.043650196341451
0.083539379644950 0.042952183405377
0.080664716027288 0.042231187651055
0.077836037248993 0.041484860012498
0.075053653506568 0.040710943623658
0.072317869919747 0.039907951311400
0.069628986498028 0.039079712113597
0.066987298107781 0.038232653579968
0.064393094439905 0.037372984478480
0.061846659978068 0.036506679066737
0.059348273967504 0.035639242268938
0.056898210384393 0.034775530588865
0.054496737905816 0.033920141706052
0.052144119880294 0.033078030978885
0.049840614298903 0.032253341281837
0.047586473766990 0.031445688407438
0.045381945476466 0.030652681320791
0.043227271178700 0.029869479696901
0.041122687158010 0.029090256820222
0.039068424205750 0.028310352411047
0.037064707595003 0.027526000427488
0.035111757055874 0.026733579806027
0.033209786751399 0.025929696129026
0.031359005254054 0.025111082023464
0.029559615522887 0.024274699968419
0.027811814881260 0.023417713732692
0.026115794995207 0.022537188527522
0.024471741852423 0.021629362280634
0.022879835741862 0.020695207541060
0.021340251233966 0.019742074656036
0.019853157161529 0.018780475546495
0.018418716601171 0.017821541459696
0.017037086855466 0.016875403901990
0.015708419435685 0.015950830272828
0.014432860045182 0.015054951773887
0.013210548563420 0.014193137215791
0.012041619030626 0.013368962387581
0.010926199633097 0.012581775427632
0.009864412689139 0.011824657763921
0.008856374635656 0.011092035435019
0.007902196015379 0.010380102034507
0.007001981464748 0.009685896468403
0.006155829702431 0.009007261861087
0.005363833518506 0.008342421890206
0.004626079764278 0.007689963083672
0.003942649342761 0.007048801411019
0.003313617199802 0.006417960351645
0.002739052315863 0.005796644851527
0.002219017698460 0.005184246457051
0.001753570375248 0.004580150963451
0.001342761387771 0.003983878744312
0.000986635785864 0.003395039796268
0.000685232622713 0.002813269935635
0.000438584950571 0.002238210291547
0.000246719817134 0.001669600049363
0.000109658262577 0.001107100583086
0.000027415317244 0.000550759984433
0.000000000000000 0.000000000000000
0.000027415317244 -0.000548079281709
0.000109658262577 -0.001103821699473
0.000246719817134 -0.001668316454975
0.000438584950571 -0.002240855771008
0.000685232622713 -0.002820893995911
0.000986635785864 -0.003407676892743
0.001342761387771 -0.004000473419177
0.001753570375248 -0.004598404164722
0.002219017698460 -0.005200546544275
0.002739052315863 -0.005805841890967
0.003313617199802 -0.006413149029942
0.003942649342761 -0.007021145467795
0.004626079764278 -0.007628323417806
0.005363833518506 -0.008233030579332
0.006155829702431 -0.008833266558673
0.007001981464748 -0.009426771302315
0.007902196015379 -0.010010856879414
0.008856374635656 -0.010582248948447
0.009864412689139 -0.011137089139844
0.010926199633097 -0.011670434409456
0.012041619030626 -0.012176194023093
0.013210548563420 -0.012646053058792
0.014432860045182 -0.013072595672484
0.015708419435684 -0.013451022830368
0.017037086855466 -0.013778377153609
0.018418716601171 -0.014053595160793
0.019853157161528 -0.014278362843729
0.021340251233966 -0.014456804219584
0.022879835741862 -0.014596241804542
0.024471741852423 -0.014707660636845
0.026115794995207 -0.014805006690111
0.027811814881259 -0.014894233652146
0.029559615522887 -0.014976413601626
0.031359005254054 -0.015051215414226
0.033209786751399 -0.015118096256818
0.035111757055874 -0.015176934203257
0.037064707595003 -0.015227671122207
0.039068424205750 -0.015270201465975
0.041122687158009 -0.015304482226961
0.043227271178699 -0.015330547083640
0.045381945476466 -0.015348501112982
0.047586473766990 -0.015358519234621
0.049840614298903 -0.015360802704710
0.052144119880293 -0.015355560844535
0.054496737905816 -0.015342877120303
0.056898210384393 -0.015322624688143
0.059348273967504 -0.015294727177740
0.061846659978068 -0.015259205266990
0.064393094439905 -0.015216127604287
0.066987298107781 -0.015165601841387
0.069628986498028 -0.015107800284212
0.072317869919747 -0.015043029728755
0.075053653506568 -0.014971659027461
0.077836037248992 -0.014893803771117
0.080664716027288 -0.014809403082920
0.083539379644950 -0.014718321286989
0.086459712862719 -0.014620288828935
0.089425395433148 -0.014515022654361
0.092436102135723 -0.014402253921624
0.095491502812526 -0.014281718616367
0.098591262404443 -0.014153181724271
0.101735040987902 -0.014016448456755
0.104922493812155 -0.013871355036487
0.108153271337080 -0.013717922152954
0.111427019271514 -0.013556283180066
0.114743378612105 -0.013386592206946
0.118101985682679 -0.013209006568102
0.121502472174122 -0.013023706130161
0.124944465184770 -0.012830903713231
0.128427587261303 -0.012630844022833
0.131951456440133 -0.012423803204416
0.135515686289294 -0.012210096369273
0.139119885950819 -0.011990073662020
0.142763660183598 -0.011764120474775
0.146446609406726 -0.011532626724366
0.150168329743317 -0.011295987844289
0.153928413064796 -0.011054622401632
0.157726447035656 -0.010808895638230
0.161562015158669 -0.010559061627309
0.165434696820571 -0.010305377206971
0.169344067338174 -0.010048120827626
0.173289698004947 -0.009787612241368
0.177271156138025 -0.009524188139588
0.181288005125655 -0.009258207446699
0.185339804475081 -0.008990037428699
0.189426109860845 -0.008720064826625
0.193546473173511 -0.008448689308358
0.197700442568812 -0.008176335849625
0.201887562517192 -0.007903455284285
0.206107373853763 -0.007630514736001
0.210359413828660 -0.007357999988207
0.214643216157784 -0.007086426172063
0.218958311073935 -0.006816325599459
0.223304225378328 -0.006548249734886
0.227680482492486 -0.006282770381343
0.232086602510501 -0.006020470786271
0.236522102251661 -0.005761951755769
0.240986495313435 -0.005507832915955
0.245479292124814 -0.005258749084779
0.250000000000000 -0.005015363239155
0.254548123192429 -0.004778351489409
0.259123162949142 -0.004548407686030
0.263724617565473 -0.004326232351628
0.268351982440069 -0.004112517545015
0.273004750130227 -0.003907968875948
0.277682410407536 -0.003713302701136
0.282384450313836 -0.003529280767856
0.287110354217464 -0.003356755840711
0.291859603869799 -0.003196611888759
0.296631678462100 -0.003049747730453
0.301426054682609 -0.002916907139625
0.306242206773948 -0.002797983154140
0.311079606590766 -0.002692579589437
0.315937723657661 -0.002600280430314
0.320816025227350 -0.002520643155222
0.325713976339092 -0.002453095396903
0.330631039877354 -0.002396957018299
0.335566676630708 -0.002351522311945
0.340520345350965 -0.002316062708961
0.345491502812526 -0.002289847484032
0.350479603871956 -0.002272176089924
0.355484101527764 -0.002262335874759
0.360504446980385 -0.002259595388524
0.365540089692367 -0.002263200229013
0.370590477448739 -0.002272313819351
0.375655056417572 -0.002286035493307
0.380733271210709 -0.002303445730221
0.385824564944672 -0.002323608208963
0.390928379301728 -0.002345647859715
0.396044154591120 -0.002368976898921
0.401171329810437 -0.002393071266206
0.406309342707137 -0.002417399759414
0.411457629840208 -0.002441427891612
0.416615626641949 -0.002464859053595
0.421782767479884 -0.002487788082451
0.426958485718794 -0.002510347365104
0.432142213782848 -0.002532670551464
0.437333383217848 -0.002554888856603
0.442531424753567 -0.002577067210383
0.447735768366173 -0.002599214531527
0.452945843340743 -0.002621337902646
0.458161078333842 -0.002643444659127
0.463380901436184 -0.002665545493455
0.468604740235343 -0.002687678718414
0.473832021878528 -0.002709895793141
0.479062173135400 -0.002732248670019
0.484294620460935 -0.002754789242373
0.489528790058321 -0.002777562032092
0.494764107941877 -0.002800576266654
0.500000000000000 -0.002823831049572
0.505235892058122 -0.002847325530079
0.510471209941678 -0.002871058472616
0.515705379539064 -0.002895011588173
0.520937826864600 -0.002919119399517
0.526167978121472 -0.002943308658145
0.531395259764656 -0.002967506005365
0.536619098563816 -0.002991638803673
0.541838921666157 -0.003015641032639
0.547054156659257 -0.003039458452044
0.552264231633827 -0.003063038012421
0.557468575246433 -0.003086327187342
0.562666616782152 -0.003109273256738
0.567857786217152 -0.003131810634430
0.573041514281206 -0.003153862243460
0.578217232520115 -0.003175351312018
0.583384373358051 -0.003196201847063
0.588542370159791 -0.003216347067440
0.593690657292862 -0.003235782865829
0.598828670189563 -0.003254534841164
0.603955845408879 -0.003272628784122
0.609071620698271 -0.003290090299585
0.614175435055328 -0.003306986188671
0.619266728789290 -0.003323504026319
0.624344943582427 -0.003339851296149
0.629409522551260 -0.003356232438060
0.634459910307633 -0.003372847839286
0.639495553019614 -0.003389880704479
0.644515898472235 -0.003407496757489
0.649520396128043 -0.003425857954011
0.654508497187474 -0.003445122410166
0.659479654649035 -0.003465443736246
0.664433323369291 -0.003486967284142
0.669368960122646 -0.003509833095967
0.674286023660907 -0.003534177504585
0.679183974772650 -0.003560134248775
0.684062276342339 -0.003587862365326
0.688920393409233 -0.003617539895390
0.693757793226051 -0.003649340210250
0.698573945317390 -0.003683428389696
0.703368321537900 -0.003719744071509
0.708140396130200 -0.003757815410086
0.712889645782536 -0.003797136449361
0.717615549686163 -0.003837214296415
0.722317589592464 -0.003877550520073
0.726995249869773 -0.003917599910670
0.731648017559930 -0.003956821963576
0.736275382434527 -0.003994693265397
0.740876837050857 -0.004030712342504
0.745451876807570 -0.004064411236263
0.750000000000000 -0.004095342979823
0.754520707875185 -0.004123078666586
0.759013504686565 -0.004147207661617
0.763477897748338 -0.004167336890752
0.767913397489498 -0.004183092122544
0.772319517507513 -0.004194117534694
0.776695774621672 -0.004200069151863
0.781041688926065 -0.004200608702635
0.785356783842216 -0.004195416406987
0.789640586171339 -0.004184195515224
0.793892626146236 -0.004166718030756
0.798112437482808 -0.004142813100243
0.802299557431187 -0.004112326928793
0.806453526826488 -0.004075236353247
0.810573890139155 -0.004031946270900
0.814660195524918 -0.003982947680521
0.818711994874345 -0.003928713432451
0.822728843861975 -0.003869670506039
0.826710301995052 -0.003806207450348
0.830655932661826 -0.003738700912877
0.834565303179429 -0.003667520476582
0.838437984841330 -0.003593033913378
0.842273552964344 -0.003515595989670
0.846071586935203 -0.003435547208523
0.849831670256683 -0.003353213756494
0.853553390593274 -0.003268906922913
0.857236339816401 -0.003182926764753
0.860880114049181 -0.003095561503647
0.864484313710706 -0.003007086205400
0.868048543559867 -0.002917763932779
0.871572412738697 -0.002827844943561
0.875055534815230 -0.002737567507306
0.878497527825878 -0.002647157365325
0.881898014317321 -0.002556828384079
0.885256621387894 -0.002466783146163
0.888572980728485 -0.002377211273277
0.891846728662920 -0.002288293102180
0.895077506187845 -0.002200194443336
0.898264959012098 -0.002113073462450
0.901408737595557 -0.002027074555818
0.904508497187474 -0.001942332955038
0.907563897864277 -0.001858972681234
0.910574604566852 -0.001777108233054
0.913540287137281 -0.001696843699141
0.916460620355049 -0.001618273224431
0.919335283972712 -0.001541482263438
0.922163962751007 -0.001466545308001
0.924946346493432 -0.001393530089470
0.927682130080253 -0.001322493875669
0.930371013501972 -0.001253486969855
0.933012701892219 -0.001186550367593
0.935606905560095 -0.001121718121662
0.938153340021932 -0.001059016526934
0.940651726032496 -0.000998464345464
0.943101789615607 -0.000940074110360
0.945503262094184 -0.000883850922916
0.947855880119706 -0.000829795035133
0.950159385701097 -0.000777899240502
0.952413526233010 -0.000728151200759
0.954618054523534 -0.000680534405017
0.956772728821300 -0.000635025250612
0.958877312841991 -0.000591597288282
0.960931575794250 -0.000550218947295
0.962935292404997 -0.000510855158187
0.964888242944126 -0.000473465997076
0.966790213248601 -0.000438009329426
0.968640994745946 -0.000404439966848
0.970440384477113 -0.000372708786719
0.972188185118740 -0.000342765592535
0.973884205004793 -0.000314557164294
0.975528258147577 -0.000288028763898
0.977120164258138 -0.000263124087751
0.978659748766034 -0.000239785438674
0.980146842838471 -0.000217954341195
0.981581283398829 -0.000197571540202
0.982962913144534 -0.000178577234043
0.984291580564316 -0.000160911666150
0.985567139954818 -0.000144515271107
0.986789451436580 -0.000129328485234
0.987958380969374 -0.000115292881864
0.989073800366903 -0.000102350218705
0.990135587310861 -0.000090443916398
0.991143625364344 -0.000079518269550
0.992097803984621 -0.000069519593399
0.992998018535252 -0.000060395367022
0.993844170297569 -0.000052095486778
0.994636166481494 -0.000044571631612
0.995373920235722 -0.000037777772230
0.996057350657239 -0.000031670354342
0.996686382800198 -0.000026208527873
0.997260947684137 -0.000021354003372
0.997780982301540 -0.000017071604295
0.998246429624752 -0.000013328817106
0.998657238612229 -0.000010096534924
0.999013364214136 -0.000007348548453
0.999314767377287 -0.000005062413747
0.999561415049429 -0.000003218504717
0.999753280182866 -0.000001801109795
0.999890341737423 -0.000000797499130
0.999972584682756 -0.000000198921645
1.000000000000000 0.000000000000000
