1.000000000000000 0.000000000000000
0.999972584682756 0.000007589396890
0.999890341737423 0.000030357678760
0.999753280182866 0.000068305118617
0.999561415049429 0.000121427285565
0.999314767377287 0.000189715041419
0.999013364214136 0.000273164304096
0.998657238612229 0.000371766274052
0.998246429624752 0.000485512311300
0.997780982301540 0.000614393927400
0.997260947684137 0.000758393006848
0.996686382800198 0.000917501334524
0.996057350657239 0.001091696160388
0.995373920235722 0.001280964610328
0.994636166481494 0.001485289017662
0.993844170297569 0.001704651792825
0.992998018535252 0.001939020749031
0.992097803984621 0.002188383285466
0.991143625364344 0.002452702394791
0.990135587310861 0.002731965505845
0.989073800366903 0.003026135598538
0.987958380969374 0.003335180500178
0.986789451436580 0.003659077752322
0.985567139954818 0.003997785262163
0.984291580564316 0.004351270602608
0.982962913144534 0.004719501212942
0.981581283398829 0.005102429706221
0.980146842838472 0.005500018284423
0.978659748766034 0.005912228934974
0.977120164258138 0.006339018512891
0.975528258147577 0.006780333820681
0.973884205004793 0.007236126247235
0.972188185118741 0.007706356629591
0.970440384477113 0.008190960989948
0.968640994745946 0.008689889626289
0.966790213248601 0.009203087519844
0.964888242944126 0.009730499193466
0.962935292404997 0.010272058896865
0.960931575794250 0.010827705247026
0.958877312841991 0.011397381195913
0.956772728821300 0.011981009540760
0.954618054523534 0.012578527130024
0.952413526233010 0.013189860373592
0.950159385701097 0.013814939883580
0.947855880119706 0.014453690658711
0.945503262094184 0.015106027160149
0.943101789615607 0.015771877732393
0.940651726032496 0.016451155228988
0.938153340021932 0.017143771655292
0.935606905560095 0.017849647901763
0.933012701892219 0.018568689256812
0.930371013501972 0.019300800092890
0.927682130080253 0.020045893641761
0.924946346493432 0.020803867377654
0.922163962751008 0.021574622379782
0.919335283972712 0.022358053921256
0.916460620355050 0.023154062000548
0.913540287137281 0.023962535775754
0.910574604566852 0.024783360235629
0.907563897864277 0.025616427003042
0.904508497187474 0.026461618833945
0.901408737595557 0.027318833739807
0.898264959012098 0.028187940459823
0.895077506187845 0.029068653576809
0.891846728662920 0.029960632471643
0.888572980728485 0.030863491980644
0.885256621387895 0.031776815588191
0.881898014317321 0.032700151170127
0.878497527825878 0.033633035700170
0.875055534815230 0.034574988198343
0.871572412738697 0.035525501951746
0.868048543559867 0.036484047863298
0.864484313710706 0.037450061190310
0.860880114049181 0.038422965620096
0.857236339816402 0.039402163180636
0.853553390593274 0.040387015786360
0.849831670256683 0.041376883435908
0.846071586935203 0.042371091208406
0.842273552964344 0.043368938755199
0.838437984841330 0.044369707142109
0.834565303179429 0.045372646353771
0.830655932661826 0.046376989383397
0.826710301995053 0.047381934893307
0.822728843861975 0.048386700468740
0.818711994874345 0.049390466002579
0.814660195524919 0.050392404379983
0.810573890139155 0.051391583026477
0.806453526826488 0.052387037114985
0.802299557431188 0.053377765405346
0.798112437482808 0.054363001543161
0.793892626146237 0.055342402149042
0.789640586171339 0.056315678647314
0.785356783842216 0.057282558645144
0.781041688926065 0.058242901241663
0.776695774621672 0.059196661962882
0.772319517507513 0.060143803913557
0.767913397489498 0.061084296779951
0.763477897748339 0.062018089573941
0.759013504686565 0.062945141250897
0.754520707875186 0.063865416616483
0.750000000000000 0.064778911356811
0.745451876807570 0.065685619698259
0.740876837050858 0.066585571964438
0.736275382434527 0.067478794008148
0.731648017559931 0.068365338512614
0.726995249869773 0.069245277785346
0.722317589592464 0.070118684813734
0.717615549686164 0.070985666057703
0.712889645782536 0.071846311260491
0.708140396130201 0.072700706012814
0.703368321537900 0.073548932004752
0.698573945317390 0.074391085674327
0.693757793226052 0.075227223473508
0.688920393409234 0.076057094331309
0.684062276342339 0.076880319846675
0.679183974772650 0.077696521495530
0.674286023660908 0.078505318755386
0.669368960122646 0.079306352858950
0.664433323369292 0.080099279313839
0.659479654649035 0.080883753207781
0.654508497187474 0.081659440026744
0.649520396128043 0.082425999755785
0.644515898472236 0.083183084990244
0.639495553019615 0.083930351642147
0.634459910307633 0.084667460648116
0.629409522551260 0.085394072852992
0.624344943582428 0.086109854991989
0.619266728789291 0.086814480884911
0.614175435055328 0.087507630353294
0.609071620698271 0.088188981712830
0.603955845408880 0.088858219970129
0.598828670189563 0.089515014956743
0.593690657292862 0.090159024753776
0.588542370159792 0.090789915853928
0.583384373358051 0.091407356566999
0.578217232520115 0.092011017782991
0.573041514281206 0.092600562441951
0.567857786217152 0.093175653598949
0.562666616782152 0.093735954576116
0.557468575246433 0.094281142651156
0.552264231633827 0.094810899225667
0.547054156659257 0.095324920298712
0.541838921666158 0.095822916039925
0.536619098563816 0.096304599950920
0.531395259764657 0.096769689511400
0.526167978121472 0.097217897005611
0.520937826864600 0.097648897950889
0.515705379539064 0.098062368494923
0.510471209941678 0.098457995037533
0.505235892058123 0.098835471327355
0.500000000000000 0.099194627573963
0.494764107941877 0.099535563115654
0.489528790058322 0.099858411191197
0.484294620460936 0.100163313966202
0.479062173135400 0.100450418194258
0.473832021878528 0.100719928502459
0.468604740235343 0.100972137909014
0.463380901436184 0.101207352980446
0.458161078333842 0.101425887522859
0.452945843340743 0.101628056745879
0.447735768366173 0.101814160552574
0.442531424753567 0.101984465445617
0.437333383217848 0.102139239347114
0.432142213782848 0.102278756601357
0.426958485718794 0.102403294812897
0.421782767479885 0.102513186014472
0.416615626641949 0.102608832185443
0.411457629840209 0.102690639867938
0.406309342707138 0.102759018241139
0.401171329810437 0.102814352980809
0.396044154591120 0.102856468901590
0.390928379301729 0.102884645131791
0.385824564944672 0.102898153665965
0.380733271210710 0.102896283699413
0.375655056417573 0.102878332853837
0.370590477448740 0.102843502359344
0.365540089692367 0.102790939337094
0.360504446980385 0.102719812905228
0.355484101527764 0.102629314880409
0.350479603871957 0.102518672687066
0.345491502812526 0.102387195063206
0.340520345350965 0.102234234572275
0.335566676630708 0.102059167855959
0.330631039877354 0.101861394195678
0.325713976339092 0.101640290230177
0.320816025227350 0.101395148744638
0.315937723657661 0.101125273980439
0.311079606590766 0.100830002119471
0.306242206773949 0.100508728822856
0.301426054682610 0.100161350957559
0.296631678462100 0.099788120259607
0.291859603869799 0.099389304462144
0.287110354217464 0.098965182883097
0.282384450313836 0.098516202565577
0.277682410407536 0.098043210554483
0.273004750130227 0.097547114488812
0.268351982440069 0.097028818272470
0.263724617565473 0.096489208458478
0.259123162949143 0.095929075204182
0.254548123192430 0.095349174085931
0.250000000000000 0.094750253679608
0.245479292124815 0.094133055350388
0.240986495313435 0.093498336217010
0.236522102251661 0.092846840997343
0.232086602510502 0.092179319573482
0.227680482492487 0.091496516458567
0.223304225378328 0.090799203078494
0.218958311073935 0.090088183917516
0.214643216157784 0.089364255297366
0.210359413828661 0.088628198630165
0.206107373853763 0.087880618461517
0.201887562517192 0.087121958774538
0.197700442568813 0.086352656504271
0.193546473173512 0.085573084787027
0.189426109860845 0.084782915602317
0.185339804475081 0.083981374862273
0.181288005125655 0.083167744250311
0.177271156138025 0.082341379771673
0.173289698004947 0.081501843895570
0.169344067338174 0.080648761124222
0.165434696820571 0.079781823736948
0.161562015158670 0.078900675787869
0.157726447035656 0.078004919486949
0.153928413064797 0.077094200345162
0.150168329743317 0.076168340445091
0.146446609406726 0.075227826275987
0.142763660183598 0.074273326838320
0.139119885950819 0.073305545037743
0.135515686289294 0.072325367457344
0.131951456440133 0.071333840533459
0.128427587261303 0.070331967993612
0.124944465184770 0.069320736016559
0.121502472174122 0.068301059566208
0.118101985682679 0.067273862427129
0.114743378612105 0.066240057393572
0.111427019271515 0.065200547399250
0.108153271337080 0.064156240822970
0.104922493812155 0.063108056431415
0.101735040987902 0.062056915725167
0.098591262404443 0.061003684080481
0.095491502812526 0.059948123140490
0.092436102135723 0.058889196627127
0.089425395433148 0.057825947009834
0.086459712862719 0.056757517479345
0.083539379644950 0.055683150829801
0.080664716027288 0.054602168715388
0.077836037248993 0.053513862510946
0.075053653506568 0.052417705592412
0.072317869919747 0.051313952267485
0.069628986498028 0.050203385672098
0.066987298107781 0.049086977417111
0.064393094439905 0.047966008376391
0.061846659978068 0.046841781764271
0.059348273967504 0.045715586273071
0.056898210384393 0.044588700844754
0.054496737905816 0.043462461747461
0.052144119880294 0.042338264874850
0.049840614298903 0.041217415720040
0.047586473766990 0.040101098379989
0.045381945476466 0.038990390429499
0.043227271178700 0.037886116189368
0.041122687158010 0.036789088659869
0.039068424205750 0.035700106768924
0.037064707595003 0.034619952512582
0.035111757055874 0.033549363691007
0.033209786751399 0.032489104773090
0.031359005254054 0.031439919737675
0.029559615522887 0.030402531560507
0.027811814881260 0.029377636265626
0.026115794995207 0.028366022988141
0.024471741852423 0.027368459135217
0.022879835741862 0.026381683627234
0.021340251233966 0.025399564790863
0.019853157161529 0.024417314291347
0.018418716601171 0.023431601256521
0.017037086855466 0.022440997339989
0.015708419435685 0.021445526835572
0.014432860045182 0.020446533201892
0.013210548563420 0.019446835921138
0.012041619030626 0.018449587201463
0.010926199633097 0.017457443946841
0.009864412689139 0.016472211543192
0.008856374635656 0.015495046105906
0.007902196015379 0.014526877027339
0.007001981464748 0.013568679430973
0.006155829702431 0.012621141469355
0.005363833518506 0.011684906655056
0.004626079764278 0.010760574602467
0.003942649342761 0.009848613874644
0.003313617199802 0.008949452722998
0.002739052315863 0.008063585357310
0.002219017698460 0.007191253375139
0.001753570375248 0.006332897395113
0.001342761387771 0.005488762758291
0.000986635785864 0.004659190140691
0.000685232622713 0.003844378758199
0.000438584950571 0.003044538903751
0.000246719817134 0.002260072389031
0.000109658262577 0.001491037203352
0.000027415317244 0.000737617956857
0.000000000000000 0.000000000000000
0.000027415317244 -0.000721519226357
0.000109658262577 -0.001426949948717
0.000246719817134 -0.002115939871538
0.000438584950571 -0.002789858945167
0.000685232622713 -0.003455684757474
0.000986635785864 -0.004117818317580
0.001342761387771 -0.004777877528747
0.001753570375248 -0.005436320317550
0.002219017698460 -0.006093127725657
0.002739052315863 -0.006748026624606
0.003313617199802 -0.007400585960166
0.003942649342761 -0.008050155084272
0.004626079764278 -0.008696076229383
0.005363833518506 -0.009337441822860
0.006155829702431 -0.009973256302706
0.007001981464748 -0.010602397371235
0.007902196015379 -0.011223454142649
0.008856374635656 -0.011834858539458
0.009864412689139 -0.012434647986381
0.010926199633097 -0.013020491204810
0.012041619030626 -0.013589544528625
0.013210548563420 -0.014138095294599
0.014432860045182 -0.014662084152888
0.015708419435684 -0.015158294755147
0.017037086855466 -0.015624300487476
0.018418716601171 -0.016059031207798
0.019853157161528 -0.016462606402936
0.021340251233966 -0.016836608707146
0.022879835741862 -0.017184556736440
0.024471741852423 -0.017511602391914
0.026115794995207 -0.017823325853177
0.027811814881259 -0.018124284088616
0.029559615522887 -0.018413952083011
0.031359005254054 -0.018691169195298
0.033209786751399 -0.018955478904408
0.035111757055874 -0.019206503068781
0.037064707595003 -0.019443771085841
0.039068424205750 -0.019666932033533
0.041122687158009 -0.019875767241624
0.043227271178699 -0.020070134756862
0.045381945476466 -0.020249936977553
0.047586473766990 -0.020415264279387
0.049840614298903 -0.020566438030168
0.052144119880293 -0.020703357622619
0.054496737905816 -0.020824883281650
0.056898210384393 -0.020929615675433
0.059348273967504 -0.021015780549142
0.061846659978068 -0.021081492518445
0.064393094439905 -0.021124963634038
0.066987298107781 -0.021144367185623
0.069628986498028 -0.021137525261458
0.072317869919747 -0.021101980033879
0.075053653506568 -0.021035984110370
0.077836037248992 -0.020939045523324
0.080664716027288 -0.020811358529912
0.083539379644950 -0.020655580096381
0.086459712862719 -0.020475429273283
0.089425395433148 -0.020274806581446
0.092436102135723 -0.020057771408502
0.095491502812526 -0.019828796762671
0.098591262404443 -0.019592709402111
0.101735040987902 -0.019354722841020
0.104922493812155 -0.019118129067132
0.108153271337080 -0.018882547792402
0.111427019271514 -0.018647195703650
0.114743378612105 -0.018411357571499
0.118101985682679 -0.018174359771427
0.121502472174122 -0.017935471962105
0.124944465184770 -0.017693858829588
0.128427587261303 -0.017448598687683
0.131951456440133 -0.017198702059543
0.135515686289294 -0.016943105977251
0.139119885950819 -0.016680667656197
0.142763660183598 -0.016410188542191
0.146446609406726 -0.016130464260952
0.150168329743317 -0.015840253939337
0.153928413064796 -0.015538337231383
0.157726447035656 -0.015224344076023
0.161562015158669 -0.014898416056486
0.165434696820571 -0.014560719778584
0.169344067338174 -0.014211408770349
0.173289698004947 -0.013850617238947
0.177271156138025 -0.013478495942458
0.181288005125655 -0.013095223083835
0.185339804475081 -0.012701011179750
0.189426109860845 -0.012296104323076
0.193546473173511 -0.011880760788999
0.197700442568812 -0.011455258449877
0.201887562517192 -0.011019884625462
0.206107373853763 -0.010574955507011
0.210359413828660 -0.010120802078741
0.214643216157784 -0.009657768260493
0.218958311073935 -0.009186214578955
0.223304225378328 -0.008706530227718
0.227680482492486 -0.008219117340449
0.232086602510501 -0.007724405041942
0.236522102251661 -0.007222844983407
0.240986495313435 -0.006714905016119
0.245479292124814 -0.006201077102432
0.250000000000000 -0.005681879405454
0.254548123192429 -0.005157849884879
0.259123162949142 -0.004629539110442
0.263724617565473 -0.004097515250875
0.268351982440069 -0.003562355322577
0.273004750130227 -0.003024649363361
0.277682410407536 -0.002485009751412
0.282384450313836 -0.001944097677991
0.287110354217464 -0.001402630988206
0.291859603869799 -0.000861349964481
0.296631678462100 -0.000321011403633
0.301426054682609 0.000217780257572
0.306242206773948 0.000754764809532
0.311079606590766 0.001289734957667
0.315937723657661 0.001822478554702
0.320816025227350 0.002352799838264
0.325713976339092 0.002880599853350
0.330631039877354 0.003405819968028
0.335566676630708 0.003928398666220
0.340520345350965 0.004448280619305
0.345491502812526 0.004965396550785
0.350479603871956 0.005479648797357
0.355484101527764 0.005990951905832
0.360504446980385 0.006499211264699
0.365540089692367 0.007004348973421
0.370590477448739 0.007506296639609
0.375655056417572 0.008005003388321
0.380733271210709 0.008500415419474
0.385824564944672 0.008992481169660
0.390928379301728 0.009481126989040
0.396044154591120 0.009966233560078
0.401171329810437 0.010447679291214
0.406309342707137 0.010925345093372
0.411457629840208 0.011399103994664
0.416615626641949 0.011868752645467
0.421782767479884 0.012334024467803
0.426958485718794 0.012794650722593
0.432142213782848 0.013250363963827
0.437333383217848 0.013700899119284
0.442531424753567 0.014146010186898
0.447735768366173 0.014585456673507
0.452945843340743 0.015019001697477
0.458161078333842 0.015446406614657
0.463380901436184 0.015867438275198
0.468604740235343 0.016281858175664
0.473832021878528 0.016689432290118
0.479062173135400 0.017089927003132
0.484294620460935 0.017483110727457
0.489528790058321 0.017868757989702
0.494764107941877 0.018246639502253
0.500000000000000 0.018616535016380
0.505235892058122 0.018978222625530
0.510471209941678 0.019331487568170
0.515705379539064 0.019676115164564
0.520937826864600 0.020011889874487
0.526167978121472 0.020338600391636
0.531395259764656 0.020656041808421
0.536619098563816 0.020964011290811
0.541838921666157 0.021262310453485
0.547054156659257 0.021550745475429
0.552264231633827 0.021829127686555
0.557468575246433 0.022097272426986
0.562666616782152 0.022355003782027
0.567857786217152 0.022602159119956
0.573041514281206 0.022838588184500
0.578217232520115 0.023064147714879
0.583384373358051 0.023278697648143
0.588542370159791 0.023482096865035
0.593690657292862 0.023674166142059
0.598828670189563 0.023854720839150
0.603955845408879 0.024023584956399
0.609071620698271 0.024180587601263
0.614175435055328 0.024325519778328
0.619266728789290 0.024458087285305
0.624344943582427 0.024577999280760
0.629409522551260 0.024684974033328
0.634459910307633 0.024778742376949
0.639495553019614 0.024859055851176
0.644515898472235 0.024925684787719
0.649520396128043 0.024978410681930
0.654508497187474 0.025017026442556
0.659479654649035 0.025041341084806
0.664433323369291 0.025051185163643
0.669368960122646 0.025046403236774
0.674286023660907 0.025026852004988
0.679183974772650 0.024992396062451
0.684062276342339 0.024942863501335
0.688920393409233 0.024878064834401
0.693757793226051 0.024797825024879
0.698573945317390 0.024701990072812
0.703368321537900 0.024590764939343
0.708140396130200 0.024464874551541
0.712889645782536 0.024325077675335
0.717615549686163 0.024172121752484
0.722317589592464 0.024006780728112
0.726995249869773 0.023829910715216
0.731648017559930 0.023642368171745
0.736275382434527 0.023444993102783
0.740876837050857 0.023238601905503
0.745451876807570 0.023023969481175
0.750000000000000 0.022801849653977
0.754520707875185 0.022572980038489
0.759013504686565 0.022338079492234
0.763477897748338 0.022097851058986
0.767913397489498 0.021852979809559
0.772319517507513 0.021604133366292
0.776695774621672 0.021351968408006
0.781041688926065 0.021097142335053
0.785356783842216 0.020840293268886
0.789640586171339 0.020582032715932
0.793892626146236 0.020322882787677
0.798112437482808 0.020063295038506
0.802299557431187 0.019803702037620
0.806453526826488 0.019544364354578
0.810573890139155 0.019284966324750
0.814660195524918 0.019025080817230
0.818711994874345 0.018764307277866
0.822728843861975 0.018502317609605
0.826710301995052 0.018238837150927
0.830655932661826 0.017973617483534
0.834565303179429 0.017706418911270
0.838437984841330 0.017437013609221
0.842273552964344 0.017165191205232
0.846071586935203 0.016890765028246
0.849831670256683 0.016613574634632
0.853553390593274 0.016333480949397
0.857236339816401 0.016050363855732
0.860880114049181 0.015764124280601
0.864484313710706 0.015474683471821
0.868048543559867 0.015181979158555
0.871572412738697 0.014885973715263
0.875055534815230 0.014586643186185
0.878497527825878 0.014283988634261
0.881898014317321 0.013978027411968
0.885256621387894 0.013668795649137
0.888572980728485 0.013356342334400
0.891846728662920 0.013040732043910
0.895077506187845 0.012722049874751
0.898264959012098 0.012400414345547
0.901408737595557 0.012075968375221
0.904508497187474 0.011749048169607
0.907563897864277 0.011420291340069
0.910574604566852 0.011090332292499
0.913540287137281 0.010759761012632
0.916460620355049 0.010429137190591
0.919335283972712 0.010098997638067
0.922163962751007 0.009769852662829
0.924946346493432 0.009442184182757
0.927682130080253 0.009116453005547
0.930371013501972 0.008793092409854
0.933012701892219 0.008472510202420
0.935606905560095 0.008155092316838
0.938153340021932 0.007841202104296
0.940651726032496 0.007531178406985
0.943101789615607 0.007225337721038
0.945503262094184 0.006923976261485
0.947855880119706 0.006627370177961
0.950159385701097 0.006335777632935
0.952413526233010 0.006049431578882
0.954618054523534 0.005768554946683
0.956772728821300 0.005493342018131
0.958877312841991 0.005223981893790
0.960931575794250 0.004960636035880
0.962935292404997 0.004703462918072
0.964888242944126 0.004452590899518
0.966790213248601 0.004208151058628
0.968640994745946 0.003970243899475
0.970440384477113 0.003738972471127
0.972188185118740 0.003514420589903
0.973884205004793 0.003296655504078
0.975528258147577 0.003085746859142
0.977120164258138 0.002881743823974
0.978659748766034 0.002684689008056
0.980146842838471 0.002494620831219
0.981581283398829 0.002311563694237
0.982962913144534 0.002135541154050
0.984291580564316 0.001966562392150
0.985567139954818 0.001804638715646
0.986789451436580 0.001649770206181
0.987958380969374 0.001501957631306
0.989073800366903 0.001361190734051
0.990135587310861 0.001227461851970
0.991143625364344 0.001100757931995
0.992097803984621 0.000981064005568
0.992998018535252 0.000868361341154
0.993844170297569 0.000762629856318
0.994636166481494 0.000663850626016
0.995373920235722 0.000572003274560
0.996057350657239 0.000487064607654
0.996686382800198 0.000409016591523
0.997260947684137 0.000337833168308
0.997780982301540 0.000273500110437
0.998246429624752 0.000215993953531
0.998657238612229 0.000165298960792
0.999013364214136 0.000121397384420
0.999314767377287 0.000084277508065
0.999561415049429 0.000053922821274
0.999753280182866 0.000030325060260
0.999890341737423 0.000013475612210
0.999972584682756 0.000003368511588
1.000000000000000 0.000000000000000
