1.000000000000000 0.000000000000000
0.999972584682756 0.000006394443402
0.999890341737423 0.000025578738883
0.999753280182866 0.000057539316520
0.999561415049429 0.000102252208772
0.999314767377287 0.000159695414088
0.999013364214136 0.000229828365472
0.998657238612229 0.000312608425916
0.998246429624752 0.000407982721951
0.997780982301540 0.000515896402667
0.997260947684137 0.000636276333729
0.996686382800198 0.000769047571308
0.996057350657239 0.000914133409445
0.995373920235722 0.001071439178864
0.994636166481494 0.001240872724816
0.993844170297569 0.001422324206412
0.992998018535252 0.001615682478819
0.992097803984621 0.001820831141369
0.991143625364344 0.002037648659847
0.990135587310861 0.002265996499576
0.989073800366903 0.002505743358737
0.987958380969374 0.002756741291301
0.986789451436580 0.003018845846466
0.985567139954818 0.003291892423613
0.984291580564316 0.003575728158034
0.982962913144534 0.003870184397870
0.981581283398829 0.004175084902676
0.980146842838472 0.004490261632779
0.978659748766034 0.004815523773337
0.977120164258138 0.005150689124178
0.975528258147577 0.005495572551175
0.973884205004793 0.005849974752084
0.972188185118741 0.006213697904128
0.970440384477113 0.006586545780436
0.968640994745946 0.006968308857330
0.966790213248601 0.007358783486165
0.964888242944126 0.007757757066730
0.962935292404997 0.008165023236128
0.960931575794250 0.008580359873127
0.958877312841991 0.009003558922868
0.956772728821300 0.009434400826491
0.954618054523534 0.009872662279384
0.952413526233010 0.010318130899253
0.950159385701097 0.010770580222406
0.947855880119706 0.011229791598175
0.945503262094184 0.011695543660048
0.943101789615607 0.012167619653133
0.940651726032496 0.012645797162665
0.938153340021932 0.013129852030944
0.935606905560095 0.013619575763806
0.933012701892219 0.014114741421620
0.930371013501972 0.014615138184385
0.927682130080253 0.015120554412643
0.924946346493432 0.015630774699443
0.922163962751008 0.016145590251546
0.919335283972712 0.016664798896315
0.916460620355050 0.017188192130761
0.913540287137281 0.017715568673968
0.910574604566852 0.018246738284133
0.907563897864277 0.018781502605678
0.904508497187474 0.019319673201226
0.901408737595557 0.019861064381667
0.898264959012098 0.020405493077518
0.895077506187845 0.020952814413743
0.891846728662920 0.021502901512573
0.888572980728485 0.022055629084790
0.885256621387895 0.022610893312645
0.881898014317321 0.023168597221789
0.878497527825878 0.023728650270540
0.875055534815230 0.024290971749087
0.871572412738697 0.024855491380449
0.868048543559867 0.025422152710658
0.864484313710706 0.025990904419568
0.860880114049181 0.026561709215396
0.857236339816402 0.027134541397447
0.853553390593274 0.027709381142573
0.849831670256683 0.028286225563292
0.846071586935203 0.028865079912751
0.842273552964344 0.029445961136347
0.838437984841330 0.030028896533554
0.834565303179429 0.030613932110640
0.830655932661826 0.031201127122997
0.826710301995053 0.031790545885565
0.822728843861975 0.032382260255505
0.818711994874345 0.032976338519533
0.814660195524919 0.033572870872926
0.810573890139155 0.034171995198178
0.806453526826488 0.034773894025676
0.802299557431188 0.035378771600914
0.798112437482808 0.035986692403307
0.793892626146237 0.036597305114852
0.789640586171339 0.037210177647480
0.785356783842216 0.037824850264669
0.781041688926065 0.038440786606204
0.776695774621672 0.039057374443838
0.772319517507513 0.039673968430954
0.767913397489498 0.040289923379975
0.763477897748339 0.040904582941624
0.759013504686565 0.041517288951879
0.754520707875186 0.042127362291754
0.750000000000000 0.042734110811798
0.745451876807570 0.043336822789848
0.740876837050858 0.043934779034801
0.736275382434527 0.044527238957556
0.731648017559931 0.045113442036492
0.726995249869773 0.045692589079990
0.722317589592464 0.046263854884459
0.717615549686164 0.046826407506679
0.712889645782536 0.047379422345143
0.708140396130201 0.047922171228230
0.703368321537900 0.048453941679923
0.698573945317390 0.048974012051038
0.693757793226052 0.049481758251622
0.688920393409234 0.049977349081379
0.684062276342339 0.050461351481652
0.679183974772650 0.050934361458425
0.674286023660908 0.051396994594701
0.669368960122646 0.051849852441737
0.664433323369292 0.052293509828734
0.659479654649035 0.052728562069175
0.654508497187474 0.053155623403489
0.649520396128043 0.053575318836106
0.644515898472236 0.053988273372357
0.639495553019615 0.054395122378818
0.634459910307633 0.054796517575941
0.629409522551260 0.055193129017761
0.624344943582428 0.055585731386747
0.619266728789291 0.055975214948199
0.614175435055328 0.056362497328203
0.609071620698271 0.056748512190318
0.603955845408880 0.057134111545148
0.598828670189563 0.057519391189005
0.593690657292862 0.057904086767724
0.588542370159792 0.058287924131630
0.583384373358051 0.058670631188738
0.578217232520115 0.059051819295484
0.573041514281206 0.059430714736339
0.567857786217152 0.059806452182593
0.562666616782152 0.060178160430668
0.557468575246433 0.060544967524501
0.552264231633827 0.060906048043729
0.547054156659257 0.061260681365063
0.541838921666158 0.061608156857762
0.536619098563816 0.061947762273481
0.531395259764657 0.062278785800695
0.526167978121472 0.062600446485561
0.520937826864600 0.062911879982200
0.515705379539064 0.063212218890211
0.510471209941678 0.063500600741221
0.505235892058123 0.063776188040035
0.500000000000000 0.064038546257035
0.494764107941877 0.064287594622373
0.489528790058322 0.064523266617035
0.484294620460936 0.064745503061940
0.479062173135400 0.064954268002666
0.473832021878528 0.065149723310281
0.468604740235343 0.065332162416704
0.463380901436184 0.065501883362760
0.458161078333842 0.065659188666256
0.452945843340743 0.065804376213611
0.447735768366173 0.065937688260720
0.442531424753567 0.066059342498636
0.437333383217848 0.066169559717678
0.432142213782848 0.066268564830644
0.426958485718794 0.066356594648502
0.421782767479885 0.066433936366619
0.416615626641949 0.066500894046532
0.411457629840209 0.066557772669711
0.406309342707138 0.066604879102776
0.401171329810437 0.066642441696934
0.396044154591120 0.066670467775930
0.390928379301729 0.066688930199760
0.385824564944672 0.066697806741384
0.380733271210710 0.066697079462310
0.375655056417573 0.066686687825677
0.370590477448740 0.066666508366921
0.365540089692367 0.066636419449348
0.360504446980385 0.066596306397896
0.355484101527764 0.066546064730722
0.350479603871957 0.066485618105606
0.345491502812526 0.066414911630016
0.340520345350965 0.066333897845058
0.335566676630708 0.066242535697415
0.330631039877354 0.066140785745497
0.325713976339092 0.066028594105282
0.320816025227350 0.065905910526046
0.315937723657661 0.065772694014859
0.311079606590766 0.065628912935758
0.306242206773949 0.065474602883077
0.301426054682610 0.065309852097098
0.296631678462100 0.065134755235069
0.291859603869799 0.064949414109444
0.287110354217464 0.064753990756703
0.282384450313836 0.064548781643933
0.277682410407536 0.064334104344706
0.273004750130227 0.064110274339827
0.268351982440069 0.063877604579353
0.263724617565473 0.063636379412537
0.259123162949143 0.063386879141873
0.254548123192430 0.063129378854037
0.250000000000000 0.062864159090929
0.245479292124815 0.062591506410673
0.240986495313435 0.062311710236897
0.236522102251661 0.062025061277454
0.232086602510502 0.061731845522167
0.227680482492487 0.061432341757680
0.223304225378328 0.061126814942987
0.218958311073935 0.060815537663393
0.214643216157784 0.060498778228275
0.210359413828661 0.060176844664390
0.206107373853763 0.059850054895717
0.201887562517192 0.059518722824950
0.197700442568813 0.059183044183108
0.193546473173512 0.058842727488860
0.189426109860845 0.058497380049266
0.185339804475081 0.058146643414310
0.181288005125655 0.057790139522314
0.177271156138025 0.057427454991908
0.173289698004947 0.057058202632401
0.169344067338174 0.056682051109416
0.165434696820571 0.056298801566301
0.161562015158670 0.055908333084031
0.157726447035656 0.055510545931298
0.153928413064797 0.055105138449833
0.150168329743317 0.054691539580262
0.146446609406726 0.054269214515832
0.142763660183598 0.053837329733517
0.139119885950819 0.053394048585857
0.135515686289294 0.052937463794038
0.131951456440133 0.052465833834745
0.128427587261303 0.051977680748541
0.124944465184770 0.051471692940267
0.121502472174122 0.050946692714413
0.118101985682679 0.050401703755182
0.114743378612105 0.049835888340915
0.111427019271515 0.049248438543332
0.108153271337080 0.048638204392826
0.104922493812155 0.048004001330563
0.101735040987902 0.047345385525131
0.098591262404443 0.046664146186594
0.095491502812526 0.045962550950428
0.092436102135723 0.045244274124068
0.089425395433148 0.044515323591340
0.086459712862719 0.043781600170648
0.083539379644950 0.043048307440690
0.080664716027288 0.042320128328382
0.077836037248993 0.041601062307346
0.075053653506568 0.040893965649830
0.072317869919747 0.040200831854311
0.069628986498028 0.039517740098597
0.066987298107781 0.038837312105276
0.064393094439905 0.038153141539039
0.061846659978068 0.037460010313286
0.059348273967504 0.036753325848256
0.056898210384393 0.036029053077482
0.054496737905816 0.035283594294445
0.052144119880294 0.034513502699013
0.049840614298903 0.033715699845344
0.047586473766990 0.032890901993520
0.045381945476466 0.032043175252217
0.043227271178700 0.031177066434893
0.041122687158010 0.030297541690618
0.039068424205750 0.029409112028546
0.037064707595003 0.028515668832626
0.035111757055874 0.027620910621587
0.033209786751399 0.026728252700821
0.031359005254054 0.025840877282481
0.029559615522887 0.024961670401305
0.027811814881260 0.024093419609015
0.026115794995207 0.023238672076234
0.024471741852423 0.022399305545369
0.022879835741862 0.021574147762864
0.021340251233966 0.020756715262355
0.019853157161529 0.019941843022548
0.018418716601171 0.019126208761685
0.017037086855466 0.018308365368268
0.015708419435685 0.017488259397837
0.014432860045182 0.016667214830893
0.013210548563420 0.015847935873672
0.012041619030626 0.015033296538940
0.010926199633097 0.014225252636602
0.009864412689139 0.013424787956159
0.008856374635656 0.012632166164293
0.007902196015379 0.011847674217487
0.007001981464748 0.011071737735246
0.006155829702431 0.010304616433648
0.005363833518506 0.009546599967978
0.004626079764278 0.008797946673596
0.003942649342761 0.008058831919992
0.003313617199802 0.007329521350952
0.002739052315863 0.006610187231568
0.002219017698460 0.005900992017965
0.001753570375248 0.005202136576635
0.001342761387771 0.004513763785827
0.000986635785864 0.003836029151697
0.000685232622713 0.003169051657997
0.000438584950571 0.002512971981937
0.000246719817134 0.001867915649704
0.000109658262577 0.001234000499577
0.000027415317244 0.000611344985109
0.000000000000000 0.000000000000000
0.000027415317244 -0.000599862810740
0.000109658262577 -0.001188664418845
0.000246719817134 -0.001773559000057
0.000438584950571 -0.002360150568115
0.000685232622713 -0.002949502742704
0.000986635785864 -0.003541641013947
0.001342761387771 -0.004136334117058
0.001753570375248 -0.004733272019285
0.002219017698460 -0.005331990421348
0.002739052315863 -0.005931951488838
0.003313617199802 -0.006532584613152
0.003942649342761 -0.007133242958549
0.004626079764278 -0.007733113075281
0.005363833518506 -0.008331386593558
0.006155829702431 -0.008927018729511
0.007001981464748 -0.009518858848697
0.007902196015379 -0.010105588816360
0.008856374635656 -0.010685504154298
0.009864412689139 -0.011256704798296
0.010926199633097 -0.011816792002646
0.012041619030626 -0.012362587094418
0.013210548563420 -0.012890040247176
0.014432860045182 -0.013395120458746
0.015708419435684 -0.013874163006427
0.017037086855466 -0.014324981789777
0.018418716601171 -0.014746744132695
0.019853157161528 -0.015140448156011
0.021340251233966 -0.015508903877639
0.022879835741862 -0.015857065892414
0.024471741852423 -0.016193404915584
0.026115794995207 -0.016526020431312
0.027811814881259 -0.016858107599863
0.029559615522887 -0.017190301938380
0.031359005254054 -0.017520764880444
0.033209786751399 -0.017848089013503
0.035111757055874 -0.018171223095336
0.037064707595003 -0.018488850644493
0.039068424205750 -0.018799467940554
0.041122687158009 -0.019101519424714
0.043227271178699 -0.019393351079882
0.045381945476466 -0.019673146301827
0.047586473766990 -0.019938944637420
0.049840614298903 -0.020188590406449
0.052144119880293 -0.020419981242128
0.054496737905816 -0.020632168309782
0.056898210384393 -0.020824730041664
0.059348273967504 -0.020997396090788
0.061846659978068 -0.021150042871827
0.064393094439905 -0.021282705697272
0.066987298107781 -0.021395580271459
0.069628986498028 -0.021489052721581
0.072317869919747 -0.021563725250483
0.075053653506568 -0.021620342345826
0.077836037248992 -0.021659707561562
0.080664716027288 -0.021682758881929
0.083539379644950 -0.021690479157068
0.086459712862719 -0.021683938514751
0.089425395433148 -0.021664405506160
0.092436102135723 -0.021633391266807
0.095491502812526 -0.021592582696875
0.098591262404443 -0.021543639737979
0.101735040987902 -0.021488271306576
0.104922493812155 -0.021427941699011
0.108153271337080 -0.021362946956440
0.111427019271514 -0.021293366750546
0.114743378612105 -0.021219380677039
0.118101985682679 -0.021141308117728
0.121502472174122 -0.021059508419352
0.124944465184770 -0.020974343764602
0.128427587261303 -0.020886184206105
0.131951456440133 -0.020795431697413
0.135515686289294 -0.020702547913295
0.139119885950819 -0.020608043575415
0.142763660183598 -0.020512462061806
0.146446609406726 -0.020416316204075
0.150168329743317 -0.020320108562939
0.153928413064796 -0.020224351935808
0.157726447035656 -0.020129225725945
0.161562015158669 -0.020034595520376
0.165434696820571 -0.019940303691828
0.169344067338174 -0.019846207361019
0.173289698004947 -0.019752197242678
0.177271156138025 -0.019658158260255
0.181288005125655 -0.019563961374866
0.185339804475081 -0.019469440145599
0.189426109860845 -0.019374409323560
0.193546473173511 -0.019278675756082
0.197700442568812 -0.019182090648511
0.201887562517192 -0.019084556373375
0.206107373853763 -0.018985971557858
0.210359413828660 -0.018886248808340
0.214643216157784 -0.018785399480782
0.218958311073935 -0.018683469954348
0.223304225378328 -0.018580508186571
0.227680482492486 -0.018476557106939
0.232086602510501 -0.018371641826287
0.236522102251661 -0.018265786375381
0.240986495313435 -0.018159014290422
0.245479292124814 -0.018051354552786
0.250000000000000 -0.017942840415126
0.254548123192429 -0.017833507003356
0.259123162949142 -0.017723391317603
0.263724617565473 -0.017612528866763
0.268351982440069 -0.017500956088371
0.273004750130227 -0.017388708410218
0.277682410407536 -0.017275823442227
0.282384450313836 -0.017162341050423
0.287110354217464 -0.017048303817918
0.291859603869799 -0.016933756880206
0.296631678462100 -0.016818745852143
0.301426054682609 -0.016703309715674
0.306242206773948 -0.016587465979671
0.311079606590766 -0.016471225502343
0.315937723657661 -0.016354599893251
0.320816025227350 -0.016237599813978
0.325713976339092 -0.016120232231832
0.330631039877354 -0.016002501126143
0.335566676630708 -0.015884410614684
0.340520345350965 -0.015765964561992
0.345491502812526 -0.015647166819781
0.350479603871956 -0.015528023558984
0.355484101527764 -0.015408539160303
0.360504446980385 -0.015288719550693
0.365540089692367 -0.015168569501207
0.370590477448739 -0.015048092553591
0.375655056417572 -0.014927291491972
0.380733271210709 -0.014806169777851
0.385824564944672 -0.014684729838576
0.390928379301728 -0.014562975642752
0.396044154591120 -0.014440914728416
0.401171329810437 -0.014318555086989
0.406309342707137 -0.014195904951959
0.411457629840208 -0.014072972109390
0.416615626641949 -0.013949769259842
0.421782767479884 -0.013826312555911
0.426958485718794 -0.013702620022773
0.432142213782848 -0.013578708734591
0.437333383217848 -0.013454595989676
0.442531424753567 -0.013330298782525
0.447735768366173 -0.013205832513239
0.452945843340743 -0.013081212862503
0.458161078333842 -0.012956456574416
0.463380901436184 -0.012831578789689
0.468604740235343 -0.012706596239846
0.473832021878528 -0.012581526503445
0.479062173135400 -0.012456385530141
0.484294620460935 -0.012331190694158
0.489528790058321 -0.012205958222207
0.494764107941877 -0.012080703553934
0.500000000000000 -0.011955442522115
0.505235892058122 -0.011830189782473
0.510471209941678 -0.011704960990856
0.515705379539064 -0.011579770261029
0.520937826864600 -0.011454630688457
0.526167978121472 -0.011329554737013
0.531395259764656 -0.011204555164434
0.536619098563816 -0.011079644350410
0.541838921666157 -0.010954835179820
0.547054156659257 -0.010830140775664
0.552264231633827 -0.010705573934132
0.557468575246433 -0.010581148089564
0.562666616782152 -0.010456875701494
0.567857786217152 -0.010332770395460
0.573041514281206 -0.010208844150392
0.578217232520115 -0.010085110221679
0.583384373358051 -0.009961581273333
0.588542370159791 -0.009838270053570
0.593690657292862 -0.009715190191411
0.598828670189563 -0.009592353409352
0.603955845408879 -0.009469774134624
0.609071620698271 -0.009347464259760
0.614175435055328 -0.009225437945972
0.619266728789290 -0.009103708458126
0.624344943582427 -0.008982289507462
0.629409522551260 -0.008861194632837
0.634459910307633 -0.008740437217098
0.639495553019614 -0.008620030710262
0.644515898472235 -0.008499988639631
0.649520396128043 -0.008380324660635
0.654508497187474 -0.008261051559234
0.659479654649035 -0.008142183050924
0.664433323369291 -0.008023731312026
0.669368960122646 -0.007905710913243
0.674286023660907 -0.007788133941266
0.679183974772650 -0.007671014367602
0.684062276342339 -0.007554364267677
0.688920393409233 -0.007438197124002
0.693757793226051 -0.007322525513118
0.698573945317390 -0.007207362494357
0.703368321537900 -0.007092721091781
0.708140396130200 -0.006978612996921
0.712889645782536 -0.006865051689675
0.717615549686163 -0.006752049045605
0.722317589592464 -0.006639617886253
0.726995249869773 -0.006527769530918
0.731648017559930 -0.006416517063533
0.736275382434527 -0.006305872528078
0.740876837050857 -0.006195847783762
0.745451876807570 -0.006086454911324
0.750000000000000 -0.005977705845577
0.754520707875185 -0.005869612405188
0.759013504686565 -0.005762187021205
0.763477897748338 -0.005655440639029
0.767913397489498 -0.005549384896180
0.772319517507513 -0.005444032082487
0.776695774621672 -0.005339393152451
0.781041688926065 -0.005235479781192
0.785356783842216 -0.005132303696620
0.789640586171339 -0.005029875473111
0.793892626146236 -0.004928206470174
0.798112437482808 -0.004827308194990
0.802299557431187 -0.004727191160308
0.806453526826488 -0.004627867273643
0.810573890139155 -0.004529346427990
0.814660195524918 -0.004431639423117
0.818711994874345 -0.004334757901315
0.822728843861975 -0.004238711702016
0.826710301995052 -0.004143512120477
0.830655932661826 -0.004049168822092
0.834565303179429 -0.003955692472249
0.838437984841330 -0.003863093250168
0.842273552964344 -0.003771381402755
0.846071586935203 -0.003680566828528
0.849831670256683 -0.003590659600358
0.853553390593274 -0.003501669990420
0.857236339816401 -0.003413607238831
0.860880114049181 -0.003326480949376
0.864484313710706 -0.003240301495647
0.868048543559867 -0.003155077271149
0.871572412738697 -0.003070818006578
0.875055534815230 -0.002987533196427
0.878497527825878 -0.002905232188357
0.881898014317321 -0.002823923225877
0.885256621387894 -0.002743615687966
0.888572980728485 -0.002664318372182
0.891846728662920 -0.002586039965296
0.895077506187845 -0.002508789137892
0.898264959012098 -0.002432574330014
0.901408737595557 -0.002357403581573
0.904508497187474 -0.002283285527023
0.907563897864277 -0.002210227768482
0.910574604566852 -0.002138239246792
0.913540287137281 -0.002067327079305
0.916460620355049 -0.001997499425245
0.919335283972712 -0.001928763536161
0.922163962751007 -0.001861127411535
0.924946346493432 -0.001794598032951
0.927682130080253 -0.001729183390703
0.930371013501972 -0.001664889571506
0.933012701892219 -0.001601724830774
0.935606905560095 -0.001539695170495
0.938153340021932 -0.001478807499859
0.940651726032496 -0.001419068961565
0.943101789615607 -0.001360486070560
0.945503262094184 -0.001303064724859
0.947855880119706 -0.001246811500001
0.950159385701097 -0.001191732871740
0.952413526233010 -0.001137834358576
0.954618054523534 -0.001085122369506
0.956772728821300 -0.001033602246916
0.958877312841991 -0.000983279816931
0.960931575794250 -0.000934160699137
0.962935292404997 -0.000886249839752
0.964888242944126 -0.000839553357130
0.966790213248601 -0.000794075487574
0.968640994745946 -0.000749821810951
0.970440384477113 -0.000706796570323
0.972188185118740 -0.000665005278568
0.973884205004793 -0.000624452130287
0.975528258147577 -0.000585141033689
0.977120164258138 -0.000547077569348
0.978659748766034 -0.000510264583033
0.980146842838471 -0.000474706833048
0.981581283398829 -0.000440408211232
0.982962913144534 -0.000407372243194
0.984291580564316 -0.000375602252435
0.985567139954818 -0.000345102785642
0.986789451436580 -0.000315876015788
0.987958380969374 -0.000287926117842
0.989073800366903 -0.000261255424018
0.990135587310861 -0.000235867285603
0.991143625364344 -0.000211764013893
0.992097803984621 -0.000188948886666
0.992998018535252 -0.000167423797023
0.993844170297569 -0.000147191341536
0.994636166481494 -0.000128253959754
0.995373920235722 -0.000110613564920
0.996057350657239 -0.000094272429346
0.996686382800198 -0.000079231652544
0.997260947684137 -0.000065493420851
0.997780982301540 -0.000053058756466
0.998246429624752 -0.000041929421039
0.998657238612229 -0.000032106692246
0.999013364214136 -0.000023591580127
0.999314767377287 -0.000016384441945
0.999561415049429 -0.000010486783007
0.999753280182866 -0.000005899455566
0.999890341737423 -0.000002622060288
0.999972584682756 -0.000000655515075
1.000000000000000 0.000000000000000
