1.000000000000000 0.000000000000000
0.999972584682756 0.000005669670940
0.999890341737423 0.000022673886456
0.999753280182866 0.000051009322855
0.999561415049429 0.000090670445213
0.999314767377287 0.000141638456324
0.999013364214136 0.000203899748210
0.998657238612229 0.000277434856444
0.998246429624752 0.000362222166904
0.997780982301540 0.000458234258131
0.997260947684137 0.000565441613570
0.996686382800198 0.000683812650456
0.996057350657239 0.000813306407754
0.995373920235722 0.000953887284438
0.994636166481494 0.001105510386172
0.993844170297569 0.001268128922220
0.992998018535252 0.001441697909443
0.992097803984621 0.001626155926962
0.991143625364344 0.001821458101337
0.990135587310861 0.002027535947398
0.989073800366903 0.002244337614445
0.987958380969374 0.002471791460518
0.986789451436580 0.002709831657998
0.985567139954818 0.002958390956548
0.984291580564316 0.003217397127166
0.982962913144534 0.003486773057498
0.981581283398829 0.003766444074251
0.980146842838472 0.004056327173142
0.978659748766034 0.004356345551781
0.977120164258138 0.004666414254993
0.975528258147577 0.004986447490120
0.973884205004793 0.005316351548526
0.972188185118741 0.005656046400773
0.970440384477113 0.006005433543308
0.968640994745946 0.006364424738721
0.966790213248601 0.006732920680966
0.964888242944126 0.007110828923201
0.962935292404997 0.007498053281396
0.960931575794250 0.007894493962359
0.958877312841991 0.008300051219468
0.956772728821300 0.008714625447818
0.954618054523534 0.009138117279737
0.952413526233010 0.009570420678310
0.950159385701097 0.010011437086040
0.947855880119706 0.010461061501892
0.945503262094184 0.010919193089874
0.943101789615607 0.011385724829008
0.940651726032496 0.011860557536945
0.938153340021932 0.012343586074097
0.935606905560095 0.012834702965307
0.933012701892219 0.013333812290666
0.930371013501972 0.013840805651501
0.927682130080253 0.014355582960247
0.924946346493432 0.014878042211544
0.922163962751008 0.015408083026709
0.919335283972712 0.015945606743422
0.916460620355050 0.016490509734530
0.913540287137281 0.017042693719800
0.910574604566852 0.017602065816823
0.907563897864277 0.018168531863588
0.904508497187474 0.018741989826308
0.901408737595557 0.019322350096854
0.898264959012098 0.019909525168024
0.895077506187845 0.020503414814734
0.891846728662920 0.021103922922085
0.888572980728485 0.021710948372162
0.885256621387895 0.022324398591221
0.881898014317321 0.022944173007173
0.878497527825878 0.023570179698528
0.875055534815230 0.024202328805674
0.871572412738697 0.024840519449664
0.868048543559867 0.025484669373658
0.864484313710706 0.026134688689623
0.860880114049181 0.026790486562466
0.857236339816402 0.027451977875192
0.853553390593274 0.028119079951451
0.849831670256683 0.028791712513528
0.846071586935203 0.029469791019804
0.842273552964344 0.030153239789273
0.838437984841330 0.030841979327912
0.834565303179429 0.031535940213131
0.830655932661826 0.032235043442516
0.826710301995053 0.032939225456528
0.822728843861975 0.033648415903223
0.818711994874345 0.034362540907259
0.814660195524919 0.035081529015216
0.810573890139155 0.035805324375724
0.806453526826488 0.036533879210129
0.802299557431188 0.037267157636158
0.798112437482808 0.038005097582235
0.793892626146237 0.038747410064810
0.789640586171339 0.039493687065217
0.785356783842216 0.040243507404244
0.781041688926065 0.040996425981942
0.776695774621672 0.041751969233518
0.772319517507513 0.042509641648032
0.767913397489498 0.043268937931624
0.763477897748339 0.044029335604604
0.759013504686565 0.044790307696187
0.754520707875186 0.045551312132465
0.750000000000000 0.046311789536082
0.745451876807570 0.047071184204452
0.740876837050858 0.047828927333906
0.736275382434527 0.048584436827138
0.731648017559931 0.049337123489739
0.726995249869773 0.050086355238787
0.722317589592464 0.050831463480888
0.717615549686164 0.051571783399835
0.712889645782536 0.052306633151645
0.708140396130201 0.053035436395178
0.703368321537900 0.053757685703688
0.698573945317390 0.054472877241351
0.693757793226052 0.055180503230425
0.688920393409234 0.055880383312756
0.684062276342339 0.056572777436702
0.679183974772650 0.057257984879239
0.674286023660908 0.057936324707966
0.669368960122646 0.058608114058214
0.664433323369292 0.059273621093754
0.659479654649035 0.059933115755268
0.654508497187474 0.060586872460496
0.649520396128043 0.061235188912701
0.644515898472236 0.061878362600535
0.639495553019615 0.062516707000469
0.634459910307633 0.063150548229768
0.629409522551260 0.063780215599758
0.624344943582428 0.064406069169858
0.619266728789291 0.065028530491639
0.614175435055328 0.065648047300421
0.609071620698271 0.066265077031888
0.603955845408880 0.066880079868923
0.598828670189563 0.067493277372242
0.593690657292862 0.068104510126297
0.588542370159792 0.068713587509363
0.583384373358051 0.069320321299903
0.578217232520115 0.069924512511396
0.573041514281206 0.070525866256988
0.567857786217152 0.071124010273366
0.562666616782152 0.071718566803153
0.557468575246433 0.072309161040492
0.552264231633827 0.072895419868001
0.547054156659257 0.073476985532856
0.541838921666158 0.074053519044606
0.536619098563816 0.074624677887141
0.531395259764657 0.075190118480153
0.526167978121472 0.075749509779069
0.520937826864600 0.076302550352511
0.515705379539064 0.076848954921105
0.510471209941678 0.077388433339993
0.505235892058123 0.077920707643896
0.500000000000000 0.078445409766028
0.494764107941877 0.078961874555727
0.489528790058322 0.079469365685917
0.484294620460936 0.079967157721130
0.479062173135400 0.080454529168120
0.473832021878528 0.080930737160200
0.468604740235343 0.081394965191058
0.463380901436184 0.081846391382826
0.458161078333842 0.082284207065457
0.452945843340743 0.082707612537651
0.447735768366173 0.083115834302783
0.442531424753567 0.083508142679592
0.437333383217848 0.083883825985127
0.432142213782848 0.084242184221226
0.426958485718794 0.084582532296660
0.421782767479885 0.084904164276848
0.416615626641949 0.085206333696429
0.411457629840209 0.085488305959053
0.406309342707138 0.085749364812596
0.401171329810437 0.085988826378363
0.396044154591120 0.086206463892056
0.390928379301729 0.086402536077768
0.385824564944672 0.086577332289019
0.380733271210710 0.086731145936742
0.375655056417573 0.086864284434790
0.370590477448740 0.086977146723677
0.365540089692367 0.087070193600591
0.360504446980385 0.087143888702625
0.355484101527764 0.087198695933482
0.350479603871957 0.087235071135866
0.345491502812526 0.087253419165632
0.340520345350965 0.087254131180536
0.335566676630708 0.087237599869945
0.330631039877354 0.087204220388270
0.325713976339092 0.087154444007834
0.320816025227350 0.087088822264927
0.315937723657661 0.087007915358809
0.311079606590766 0.086912279579822
0.306242206773949 0.086802421856600
0.301426054682610 0.086678377510117
0.296631678462100 0.086539924193808
0.291859603869799 0.086386850998277
0.287110354217464 0.086218964321677
0.282384450313836 0.086035885830978
0.277682410407536 0.085836871995612
0.273004750130227 0.085621171511157
0.268351982440069 0.085388066412955
0.263724617565473 0.085136892756050
0.259123162949143 0.084867106643899
0.254548123192430 0.084578222545186
0.250000000000000 0.084269791599764
0.245479292124815 0.083941392509234
0.240986495313435 0.083592626967250
0.236522102251661 0.083223121369212
0.232086602510502 0.082832535434644
0.227680482492487 0.082420559010034
0.223304225378328 0.081986877133702
0.218958311073935 0.081531182483463
0.214643216157784 0.081053199974577
0.210359413828661 0.080552700314997
0.206107373853763 0.080029666915798
0.201887562517192 0.079484243436526
0.197700442568813 0.078916594832145
0.193546473173512 0.078327030115411
0.189426109860845 0.077716805659037
0.185339804475081 0.077087590321215
0.181288005125655 0.076441012107857
0.177271156138025 0.075778608081547
0.173289698004947 0.075101693592542
0.169344067338174 0.074411523583247
0.165434696820571 0.073709337087935
0.161562015158670 0.072996536874735
0.157726447035656 0.072274686342776
0.153928413064797 0.071545301343444
0.150168329743317 0.070809397435529
0.146446609406726 0.070066513019229
0.142763660183598 0.069315949985961
0.139119885950819 0.068557009802697
0.135515686289294 0.067788435328013
0.131951456440133 0.067008755620913
0.128427587261303 0.066216622200122
0.124944465184770 0.065410924447139
0.121502472174122 0.064590756228902
0.118101985682679 0.063755317761072
0.114743378612105 0.062903883848878
0.111427019271515 0.062035793510715
0.108153271337080 0.061150465007070
0.104922493812155 0.060247421756113
0.101735040987902 0.059326254214481
0.098591262404443 0.058386693823155
0.095491502812526 0.057429370691470
0.092436102135723 0.056455557895489
0.089425395433148 0.055466546313582
0.086459712862719 0.054463647702567
0.083539379644950 0.053448180200159
0.080664716027288 0.052421410902894
0.077836037248993 0.051384537146305
0.075053653506568 0.050338742334287
0.072317869919747 0.049285532259817
0.069628986498028 0.048226588840762
0.066987298107781 0.047163624079750
0.064393094439905 0.046098473212962
0.061846659978068 0.045032926917040
0.059348273967504 0.043968706985156
0.056898210384393 0.042907453398501
0.054496737905816 0.041850885116018
0.052144119880294 0.040800716993902
0.049840614298903 0.039758330663955
0.047586473766990 0.038724532104240
0.045381945476466 0.037699831072347
0.043227271178700 0.036684054295070
0.041122687158010 0.035677052586772
0.039068424205750 0.034678880593480
0.037064707595003 0.033689673097924
0.035111757055874 0.032709582368392
0.033209786751399 0.031738793632771
0.031359005254054 0.030777585340306
0.029559615522887 0.029826264409859
0.027811814881260 0.028885235864092
0.026115794995207 0.027954923687502
0.024471741852423 0.027035652544392
0.022879835741862 0.026124596303575
0.021340251233966 0.025215284474768
0.019853157161529 0.024302565088854
0.018418716601171 0.023382773687071
0.017037086855466 0.022453945465426
0.015708419435685 0.021515451836770
0.014432860045182 0.020568026390655
0.013210548563420 0.019613727598844
0.012041619030626 0.018655495135422
0.010926199633097 0.017696024328636
0.009864412689139 0.016737633616538
0.008856374635656 0.015781941887747
0.007902196015379 0.014830319440667
0.007001981464748 0.013883941824093
0.006155829702431 0.012943760914638
0.005363833518506 0.012010686720780
0.004626079764278 0.011085458429996
0.003942649342761 0.010168721122579
0.003313617199802 0.009261084106200
0.002739052315863 0.008363056411285
0.002219017698460 0.007475133197685
0.001753570375248 0.006597738684119
0.001342761387771 0.005731331404704
0.000986635785864 0.004876174361181
0.000685232622713 0.004032699477342
0.000438584950571 0.003201131147943
0.000246719817134 0.002381811377427
0.000109658262577 0.001575132724363
0.000027415317244 0.000780944925595
0.000000000000000 0.000000000000000
0.000027415317244 -0.000767943995764
0.000109658262577 -0.001522319050557
0.000246719817134 -0.002263016328205
0.000438584950571 -0.002994725638651
0.000685232622713 -0.003724148511826
0.000986635785864 -0.004453355827714
0.001342761387771 -0.005182513701499
0.001753570375248 -0.005911161761159
0.002219017698460 -0.006638261507976
0.002739052315863 -0.007362598380212
0.003313617199802 -0.008082778137288
0.003942649342761 -0.008797064984252
0.004626079764278 -0.009503582604919
0.005363833518506 -0.010200195329843
0.006155829702431 -0.010884390887983
0.007001981464748 -0.011553357922310
0.007902196015379 -0.012203850628640
0.008856374635656 -0.012831997943005
0.009864412689139 -0.013433392392072
0.010926199633097 -0.014002669329808
0.012041619030626 -0.014533384275766
0.013210548563420 -0.015017292440010
0.014432860045182 -0.015448567260120
0.015708419435684 -0.015825024574171
0.017037086855466 -0.016146393770364
0.018418716601171 -0.016414177099538
0.019853157161528 -0.016631673746515
0.021340251233966 -0.016804063213990
0.022879835741862 -0.016939174514333
0.024471741852423 -0.017046795308712
0.026115794995207 -0.017137717904825
0.027811814881259 -0.017219975403840
0.029559615522887 -0.017293413091976
0.031359005254054 -0.017357455039813
0.033209786751399 -0.017412482221144
0.035111757055874 -0.017458949759412
0.037064707595003 -0.017497263460821
0.039068424205750 -0.017528051899708
0.041122687158009 -0.017552202640482
0.043227271178699 -0.017570760086970
0.045381945476466 -0.017584923725303
0.047586473766990 -0.017596268328475
0.049840614298903 -0.017606798973376
0.052144119880293 -0.017617837877311
0.054496737905816 -0.017629338524120
0.056898210384393 -0.017640884601728
0.059348273967504 -0.017651482662036
0.061846659978068 -0.017659993868235
0.064393094439905 -0.017665341666669
0.066987298107781 -0.017666363219230
0.069628986498028 -0.017661570751543
0.072317869919747 -0.017649242205456
0.075053653506568 -0.017628057462021
0.077836037248992 -0.017597276940120
0.080664716027288 -0.017556586154813
0.083539379644950 -0.017507185464296
0.086459712862719 -0.017450760209339
0.089425395433148 -0.017388983673199
0.092436102135723 -0.017323537749895
0.095491502812526 -0.017256274264984
0.098591262404443 -0.017189238824581
0.101735040987902 -0.017124628979349
0.104922493812155 -0.017063511988075
0.108153271337080 -0.017005304371456
0.111427019271514 -0.016949247729487
0.114743378612105 -0.016894555667389
0.118101985682679 -0.016840400109879
0.121502472174122 -0.016785883284638
0.124944465184770 -0.016730027635841
0.128427587261303 -0.016671780943472
0.131951456440133 -0.016610012293872
0.135515686289294 -0.016543497876214
0.139119885950819 -0.016470929874459
0.142763660183598 -0.016390938162738
0.146446609406726 -0.016302158389620
0.150168329743317 -0.016203176586489
0.153928413064796 -0.016092708569863
0.157726447035656 -0.015970932985850
0.161562015158669 -0.015838756020135
0.165434696820571 -0.015697156403626
0.169344067338174 -0.015547108236690
0.173289698004947 -0.015389589331401
0.177271156138025 -0.015225641524880
0.181288005125655 -0.015056425054297
0.185339804475081 -0.014883292919775
0.189426109860845 -0.014707690340678
0.193546473173511 -0.014531096966739
0.197700442568812 -0.014354652975071
0.201887562517192 -0.014179315583238
0.206107373853763 -0.014006081724387
0.210359413828660 -0.013835698271054
0.214643216157784 -0.013668090973496
0.218958311073935 -0.013503025141356
0.223304225378328 -0.013340249383694
0.227680482492486 -0.013179588756938
0.232086602510501 -0.013020979099262
0.236522102251661 -0.012864358283720
0.240986495313435 -0.012709656160805
0.245479292124814 -0.012556766918718
0.250000000000000 -0.012405547083179
0.254548123192429 -0.012255843409320
0.259123162949142 -0.012107495279665
0.263724617565473 -0.011960346468384
0.268351982440069 -0.011814243860563
0.273004750130227 -0.011669026088780
0.277682410407536 -0.011524525613805
0.282384450313836 -0.011380550250551
0.287110354217464 -0.011236881482297
0.291859603869799 -0.011093291063382
0.296631678462100 -0.010949545426114
0.301426054682609 -0.010805474429278
0.306242206773948 -0.010661064853845
0.311079606590766 -0.010516322278917
0.315937723657661 -0.010371252891212
0.320816025227350 -0.010225868358539
0.325713976339092 -0.010080223761831
0.330631039877354 -0.009934387344627
0.335566676630708 -0.009788430552246
0.340520345350965 -0.009642424534071
0.345491502812526 -0.009496436297151
0.350479603871956 -0.009350525079777
0.355484101527764 -0.009204750759661
0.360504446980385 -0.009059174769246
0.365540089692367 -0.008913856514835
0.370590477448739 -0.008768855811950
0.375655056417572 -0.008624230493338
0.380733271210709 -0.008480040240171
0.385824564944672 -0.008336344021139
0.390928379301728 -0.008193211128364
0.396044154591120 -0.008050729208124
0.401171329810437 -0.007908989251915
0.406309342707137 -0.007768082034342
0.411457629840208 -0.007628100799582
0.416615626641949 -0.007489171661682
0.421782767479884 -0.007351450657721
0.426958485718794 -0.007215095340698
0.432142213782848 -0.007080263269868
0.437333383217848 -0.006947111798078
0.442531424753567 -0.006815787114786
0.447735768366173 -0.006686431628882
0.452945843340743 -0.006559186243692
0.458161078333842 -0.006434192763758
0.463380901436184 -0.006311596924553
0.468604740235343 -0.006191561502003
0.473832021878528 -0.006074254893079
0.479062173135400 -0.005959843970697
0.484294620460935 -0.005848494972333
0.489528790058321 -0.005740346164267
0.494764107941877 -0.005635468816964
0.500000000000000 -0.005533922238785
0.505235892058122 -0.005435764811417
0.510471209941678 -0.005341051338770
0.515705379539064 -0.005249760211074
0.520937826864600 -0.005161746732694
0.526167978121472 -0.005076855357824
0.531395259764656 -0.004994928876270
0.536619098563816 -0.004915810372123
0.541838921666157 -0.004839361111919
0.547054156659257 -0.004765458827870
0.552264231633827 -0.004693983012100
0.557468575246433 -0.004624811879176
0.562666616782152 -0.004557822649747
0.567857786217152 -0.004492882075393
0.573041514281206 -0.004429850456056
0.578217232520115 -0.004368588298108
0.583384373358051 -0.004308957144499
0.588542370159791 -0.004250824488028
0.593690657292862 -0.004194083958395
0.598828670189563 -0.004138637651351
0.603955845408879 -0.004084388197368
0.609071620698271 -0.004031238885911
0.614175435055328 -0.003979120405931
0.619266728789290 -0.003928012607686
0.624344943582427 -0.003877900794400
0.629409522551260 -0.003828770262816
0.634459910307633 -0.003780605309037
0.639495553019614 -0.003733382811973
0.644515898472235 -0.003687075719893
0.649520396128043 -0.003641656371172
0.654508497187474 -0.003597097265926
0.659479654649035 -0.003553371549924
0.664433323369291 -0.003510452626160
0.669368960122646 -0.003468314172549
0.674286023660907 -0.003426930129980
0.679183974772650 -0.003386275391651
0.684062276342339 -0.003346331937767
0.688920393409233 -0.003307085267019
0.693757793226051 -0.003268521639471
0.698573945317390 -0.003230625589961
0.703368321537900 -0.003193333333092
0.708140396130200 -0.003156518584425
0.712889645782536 -0.003120054414701
0.717615549686163 -0.003083817073342
0.722317589592464 -0.003047680788348
0.726995249869773 -0.003011510154872
0.731648017559930 -0.002975172770152
0.736275382434527 -0.002938540511579
0.740876837050857 -0.002901491486008
0.745451876807570 -0.002863911362139
0.750000000000000 -0.002825691512645
0.754520707875185 -0.002786727501455
0.759013504686565 -0.002746920343964
0.763477897748338 -0.002706175867319
0.767913397489498 -0.002664404956483
0.772319517507513 -0.002621523498152
0.776695774621672 -0.002577448960944
0.781041688926065 -0.002532100242232
0.785356783842216 -0.002485400600859
0.789640586171339 -0.002437281083891
0.793892626146236 -0.002387695140873
0.798112437482808 -0.002336611359116
0.802299557431187 -0.002284003167693
0.806453526826488 -0.002229912910918
0.810573890139155 -0.002174558890256
0.814660195524918 -0.002118180721148
0.818711994874345 -0.002061007602521
0.822728843861975 -0.002003247016645
0.826710301995052 -0.001945090242844
0.830655932661826 -0.001886720656475
0.834565303179429 -0.001828315560764
0.838437984841330 -0.001770047099476
0.842273552964344 -0.001712079549396
0.846071586935203 -0.001654567816069
0.849831670256683 -0.001597657357702
0.853553390593274 -0.001541486003888
0.857236339816401 -0.001486182352146
0.860880114049181 -0.001431868225678
0.864484313710706 -0.001378656911313
0.868048543559867 -0.001326653293253
0.871572412738697 -0.001275955159748
0.875055534815230 -0.001226651952468
0.878497527825878 -0.001178825455740
0.881898014317321 -0.001132550161033
0.885256621387894 -0.001087893006875
0.888572980728485 -0.001044913451401
0.891846728662920 -0.001003664041779
0.895077506187845 -0.000964190482686
0.898264959012098 -0.000926531194684
0.901408737595557 -0.000890715495219
0.904508497187474 -0.000856696950165
0.907563897864277 -0.000824348197056
0.910574604566852 -0.000793543952035
0.913540287137281 -0.000764166372976
0.916460620355049 -0.000736104637797
0.919335283972712 -0.000709254349320
0.922163962751007 -0.000683517516634
0.924946346493432 -0.000658802934670
0.927682130080253 -0.000635025516629
0.930371013501972 -0.000612105911084
0.933012701892219 -0.000589971025062
0.935606905560095 -0.000568553169324
0.938153340021932 -0.000547790646046
0.940651726032496 -0.000527626580322
0.943101789615607 -0.000508009608933
0.945503262094184 -0.000488893156656
0.947855880119706 -0.000470235475794
0.950159385701097 -0.000451999536773
0.952413526233010 -0.000434152434570
0.954618054523534 -0.000416665716696
0.956772728821300 -0.000399514904361
0.958877312841991 -0.000382679258427
0.960931575794250 -0.000366141728570
0.962935292404997 -0.000349888656216
0.964888242944126 -0.000333909592397
0.966790213248601 -0.000318196994803
0.968640994745946 -0.000302746642236
0.970440384477113 -0.000287556266101
0.972188185118740 -0.000272626453977
0.973884205004793 -0.000257960385347
0.975528258147577 -0.000243562510187
0.977120164258138 -0.000229439889531
0.978659748766034 -0.000215600981815
0.980146842838471 -0.000202055898128
0.981581283398829 -0.000188815891701
0.982962913144534 -0.000175893860479
0.984291580564316 -0.000163303305884
0.985567139954818 -0.000151058706020
0.986789451436580 -0.000139175285068
0.987958380969374 -0.000127668937202
0.989073800366903 -0.000116555691043
0.990135587310861 -0.000105852166453
0.991143625364344 -0.000095574919226
0.992097803984621 -0.000085740365427
0.992998018535252 -0.000076365022179
0.993844170297569 -0.000067464802636
0.994636166481494 -0.000059055747469
0.995373920235722 -0.000051153282409
0.996057350657239 -0.000043771582230
0.996686382800198 -0.000036924993202
0.997260947684137 -0.000030626749368
0.997780982301540 -0.000024889092672
0.998246429624752 -0.000019723358487
0.998657238612229 -0.000015140112674
0.999013364214136 -0.000011148531966
0.999314767377287 -0.000007756972274
0.999561415049429 -0.000004972227742
0.999753280182866 -0.000002800435800
0.999890341737423 -0.000001245711740
0.999972584682756 -0.000000311583515
1.000000000000000 0.000000000000000
