1.000000000000000 0.000000000000000
0.999972584682756 0.000006337062557
0.999890341737423 0.000025349668564
0.999753280182866 0.000057042065162
0.999561415049429 0.000101413027026
0.999314767377287 0.000158472364215
0.999013364214136 0.000228224310379
0.998657238612229 0.000310684007951
0.998246429624752 0.000405848415986
0.997780982301540 0.000513741780124
0.997260947684137 0.000634365768640
0.996686382800198 0.000767740795567
0.996057350657239 0.000913872664184
0.995373920235722 0.001072781459792
0.994636166481494 0.001244476426442
0.993844170297569 0.001428976554994
0.992998018535252 0.001626293714407
0.992097803984621 0.001836440735314
0.991143625364344 0.002059431164621
0.990135587310861 0.002295283193158
0.989073800366903 0.002543998451490
0.987958380969374 0.002805595197374
0.986789451436580 0.003080074506312
0.985567139954818 0.003367449303880
0.984291580564316 0.003667714640789
0.982962913144534 0.003980876769772
0.981581283398829 0.004306931770273
0.980146842838472 0.004645869367669
0.978659748766034 0.004997685234584
0.977120164258138 0.005362359485499
0.975528258147577 0.005739873180001
0.973884205004793 0.006130203708386
0.972188185118741 0.006533315891034
0.970440384477113 0.006949182792234
0.968640994745946 0.007377747050490
0.966790213248601 0.007818971471047
0.964888242944126 0.008272787536145
0.962935292404997 0.008739141813244
0.960931575794250 0.009217944352144
0.958877312841991 0.009709127966569
0.956772728821300 0.010212588033125
0.954618054523534 0.010728233286319
0.952413526233010 0.011255942645954
0.950159385701097 0.011795594683619
0.947855880119706 0.012347058632069
0.945503262094184 0.012910189662467
0.943101789615607 0.013484828442897
0.940651726032496 0.014070800707360
0.938153340021932 0.014667925364304
0.935606905560095 0.015276005533040
0.933012701892219 0.015894832393160
0.930371013501972 0.016524180504541
0.927682130080253 0.017163807363909
0.924946346493432 0.017813461583468
0.922163962751008 0.018472869876573
0.919335283972712 0.019141749349831
0.916460620355050 0.019819793900066
0.913540287137281 0.020506686645357
0.910574604566852 0.021202092634240
0.907563897864277 0.021905659453608
0.904508497187474 0.022617017901273
0.901408737595557 0.023335774643246
0.898264959012098 0.024061517668179
0.895077506187845 0.024793944497956
0.891846728662920 0.025532881145762
0.888572980728485 0.026278169370968
0.885256621387895 0.027029665126494
0.881898014317321 0.027787220330444
0.878497527825878 0.028550711103127
0.875055534815230 0.029319992330796
0.871572412738697 0.030094944061338
0.868048543559867 0.030875432354002
0.864484313710706 0.031661349282738
0.860880114049181 0.032452568898282
0.857236339816402 0.033248990846086
0.853553390593274 0.034050508877073
0.849831670256683 0.034857026703223
0.846071586935203 0.035668450168001
0.842273552964344 0.036484691295333
0.838437984841330 0.037305672329436
0.834565303179429 0.038131311309701
0.830655932661826 0.038961548807028
0.826710301995053 0.039796316647018
0.822728843861975 0.040635558593901
0.818711994874345 0.041479218257628
0.814660195524919 0.042327249327710
0.810573890139155 0.043179609090924
0.806453526826488 0.044036279408965
0.802299557431188 0.044897252276171
0.798112437482808 0.045762517802688
0.793892626146237 0.046631943964018
0.789640586171339 0.047505315732292
0.785356783842216 0.048382403286598
0.781041688926065 0.049262975578579
0.776695774621672 0.050146777020657
0.772319517507513 0.051033533247968
0.767913397489498 0.051922981332616
0.763477897748339 0.052814840449906
0.759013504686565 0.053708846593663
0.754520707875186 0.054604722705790
0.750000000000000 0.055502196304483
0.745451876807570 0.056400982817016
0.740876837050858 0.057300796329981
0.736275382434527 0.058201341371999
0.731648017559931 0.059102331055907
0.726995249869773 0.060003471040737
0.722317589592464 0.060904477166994
0.717615549686164 0.061805056935503
0.712889645782536 0.062704916023861
0.708140396130201 0.063603749165595
0.703368321537900 0.064501218194781
0.698573945317390 0.065396988371896
0.693757793226052 0.066290716105657
0.688920393409234 0.067182001682455
0.684062276342339 0.068070288932691
0.679183974772650 0.068955004956493
0.674286023660908 0.069835561096018
0.669368960122646 0.070711371326954
0.664433323369292 0.071581852228092
0.659479654649035 0.072446420871501
0.654508497187474 0.073304493765998
0.649520396128043 0.074155480998622
0.644515898472236 0.074998791285071
0.639495553019615 0.075833836256471
0.634459910307633 0.076660019908749
0.629409522551260 0.077476756770193
0.624344943582428 0.078283442838351
0.619266728789291 0.079079459439769
0.614175435055328 0.079864168066736
0.609071620698271 0.080636930257842
0.603955845408880 0.081397113634503
0.598828670189563 0.082144137638841
0.593690657292862 0.082877610302035
0.588542370159792 0.083597188321221
0.583384373358051 0.084302530373018
0.578217232520115 0.084993304690909
0.573041514281206 0.085669209684290
0.567857786217152 0.086330007193553
0.562666616782152 0.086975472069505
0.557468575246433 0.087605386287536
0.552264231633827 0.088219532649394
0.547054156659257 0.088817701925378
0.541838921666158 0.089399683629082
0.536619098563816 0.089965274543254
0.531395259764657 0.090514278906620
0.526167978121472 0.091046503743590
0.520937826864600 0.091561738496274
0.515705379539064 0.092059752371869
0.510471209941678 0.092540319723251
0.505235892058123 0.093003224227909
0.500000000000000 0.093448267085887
0.494764107941877 0.093875502275810
0.489528790058322 0.094285195807990
0.484294620460936 0.094677621664092
0.479062173135400 0.095053064739289
0.473832021878528 0.095411816631348
0.468604740235343 0.095754243793444
0.463380901436184 0.096080771679518
0.458161078333842 0.096391829486852
0.452945843340743 0.096687852720932
0.447735768366173 0.096969273101440
0.442531424753567 0.097236499981716
0.437333383217848 0.097489925702977
0.432142213782848 0.097729941164942
0.426958485718794 0.097956940404185
0.421782767479885 0.098171325214622
0.416615626641949 0.098373543767597
0.411457629840209 0.098564078153550
0.406309342707138 0.098743408704938
0.401171329810437 0.098912016113086
0.396044154591120 0.099070310218387
0.390928379301729 0.099218097841744
0.385824564944672 0.099354882273465
0.380733271210710 0.099480179143773
0.375655056417573 0.099593514737745
0.370590477448740 0.099694417457213
0.365540089692367 0.099782359842113
0.360504446980385 0.099856805583064
0.355484101527764 0.099917235197963
0.350479603871957 0.099963145657067
0.345491502812526 0.099994056163433
0.340520345350965 0.100009516761770
0.335566676630708 0.100009097793996
0.330631039877354 0.099992387814384
0.325713976339092 0.099958994139606
0.320816025227350 0.099908559036037
0.315937723657661 0.099840765651699
0.311079606590766 0.099755317631514
0.306242206773949 0.099651936823950
0.301426054682610 0.099530347688148
0.296631678462100 0.099390153524098
0.291859603869799 0.099230908364675
0.287110354217464 0.099052189478175
0.282384450313836 0.098853599782036
0.277682410407536 0.098634728386930
0.273004750130227 0.098395104171018
0.268351982440069 0.098134275520009
0.263724617565473 0.097851818534166
0.259123162949143 0.097547343260888
0.254548123192430 0.097220491778798
0.250000000000000 0.096870935613002
0.245479292124815 0.096498378596126
0.240986495313435 0.096102554540870
0.236522102251661 0.095683250436806
0.232086602510502 0.095240305658955
0.227680482492487 0.094773591969927
0.223304225378328 0.094283004698021
0.218958311073935 0.093768372280638
0.214643216157784 0.093229419835722
0.210359413828661 0.092665901604950
0.206107373853763 0.092077600219332
0.201887562517192 0.091464726245912
0.197700442568813 0.090828121226684
0.193546473173512 0.090168678689938
0.189426109860845 0.089487315866097
0.185339804475081 0.088785709183067
0.181288005125655 0.088066454435522
0.177271156138025 0.087332132981781
0.173289698004947 0.086585231969645
0.169344067338174 0.085827944621035
0.165434696820571 0.085062243674991
0.161562015158670 0.084290039007749
0.157726447035656 0.083513212838773
0.153928413064797 0.082733732683034
0.150168329743317 0.081953535948205
0.146446609406726 0.081174377105381
0.142763660183598 0.080395882312823
0.139119885950819 0.079615572272726
0.135515686289294 0.078831035176022
0.131951456440133 0.078039971786821
0.128427587261303 0.077240091610131
0.124944465184770 0.076429241071301
0.121502472174122 0.075605440026889
0.118101985682679 0.074766949983919
0.114743378612105 0.073912236949436
0.111427019271515 0.073039870305137
0.108153271337080 0.072148335677087
0.104922493812155 0.071236070151781
0.101735040987902 0.070301698007297
0.098591262404443 0.069344931670370
0.095491502812526 0.068366448345608
0.092436102135723 0.067367061961322
0.089425395433148 0.066348974020187
0.086459712862719 0.065315427353715
0.083539379644950 0.064269571962856
0.080664716027288 0.063214351465844
0.077836037248993 0.062152511655741
0.075053653506568 0.061086469430150
0.072317869919747 0.060017522944564
0.069628986498028 0.058946698625372
0.066987298107781 0.057873953850809
0.064393094439905 0.056797792667278
0.061846659978068 0.055716838482824
0.059348273967504 0.054630251680331
0.056898210384393 0.053537509310610
0.054496737905816 0.052438248171558
0.052144119880294 0.051332227517217
0.049840614298903 0.050219327154423
0.047586473766990 0.049099524100259
0.045381945476466 0.047972884460538
0.043227271178700 0.046839351302256
0.041122687158010 0.045698834174657
0.039068424205750 0.044551313954972
0.037064707595003 0.043396835976473
0.035111757055874 0.042235583019621
0.033209786751399 0.041067759342108
0.031359005254054 0.039893642357596
0.029559615522887 0.038713532704176
0.027811814881260 0.037527847553984
0.026115794995207 0.036337276917861
0.024471741852423 0.035142450373198
0.022879835741862 0.033943178920875
0.021340251233966 0.032738715976276
0.019853157161529 0.031527212722966
0.018418716601171 0.030307346068719
0.017037086855466 0.029078981368901
0.015708419435685 0.027842810828846
0.014432860045182 0.026600205052643
0.013210548563420 0.025353570012062
0.012041619030626 0.024105895155829
0.010926199633097 0.022860515506211
0.009864412689139 0.021619751721001
0.008856374635656 0.020384865388892
0.007902196015379 0.019156917054302
0.007001981464748 0.017936977022003
0.006155829702431 0.016725855908810
0.005363833518506 0.015524309688439
0.004626079764278 0.014333029469622
0.003942649342761 0.013152663238257
0.003313617199802 0.011983720266607
0.002739052315863 0.010826703539416
0.002219017698460 0.009682121167129
0.001753570375248 0.008550380404900
0.001342761387771 0.007431840872054
0.000986635785864 0.006326877451334
0.000685232622713 0.005235877532726
0.000438584950571 0.004159074388596
0.000246719817134 0.003096806312519
0.000109658262577 0.002049388814632
0.000027415317244 0.001017110027580
0.000000000000000 0.000000000000000
0.000027415317244 -0.001001573562878
0.000109658262577 -0.001987185401659
0.000246719817134 -0.002956906941572
0.000438584950571 -0.003913868939303
0.000685232622713 -0.004866727366278
0.000986635785864 -0.005819419987524
0.001342761387771 -0.006772889959829
0.001753570375248 -0.007727159520155
0.002219017698460 -0.008681630742442
0.002739052315863 -0.009635465521420
0.003313617199802 -0.010587576457415
0.003942649342761 -0.011536709112766
0.004626079764278 -0.012481489501759
0.005363833518506 -0.013420284246652
0.006155829702431 -0.014351344405826
0.007001981464748 -0.015272644882950
0.007902196015379 -0.016181960694079
0.008856374635656 -0.017076781989650
0.009864412689139 -0.017954216300775
0.010926199633097 -0.018811039290662
0.012041619030626 -0.019643551647381
0.013210548563420 -0.020447253148739
0.014432860045182 -0.021217685268943
0.015708419435684 -0.021952823438185
0.017037086855466 -0.022651785278684
0.018418716601171 -0.023314775565143
0.019853157161528 -0.023942533964560
0.021340251233966 -0.024536619618957
0.022879835741862 -0.025099440257125
0.024471741852423 -0.025634841089609
0.026115794995207 -0.026146547029713
0.027811814881259 -0.026637170671795
0.029559615522887 -0.027108255916039
0.031359005254054 -0.027558775638835
0.033209786751399 -0.027987761425650
0.035111757055874 -0.028395023645548
0.037064707595003 -0.028780641223206
0.039068424205750 -0.029144750418675
0.041122687158009 -0.029487702839252
0.043227271178699 -0.029810059124718
0.045381945476466 -0.030112654208150
0.047586473766990 -0.030396789385185
0.049840614298903 -0.030664154326462
0.052144119880293 -0.030915938400335
0.054496737905816 -0.031152669201032
0.056898210384393 -0.031374627487033
0.059348273967504 -0.031581286084486
0.061846659978068 -0.031772061282045
0.064393094439905 -0.031946655694383
0.066987298107781 -0.032104951117731
0.069628986498028 -0.032246936361670
0.072317869919747 -0.032372718398392
0.075053653506568 -0.032482458032264
0.077836037248992 -0.032576160253202
0.080664716027288 -0.032653824694472
0.083539379644950 -0.032715337442768
0.086459712862719 -0.032760369035311
0.089425395433148 -0.032788611820679
0.092436102135723 -0.032799831450505
0.095491502812526 -0.032793856268018
0.098591262404443 -0.032770586439144
0.101735040987902 -0.032730062976011
0.104922493812155 -0.032672411041804
0.108153271337080 -0.032597927947722
0.111427019271514 -0.032507216860184
0.114743378612105 -0.032401005757434
0.118101985682679 -0.032280111136295
0.121502472174122 -0.032145431569083
0.124944465184770 -0.031997966060167
0.128427587261303 -0.031838798801250
0.131951456440133 -0.031669088575665
0.135515686289294 -0.031490098181702
0.139119885950819 -0.031303287125062
0.142763660183598 -0.031110395776094
0.146446609406726 -0.030913310110572
0.150168329743317 -0.030713742836691
0.153928413064796 -0.030512542814479
0.157726447035656 -0.030310411547301
0.161562015158669 -0.030108016924463
0.165434696820571 -0.029905464772301
0.169344067338174 -0.029702568950629
0.173289698004947 -0.029499129193212
0.177271156138025 -0.029295014908362
0.181288005125655 -0.029090209441076
0.185339804475081 -0.028884703971066
0.189426109860845 -0.028678480088205
0.193546473173511 -0.028471478503921
0.197700442568812 -0.028263621779023
0.201887562517192 -0.028054823558624
0.206107373853763 -0.027845048364436
0.210359413828660 -0.027634391779166
0.214643216157784 -0.027422969561135
0.218958311073935 -0.027210905228220
0.223304225378328 -0.026998321091608
0.227680482492486 -0.026785338988574
0.232086602510501 -0.026572083416819
0.236522102251661 -0.026358682685446
0.240986495313435 -0.026145268693134
0.245479292124814 -0.025931979669163
0.250000000000000 -0.025718955012702
0.254548123192429 -0.025506339375110
0.259123162949142 -0.025294274107164
0.263724617565473 -0.025082900931184
0.268351982440069 -0.024872363669666
0.273004750130227 -0.024662807683489
0.277682410407536 -0.024454392402682
0.282384450313836 -0.024247292162561
0.287110354217464 -0.024041688846527
0.291859603869799 -0.023837765430501
0.296631678462100 -0.023635683469283
0.301426054682609 -0.023435516088436
0.306242206773948 -0.023237318968860
0.311079606590766 -0.023041143455709
0.315937723657661 -0.022847036998502
0.320816025227350 -0.022654985925319
0.325713976339092 -0.022464936050871
0.330631039877354 -0.022276828805902
0.335566676630708 -0.022090602685608
0.340520345350965 -0.021906197226017
0.345491502812526 -0.021723564401514
0.350479603871956 -0.021542655316021
0.355484101527764 -0.021363417554185
0.360504446980385 -0.021185796394115
0.365540089692367 -0.021009730727009
0.370590477448739 -0.020835155671012
0.375655056417572 -0.020662002374935
0.380733271210709 -0.020490200714245
0.385824564944672 -0.020319676911203
0.390928379301728 -0.020150356219225
0.396044154591120 -0.019982161201521
0.401171329810437 -0.019815012551690
0.406309342707137 -0.019648829225496
0.411457629840208 -0.019483522996726
0.416615626641949 -0.019318996432570
0.421782767479884 -0.019155148764043
0.426958485718794 -0.018991877802168
0.432142213782848 -0.018829078580365
0.437333383217848 -0.018666651923919
0.442531424753567 -0.018504502001590
0.447735768366173 -0.018342535309900
0.452945843340743 -0.018180654031581
0.458161078333842 -0.018018761636149
0.463380901436184 -0.017856735572666
0.468604740235343 -0.017694434688225
0.473832021878528 -0.017531715888625
0.479062173135400 -0.017368436918344
0.484294620460935 -0.017204462850776
0.489528790058321 -0.017039760650500
0.494764107941877 -0.016874355186562
0.500000000000000 -0.016708273712291
0.505235892058122 -0.016541542695721
0.510471209941678 -0.016374257720207
0.515705379539064 -0.016206959897030
0.520937826864600 -0.016040371475524
0.526167978121472 -0.015875213367899
0.531395259764656 -0.015712202973363
0.536619098563816 -0.015552037131347
0.541838921666157 -0.015395335563812
0.547054156659257 -0.015242692558981
0.552264231633827 -0.015094698321968
0.557468575246433 -0.014951938632669
0.562666616782152 -0.014815021034274
0.567857786217152 -0.014684620615836
0.573041514281206 -0.014561416391422
0.578217232520115 -0.014446076926397
0.583384373358051 -0.014339258044386
0.588542370159791 -0.014241455880796
0.593690657292862 -0.014152957396672
0.598828670189563 -0.014074027577759
0.603955845408879 -0.014004924188593
0.609071620698271 -0.013945821683616
0.614175435055328 -0.013896037492477
0.619266728789290 -0.013854357385564
0.624344943582427 -0.013819572151875
0.629409522551260 -0.013790487720236
0.634459910307633 -0.013765959245379
0.639495553019614 -0.013744975702243
0.644515898472235 -0.013726567976096
0.649520396128043 -0.013709782836455
0.654508497187474 -0.013693684088855
0.659479654649035 -0.013677346210936
0.664433323369291 -0.013659855526412
0.669368960122646 -0.013640318004727
0.674286023660907 -0.013617860163875
0.679183974772650 -0.013591607090260
0.684062276342339 -0.013560627162122
0.688920393409233 -0.013523997320276
0.693757793226051 -0.013480821046787
0.698573945317390 -0.013430286551015
0.703368321537900 -0.013372167077329
0.708140396130200 -0.013306557978431
0.712889645782536 -0.013233562522562
0.717615549686163 -0.013153292895917
0.722317589592464 -0.013066014447446
0.726995249869773 -0.012972136776755
0.731648017559930 -0.012872068687357
0.736275382434527 -0.012766212405974
0.740876837050857 -0.012654928407492
0.745451876807570 -0.012538529893079
0.750000000000000 -0.012417324085953
0.754520707875185 -0.012291611032745
0.759013504686565 -0.012161696964181
0.763477897748338 -0.012027891570927
0.767913397489498 -0.011890500171171
0.772319517507513 -0.011749819801162
0.776695774621672 -0.011606140462346
0.781041688926065 -0.011459742251076
0.785356783842216 -0.011310899233760
0.789640586171339 -0.011159878816758
0.793892626146236 -0.011006936982738
0.798112437482808 -0.010852323254959
0.802299557431187 -0.010696278904227
0.806453526826488 -0.010538942751906
0.810573890139155 -0.010380317970359
0.814660195524918 -0.010220401471519
0.818711994874345 -0.010059194858495
0.822728843861975 -0.009896707505504
0.826710301995052 -0.009732955578189
0.830655932661826 -0.009567959394664
0.834565303179429 -0.009401740950354
0.838437984841330 -0.009234326834981
0.842273552964344 -0.009065748900844
0.846071586935203 -0.008896040221381
0.849831670256683 -0.008725242014763
0.853553390593274 -0.008553394952149
0.857236339816401 -0.008380547586123
0.860880114049181 -0.008206749642017
0.864484313710706 -0.008032055509740
0.868048543559867 -0.007856522748845
0.871572412738697 -0.007680212999935
0.875055534815230 -0.007503190305656
0.878497527825878 -0.007325523223878
0.881898014317321 -0.007147281794350
0.885256621387894 -0.006968540527041
0.888572980728485 -0.006789377669245
0.891846728662920 -0.006609875091304
0.895077506187845 -0.006430116565319
0.898264959012098 -0.006250178813852
0.901408737595557 -0.006070149544233
0.904508497187474 -0.005890216727750
0.907563897864277 -0.005710642185310
0.910574604566852 -0.005531681941963
0.913540287137281 -0.005353587298816
0.916460620355049 -0.005176594897304
0.919335283972712 -0.005000930293545
0.922163962751007 -0.004826799802244
0.924946346493432 -0.004654401572750
0.927682130080253 -0.004483920205637
0.930371013501972 -0.004315530472597
0.933012701892219 -0.004149393490325
0.935606905560095 -0.003985658021966
0.938153340021932 -0.003824465494257
0.940651726032496 -0.003665942753806
0.943101789615607 -0.003510209130343
0.945503262094184 -0.003357373497153
0.947855880119706 -0.003207535418051
0.950159385701097 -0.003060783018266
0.952413526233010 -0.002917199161243
0.954618054523534 -0.002776855397241
0.956772728821300 -0.002639816598505
0.958877312841991 -0.002506140672838
0.960931575794250 -0.002375876032254
0.962935292404997 -0.002249065346714
0.964888242944126 -0.002125745692328
0.966790213248601 -0.002005945691192
0.968640994745946 -0.001889690802143
0.970440384477113 -0.001776998802471
0.972188185118740 -0.001667882315686
0.973884205004793 -0.001562350920055
0.975528258147577 -0.001460408986239
0.977120164258138 -0.001362056085536
0.978659748766034 -0.001267289763613
0.980146842838471 -0.001176101476726
0.981581283398829 -0.001088483919550
0.982962913144534 -0.001004422579487
0.984291580564316 -0.000923901754063
0.985567139954818 -0.000846907110889
0.986789451436580 -0.000773417721838
0.987958380969374 -0.000703414024363
0.989073800366903 -0.000636874298466
0.990135587310861 -0.000573775778844
0.991143625364344 -0.000514096105930
0.992097803984621 -0.000457812036920
0.992998018535252 -0.000404898465349
0.993844170297569 -0.000355333220010
0.994636166481494 -0.000309092610573
0.995373920235722 -0.000266153503011
0.996057350657239 -0.000226493652473
0.996686382800198 -0.000190092424302
0.997260947684137 -0.000156929799605
0.997780982301540 -0.000126985699731
0.998246429624752 -0.000100244012461
0.998657238612229 -0.000076688096830
0.999013364214136 -0.000056302188956
0.999314767377287 -0.000039075753258
0.999561415049429 -0.000024995953629
0.999753280182866 -0.000014055477000
0.999890341737423 -0.000006245073186
0.999972584682756 -0.000001560968429
1.000000000000000 0.000000000000000
