1.000000000000000 0.000000000000000
0.999972584682756 0.000009125206146
0.999890341737423 0.000036499717923
0.999753280182866 0.000082137712971
0.999561415049429 0.000146062732708
0.999314767377287 0.000228301697588
0.999013364214136 0.000328890557002
0.998657238612229 0.000447879911384
0.998246429624752 0.000585317132725
0.997780982301540 0.000741263589555
0.997260947684137 0.000915788394633
0.996686382800198 0.001108962055225
0.996057350657239 0.001320855919823
0.995373920235722 0.001551565255921
0.994636166481494 0.001801173207500
0.993844170297569 0.002069761856491
0.992998018535252 0.002357435292577
0.992097803984621 0.002664283205739
0.991143625364344 0.002990403837344
0.990135587310861 0.003335891189593
0.989073800366903 0.003700846096542
0.987958380969374 0.004085357249016
0.986789451436580 0.004489512159207
0.985567139954818 0.004913396130939
0.984291580564316 0.005357097275997
0.982962913144534 0.005820681077034
0.981581283398829 0.006304213472801
0.980146842838472 0.006807747481704
0.978659748766034 0.007331334205902
0.977120164258138 0.007875003160793
0.975528258147577 0.008438760825004
0.973884205004793 0.009022626370573
0.972188185118741 0.009626568498445
0.970440384477113 0.010250565900247
0.968640994745946 0.010894556232949
0.966790213248601 0.011558465722730
0.964888242944126 0.012242201520989
0.962935292404997 0.012945625190422
0.960931575794250 0.013668595022018
0.958877312841991 0.014410926974242
0.956772728821300 0.015172411992851
0.954618054523534 0.015952808218302
0.952413526233010 0.016751833223489
0.950159385701097 0.017569181412540
0.947855880119706 0.018404497378494
0.945503262094184 0.019257399666704
0.943101789615607 0.020127454164122
0.940651726032496 0.021014197893687
0.938153340021932 0.021917112470489
0.935606905560095 0.022835648052943
0.933012701892219 0.023769190709025
0.930371013501972 0.024717104821598
0.927682130080253 0.025678687787248
0.924946346493432 0.026653182803602
0.922163962751008 0.027639803304046
0.919335283972712 0.028637704805236
0.916460620355050 0.029645972305591
0.913540287137281 0.030663651593615
0.910574604566852 0.031689755357819
0.907563897864277 0.032723254356142
0.904508497187474 0.033763009991612
0.901408737595557 0.034807756209633
0.898264959012098 0.035856279792530
0.895077506187845 0.036907974787951
0.891846728662920 0.037962414988911
0.888572980728485 0.039019323724249
0.885256621387895 0.040078598555615
0.881898014317321 0.041140187901753
0.878497527825878 0.042204027679495
0.875055534815230 0.043270036931285
0.871572412738697 0.044338185736590
0.868048543559867 0.045408473921495
0.864484313710706 0.046480937939398
0.860880114049181 0.047555647424431
0.857236339816402 0.048632689357672
0.853553390593274 0.049712190076493
0.849831670256683 0.050794299923292
0.846071586935203 0.051879204043873
0.842273552964344 0.052967112403856
0.838437984841330 0.054058273501566
0.834565303179429 0.055152981860514
0.830655932661826 0.056251555651396
0.826710301995053 0.057354345173264
0.822728843861975 0.058461705841357
0.818711994874345 0.059574006188828
0.814660195524919 0.060691648992760
0.810573890139155 0.061815163091778
0.806453526826488 0.062945217590279
0.802299557431188 0.064082525335271
0.798112437482808 0.065227586427549
0.793892626146237 0.066380043220499
0.789640586171339 0.067539317998867
0.785356783842216 0.068704800981852
0.781041688926065 0.069875677947687
0.776695774621672 0.071050860695784
0.772319517507513 0.072229225326031
0.767913397489498 0.073409607001637
0.763477897748339 0.074590871437460
0.759013504686565 0.075771895109531
0.754520707875186 0.076951529377951
0.750000000000000 0.078128584824199
0.745451876807570 0.079301852063027
0.740876837050858 0.080470069432423
0.736275382434527 0.081631976389156
0.731648017559931 0.082786265174177
0.726995249869773 0.083931596438989
0.722317589592464 0.085066596738010
0.717615549686164 0.086189879125641
0.712889645782536 0.087300042990915
0.708140396130201 0.088395758612880
0.703368321537900 0.089475739850495
0.698573945317390 0.090538694944218
0.693757793226052 0.091583334908022
0.688920393409234 0.092608996015835
0.684062276342339 0.093615838740194
0.679183974772650 0.094604086316582
0.674286023660908 0.095573985296556
0.669368960122646 0.096525776772365
0.664433323369292 0.097459655908756
0.659479654649035 0.098375820433243
0.654508497187474 0.099274471907708
0.649520396128043 0.100155832606927
0.644515898472236 0.101020145786255
0.639495553019615 0.101867657697578
0.634459910307633 0.102698643796482
0.629409522551260 0.103513383131991
0.624344943582428 0.104312174661346
0.619266728789291 0.105095364677307
0.614175435055328 0.105863326378157
0.609071620698271 0.106616442841684
0.603955845408880 0.107355114621259
0.598828670189563 0.108079681425654
0.593690657292862 0.108790198619599
0.588542370159792 0.109486656924857
0.583384373358051 0.110169056717303
0.578217232520115 0.110837400561243
0.573041514281206 0.111491667793359
0.567857786217152 0.112131754604917
0.562666616782152 0.112757545782341
0.557468575246433 0.113368931543780
0.552264231633827 0.113965811727330
0.547054156659257 0.114548099162247
0.541838921666158 0.115115734473100
0.536619098563816 0.115668672536065
0.531395259764657 0.116206868078484
0.526167978121472 0.116730288483513
0.520937826864600 0.117238898576037
0.515705379539064 0.117732674576692
0.510471209941678 0.118211594324206
0.505235892058123 0.118675641174551
0.500000000000000 0.119124804051224
0.494764107941877 0.119559073578648
0.489528790058322 0.119978417676345
0.484294620460936 0.120382809178462
0.479062173135400 0.120772227608780
0.473832021878528 0.121146659007052
0.468604740235343 0.121506089802214
0.463380901436184 0.121850513100710
0.458161078333842 0.122179921368098
0.452945843340743 0.122494317539688
0.447735768366173 0.122793706418783
0.442531424753567 0.123078102029403
0.437333383217848 0.123347523916926
0.432142213782848 0.123601995781120
0.426958485718794 0.123841550433659
0.421782767479885 0.124066223451883
0.416615626641949 0.124276056890315
0.411457629840209 0.124471097347144
0.406309342707138 0.124651396330633
0.401171329810437 0.124817010046629
0.396044154591120 0.124968002116476
0.390928379301729 0.125104433618830
0.385824564944672 0.125226343387744
0.380733271210710 0.125333769691969
0.375655056417573 0.125426755899539
0.370590477448740 0.125505353096997
0.365540089692367 0.125569620705593
0.360504446980385 0.125619635373251
0.355484101527764 0.125655482417673
0.350479603871957 0.125677252543293
0.345491502812526 0.125685042934153
0.340520345350965 0.125678948596044
0.335566676630708 0.125659050923942
0.330631039877354 0.125625434425476
0.325713976339092 0.125578190727785
0.320816025227350 0.125517417700796
0.315937723657661 0.125443271825608
0.311079606590766 0.125355991295057
0.306242206773949 0.125255823769040
0.301426054682610 0.125143021101488
0.296631678462100 0.125017771509691
0.291859603869799 0.124879340851255
0.287110354217464 0.124726331143301
0.282384450313836 0.124557378156409
0.277682410407536 0.124371167457186
0.273004750130227 0.124166404397832
0.268351982440069 0.123941711862821
0.263724617565473 0.123695732609035
0.259123162949143 0.123427166940243
0.254548123192430 0.123134773324163
0.250000000000000 0.122817374257818
0.245479292124815 0.122473853684362
0.240986495313435 0.122103153344411
0.236522102251661 0.121704269720179
0.232086602510502 0.121276264312047
0.227680482492487 0.120818273169142
0.223304225378328 0.120329493099696
0.218958311073935 0.119809171545028
0.214643216157784 0.119256589838828
0.210359413828661 0.118670953347664
0.206107373853763 0.118051448866958
0.201887562517192 0.117397319160649
0.197700442568813 0.116707949966422
0.193546473173512 0.115983916909597
0.189426109860845 0.115226599763069
0.185339804475081 0.114437388225168
0.181288005125655 0.113617666856992
0.177271156138025 0.112768965385030
0.173289698004947 0.111892912932642
0.169344067338174 0.110991106764297
0.165434696820571 0.110065168234256
0.161562015158670 0.109116962212147
0.157726447035656 0.108148447493367
0.153928413064797 0.107161550054687
0.150168329743317 0.106157663273477
0.146446609406726 0.105136426511199
0.142763660183598 0.104097163427501
0.139119885950819 0.103039225721115
0.135515686289294 0.101960900017776
0.131951456440133 0.100859265523831
0.128427587261303 0.099731471887659
0.124944465184770 0.098574892921224
0.121502472174122 0.097387401095873
0.118101985682679 0.096167063789897
0.114743378612105 0.094912038651065
0.111427019271515 0.093620342856900
0.108153271337080 0.092289903427348
0.104922493812155 0.090918715412714
0.101735040987902 0.089505296211045
0.098591262404443 0.088048720985209
0.095491502812526 0.086548172854947
0.092436102135723 0.085006053056502
0.089425395433148 0.083428849697960
0.086459712862719 0.081823250237065
0.083539379644950 0.080195527847042
0.080664716027288 0.078551578358643
0.077836037248993 0.076897130283688
0.075053653506568 0.075237476458421
0.072317869919747 0.073577627797871
0.069628986498028 0.071920393645144
0.066987298107781 0.070263264581853
0.064393094439905 0.068603214261670
0.061846659978068 0.066937707749313
0.059348273967504 0.065264637467700
0.056898210384393 0.063582107323703
0.054496737905816 0.061888393587606
0.052144119880294 0.060181926946389
0.049840614298903 0.058461383210381
0.047586473766990 0.056725707309452
0.045381945476466 0.054975575402495
0.043227271178700 0.053212961981650
0.041122687158010 0.051439752304360
0.039068424205750 0.049657815311656
0.037064707595003 0.047868880821883
0.035111757055874 0.046074589996241
0.033209786751399 0.044276425999408
0.031359005254054 0.042475831696659
0.029559615522887 0.040674207429067
0.027811814881260 0.038872856555194
0.026115794995207 0.037072855281465
0.024471741852423 0.035275488113980
0.022879835741862 0.033483230173940
0.021340251233966 0.031705864976709
0.019853157161529 0.029957463348194
0.018418716601171 0.028251156625931
0.017037086855466 0.026598494228777
0.015708419435685 0.025008812651068
0.014432860045182 0.023488942581152
0.013210548563420 0.022043619370069
0.012041619030626 0.020675092784837
0.010926199633097 0.019381413888954
0.009864412689139 0.018150356890263
0.008856374635656 0.016970137909869
0.007902196015379 0.015832744761985
0.007001981464748 0.014732148441541
0.006155829702431 0.013663606448505
0.005363833518506 0.012623455077301
0.004626079764278 0.011608716656756
0.003942649342761 0.010616977525687
0.003313617199802 0.009646203287896
0.002739052315863 0.008694705616670
0.002219017698460 0.007761010707656
0.001753570375248 0.006843929846862
0.001342761387771 0.005942378572000
0.000986635785864 0.005055379805555
0.000685232622713 0.004182164948192
0.000438584950571 0.003322040056680
0.000246719817134 0.002474213180661
0.000109658262577 0.001638392887315
0.000027415317244 0.000813773310502
0.000000000000000 0.000000000000000
0.000027415317244 -0.000803377286704
0.000109658262577 -0.001597529208245
0.000246719817134 -0.002393124954801
0.000438584950571 -0.003195466689651
0.000685232622713 -0.004005108497466
0.000986635785864 -0.004821475452198
0.001342761387771 -0.005643659617654
0.001753570375248 -0.006470482171487
0.002219017698460 -0.007300710315690
0.002739052315863 -0.008132964611107
0.003313617199802 -0.008965627630628
0.003942649342761 -0.009796997817834
0.004626079764278 -0.010625167484824
0.005363833518506 -0.011447922951445
0.006155829702431 -0.012262900708471
0.007001981464748 -0.013067351709359
0.007902196015379 -0.013858149156592
0.008856374635656 -0.014631759924093
0.009864412689139 -0.015384121396055
0.010926199633097 -0.016110320155247
0.012041619030626 -0.016804421403241
0.013210548563420 -0.017460096990949
0.014432860045182 -0.018071345913578
0.015708419435684 -0.018637054615378
0.017037086855466 -0.019158627564062
0.018418716601171 -0.019639059782226
0.019853157161528 -0.020082560353518
0.021340251233966 -0.020495160269177
0.022879835741862 -0.020885208732902
0.024471741852423 -0.021264381041746
0.026115794995207 -0.021643160783147
0.027811814881259 -0.022028873196585
0.029559615522887 -0.022424075623420
0.031359005254054 -0.022825575958203
0.033209786751399 -0.023230746906789
0.035111757055874 -0.023637810531461
0.037064707595003 -0.024044467268867
0.039068424205750 -0.024447833643922
0.041122687158009 -0.024844854112951
0.043227271178699 -0.025232307409108
0.045381945476466 -0.025606510494648
0.047586473766990 -0.025963279195531
0.049840614298903 -0.026298518486638
0.052144119880293 -0.026608462112099
0.054496737905816 -0.026890519163494
0.056898210384393 -0.027145264894112
0.059348273967504 -0.027373911783533
0.061846659978068 -0.027577596763911
0.064393094439905 -0.027757643117045
0.066987298107781 -0.027915750279566
0.069628986498028 -0.028053993179690
0.072317869919747 -0.028174812733122
0.075053653506568 -0.028281049304710
0.077836037248992 -0.028375519526962
0.080664716027288 -0.028458820165922
0.083539379644950 -0.028530678080547
0.086459712862719 -0.028590791548319
0.089425395433148 -0.028638798283029
0.092436102135723 -0.028674352765130
0.095491502812526 -0.028697176025007
0.098591262404443 -0.028707036583705
0.101735040987902 -0.028703679051520
0.104922493812155 -0.028686718547159
0.108153271337080 -0.028655753234744
0.111427019271514 -0.028610361095111
0.114743378612105 -0.028550082794238
0.118101985682679 -0.028474460980158
0.121502472174122 -0.028383047041264
0.124944465184770 -0.028275405000429
0.128427587261303 -0.028151104848350
0.131951456440133 -0.028009737092225
0.135515686289294 -0.027850912099500
0.139119885950819 -0.027674249242414
0.142763660183598 -0.027479315884883
0.146446609406726 -0.027265627211402
0.150168329743317 -0.027032703090362
0.153928413064796 -0.026780550694916
0.157726447035656 -0.026509943999225
0.161562015158669 -0.026221795970927
0.165434696820571 -0.025917146860889
0.169344067338174 -0.025597232423824
0.173289698004947 -0.025263408616295
0.177271156138025 -0.024917135212612
0.181288005125655 -0.024560004793081
0.185339804475081 -0.024193732953864
0.189426109860845 -0.023820134059124
0.193546473173511 -0.023441008628235
0.197700442568812 -0.023057987826695
0.201887562517192 -0.022672747270808
0.206107373853763 -0.022286977836822
0.210359413828660 -0.021901429647489
0.214643216157784 -0.021516059357332
0.218958311073935 -0.021130794264029
0.223304225378328 -0.020745570172911
0.227680482492486 -0.020360465388031
0.232086602510501 -0.019975619916441
0.236522102251661 -0.019591166406957
0.240986495313435 -0.019207232791712
0.245479292124814 -0.018823904169131
0.250000000000000 -0.018441248638263
0.254548123192429 -0.018059332275138
0.259123162949142 -0.017678228771811
0.263724617565473 -0.017298038373251
0.268351982440069 -0.016918865055968
0.273004750130227 -0.016540815171590
0.277682410407536 -0.016163984848153
0.282384450313836 -0.015788398400588
0.287110354217464 -0.015414051169783
0.291859603869799 -0.015040937451801
0.296631678462100 -0.014669068584350
0.301426054682609 -0.014298786759861
0.306242206773948 -0.013930681122827
0.311079606590766 -0.013565360968403
0.315937723657661 -0.013203443846296
0.320816025227350 -0.012845656388312
0.325713976339092 -0.012492901135446
0.330631039877354 -0.012146117553547
0.335566676630708 -0.011806261864314
0.340520345350965 -0.011474295373932
0.345491502812526 -0.011151132776502
0.350479603871956 -0.010837675742400
0.355484101527764 -0.010534833842956
0.360504446980385 -0.010243529892398
0.365540089692367 -0.009964734906881
0.370590477448739 -0.009699512869309
0.375655056417572 -0.009448945512589
0.380733271210709 -0.009214123883957
0.385824564944672 -0.008996127838333
0.390928379301728 -0.008795791918349
0.396044154591120 -0.008613759923150
0.401171329810437 -0.008450669418088
0.406309342707137 -0.008307156950850
0.411457629840208 -0.008183708530290
0.416615626641949 -0.008079946344776
0.421782767479884 -0.007995179120596
0.426958485718794 -0.007928698827075
0.432142213782848 -0.007879783445928
0.437333383217848 -0.007847739562654
0.442531424753567 -0.007831986562808
0.447735768366173 -0.007831955295616
0.452945843340743 -0.007847065739857
0.458161078333842 -0.007876727404934
0.463380901436184 -0.007920326027378
0.468604740235343 -0.007977212801777
0.473832021878528 -0.008046727362447
0.479062173135400 -0.008128201754657
0.484294620460935 -0.008220959552528
0.489528790058321 -0.008324312067175
0.494764107941877 -0.008437556796704
0.500000000000000 -0.008559985473479
0.505235892058122 -0.008690884892288
0.510471209941678 -0.008829535501700
0.515705379539064 -0.008975166618099
0.520937826864600 -0.009126965453582
0.526167978121472 -0.009284117586830
0.531395259764656 -0.009445806441387
0.536619098563816 -0.009611219840511
0.541838921666157 -0.009779560794163
0.547054156659257 -0.009950043916033
0.552264231633827 -0.010121886863222
0.557468575246433 -0.010294310653332
0.562666616782152 -0.010466533891992
0.567857786217152 -0.010637745819444
0.573041514281206 -0.010807130898591
0.578217232520115 -0.010973880848161
0.583384373358051 -0.011137197699850
0.588542370159791 -0.011296342719042
0.593690657292862 -0.011450717787174
0.598828670189563 -0.011599751677469
0.603955845408879 -0.011742883139972
0.609071620698271 -0.011879571002303
0.614175435055328 -0.012009553163690
0.619266728789290 -0.012132872733995
0.624344943582427 -0.012249589787341
0.629409522551260 -0.012359767363752
0.634459910307633 -0.012463462826255
0.639495553019614 -0.012560679462720
0.644515898472235 -0.012651402568695
0.649520396128043 -0.012735620974919
0.654508497187474 -0.012813326251088
0.659479654649035 -0.012884520792945
0.664433323369291 -0.012949220351325
0.669368960122646 -0.013007444800649
0.674286023660907 -0.013059217860293
0.679183974772650 -0.013104568238359
0.684062276342339 -0.013143539345324
0.688920393409233 -0.013176182196724
0.693757793226051 -0.013202550507045
0.698573945317390 -0.013222695689500
0.703368321537900 -0.013236574319553
0.708140396130200 -0.013244061279823
0.712889645782536 -0.013245036717493
0.717615549686163 -0.013239388719408
0.722317589592464 -0.013226995585857
0.726995249869773 -0.013207716851463
0.731648017559930 -0.013181419596319
0.736275382434527 -0.013147981376819
0.740876837050857 -0.013107293552673
0.745451876807570 -0.013059265226411
0.750000000000000 -0.013003815929361
0.754520707875185 -0.012940875382706
0.759013504686565 -0.012870383970987
0.763477897748338 -0.012792290885270
0.767913397489498 -0.012706555922494
0.772319517507513 -0.012613149295210
0.776695774621672 -0.012512046147331
0.781041688926065 -0.012403226653174
0.785356783842216 -0.012286682207267
0.789640586171339 -0.012162417479535
0.793892626146236 -0.012030474120898
0.798112437482808 -0.011890916789017
0.802299557431187 -0.011743820295537
0.806453526826488 -0.011589451300662
0.810573890139155 -0.011428476563058
0.814660195524918 -0.011261591756758
0.818711994874345 -0.011089465702098
0.822728843861975 -0.010912726270410
0.826710301995052 -0.010731969233998
0.830655932661826 -0.010547768086885
0.834565303179429 -0.010360680602593
0.838437984841330 -0.010171248018823
0.842273552964344 -0.009979989585699
0.846071586935203 -0.009787403466318
0.849831670256683 -0.009593963304958
0.853553390593274 -0.009400121955914
0.857236339816401 -0.009206312015986
0.860880114049181 -0.009012943469356
0.864484313710706 -0.008820407345945
0.868048543559867 -0.008629072134807
0.871572412738697 -0.008439286686515
0.875055534815230 -0.008251379116267
0.878497527825878 -0.008065657722910
0.881898014317321 -0.007882409957272
0.885256621387894 -0.007701905351256
0.888572980728485 -0.007524392124587
0.891846728662920 -0.007350095798755
0.895077506187845 -0.007179228491875
0.898264959012098 -0.007011992292758
0.901408737595557 -0.006848562529035
0.904508497187474 -0.006688792646582
0.907563897864277 -0.006532226154359
0.910574604566852 -0.006378424705005
0.913540287137281 -0.006226972007854
0.916460620355049 -0.006077490838403
0.919335283972712 -0.005929639594066
0.922163962751007 -0.005783112949919
0.924946346493432 -0.005637639899269
0.927682130080253 -0.005492981778204
0.930371013501972 -0.005348930445415
0.933012701892219 -0.005205307914316
0.935606905560095 -0.005061967342497
0.938153340021932 -0.004918787788889
0.940651726032496 -0.004775679023996
0.943101789615607 -0.004632572269466
0.945503262094184 -0.004489427479886
0.947855880119706 -0.004346226062104
0.950159385701097 -0.004202973006007
0.952413526233010 -0.004059694131372
0.954618054523534 -0.003916435065827
0.956772728821300 -0.003773262550377
0.958877312841991 -0.003630259044899
0.960931575794250 -0.003487523658511
0.962935292404997 -0.003345173562623
0.964888242944126 -0.003203336013642
0.966790213248601 -0.003062155624039
0.968640994745946 -0.002921786899325
0.970440384477113 -0.002782395260202
0.972188185118740 -0.002644156774103
0.973884205004793 -0.002507253674963
0.975528258147577 -0.002371880367439
0.977120164258138 -0.002238233189780
0.978659748766034 -0.002106515220086
0.980146842838471 -0.001976934745789
0.981581283398829 -0.001849702688101
0.982962913144534 -0.001725029564776
0.984291580564316 -0.001603130039584
0.985567139954818 -0.001484220923873
0.986789451436580 -0.001368511176546
0.987958380969374 -0.001256216329305
0.989073800366903 -0.001147542417483
0.990135587310861 -0.001042694463280
0.991143625364344 -0.000941875760897
0.992097803984621 -0.000845280659625
0.992998018535252 -0.000753098313834
0.993844170297569 -0.000665511211832
0.994636166481494 -0.000582697467933
0.995373920235722 -0.000504822591278
0.996057350657239 -0.000432045198503
0.996686382800198 -0.000364515885894
0.997260947684137 -0.000302374554192
0.997780982301540 -0.000245749415400
0.998246429624752 -0.000194757200613
0.998657238612229 -0.000149510194336
0.999013364214136 -0.000110098379523
0.999314767377287 -0.000076605640495
0.999561415049429 -0.000049106998173
0.999753280182866 -0.000027657940755
0.999890341737423 -0.000012303048470
0.999972584682756 -0.000003077301715
1.000000000000000 0.000000000000000
