1.000000000000000 0.000000000000000
0.999972584682756 0.000002544665895
0.999890341737423 0.000010181811721
0.999753280182866 0.000022912557014
0.999561415049429 0.000040745952202
0.999314767377287 0.000063687289237
0.999013364214136 0.000091749703065
0.998657238612229 0.000124944105086
0.998246429624752 0.000163289111137
0.997780982301540 0.000206797574633
0.997260947684137 0.000255491519194
0.996686382800198 0.000309391978771
0.996057350657239 0.000368518829058
0.995373920235722 0.000432899044351
0.994636166481494 0.000502556427059
0.993844170297569 0.000577519856280
0.992998018535252 0.000657812924852
0.992097803984621 0.000743469002442
0.991143625364344 0.000834512306715
0.990135587310861 0.000930974691304
0.989073800366903 0.001032883449376
0.987958380969374 0.001140267888336
0.986789451436580 0.001253159088172
0.985567139954818 0.001371579223916
0.984291580564316 0.001495560315176
0.982962913144534 0.001625123105120
0.981581283398829 0.001760292374312
0.980146842838472 0.001901087903837
0.978659748766034 0.002047531154532
0.977120164258138 0.002199636127722
0.975528258147577 0.002357414267076
0.973884205004793 0.002520877672021
0.972188185118741 0.002690029850954
0.970440384477113 0.002864872447217
0.968640994745946 0.003045403094560
0.966790213248601 0.003231611430799
0.964888242944126 0.003423485898277
0.962935292404997 0.003621004339559
0.960931575794250 0.003824142622735
0.958877312841991 0.004032865185110
0.956772728821300 0.004247137348332
0.954618054523534 0.004466908539945
0.952413526233010 0.004692124623945
0.950159385701097 0.004922723862399
0.947855880119706 0.005158632844132
0.945503262094184 0.005399771568792
0.943101789615607 0.005646049382173
0.940651726032496 0.005897366408315
0.938153340021932 0.006153613154490
0.935606905560095 0.006414668274503
0.933012701892219 0.006680398177847
0.930371013501972 0.006950662162648
0.927682130080253 0.007225301063662
0.924946346493432 0.007504151476716
0.922163962751008 0.007787028851687
0.919335283972712 0.008073743700987
0.916460620355050 0.008364090661271
0.913540287137281 0.008657846165370
0.910574604566852 0.008954779447449
0.907563897864277 0.009254641393241
0.904508497187474 0.009557165859018
0.901408737595557 0.009862085274768
0.898264959012098 0.010169113188365
0.895077506187845 0.010477925462286
0.891846728662920 0.010788173102259
0.888572980728485 0.011099529672295
0.885256621387895 0.011411736097996
0.881898014317321 0.011724547011723
0.878497527825878 0.012037855490964
0.875055534815230 0.012351679915987
0.871572412738697 0.012666055353981
0.868048543559867 0.012980990007449
0.864484313710706 0.013296499159617
0.860880114049181 0.013612604257775
0.857236339816402 0.013929350653188
0.853553390593274 0.014246792564038
0.849831670256683 0.014564998470890
0.846071586935203 0.014884043529314
0.842273552964344 0.015204015884314
0.838437984841330 0.015525015828801
0.834565303179429 0.015847154946839
0.830655932661826 0.016170555776977
0.826710301995053 0.016495356136164
0.822728843861975 0.016821704448071
0.818711994874345 0.017149760000761
0.814660195524919 0.017479696085396
0.810573890139155 0.017811697677539
0.806453526826488 0.018145961465176
0.802299557431188 0.018482699697187
0.798112437482808 0.018822133392048
0.793892626146237 0.019164496258605
0.789640586171339 0.019510029532578
0.785356783842216 0.019858976262901
0.781041688926065 0.020211348552181
0.776695774621672 0.020566942780877
0.772319517507513 0.020925549391099
0.767913397489498 0.021286942525692
0.763477897748339 0.021650896102920
0.759013504686565 0.022017176018143
0.754520707875186 0.022385540553258
0.750000000000000 0.022755737951493
0.745451876807570 0.023127507075936
0.740876837050858 0.023500577199697
0.736275382434527 0.023874670282201
0.731648017559931 0.024249503354084
0.726995249869773 0.024624799288894
0.722317589592464 0.025000273252109
0.717615549686164 0.025375634219498
0.712889645782536 0.025750573629242
0.708140396130201 0.026124740228170
0.703368321537900 0.026497768515161
0.698573945317390 0.026869284598051
0.693757793226052 0.027238940536299
0.688920393409234 0.027606566163343
0.684062276342339 0.027972047580985
0.679183974772650 0.028335273140360
0.674286023660908 0.028696139510938
0.669368960122646 0.029054661100269
0.664433323369292 0.029410941228869
0.659479654649035 0.029765093749145
0.654508497187474 0.030117236604591
0.649520396128043 0.030467479785013
0.644515898472236 0.030815897354422
0.639495553019615 0.031162562117676
0.634459910307633 0.031507554348745
0.629409522551260 0.031850954625897
0.624344943582428 0.032192886847743
0.619266728789291 0.032533492290006
0.614175435055328 0.032872922729266
0.609071620698271 0.033211329055033
0.603955845408880 0.033548833385360
0.598828670189563 0.033885445603251
0.593690657292862 0.034221153775955
0.588542370159792 0.034555946092872
0.583384373358051 0.034889806165150
0.578217232520115 0.035222397808413
0.573041514281206 0.035552961320407
0.567857786217152 0.035880700015166
0.562666616782152 0.036204811539952
0.557468575246433 0.036524495672396
0.552264231633827 0.036839006130002
0.547054156659257 0.037147639746555
0.541838921666158 0.037449688425899
0.536619098563816 0.037744448007990
0.531395259764657 0.038031200808545
0.526167978121472 0.038309175583617
0.520937826864600 0.038577578236292
0.515705379539064 0.038835617460007
0.510471209941678 0.039082506269849
0.505235892058123 0.039317510888864
0.500000000000000 0.039540077762378
0.494764107941877 0.039749697166565
0.489528790058322 0.039945865932558
0.484294620460936 0.040128087687416
0.479062173135400 0.040296140832335
0.473832021878528 0.040450383639832
0.468604740235343 0.040591252288399
0.463380901436184 0.040719187116111
0.458161078333842 0.040834630156281
0.452945843340743 0.040937975745933
0.447735768366173 0.041029554204778
0.442531424753567 0.041109694535567
0.437333383217848 0.041178727301757
0.432142213782848 0.041236987563282
0.426958485718794 0.041284832324811
0.421782767479885 0.041322635395141
0.416615626641949 0.041350772509368
0.411457629840209 0.041369619845769
0.406309342707138 0.041379550891197
0.401171329810437 0.041380918911048
0.396044154591120 0.041374068913264
0.390928379301729 0.041359345667013
0.385824564944672 0.041337093205928
0.380733271210710 0.041307637850847
0.375655056417573 0.041271259735096
0.370590477448740 0.041228231214940
0.365540089692367 0.041178823825901
0.360504446980385 0.041123308957984
0.355484101527764 0.041061964350323
0.350479603871957 0.040995073540758
0.345491502812526 0.040922919020462
0.340520345350965 0.040845780183763
0.335566676630708 0.040763931377881
0.330631039877354 0.040677626878095
0.325713976339092 0.040587115270123
0.320816025227350 0.040492641964294
0.315937723657661 0.040394451980663
0.311079606590766 0.040292831331840
0.306242206773949 0.040188099751763
0.301426054682610 0.040080572563286
0.296631678462100 0.039970559428407
0.291859603869799 0.039858126025701
0.287110354217464 0.039742837873245
0.282384450313836 0.039624210015112
0.277682410407536 0.039501774998245
0.273004750130227 0.039375058551154
0.268351982440069 0.039243506535934
0.263724617565473 0.039106564440458
0.259123162949143 0.038963698975041
0.254548123192430 0.038814406570299
0.250000000000000 0.038658229269356
0.245479292124815 0.038494738458713
0.240986495313435 0.038323530834809
0.236522102251661 0.038144225240850
0.232086602510502 0.037956472129324
0.227680482492487 0.037759944601692
0.223304225378328 0.037554339226826
0.218958311073935 0.037339362062499
0.214643216157784 0.037114703248311
0.210359413828661 0.036880068005024
0.206107373853763 0.036635192904914
0.201887562517192 0.036379949827539
0.197700442568813 0.036114375294828
0.193546473173512 0.035838532586143
0.189426109860845 0.035552603325038
0.185339804475081 0.035257528631370
0.181288005125655 0.034954549837420
0.177271156138025 0.034644863848178
0.173289698004947 0.034329556195046
0.169344067338174 0.034009559880635
0.165434696820571 0.033685769056184
0.161562015158670 0.033359075136953
0.157726447035656 0.033030473453865
0.153928413064797 0.032700945462415
0.150168329743317 0.032371360198837
0.146446609406726 0.032042066014971
0.142763660183598 0.031713187447621
0.139119885950819 0.031384791008722
0.135515686289294 0.031056356754062
0.131951456440133 0.030727068466517
0.128427587261303 0.030396184490940
0.124944465184770 0.030063152882534
0.121502472174122 0.029727546251134
0.118101985682679 0.029388969748055
0.114743378612105 0.029047013428957
0.111427019271515 0.028701292298130
0.108153271337080 0.028351516874745
0.104922493812155 0.027997585745234
0.101735040987902 0.027639455420278
0.098591262404443 0.027276769921966
0.095491502812526 0.026908806363582
0.092436102135723 0.026534732893626
0.089425395433148 0.026152653118076
0.086459712862719 0.025760383707457
0.083539379644950 0.025356092190272
0.080664716027288 0.024938358599695
0.077836037248993 0.024505888810737
0.075053653506568 0.024057168452665
0.072317869919747 0.023590926064497
0.069628986498028 0.023108573599958
0.066987298107781 0.022613372788416
0.064393094439905 0.022108793559377
0.061846659978068 0.021598559324175
0.059348273967504 0.021086079176641
0.056898210384393 0.020574344774081
0.054496737905816 0.020066136628051
0.052144119880294 0.019564110474172
0.049840614298903 0.019070483558088
0.047586473766990 0.018586642005848
0.045381945476466 0.018112796111127
0.043227271178700 0.017646430135034
0.041122687158010 0.017184973663750
0.039068424205750 0.016726460640698
0.037064707595003 0.016269190671644
0.035111757055874 0.015811590050768
0.033209786751399 0.015352254397736
0.031359005254054 0.014889945171930
0.029559615522887 0.014423523606309
0.027811814881260 0.013951983605753
0.026115794995207 0.013474390409701
0.024471741852423 0.012989876263419
0.022879835741862 0.012497609318705
0.021340251233966 0.011997593822222
0.019853157161529 0.011490895153360
0.018418716601171 0.010979947872767
0.017037086855466 0.010467960512423
0.015708419435685 0.009958408730104
0.014432860045182 0.009454702698928
0.013210548563420 0.008960302708320
0.012041619030626 0.008477930437730
0.010926199633097 0.008008552840833
0.009864412689139 0.007551139766397
0.008856374635656 0.007103295555569
0.007902196015379 0.006663514736843
0.007001981464748 0.006230990809587
0.006155829702431 0.005804954596816
0.005363833518506 0.005384920413152
0.004626079764278 0.004970429722394
0.003942649342761 0.004561181879325
0.003313617199802 0.004156962739602
0.002739052315863 0.003757464916044
0.002219017698460 0.003362660930435
0.001753570375248 0.002972306329358
0.001342761387771 0.002586310990794
0.000986635785864 0.002204627187452
0.000685232622713 0.001827157109284
0.000438584950571 0.001453825339679
0.000246719817134 0.001084573903233
0.000109658262577 0.000719367146226
0.000027415317244 0.000358197033734
0.000000000000000 0.000000000000000
0.000027415317244 -0.000362558035612
0.000109658262577 -0.000731314182862
0.000246719817134 -0.001106256972332
0.000438584950571 -0.001487107831852
0.000685232622713 -0.001873653438688
0.000986635785864 -0.002265697551576
0.001342761387771 -0.002662996345793
0.001753570375248 -0.003065326122004
0.002219017698460 -0.003472329681304
0.002739052315863 -0.003883668505617
0.003313617199802 -0.004299069891922
0.003942649342761 -0.004718022831216
0.004626079764278 -0.005140117529436
0.005363833518506 -0.005564812274388
0.006155829702431 -0.005991426082811
0.007001981464748 -0.006419301609166
0.007902196015379 -0.006847467770517
0.008856374635656 -0.007274922201493
0.009864412689139 -0.007700254317038
0.010926199633097 -0.008121759486629
0.012041619030626 -0.008537110681004
0.013210548563420 -0.008943072090195
0.014432860045182 -0.009335520807447
0.015708419435684 -0.009710736038065
0.017037086855466 -0.010065756821190
0.018418716601171 -0.010399370234658
0.019853157161528 -0.010712890536955
0.021340251233966 -0.011010650563154
0.022879835741862 -0.011300698751353
0.024471741852423 -0.011595813217525
0.026115794995207 -0.011910395448045
0.027811814881259 -0.012248870410937
0.029559615522887 -0.012610733576188
0.031359005254054 -0.012992339447894
0.033209786751399 -0.013390341940887
0.035111757055874 -0.013801324658472
0.037064707595003 -0.014221231538168
0.039068424205750 -0.014645448858156
0.041122687158009 -0.015068838958602
0.043227271178699 -0.015485801182249
0.045381945476466 -0.015890244576908
0.047586473766990 -0.016274410530520
0.049840614298903 -0.016629295360897
0.052144119880293 -0.016949899178621
0.054496737905816 -0.017234604475722
0.056898210384393 -0.017484760558594
0.059348273967504 -0.017704152559775
0.061846659978068 -0.017896801275269
0.064393094439905 -0.018067005514915
0.066987298107781 -0.018219955884327
0.069628986498028 -0.018361851073982
0.072317869919747 -0.018499550215375
0.075053653506568 -0.018640477829119
0.077836037248992 -0.018790972152406
0.080664716027288 -0.018951315428412
0.083539379644950 -0.019120304968711
0.086459712862719 -0.019296811490423
0.089425395433148 -0.019479700320078
0.092436102135723 -0.019667611351850
0.095491502812526 -0.019858898888083
0.098591262404443 -0.020051843496926
0.101735040987902 -0.020245250684102
0.104922493812155 -0.020438109307067
0.108153271337080 -0.020629574661868
0.111427019271514 -0.020819198094496
0.114743378612105 -0.021006560129048
0.118101985682679 -0.021191124904250
0.121502472174122 -0.021372258423320
0.124944465184770 -0.021549297697864
0.128427587261303 -0.021721606876075
0.131951456440133 -0.021888544375528
0.135515686289294 -0.022049419771576
0.139119885950819 -0.022203404752921
0.142763660183598 -0.022349603332559
0.146446609406726 -0.022487192937256
0.150168329743317 -0.022615797769196
0.153928413064796 -0.022735165363727
0.157726447035656 -0.022845144971338
0.161562015158669 -0.022946122048368
0.165434696820571 -0.023038705780903
0.169344067338174 -0.023123548110287
0.173289698004947 -0.023201237645715
0.177271156138025 -0.023272339434558
0.181288005125655 -0.023337463006115
0.185339804475081 -0.023397331180085
0.189426109860845 -0.023452814002909
0.193546473173511 -0.023504841328255
0.197700442568812 -0.023554282989451
0.201887562517192 -0.023601475267729
0.206107373853763 -0.023646589518766
0.210359413828660 -0.023689806904621
0.214643216157784 -0.023731197304886
0.218958311073935 -0.023770653607784
0.223304225378328 -0.023808052450526
0.227680482492486 -0.023843271044184
0.232086602510501 -0.023876229184755
0.236522102251661 -0.023906876848755
0.240986495313435 -0.023935164991981
0.245479292124814 -0.023961043934412
0.250000000000000 -0.023984451130187
0.254548123192429 -0.024005318556325
0.259123162949142 -0.024023578696192
0.263724617565473 -0.024039165027569
0.268351982440069 -0.024052016582321
0.273004750130227 -0.024062074961488
0.277682410407536 -0.024069282448090
0.282384450313836 -0.024073581058410
0.287110354217464 -0.024074906879352
0.291859603869799 -0.024073193512901
0.296631678462100 -0.024068374988781
0.301426054682609 -0.024060382204109
0.306242206773948 -0.024049090975010
0.311079606590766 -0.024034332682033
0.315937723657661 -0.024015935685642
0.320816025227350 -0.023993726147694
0.325713976339092 -0.023967529761148
0.330631039877354 -0.023937171952048
0.335566676630708 -0.023902477008157
0.340520345350965 -0.023863267888340
0.345491502812526 -0.023819367533869
0.350479603871956 -0.023770605029068
0.355484101527764 -0.023716811213415
0.360504446980385 -0.023657816959365
0.365540089692367 -0.023593451830656
0.370590477448739 -0.023523527928274
0.375655056417572 -0.023447829672656
0.380733271210709 -0.023366139027360
0.385824564944672 -0.023278237447399
0.390928379301728 -0.023183923874938
0.396044154591120 -0.023083163601381
0.401171329810437 -0.022976014182906
0.406309342707137 -0.022862538351776
0.411457629840208 -0.022742801340747
0.416615626641949 -0.022616899290026
0.421782767479884 -0.022485020382978
0.426958485718794 -0.022347377064313
0.432142213782848 -0.022204185835893
0.437333383217848 -0.022055667753612
0.442531424753567 -0.021902037163752
0.447735768366173 -0.021743491500859
0.452945843340743 -0.021580231285990
0.458161078333842 -0.021412460206172
0.463380901436184 -0.021240385184026
0.468604740235343 -0.021064222737748
0.473832021878528 -0.020884195622279
0.479062173135400 -0.020700530765093
0.484294620460935 -0.020513457797757
0.489528790058321 -0.020323205216779
0.494764107941877 -0.020129993040519
0.500000000000000 -0.019934032764984
0.505235892058122 -0.019735539288012
0.510471209941678 -0.019534727960274
0.515705379539064 -0.019331814251037
0.520937826864600 -0.019127011169296
0.526167978121472 -0.018920530943649
0.531395259764656 -0.018712585450546
0.536619098563816 -0.018503387713012
0.541838921666157 -0.018293148137149
0.547054156659257 -0.018082073484109
0.552264231633827 -0.017870369827830
0.557468575246433 -0.017658241961747
0.562666616782152 -0.017445894479636
0.567857786217152 -0.017233540142861
0.573041514281206 -0.017021407732806
0.578217232520115 -0.016809724703447
0.583384373358051 -0.016598717644708
0.588542370159791 -0.016388603210111
0.593690657292862 -0.016179493350583
0.598828670189563 -0.015971415624264
0.603955845408879 -0.015764397658827
0.609071620698271 -0.015558463909923
0.614175435055328 -0.015353632868115
0.619266728789290 -0.015149873395581
0.624344943582427 -0.014947142080530
0.629409522551260 -0.014745395963177
0.634459910307633 -0.014544593625585
0.639495553019614 -0.014344700172727
0.644515898472235 -0.014145691562891
0.649520396128043 -0.013947548151482
0.654508497187474 -0.013750247392725
0.659479654649035 -0.013553768991852
0.664433323369291 -0.013358086512379
0.669368960122646 -0.013163171861649
0.674286023660907 -0.012968997130068
0.679183974772650 -0.012775538042275
0.684062276342339 -0.012582777276757
0.688920393409233 -0.012390711949564
0.693757793226051 -0.012199339071482
0.698573945317390 -0.012008657154558
0.703368321537900 -0.011818673348385
0.708140396130200 -0.011629418859645
0.712889645782536 -0.011440931169470
0.717615549686163 -0.011253244098149
0.722317589592464 -0.011066393190462
0.726995249869773 -0.010880406145482
0.731648017559930 -0.010695312105595
0.736275382434527 -0.010511138335551
0.740876837050857 -0.010327911214831
0.745451876807570 -0.010145659765950
0.750000000000000 -0.009964412931307
0.754520707875185 -0.009784197406241
0.759013504686565 -0.009605041849665
0.763477897748338 -0.009426972997020
0.767913397489498 -0.009250016636431
0.772319517507513 -0.009074199462695
0.776695774621672 -0.008899547468744
0.781041688926065 -0.008726085633606
0.785356783842216 -0.008553839939795
0.789640586171339 -0.008382835153252
0.793892626146236 -0.008213094375774
0.798112437482808 -0.008044637545406
0.802299557431187 -0.007877486239390
0.806453526826488 -0.007711660296015
0.810573890139155 -0.007547179253063
0.814660195524918 -0.007384062543430
0.818711994874345 -0.007222329608930
0.822728843861975 -0.007061999980662
0.826710301995052 -0.006903092051134
0.830655932661826 -0.006745624039492
0.834565303179429 -0.006589615670564
0.838437984841330 -0.006435083329048
0.842273552964344 -0.006282045886811
0.846071586935203 -0.006130521481524
0.849831670256683 -0.005980526927262
0.853553390593274 -0.005832079366692
0.857236339816401 -0.005685196308270
0.860880114049181 -0.005539893628557
0.864484313710706 -0.005396187826087
0.868048543559867 -0.005254096008411
0.871572412738697 -0.005113633970397
0.875055534815230 -0.004974815882543
0.878497527825878 -0.004837658870519
0.881898014317321 -0.004702177651233
0.885256621387894 -0.004568387561148
0.888572980728485 -0.004436302689354
0.891846728662920 -0.004305936053177
0.895077506187845 -0.004177300523386
0.898264959012098 -0.004050407337927
0.901408737595557 -0.003925268380105
0.904508497187474 -0.003801895251525
0.907563897864277 -0.003680299566714
0.910574604566852 -0.003560492550461
0.913540287137281 -0.003442485238588
0.916460620355049 -0.003326289566109
0.919335283972712 -0.003211916085964
0.922163962751007 -0.003099376720228
0.924946346493432 -0.002988682545135
0.927682130080253 -0.002879844177838
0.930371013501972 -0.002772872128107
0.933012701892219 -0.002667777106735
0.935606905560095 -0.002564570290902
0.938153340021932 -0.002463262327247
0.940651726032496 -0.002363863758455
0.943101789615607 -0.002266383705866
0.945503262094184 -0.002170833774144
0.947855880119706 -0.002077222785464
0.950159385701097 -0.001985561726970
0.952413526233010 -0.001895859503074
0.954618054523534 -0.001808126570409
0.956772728821300 -0.001722371677024
0.958877312841991 -0.001638605259509
0.960931575794250 -0.001556834967818
0.962935292404997 -0.001477069930843
0.964888242944126 -0.001399320418746
0.966790213248601 -0.001323594283399
0.968640994745946 -0.001249898991168
0.970440384477113 -0.001178244422293
0.972188185118740 -0.001108638118347
0.973884205004793 -0.001041087985500
0.975528258147577 -0.000975601348099
0.977120164258138 -0.000912185894119
0.978659748766034 -0.000850850054602
0.980146842838471 -0.000791599353874
0.981581283398829 -0.000734441616176
0.982962913144534 -0.000679383138253
0.984291580564316 -0.000626430539203
0.985567139954818 -0.000575589893462
0.986789451436580 -0.000526867765234
0.987958380969374 -0.000480269265361
0.989073800366903 -0.000435800381338
0.990135587310861 -0.000393466596002
0.991143625364344 -0.000353272204252
0.992097803984621 -0.000315223105402
0.992998018535252 -0.000279322880027
0.993844170297569 -0.000245576802691
0.994636166481494 -0.000213988205770
0.995373920235722 -0.000184561267494
0.996057350657239 -0.000157299437486
0.996686382800198 -0.000132206413375
0.997260947684137 -0.000109285338548
0.997780982301540 -0.000088538634214
0.998246429624752 -0.000069968593144
0.998657238612229 -0.000053578110916
0.999013364214136 -0.000039368686657
0.999314767377287 -0.000027342654432
0.999561415049429 -0.000017500718576
0.999753280182866 -0.000009845303383
0.999890341737423 -0.000004375849696
0.999972584682756 -0.000001093966294
1.000000000000000 0.000000000000000
