1.000000000000000 0.000000000000000
0.999972584682756 0.000008268722048
0.999890341737423 0.000033082614692
0.999753280182866 0.000074416791443
0.999561415049429 0.000132261833572
0.999314767377287 0.000206581095532
0.999013364214136 0.000297337438955
0.998657238612229 0.000404487929430
0.998246429624752 0.000527983879106
0.997780982301540 0.000667760262566
0.997260947684137 0.000823746450145
0.996686382800198 0.000995866278929
0.996057350657239 0.001184038128915
0.995373920235722 0.001388164427420
0.994636166481494 0.001608147659726
0.993844170297569 0.001843879885354
0.992998018535252 0.002095253411213
0.992097803984621 0.002362139848624
0.991143625364344 0.002644411348619
0.990135587310861 0.002941935449910
0.989073800366903 0.003254569993985
0.987958380969374 0.003582163324077
0.986789451436580 0.003924570072605
0.985567139954818 0.004281620111287
0.984291580564316 0.004653155132070
0.982962913144534 0.005039002853741
0.981581283398829 0.005438982469417
0.980146842838472 0.005852920257998
0.978659748766034 0.006280618987839
0.977120164258138 0.006721894032769
0.975528258147577 0.007176547966470
0.973884205004793 0.007644386082876
0.972188185118741 0.008125196367813
0.970440384477113 0.008618780068657
0.968640994745946 0.009124921640831
0.966790213248601 0.009643409150786
0.964888242944126 0.010174029433850
0.962935292404997 0.010716558431290
0.960931575794250 0.011270776361126
0.958877312841991 0.011836462943792
0.956772728821300 0.012413397619825
0.954618054523534 0.013001345197903
0.952413526233010 0.013600080581534
0.950159385701097 0.014209383961601
0.947855880119706 0.014829016977874
0.945503262094184 0.015458756764903
0.943101789615607 0.016098372122159
0.940651726032496 0.016747638122167
0.938153340021932 0.017406322134385
0.935606905560095 0.018074198296295
0.933012701892219 0.018751042992709
0.930371013501972 0.019436630415235
0.927682130080253 0.020130737534562
0.924946346493432 0.020833144294728
0.922163962751008 0.021543633875083
0.919335283972712 0.022261988333476
0.916460620355050 0.022987993411025
0.913540287137281 0.023721438736558
0.910574604566852 0.024462113696966
0.907563897864277 0.025209825724632
0.904508497187474 0.025964364403312
0.901408737595557 0.026725532266488
0.898264959012098 0.027493145251372
0.895077506187845 0.028267017923154
0.891846728662920 0.029046981517816
0.888572980728485 0.029832879625907
0.885256621387895 0.030624564421673
0.881898014317321 0.031421891981283
0.878497527825878 0.032224726089933
0.875055534815230 0.033032942541363
0.871572412738697 0.033846420906303
0.868048543559867 0.034665040800782
0.864484313710706 0.035488703120830
0.860880114049181 0.036317309017792
0.857236339816402 0.037150772789850
0.853553390593274 0.037989013786140
0.849831670256683 0.038831960455560
0.846071586935203 0.039679546162271
0.842273552964344 0.040531721453344
0.838437984841330 0.041388438159481
0.834565303179429 0.042249662981588
0.830655932661826 0.043115374269136
0.826710301995053 0.043985552422183
0.822728843861975 0.044860197142754
0.818711994874345 0.045739294587590
0.814660195524919 0.046622851025772
0.810573890139155 0.047510881426943
0.806453526826488 0.048403437276672
0.802299557431188 0.049300590762775
0.798112437482808 0.050202432101347
0.793892626146237 0.051108902327692
0.789640586171339 0.052019665036373
0.785356783842216 0.052934340506338
0.781041688926065 0.053852549123890
0.776695774621672 0.054773845153729
0.772319517507513 0.055697759578315
0.767913397489498 0.056623804843525
0.763477897748339 0.057551481255207
0.759013504686565 0.058480299995705
0.754520707875186 0.059409754568799
0.750000000000000 0.060339329587190
0.745451876807570 0.061268505225036
0.740876837050858 0.062196751338530
0.736275382434527 0.063123533824564
0.731648017559931 0.064048303565770
0.726995249869773 0.064970502285510
0.722317589592464 0.065889540534776
0.717615549686164 0.066804823791369
0.712889645782536 0.067715736215561
0.708140396130201 0.068621678632508
0.703368321537900 0.069522123852932
0.698573945317390 0.070416557713996
0.693757793226052 0.071304480299011
0.688920393409234 0.072185390546925
0.684062276342339 0.073059085917509
0.679183974772650 0.073925591491784
0.674286023660908 0.074784947318060
0.669368960122646 0.075637202460344
0.664433323369292 0.076482402906017
0.659479654649035 0.077320558388321
0.654508497187474 0.078151684495407
0.649520396128043 0.078975807302079
0.644515898472236 0.079792957295687
0.639495553019615 0.080603174210374
0.634459910307633 0.081406506237293
0.629409522551260 0.082203005674622
0.624344943582428 0.082992737394829
0.619266728789291 0.083775774572736
0.614175435055328 0.084552228730540
0.609071620698271 0.085322225172243
0.603955845408880 0.086085895822430
0.598828670189563 0.086843377835924
0.593690657292862 0.087594689303975
0.588542370159792 0.088339627748927
0.583384373358051 0.089077968974922
0.578217232520115 0.089809491149053
0.573041514281206 0.090533968588470
0.567857786217152 0.091251147900835
0.562666616782152 0.091960725480193
0.557468575246433 0.092662397135070
0.552264231633827 0.093355860726162
0.547054156659257 0.094040826076828
0.541838921666158 0.094716999733459
0.536619098563816 0.095384114590390
0.531395259764657 0.096041899667542
0.526167978121472 0.096690085070161
0.520937826864600 0.097328411201107
0.515705379539064 0.097956630359067
0.510471209941678 0.098574505437781
0.505235892058123 0.099181803414788
0.500000000000000 0.099778297239226
0.494764107941877 0.100363756269608
0.489528790058322 0.100937827791239
0.484294620460936 0.101500058019407
0.479062173135400 0.102050002889431
0.473832021878528 0.102587221092501
0.468604740235343 0.103111275554211
0.463380901436184 0.103621724720028
0.458161078333842 0.104118110444314
0.452945843340743 0.104599990982711
0.447735768366173 0.105066927475339
0.442531424753567 0.105518495617439
0.437333383217848 0.105954278870111
0.432142213782848 0.106373878669700
0.426958485718794 0.106776905126589
0.421782767479885 0.107162976711280
0.416615626641949 0.107531727022056
0.411457629840209 0.107882799380054
0.406309342707138 0.108215847368193
0.401171329810437 0.108530538819592
0.396044154591120 0.108826551071616
0.390928379301729 0.109103600158174
0.385824564944672 0.109361867094435
0.380733271210710 0.109601958078688
0.375655056417573 0.109824496895187
0.370590477448740 0.110030102636760
0.365540089692367 0.110219392089281
0.360504446980385 0.110392989707256
0.355484101527764 0.110551522356321
0.350479603871957 0.110695615358772
0.345491502812526 0.110825886865107
0.340520345350965 0.110942947652099
0.335566676630708 0.111047368260307
0.330631039877354 0.111139694854686
0.325713976339092 0.111220469346073
0.320816025227350 0.111290226483161
0.315937723657661 0.111349524042873
0.311079606590766 0.111399056641524
0.306242206773949 0.111439555307420
0.301426054682610 0.111471737961114
0.296631678462100 0.111496306916290
0.291859603869799 0.111513391494888
0.287110354217464 0.111521862000193
0.282384450313836 0.111520454944989
0.277682410407536 0.111507951261298
0.273004750130227 0.111483165080465
0.268351982440069 0.111444751805800
0.263724617565473 0.111391251317354
0.259123162949143 0.111321257828103
0.254548123192430 0.111233426312451
0.250000000000000 0.111126487268058
0.245479292124815 0.110999284919295
0.240986495313435 0.110850731821296
0.236522102251661 0.110679797752784
0.232086602510502 0.110485512996423
0.227680482492487 0.110266962540775
0.223304225378328 0.110023289824458
0.218958311073935 0.109753693480523
0.214643216157784 0.109457428255270
0.210359413828661 0.109133766891393
0.206107373853763 0.108781982754635
0.201887562517192 0.108401405668143
0.197700442568813 0.107991416195171
0.193546473173512 0.107551680121253
0.189426109860845 0.107082408050657
0.185339804475081 0.106583904488056
0.181288005125655 0.106056490468731
0.177271156138025 0.105500578800471
0.173289698004947 0.104916741530848
0.169344067338174 0.104305587318363
0.165434696820571 0.103667746350782
0.161562015158670 0.103003875635328
0.157726447035656 0.102314677237281
0.153928413064797 0.101600881486987
0.150168329743317 0.100863209699041
0.146446609406726 0.100102129341661
0.142763660183598 0.099317827641637
0.139119885950819 0.098510521075466
0.135515686289294 0.097680387558397
0.131951456440133 0.096827157208799
0.128427587261303 0.095950395190197
0.124944465184770 0.095049726365480
0.121502472174122 0.094124902683185
0.118101985682679 0.093175803834399
0.114743378612105 0.092202382774147
0.111427019271515 0.091204647807600
0.108153271337080 0.090182672973873
0.104922493812155 0.089136591434801
0.101735040987902 0.088066565272339
0.098591262404443 0.086972755182651
0.095491502812526 0.085855290271207
0.092436102135723 0.084714362041864
0.089425395433148 0.083549850682456
0.086459712862719 0.082361205774914
0.083539379644950 0.081147924993466
0.080664716027288 0.079909500040302
0.077836037248993 0.078645364464214
0.075053653506568 0.077355026733561
0.072317869919747 0.076038616464345
0.069628986498028 0.074696980469252
0.066987298107781 0.073331186293444
0.064393094439905 0.071944130538591
0.061846659978068 0.070540170804736
0.059348273967504 0.069123458478189
0.056898210384393 0.067697573965038
0.054496737905816 0.066265840742029
0.052144119880294 0.064831855776188
0.049840614298903 0.063399704049011
0.047586473766990 0.061972987024793
0.045381945476466 0.060552509139874
0.043227271178700 0.059137847675234
0.041122687158010 0.057727143656854
0.039068424205750 0.056316419565652
0.037064707595003 0.054902089210807
0.035111757055874 0.053481492936295
0.033209786751399 0.052052359425797
0.031359005254054 0.050612521597941
0.029559615522887 0.049159933542801
0.027811814881260 0.047692857277831
0.026115794995207 0.046209725123248
0.024471741852423 0.044709170114491
0.022879835741862 0.043189963679225
0.021340251233966 0.041651271499340
0.019853157161529 0.040092816240979
0.018418716601171 0.038514129906269
0.017037086855466 0.036914492626260
0.015708419435685 0.035292674664463
0.014432860045182 0.033646728114949
0.013210548563420 0.031974396581009
0.012041619030626 0.030271909059636
0.010926199633097 0.028533391953964
0.009864412689139 0.026760196464528
0.008856374635656 0.024964568058046
0.007902196015379 0.023169715790836
0.007001981464748 0.021400738039698
0.006155829702431 0.019684900611581
0.005363833518506 0.018040136103627
0.004626079764278 0.016466523669466
0.003942649342761 0.014952851204670
0.003313617199802 0.013492287972921
0.002739052315863 0.012079610244757
0.002219017698460 0.010710796158745
0.001753570375248 0.009382759625158
0.001342761387771 0.008092903507332
0.000986635785864 0.006839218739974
0.000685232622713 0.005620158593163
0.000438584950571 0.004434098087018
0.000246719817134 0.003280011452406
0.000109658262577 0.002156966935028
0.000027415317244 0.001063751010625
0.000000000000000 0.000000000000000
0.000027415317244 -0.001035110435672
0.000109658262577 -0.002042242004356
0.000246719817134 -0.003021676563320
0.000438584950571 -0.003974014217476
0.000685232622713 -0.004900368474855
0.000986635785864 -0.005808355988695
0.001342761387771 -0.006706207581468
0.001753570375248 -0.007597503335648
0.002219017698460 -0.008483958822605
0.002739052315863 -0.009366476932119
0.003313617199802 -0.010245315819610
0.003942649342761 -0.011120490581378
0.004626079764278 -0.011991878449531
0.005363833518506 -0.012859033038083
0.006155829702431 -0.013721548661483
0.007001981464748 -0.014578779691016
0.007902196015379 -0.015430003498483
0.008856374635656 -0.016274418698170
0.009864412689139 -0.017110940379867
0.010926199633097 -0.017938500511515
0.012041619030626 -0.018755689125166
0.013210548563420 -0.019560892615006
0.014432860045182 -0.020352079482970
0.015708419435684 -0.021127115114087
0.017037086855466 -0.021883878762595
0.018418716601171 -0.022621037053633
0.019853157161528 -0.023338024756413
0.021340251233966 -0.024035085409339
0.022879835741862 -0.024713226633627
0.024471741852423 -0.025374706842732
0.026115794995207 -0.026022384496659
0.027811814881259 -0.026659183672908
0.029559615522887 -0.027287152617313
0.031359005254054 -0.027905034005004
0.033209786751399 -0.028511235510035
0.035111757055874 -0.029104601796627
0.037064707595003 -0.029684113525651
0.039068424205750 -0.030248619029703
0.041122687158009 -0.030797040337269
0.043227271178699 -0.031328350700142
0.045381945476466 -0.031841580690699
0.047586473766990 -0.032335699264341
0.049840614298903 -0.032809669676824
0.052144119880293 -0.033262742413610
0.054496737905816 -0.033694416198290
0.056898210384393 -0.034104842909406
0.059348273967504 -0.034495258265246
0.061846659978068 -0.034867235390895
0.064393094439905 -0.035222494084365
0.066987298107781 -0.035563039640129
0.069628986498028 -0.035891423830014
0.072317869919747 -0.036210765498510
0.075053653506568 -0.036524293555431
0.077836037248992 -0.036834695447112
0.080664716027288 -0.037144667362178
0.083539379644950 -0.037454710227707
0.086459712862719 -0.037763061318325
0.089425395433148 -0.038067806436125
0.092436102135723 -0.038367289088314
0.095491502812526 -0.038659891147513
0.098591262404443 -0.038943900852924
0.101735040987902 -0.039217541415521
0.104922493812155 -0.039478962675801
0.108153271337080 -0.039727094184154
0.111427019271514 -0.039961996586930
0.114743378612105 -0.040183864843323
0.118101985682679 -0.040392875177368
0.121502472174122 -0.040589179047908
0.124944465184770 -0.040772980199063
0.128427587261303 -0.040944543144846
0.131951456440133 -0.041104197842380
0.135515686289294 -0.041252331740176
0.139119885950819 -0.041389435561614
0.142763660183598 -0.041516116474779
0.146446609406726 -0.041633051568924
0.150168329743317 -0.041740838875422
0.153928413064796 -0.041839820044246
0.157726447035656 -0.041930336979064
0.161562015158669 -0.042012686899740
0.165434696820571 -0.042086734272877
0.169344067338174 -0.042152196355518
0.173289698004947 -0.042208792449576
0.177271156138025 -0.042256309421767
0.181288005125655 -0.042294608373026
0.185339804475081 -0.042323563120689
0.189426109860845 -0.042343048491865
0.193546473173511 -0.042352911445833
0.197700442568812 -0.042352994257099
0.201887562517192 -0.042343146182446
0.206107373853763 -0.042323298850856
0.210359413828660 -0.042293539141313
0.214643216157784 -0.042253987561343
0.218958311073935 -0.042204782414673
0.223304225378328 -0.042146090038505
0.227680482492486 -0.042078107666379
0.232086602510501 -0.042001050649026
0.236522102251661 -0.041915154458407
0.240986495313435 -0.041820671516634
0.245479292124814 -0.041717873083045
0.250000000000000 -0.041607049204123
0.254548123192429 -0.041488507734390
0.259123162949142 -0.041362563124897
0.263724617565473 -0.041229539743635
0.268351982440069 -0.041089775960953
0.273004750130227 -0.040943629095473
0.277682410407536 -0.040791505008843
0.282384450313836 -0.040633874487078
0.287110354217464 -0.040471229993901
0.291859603869799 -0.040304082884812
0.296631678462100 -0.040132881986468
0.301426054682609 -0.039957839872884
0.306242206773948 -0.039779125731181
0.311079606590766 -0.039596915063014
0.315937723657661 -0.039411367718439
0.320816025227350 -0.039222390588373
0.325713976339092 -0.039029738358336
0.330631039877354 -0.038833157610815
0.335566676630708 -0.038632390621782
0.340520345350965 -0.038427202036794
0.345491502812526 -0.038217410744744
0.350479603871956 -0.038002840664511
0.355484101527764 -0.037783315646490
0.360504446980385 -0.037558655118103
0.365540089692367 -0.037328660796780
0.370590477448739 -0.037093114666160
0.375655056417572 -0.036851801911650
0.380733271210709 -0.036604502920184
0.385824564944672 -0.036351004457688
0.390928379301728 -0.036091124904484
0.396044154591120 -0.035824693266184
0.401171329810437 -0.035551538351646
0.406309342707137 -0.035271488442599
0.411457629840208 -0.034984473054938
0.416615626641949 -0.034690642695217
0.421782767479884 -0.034390181082993
0.426958485718794 -0.034083278253984
0.432142213782848 -0.033770127050339
0.437333383217848 -0.033450913434295
0.442531424753567 -0.033125815442201
0.447735768366173 -0.032795013625602
0.452945843340743 -0.032458692819377
0.458161078333842 -0.032117037656998
0.463380901436184 -0.031770241432381
0.468604740235343 -0.031418494256203
0.473832021878528 -0.031061993090817
0.479062173135400 -0.030700936216550
0.484294620460935 -0.030335525998565
0.489528790058321 -0.029965987045632
0.494764107941877 -0.029592553807212
0.500000000000000 -0.029215464770143
0.505235892058122 -0.028834958875857
0.510471209941678 -0.028451299150454
0.515705379539064 -0.028064877471291
0.520937826864600 -0.027676132387380
0.526167978121472 -0.027285503829712
0.531395259764656 -0.026893434687612
0.536619098563816 -0.026500359149878
0.541838921666157 -0.026106694865293
0.547054156659257 -0.025712848322614
0.552264231633827 -0.025319231491459
0.557468575246433 -0.024926246981049
0.562666616782152 -0.024534311916590
0.567857786217152 -0.024143857938358
0.573041514281206 -0.023755319162038
0.578217232520115 -0.023369121758843
0.583384373358051 -0.022985691656334
0.588542370159791 -0.022605392152406
0.593690657292862 -0.022228524221275
0.598828670189563 -0.021855377151113
0.603955845408879 -0.021486237608606
0.609071620698271 -0.021121344442458
0.614175435055328 -0.020760536633001
0.619266728789290 -0.020403431543139
0.624344943582427 -0.020049648374977
0.629409522551260 -0.019698809636681
0.634459910307633 -0.019350559510109
0.639495553019614 -0.019004586883217
0.644515898472235 -0.018660594378353
0.649520396128043 -0.018318290658993
0.654508497187474 -0.017977389535528
0.659479654649035 -0.017637617423616
0.664433323369291 -0.017298708040010
0.669368960122646 -0.016960401721383
0.674286023660907 -0.016622449617329
0.679183974772650 -0.016284581866492
0.684062276342339 -0.015946474359842
0.688920393409233 -0.015607799753068
0.693757793226051 -0.015268239746777
0.698573945317390 -0.014927543009014
0.703368321537900 -0.014585882697086
0.708140396130200 -0.014243626006868
0.712889645782536 -0.013901136653157
0.717615549686163 -0.013558774674104
0.722317589592464 -0.013217039377166
0.726995249869773 -0.012876534025403
0.731648017559930 -0.012537845194683
0.736275382434527 -0.012201544756215
0.740876837050857 -0.011868150303272
0.745451876807570 -0.011538132805627
0.750000000000000 -0.011211941753456
0.754520707875185 -0.010890014771438
0.759013504686565 -0.010572778711722
0.763477897748338 -0.010260652565100
0.767913397489498 -0.009954038681506
0.772319517507513 -0.009653319053357
0.776695774621672 -0.009358856311858
0.781041688926065 -0.009070989601328
0.785356783842216 -0.008790042862049
0.789640586171339 -0.008516321773206
0.793892626146236 -0.008250114210059
0.798112437482808 -0.007991691497611
0.802299557431187 -0.007741297848092
0.806453526826488 -0.007498962728461
0.810573890139155 -0.007264479226204
0.814660195524918 -0.007037635442174
0.818711994874345 -0.006818218743066
0.822728843861975 -0.006606020000571
0.826710301995052 -0.006400832578327
0.830655932661826 -0.006202453598565
0.834565303179429 -0.006010685387148
0.838437984841330 -0.005825333320395
0.842273552964344 -0.005646206808923
0.846071586935203 -0.005473116727090
0.849831670256683 -0.005305882522022
0.853553390593274 -0.005144322126064
0.857236339816401 -0.004988260664288
0.860880114049181 -0.004837527078336
0.864484313710706 -0.004691952871664
0.868048543559867 -0.004551373667179
0.871572412738697 -0.004415629855678
0.875055534815230 -0.004284565529024
0.878497527825878 -0.004158027571859
0.881898014317321 -0.004035870116121
0.885256621387894 -0.003917948189852
0.888572980728485 -0.003804119079789
0.891846728662920 -0.003694243178883
0.895077506187845 -0.003588189887907
0.898264959012098 -0.003485840576453
0.901408737595557 -0.003387071976324
0.904508497187474 -0.003291649989356
0.907563897864277 -0.003199280169475
0.910574604566852 -0.003109679804427
0.913540287137281 -0.003022572227451
0.916460620355049 -0.002937700546541
0.919335283972712 -0.002854830446230
0.922163962751007 -0.002773748119247
0.924946346493432 -0.002694259179700
0.927682130080253 -0.002616184568242
0.930371013501972 -0.002539363894433
0.933012701892219 -0.002463653115651
0.935606905560095 -0.002388925456818
0.938153340021932 -0.002315069084506
0.940651726032496 -0.002241988274434
0.943101789615607 -0.002169600464266
0.945503262094184 -0.002097839010266
0.947855880119706 -0.002026648270001
0.950159385701097 -0.001955987923656
0.952413526233010 -0.001885827907067
0.954618054523534 -0.001816150292555
0.956772728821300 -0.001746948341709
0.958877312841991 -0.001678224981097
0.960931575794250 -0.001609994137223
0.962935292404997 -0.001542277319688
0.964888242944126 -0.001475105112868
0.966790213248601 -0.001408515989211
0.968640994745946 -0.001342555894423
0.970440384477113 -0.001277276258263
0.972188185118740 -0.001212736659288
0.973884205004793 -0.001149000319437
0.975528258147577 -0.001086135983870
0.977120164258138 -0.001024215729726
0.978659748766034 -0.000963316911158
0.980146842838471 -0.000903519504706
0.981581283398829 -0.000844905086201
0.982962913144534 -0.000787559275290
0.984291580564316 -0.000731566650896
0.985567139954818 -0.000677014772677
0.986789451436580 -0.000623990512285
0.987958380969374 -0.000572583154051
0.989073800366903 -0.000522877939230
0.990135587310861 -0.000474962003294
0.991143625364344 -0.000428920767826
0.992097803984621 -0.000384836791075
0.992998018535252 -0.000342790165601
0.993844170297569 -0.000302861343770
0.994636166481494 -0.000265125600847
0.995373920235722 -0.000229654030047
0.996057350657239 -0.000196517430194
0.996686382800198 -0.000165779375795
0.997260947684137 -0.000137501803821
0.997780982301540 -0.000111739642732
0.998246429624752 -0.000088546669045
0.998657238612229 -0.000067968653386
0.999013364214136 -0.000050048366986
0.999314767377287 -0.000034821969994
0.999561415049429 -0.000022320413071
0.999753280182866 -0.000012570966528
0.999890341737423 -0.000005591837165
0.999972584682756 -0.000001398645570
1.000000000000000 0.000000000000000
