1.000000000000000 0.000000000000000
0.999972584682756 0.000004952248174
0.999890341737423 0.000019811294219
0.999753280182866 0.000044564590532
0.999561415049429 0.000079213939680
0.999314767377287 0.000123743093371
0.999013364214136 0.000178140483648
0.998657238612229 0.000242389540684
0.998246429624752 0.000316471987216
0.997780982301540 0.000400364664332
0.997260947684137 0.000494039610193
0.996686382800198 0.000597477074331
0.996057350657239 0.000710639743136
0.995373920235722 0.000833498704407
0.994636166481494 0.000966020622875
0.993844170297569 0.001108167866330
0.992998018535252 0.001259901860457
0.992097803984621 0.001421180004775
0.991143625364344 0.001591959039570
0.990135587310861 0.001772201612247
0.989073800366903 0.001961853957456
0.987958380969374 0.002160874965463
0.986789451436580 0.002369217089773
0.985567139954818 0.002586826557455
0.984291580564316 0.002813659548866
0.982962913144534 0.003049663202956
0.981581283398829 0.003294788606911
0.980146842838472 0.003548984617611
0.978659748766034 0.003812204443015
0.977120164258138 0.004084393140897
0.975528258147577 0.004365506914187
0.973884205004793 0.004655497445521
0.972188185118741 0.004954315323890
0.970440384477113 0.005261916613570
0.968640994745946 0.005578259916081
0.966790213248601 0.005903297147993
0.964888242944126 0.006236995885750
0.962935292404997 0.006579311218743
0.960931575794250 0.006930214376174
0.958877312841991 0.007289670922744
0.956772728821300 0.007657653610861
0.954618054523534 0.008034136344473
0.952413526233010 0.008419097580659
0.950159385701097 0.008812520583619
0.947855880119706 0.009214390546273
0.945503262094184 0.009624701117664
0.943101789615607 0.010043445254567
0.940651726032496 0.010470628012893
0.938153340021932 0.010906257400635
0.935606905560095 0.011350338361172
0.933012701892219 0.011802894955344
0.930371013501972 0.012263948676416
0.927682130080253 0.012733531238372
0.924946346493432 0.013211681677179
0.922163962751008 0.013698440263040
0.919335283972712 0.014193861329610
0.916460620355050 0.014698001051781
0.913540287137281 0.015210927089051
0.910574604566852 0.015732715294742
0.907563897864277 0.016263443375813
0.904508497187474 0.016803207770970
0.901408737595557 0.017352103349038
0.898264959012098 0.017910241142373
0.895077506187845 0.018477736409401
0.891846728662920 0.019054705008564
0.888572980728485 0.019641280921384
0.885256621387895 0.020237633098496
0.881898014317321 0.020843949275008
0.878497527825878 0.021460297604557
0.875055534815230 0.022086542269277
0.871572412738697 0.022722493459239
0.868048543559867 0.023367922490414
0.864484313710706 0.024022529184100
0.860880114049181 0.024686003781371
0.857236339816402 0.025358025788753
0.853553390593274 0.026038255666165
0.849831670256683 0.026726337747505
0.846071586935203 0.027421890196062
0.842273552964344 0.028124513164366
0.838437984841330 0.028833777258009
0.834565303179429 0.029549238574492
0.830655932661826 0.030270437909243
0.826710301995053 0.030996882915182
0.822728843861975 0.031728064107354
0.818711994874345 0.032463451594520
0.814660195524919 0.033202482249894
0.810573890139155 0.033944587709603
0.806453526826488 0.034689197152697
0.802299557431188 0.035435717050546
0.798112437482808 0.036183530627356
0.793892626146237 0.036931935289646
0.789640586171339 0.037680177980884
0.785356783842216 0.038427475604751
0.781041688926065 0.039173228965354
0.776695774621672 0.039917221038952
0.772319517507513 0.040659285036547
0.767913397489498 0.041399265032037
0.763477897748339 0.042137137985607
0.759013504686565 0.042873010122341
0.754520707875186 0.043606999279272
0.750000000000000 0.044339242394057
0.745451876807570 0.045069845855337
0.740876837050858 0.045798912661638
0.736275382434527 0.046526562662806
0.731648017559931 0.047252915226389
0.726995249869773 0.047978109527804
0.722317589592464 0.048702282984608
0.717615549686164 0.049425589381568
0.712889645782536 0.050148199279492
0.708140396130201 0.050870332364951
0.703368321537900 0.051592241602295
0.698573945317390 0.052314203392068
0.693757793226052 0.053036493145037
0.688920393409234 0.053759256302387
0.684062276342339 0.054482488050464
0.679183974772650 0.055206170092072
0.674286023660908 0.055930287280763
0.669368960122646 0.056654694667840
0.664433323369292 0.057378825281933
0.659479654649035 0.058102042175562
0.654508497187474 0.058823688371391
0.649520396128043 0.059543105697004
0.644515898472236 0.060259692080172
0.639495553019615 0.060972872472307
0.634459910307633 0.061682072330378
0.629409522551260 0.062386709703468
0.624344943582428 0.063086189319707
0.619266728789291 0.063779898077763
0.614175435055328 0.064467210876826
0.609071620698271 0.065147502025619
0.603955845408880 0.065820143446124
0.598828670189563 0.066484506707416
0.593690657292862 0.067139973416006
0.588542370159792 0.067785917661861
0.583384373358051 0.068421716021437
0.578217232520115 0.069046748649342
0.573041514281206 0.069660402331587
0.567857786217152 0.070262073753956
0.562666616782152 0.070851162991303
0.557468575246433 0.071427068142388
0.552264231633827 0.071989196761788
0.547054156659257 0.072536962398422
0.541838921666158 0.073069789047644
0.536619098563816 0.073587101210313
0.531395259764657 0.074088331471532
0.526167978121472 0.074572907749229
0.520937826864600 0.075040232506127
0.515705379539064 0.075489715184259
0.510471209941678 0.075920765860278
0.505235892058123 0.076332803604878
0.500000000000000 0.076725303653783
0.494764107941877 0.077097856597720
0.489528790058322 0.077450073373081
0.484294620460936 0.077781576310525
0.479062173135400 0.078091999021143
0.473832021878528 0.078381355982911
0.468604740235343 0.078650343506944
0.463380901436184 0.078899730887814
0.458161078333842 0.079130292140650
0.452945843340743 0.079342802611115
0.447735768366173 0.079537991205392
0.442531424753567 0.079716520427180
0.437333383217848 0.079879049486984
0.432142213782848 0.080026238841796
0.426958485718794 0.080158751314802
0.421782767479885 0.080277295023049
0.416615626641949 0.080382626631657
0.411457629840209 0.080475502833233
0.406309342707138 0.080556676990002
0.401171329810437 0.080626888294958
0.396044154591120 0.080686708107488
0.390928379301729 0.080736587507673
0.385824564944672 0.080776972922270
0.380733271210710 0.080808309877740
0.375655056417573 0.080830953797183
0.370590477448740 0.080844660942473
0.365540089692367 0.080848946615167
0.360504446980385 0.080843338249015
0.355484101527764 0.080827377003954
0.350479603871957 0.080800647219873
0.345491502812526 0.080762833294640
0.340520345350965 0.080713647993211
0.335566676630708 0.080652816682642
0.330631039877354 0.080580076881693
0.325713976339092 0.080495164131440
0.320816025227350 0.080397809860718
0.315937723657661 0.080287758369963
0.311079606590766 0.080164769961400
0.306242206773949 0.080028619736703
0.301426054682610 0.079879106024199
0.296631678462100 0.079716044447539
0.291859603869799 0.079539266147555
0.287110354217464 0.079348615848101
0.282384450313836 0.079143955808177
0.277682410407536 0.078925162325566
0.273004750130227 0.078692125224638
0.268351982440069 0.078444753277201
0.263724617565473 0.078182967905578
0.259123162949143 0.077906706347135
0.254548123192430 0.077615921594507
0.250000000000000 0.077310580386005
0.245479292124815 0.076990666360211
0.240986495313435 0.076656180174578
0.236522102251661 0.076307133771635
0.232086602510502 0.075943560043652
0.227680482492487 0.075565503026064
0.223304225378328 0.075173024735096
0.218958311073935 0.074766199208491
0.214643216157784 0.074345118059394
0.210359413828661 0.073909888705296
0.206107373853763 0.073460640951944
0.201887562517192 0.072997517951158
0.197700442568813 0.072520677307981
0.193546473173512 0.072030290446335
0.189426109860845 0.071526522330274
0.185339804475081 0.071009551520850
0.181288005125655 0.070479573533477
0.177271156138025 0.069936790780007
0.173289698004947 0.069381410170077
0.169344067338174 0.068813659005283
0.165434696820571 0.068233771929560
0.161562015158670 0.067641999090912
0.157726447035656 0.067038606864487
0.153928413064797 0.066423873207267
0.150168329743317 0.065798121251446
0.146446609406726 0.065161718052895
0.142763660183598 0.064515049311802
0.139119885950819 0.063858296129586
0.135515686289294 0.063190867846549
0.131951456440133 0.062512084438060
0.128427587261303 0.061821313451015
0.124944465184770 0.061117958814151
0.121502472174122 0.060401456613988
0.118101985682679 0.059671338058049
0.114743378612105 0.058927229239750
0.111427019271515 0.058168840009446
0.108153271337080 0.057395946124802
0.104922493812155 0.056608331165757
0.101735040987902 0.055805812733158
0.098591262404443 0.054988328042334
0.095491502812526 0.054156118757070
0.092436102135723 0.053309574178844
0.089425395433148 0.052449804206471
0.086459712862719 0.051579923886381
0.083539379644950 0.050703243247248
0.080664716027288 0.049822738715907
0.077836037248993 0.048941008276267
0.075053653506568 0.048060550453575
0.072317869919747 0.047184126532221
0.069628986498028 0.046314364583598
0.066987298107781 0.045450958802703
0.064393094439905 0.044589848884611
0.061846659978068 0.043727009271239
0.059348273967504 0.042858314809971
0.056898210384393 0.041979956921019
0.054496737905816 0.041088793612926
0.052144119880294 0.040182231787868
0.049840614298903 0.039257764706475
0.047586473766990 0.038312791310292
0.045381945476466 0.037346124080689
0.043227271178700 0.036359601880760
0.041122687158010 0.035355948540407
0.039068424205750 0.034339524246611
0.037064707595003 0.033314728653655
0.035111757055874 0.032285236628695
0.033209786751399 0.031254417537051
0.031359005254054 0.030225539818800
0.029559615522887 0.029201713853120
0.027811814881260 0.028185802704304
0.026115794995207 0.027180483100570
0.024471741852423 0.026188346473470
0.022879835741862 0.025211690052844
0.021340251233966 0.024251994117502
0.019853157161529 0.023305085748687
0.018418716601171 0.022364853019638
0.017037086855466 0.021426917733683
0.015708419435685 0.020488441195136
0.014432860045182 0.019548117153656
0.013210548563420 0.018606090316620
0.012041619030626 0.017663715126987
0.010926199633097 0.016723730820925
0.009864412689139 0.015788615895556
0.008856374635656 0.014860329311204
0.007902196015379 0.013939868987453
0.007001981464748 0.013027997541121
0.006155829702431 0.012125468706363
0.005363833518506 0.011232851811080
0.004626079764278 0.010350747593384
0.003942649342761 0.009479584328663
0.003313617199802 0.008619762232081
0.002739052315863 0.007771712161254
0.002219017698460 0.006935751593547
0.001753570375248 0.006112179331266
0.001342761387771 0.005301282891978
0.000986635785864 0.004503361980502
0.000685232622713 0.003718612000817
0.000438584950571 0.002947273105966
0.000246719817134 0.002189528484987
0.000109658262577 0.001445707818999
0.000027415317244 0.000715668700104
0.000000000000000 0.000000000000000
0.000027415317244 -0.000701269646233
0.000109658262577 -0.001390926666841
0.000246719817134 -0.002079449829924
0.000438584950571 -0.002770711984622
0.000685232622713 -0.003465355372138
0.000986635785864 -0.004163588166160
0.001342761387771 -0.004865421081495
0.001753570375248 -0.005570841570493
0.002219017698460 -0.006279710554846
0.002739052315863 -0.006992022648235
0.003313617199802 -0.007707651235355
0.003942649342761 -0.008426494767137
0.004626079764278 -0.009148470885959
0.005363833518506 -0.009873479865651
0.006155829702431 -0.010601390030748
0.007001981464748 -0.011332115295312
0.007902196015379 -0.012065537739964
0.008856374635656 -0.012801537797844
0.009864412689139 -0.013540067520436
0.010926199633097 -0.014280915628470
0.012041619030626 -0.015024084707948
0.013210548563420 -0.015769839991874
0.014432860045182 -0.016517305063949
0.015708419435684 -0.017264088229511
0.017037086855466 -0.018006791553182
0.018418716601171 -0.018741769619369
0.019853157161528 -0.019466338750125
0.021340251233966 -0.020178515679351
0.022879835741862 -0.020877077872938
0.024471741852423 -0.021562092661283
0.026115794995207 -0.022234554239018
0.027811814881259 -0.022895804916442
0.029559615522887 -0.023547052334933
0.031359005254054 -0.024188638201024
0.033209786751399 -0.024821026549243
0.035111757055874 -0.025445044222543
0.037064707595003 -0.026061694465176
0.039068424205750 -0.026672131057048
0.041122687158009 -0.027277731250316
0.043227271178699 -0.027880114683428
0.045381945476466 -0.028481173724113
0.047586473766990 -0.029083123396888
0.049840614298903 -0.029688435504028
0.052144119880293 -0.030299819103769
0.054496737905816 -0.030918472088214
0.056898210384393 -0.031541788511370
0.059348273967504 -0.032166404461922
0.061846659978068 -0.032788695466248
0.064393094439905 -0.033404767128869
0.066987298107781 -0.034010525361753
0.069628986498028 -0.034601630633967
0.072317869919747 -0.035173069498337
0.075053653506568 -0.035719087206700
0.077836037248992 -0.036235068366661
0.080664716027288 -0.036720862031934
0.083539379644950 -0.037177389717095
0.086459712862719 -0.037606682939956
0.089425395433148 -0.038011733891519
0.092436102135723 -0.038395896044805
0.095491502812526 -0.038762912161167
0.098591262404443 -0.039116888097641
0.101735040987902 -0.039461148007938
0.104922493812155 -0.039797653652458
0.108153271337080 -0.040128350568765
0.111427019271514 -0.040454068201536
0.114743378612105 -0.040774733727471
0.118101985682679 -0.041090318135855
0.121502472174122 -0.041401167571869
0.124944465184770 -0.041707852941337
0.128427587261303 -0.042010995617732
0.131951456440133 -0.042311157066401
0.135515686289294 -0.042608889694989
0.139119885950819 -0.042904828755366
0.142763660183598 -0.043199829118427
0.146446609406726 -0.043494908672095
0.150168329743317 -0.043791096933050
0.153928413064796 -0.044088492508041
0.157726447035656 -0.044386404442055
0.161562015158669 -0.044684076108084
0.165434696820571 -0.044980564593837
0.169344067338174 -0.045274621105106
0.173289698004947 -0.045564910146184
0.177271156138025 -0.045850040495393
0.181288005125655 -0.046128573423494
0.185339804475081 -0.046399013471764
0.189426109860845 -0.046659810625332
0.193546473173511 -0.046909490164606
0.197700442568812 -0.047146702636198
0.201887562517192 -0.047370069923408
0.206107373853763 -0.047578288399944
0.210359413828660 -0.047771047924306
0.214643216157784 -0.047948568616694
0.218958311073935 -0.048111103989635
0.223304225378328 -0.048258907769673
0.227680482492486 -0.048392133679073
0.232086602510501 -0.048510926622389
0.236522102251661 -0.048615454014801
0.240986495313435 -0.048705918750323
0.245479292124814 -0.048782585134520
0.250000000000000 -0.048845747916234
0.254548123192429 -0.048895727372311
0.259123162949142 -0.048932861839678
0.263724617565473 -0.048957491473457
0.268351982440069 -0.048969975450244
0.273004750130227 -0.048970696437487
0.277682410407536 -0.048960070095206
0.282384450313836 -0.048938584559525
0.287110354217464 -0.048906767499172
0.291859603869799 -0.048865171135346
0.296631678462100 -0.048814344264471
0.301426054682609 -0.048754541073942
0.306242206773948 -0.048685827413211
0.311079606590766 -0.048608274089773
0.315937723657661 -0.048521958262254
0.320816025227350 -0.048426916508699
0.325713976339092 -0.048323105253220
0.330631039877354 -0.048210477632906
0.335566676630708 -0.048088990552545
0.340520345350965 -0.047958609414931
0.345491502812526 -0.047819326651160
0.350479603871956 -0.047671150527993
0.355484101527764 -0.047514093259171
0.360504446980385 -0.047348173685552
0.365540089692367 -0.047173410623924
0.370590477448739 -0.046989823279316
0.375655056417572 -0.046797432141256
0.380733271210709 -0.046596266435073
0.385824564944672 -0.046386355990253
0.390928379301728 -0.046167742365591
0.396044154591120 -0.045940472314121
0.401171329810437 -0.045704598622183
0.406309342707137 -0.045460176830366
0.411457629840208 -0.045207269909119
0.416615626641949 -0.044945941797090
0.421782767479884 -0.044676261941515
0.426958485718794 -0.044398305586891
0.432142213782848 -0.044112149068485
0.437333383217848 -0.043817877835951
0.442531424753567 -0.043515589248219
0.447735768366173 -0.043205386042704
0.452945843340743 -0.042887374621150
0.458161078333842 -0.042561666881520
0.463380901436184 -0.042228361873393
0.468604740235343 -0.041887532123764
0.473832021878528 -0.041539250897719
0.479062173135400 -0.041183594539285
0.484294620460935 -0.040820646165319
0.489528790058321 -0.040450593056188
0.494764107941877 -0.040073755901917
0.500000000000000 -0.039690469419509
0.505235892058122 -0.039301072416054
0.510471209941678 -0.038905908667727
0.515705379539064 -0.038505431894141
0.520937826864600 -0.038100187641161
0.526167978121472 -0.037690724583978
0.531395259764656 -0.037277594317501
0.536619098563816 -0.036861344636964
0.541838921666157 -0.036442482424196
0.547054156659257 -0.036021495449339
0.552264231633827 -0.035598867811658
0.557468575246433 -0.035175084141181
0.562666616782152 -0.034750635517636
0.567857786217152 -0.034326070515850
0.573041514281206 -0.033901948457312
0.578217232520115 -0.033478829615383
0.583384373358051 -0.033057265867800
0.588542370159791 -0.032637693045709
0.593690657292862 -0.032220259152742
0.598828670189563 -0.031805062387873
0.603955845408879 -0.031392200813480
0.609071620698271 -0.030981768855611
0.614175435055328 -0.030573757542211
0.619266728789290 -0.030168044333461
0.624344943582427 -0.029764503601224
0.629409522551260 -0.029363009407333
0.634459910307633 -0.028963444745431
0.639495553019614 -0.028565732348898
0.644515898472235 -0.028169807755987
0.649520396128043 -0.027775611267959
0.654508497187474 -0.027383086035326
0.659479654649035 -0.026992162370668
0.664433323369291 -0.026602761480761
0.669368960122646 -0.026214800522317
0.674286023660907 -0.025828205533774
0.679183974772650 -0.025442903650883
0.684062276342339 -0.025058869661693
0.688920393409233 -0.024676089272060
0.693757793226051 -0.024294548459489
0.698573945317390 -0.023914242226371
0.703368321537900 -0.023535214691812
0.708140396130200 -0.023157558549536
0.712889645782536 -0.022781365755663
0.717615549686163 -0.022406725918651
0.722317589592464 -0.022033721024350
0.726995249869773 -0.021662421047314
0.731648017559930 -0.021292894948294
0.736275382434527 -0.020925211526624
0.740876837050857 -0.020559439743568
0.745451876807570 -0.020195648842021
0.750000000000000 -0.019833908257992
0.754520707875185 -0.019474288457113
0.759013504686565 -0.019116853363960
0.763477897748338 -0.018761669756826
0.767913397489498 -0.018408801999197
0.772319517507513 -0.018058310086398
0.776695774621672 -0.017710255500430
0.781041688926065 -0.017364699994109
0.785356783842216 -0.017021701311685
0.789640586171339 -0.016681315018527
0.793892626146236 -0.016343576766254
0.798112437482808 -0.016008510793275
0.802299557431187 -0.015676147224275
0.806453526826488 -0.015346510472107
0.810573890139155 -0.015019631002255
0.814660195524918 -0.014695532187444
0.818711994874345 -0.014374244313814
0.822728843861975 -0.014055791961560
0.826710301995052 -0.013740204834082
0.830655932661826 -0.013427507540323
0.834565303179429 -0.013117729918961
0.838437984841330 -0.012810897237029
0.842273552964344 -0.012507036968805
0.846071586935203 -0.012206177229935
0.849831670256683 -0.011908343967619
0.853553390593274 -0.011613564237714
0.857236339816401 -0.011321864881751
0.860880114049181 -0.011033275444152
0.864484313710706 -0.010747820158597
0.868048543559867 -0.010465526518532
0.871572412738697 -0.010186421371868
0.875055534815230 -0.009910532417298
0.878497527825878 -0.009637887066813
0.881898014317321 -0.009368509264766
0.885256621387894 -0.009102426099581
0.888572980728485 -0.008839669649992
0.891846728662920 -0.008580265231693
0.895077506187845 -0.008324245814717
0.898264959012098 -0.008071639408629
0.901408737595557 -0.007822473786372
0.904508497187474 -0.007576776777864
0.907563897864277 -0.007334580200121
0.910574604566852 -0.007095907358363
0.913540287137281 -0.006860788255430
0.916460620355049 -0.006629249103978
0.919335283972712 -0.006401314886320
0.922163962751007 -0.006177011514736
0.924946346493432 -0.005956366132727
0.927682130080253 -0.005739403102512
0.930371013501972 -0.005526147707646
0.933012701892219 -0.005316621250332
0.935606905560095 -0.005110851217706
0.938153340021932 -0.004908858557474
0.940651726032496 -0.004710667707264
0.943101789615607 -0.004516299877832
0.945503262094184 -0.004325777626346
0.947855880119706 -0.004139121242414
0.950159385701097 -0.003956353986304
0.952413526233010 -0.003777496683279
0.954618054523534 -0.003602567348558
0.956772728821300 -0.003431586271607
0.958877312841991 -0.003264573352406
0.960931575794250 -0.003101547786101
0.962935292404997 -0.002942527992295
0.964888242944126 -0.002787531748961
0.966790213248601 -0.002636575162004
0.968640994745946 -0.002489677220477
0.970440384477113 -0.002346853645189
0.972188185118740 -0.002208120723886
0.973884205004793 -0.002073494054222
0.975528258147577 -0.001942987007091
0.977120164258138 -0.001816618489042
0.978659748766034 -0.001694398311290
0.980146842838471 -0.001576342618789
0.981581283398829 -0.001462464664480
0.982962913144534 -0.001352776470247
0.984291580564316 -0.001247290662041
0.985567139954818 -0.001146019938193
0.986789451436580 -0.001048973184960
0.987958380969374 -0.000956164523170
0.989073800366903 -0.000867601941236
0.990135587310861 -0.000783295143425
0.991143625364344 -0.000703256994701
0.992097803984621 -0.000627493602622
0.992998018535252 -0.000556013109648
0.993844170297569 -0.000488824318082
0.994636166481494 -0.000425935496748
0.995373920235722 -0.000367353154883
0.996057350657239 -0.000313084982539
0.996686382800198 -0.000263134763512
0.997260947684137 -0.000217509879671
0.997780982301540 -0.000176213835685
0.998246429624752 -0.000139252581045
0.998657238612229 -0.000106630447168
0.999013364214136 -0.000078350865968
0.999314767377287 -0.000054415090842
0.999561415049429 -0.000034828177540
0.999753280182866 -0.000019593002575
0.999890341737423 -0.000008708275447
0.999972584682756 -0.000002177070145
1.000000000000000 0.000000000000000
