1.000000000000000 0.000000000000000
0.999972584682756 0.000010362778723
0.999890341737423 0.000041462030870
0.999753280182866 0.000093264001757
0.999561415049429 0.000165770091000
0.999314767377287 0.000258950374905
0.999013364214136 0.000372756967219
0.998657238612229 0.000507157296248
0.998246429624752 0.000662107574770
0.997780982301540 0.000837539620758
0.997260947684137 0.001033387508309
0.996686382800198 0.001249594260018
0.996057350657239 0.001486072199381
0.995373920235722 0.001742736219540
0.994636166481494 0.002019497274283
0.993844170297569 0.002316249317202
0.992998018535252 0.002632902453775
0.992097803984621 0.002969330337202
0.991143625364344 0.003325416527128
0.990135587310861 0.003701054578954
0.989073800366903 0.004096095699656
0.987958380969374 0.004510421193671
0.986789451436580 0.004943883613381
0.985567139954818 0.005396346300224
0.984291580564316 0.005867657439586
0.982962913144534 0.006357663388017
0.981581283398829 0.006866215389475
0.980146842838472 0.007393143831225
0.978659748766034 0.007938290992546
0.977120164258138 0.008501498260360
0.975528258147577 0.009082580603901
0.973884205004793 0.009681378520417
0.972188185118741 0.010297719540032
0.970440384477113 0.010931425018531
0.968640994745946 0.011582316865425
0.966790213248601 0.012250217815366
0.964888242944126 0.012934958067049
0.962935292404997 0.013636350097446
0.960931575794250 0.014354214487694
0.958877312841991 0.015088380146327
0.956772728821300 0.015838665594717
0.954618054523534 0.016604898279824
0.952413526233010 0.017386895954180
0.950159385701097 0.018184485898300
0.947855880119706 0.018997498900011
0.945503262094184 0.019825769528932
0.943101789615607 0.020669130222376
0.940651726032496 0.021527411620035
0.938153340021932 0.022400461537666
0.935606905560095 0.023288120354612
0.933012701892219 0.024190233813444
0.930371013501972 0.025106659418211
0.927682130080253 0.026037254373214
0.924946346493432 0.026981875908572
0.922163962751008 0.027940400086099
0.919335283972712 0.028912697472448
0.916460620355050 0.029898645464126
0.913540287137281 0.030898128487195
0.910574604566852 0.031911051038435
0.907563897864277 0.032937302385577
0.904508497187474 0.033976791901575
0.901408737595557 0.035029439114190
0.898264959012098 0.036095151342174
0.895077506187845 0.037173870628156
0.891846728662920 0.038265546597270
0.888572980728485 0.039370159363191
0.885256621387895 0.040487593243120
0.881898014317321 0.041617705493041
0.878497527825878 0.042760319587095
0.875055534815230 0.043915168067236
0.871572412738697 0.045081937270273
0.868048543559867 0.046260320553663
0.864484313710706 0.047450009537024
0.860880114049181 0.048650709833995
0.857236339816402 0.049862094562257
0.853553390593274 0.051083844485186
0.849831670256683 0.052315621969100
0.846071586935203 0.053557077954021
0.842273552964344 0.054807864077551
0.838437984841330 0.056067614215973
0.834565303179429 0.057335967722453
0.830655932661826 0.058612545759289
0.826710301995053 0.059896969315917
0.822728843861975 0.061188841736565
0.818711994874345 0.062487760271778
0.814660195524919 0.063793322139231
0.810573890139155 0.065105118848627
0.806453526826488 0.066422719319945
0.802299557431188 0.067745698692776
0.798112437482808 0.069073626739412
0.793892626146237 0.070406055540542
0.789640586171339 0.071742540979471
0.785356783842216 0.073082616637899
0.781041688926065 0.074425822090297
0.776695774621672 0.075771680331977
0.772319517507513 0.077119699171123
0.767913397489498 0.078469387068350
0.763477897748339 0.079820242401519
0.759013504686565 0.081171759398281
0.754520707875186 0.082523433638760
0.750000000000000 0.083874745923837
0.745451876807570 0.085225173168281
0.740876837050858 0.086574192732036
0.736275382434527 0.087921278247477
0.731648017559931 0.089265889834254
0.726995249869773 0.090607500693981
0.722317589592464 0.091945560774165
0.717615549686164 0.093279538690152
0.712889645782536 0.094608885686702
0.708140396130201 0.095933051119852
0.703368321537900 0.097251493692886
0.698573945317390 0.098563648520374
0.693757793226052 0.099868964912772
0.688920393409234 0.101166882939702
0.684062276342339 0.102456890253439
0.679183974772650 0.103738516259105
0.674286023660908 0.105011309361375
0.669368960122646 0.106274805863959
0.664433323369292 0.107528549760016
0.659479654649035 0.108772093984690
0.654508497187474 0.110004990203797
0.649520396128043 0.111226797778575
0.644515898472236 0.112437070623439
0.639495553019615 0.113635386533915
0.634459910307633 0.114821308524709
0.629409522551260 0.115994425690732
0.624344943582428 0.117154318461575
0.619266728789291 0.118300573929485
0.614175435055328 0.119432761941602
0.609071620698271 0.120550444450787
0.603955845408880 0.121653188124347
0.598828670189563 0.122740560893433
0.593690657292862 0.123812174383132
0.588542370159792 0.124867788932718
0.583384373358051 0.125907215907934
0.578217232520115 0.126930288530247
0.573041514281206 0.127936839268656
0.567857786217152 0.128926718443056
0.562666616782152 0.129899851472742
0.557468575246433 0.130856180772274
0.552264231633827 0.131795658447949
0.547054156659257 0.132718249061933
0.541838921666158 0.133623907022870
0.536619098563816 0.134512595218496
0.531395259764657 0.135384269704382
0.526167978121472 0.136238895657925
0.520937826864600 0.137076447013095
0.515705379539064 0.137896900300402
0.510471209941678 0.138700238410938
0.505235892058123 0.139486451883931
0.500000000000000 0.140255534418100
0.494764107941877 0.141007490354688
0.489528790058322 0.141742335127985
0.484294620460936 0.142460165873864
0.479062173135400 0.143161110939581
0.473832021878528 0.143845303714597
0.468604740235343 0.144512886459909
0.463380901436184 0.145164002258301
0.458161078333842 0.145798784210623
0.452945843340743 0.146417357979929
0.447735768366173 0.147019855381078
0.442531424753567 0.147606412479604
0.437333383217848 0.148177173397773
0.432142213782848 0.148732364735935
0.426958485718794 0.149272282767279
0.421782767479885 0.149797229880387
0.416615626641949 0.150307512989340
0.411457629840209 0.150803429157755
0.406309342707138 0.151285046980838
0.401171329810437 0.151752119827849
0.396044154591120 0.152204388618810
0.390928379301729 0.152641607720872
0.385824564944672 0.153063532157397
0.380733271210710 0.153469297727047
0.375655056417573 0.153856878304871
0.370590477448740 0.154224158604966
0.365540089692367 0.154569075031624
0.360504446980385 0.154889611003768
0.355484101527764 0.155183886039861
0.350479603871957 0.155450249947883
0.345491502812526 0.155687131744328
0.340520345350965 0.155893007769219
0.335566676630708 0.156066402482372
0.330631039877354 0.156205831555224
0.325713976339092 0.156309696646575
0.320816025227350 0.156376426300127
0.315937723657661 0.156404503427600
0.311079606590766 0.156392466446109
0.306242206773949 0.156339111155639
0.301426054682610 0.156243757635723
0.296631678462100 0.156105827906708
0.291859603869799 0.155924773750611
0.287110354217464 0.155700087313321
0.282384450313836 0.155431933735383
0.277682410407536 0.155121587494486
0.273004750130227 0.154770412444593
0.268351982440069 0.154379759301675
0.263724617565473 0.153950954721962
0.259123162949143 0.153485177249520
0.254548123192430 0.152983476807086
0.250000000000000 0.152446885990891
0.245479292124815 0.151876437349747
0.240986495313435 0.151273154972407
0.236522102251661 0.150638042177354
0.232086602510502 0.149972101192193
0.227680482492487 0.149276326371971
0.223304225378328 0.148551704536808
0.218958311073935 0.147799321478110
0.214643216157784 0.147020422990822
0.210359413828661 0.146216243755236
0.206107373853763 0.145388018710064
0.201887562517192 0.144536795877935
0.197700442568813 0.143662625754804
0.193546473173512 0.142765248839712
0.189426109860845 0.141844441221984
0.185339804475081 0.140899960228605
0.181288005125655 0.139930841048513
0.177271156138025 0.138935576421873
0.173289698004947 0.137912733116963
0.169344067338174 0.136860945772578
0.165434696820571 0.135779065355066
0.161562015158670 0.134666144450240
0.157726447035656 0.133521296677987
0.153928413064797 0.132343703265996
0.150168329743317 0.131132706112972
0.146446609406726 0.129887855721952
0.142763660183598 0.128608726296375
0.139119885950819 0.127294957452061
0.135515686289294 0.125946357631561
0.131951456440133 0.124562897007692
0.128427587261303 0.123144571582984
0.124944465184770 0.121691410037072
0.121502472174122 0.120203464140744
0.118101985682679 0.118680845334115
0.114743378612105 0.117123663328203
0.111427019271515 0.115531792052064
0.108153271337080 0.113904727127462
0.104922493812155 0.112241937106480
0.101735040987902 0.110543387054462
0.098591262404443 0.108811089148574
0.095491502812526 0.107047701700327
0.092436102135723 0.105256177955886
0.089425395433148 0.103442478273118
0.086459712862719 0.101614147482370
0.083539379644950 0.099778622902529
0.080664716027288 0.097943522226616
0.077836037248993 0.096116461347522
0.075053653506568 0.094304137523266
0.072317869919747 0.092507387360528
0.069628986498028 0.090723904797152
0.066987298107781 0.088950968533922
0.064393094439905 0.087182282843178
0.061846659978068 0.085410424537957
0.059348273967504 0.083628672182425
0.056898210384393 0.081831597606225
0.054496737905816 0.080014221198931
0.052144119880294 0.078171445987232
0.049840614298903 0.076298068381894
0.047586473766990 0.074389527686708
0.045381945476466 0.072446261537888
0.043227271178700 0.070470719614926
0.041122687158010 0.068465328735960
0.039068424205750 0.066432486072937
0.037064707595003 0.064374455780042
0.035111757055874 0.062293380019825
0.033209786751399 0.060191326590275
0.031359005254054 0.058070207131130
0.029559615522887 0.055931870698723
0.027811814881260 0.053778133296175
0.026115794995207 0.051610650855408
0.024471741852423 0.049430675484131
0.022879835741862 0.047242050365642
0.021340251233966 0.045053285785729
0.019853157161529 0.042874657393942
0.018418716601171 0.040717400168639
0.017037086855466 0.038592946416406
0.015708419435685 0.036512181904671
0.014432860045182 0.034485407348656
0.013210548563420 0.032522560416285
0.012041619030626 0.030629818949304
0.010926199633097 0.028807366008906
0.009864412689139 0.027045872777873
0.008856374635656 0.025336986979820
0.007902196015379 0.023675018105187
0.007001981464748 0.022055223205345
0.006155829702431 0.020473655973892
0.005363833518506 0.018927264932588
0.004626079764278 0.017413383669950
0.003942649342761 0.015929809976318
0.003313617199802 0.014474683699435
0.002739052315863 0.013046337918229
0.002219017698460 0.011643459558955
0.001753570375248 0.010264733718449
0.001342761387771 0.008909124688426
0.000986635785864 0.007575718964828
0.000685232622713 0.006263692993466
0.000438584950571 0.004972235219241
0.000246719817134 0.003700713135701
0.000109658262577 0.002448517104902
0.000027415317244 0.001215288514056
0.000000000000000 0.000000000000000
0.000027415317244 -0.001197224809311
0.000109658262577 -0.002377167284041
0.000246719817134 -0.003539901143690
0.000438584950571 -0.004687478454629
0.000685232622713 -0.005829718196890
0.000986635785864 -0.006973163832587
0.001342761387771 -0.008120020624417
0.001753570375248 -0.009270929841967
0.002219017698460 -0.010425754169713
0.002739052315863 -0.011583876616250
0.003313617199802 -0.012744548227379
0.003942649342761 -0.013906676288581
0.004626079764278 -0.015069085909614
0.005363833518506 -0.016230504756712
0.006155829702431 -0.017389387507263
0.007001981464748 -0.018544087155209
0.007902196015379 -0.019692776299655
0.008856374635656 -0.020833313723556
0.009864412689139 -0.021963424818984
0.010926199633097 -0.023080609029354
0.012041619030626 -0.024181799956735
0.013210548563420 -0.025263646520907
0.014432860045182 -0.026323982391441
0.015708419435684 -0.027361428395711
0.017037086855466 -0.028375665570608
0.018418716601171 -0.029366784525322
0.019853157161528 -0.030335397975813
0.021340251233966 -0.031282586803096
0.022879835741862 -0.032210311259436
0.024471741852423 -0.033120576802321
0.026115794995207 -0.034014954183276
0.027811814881259 -0.034894028838254
0.029559615522887 -0.035755479059320
0.031359005254054 -0.036596590140515
0.033209786751399 -0.037415052099016
0.035111757055874 -0.038208622918660
0.037064707595003 -0.038974841316106
0.039068424205750 -0.039711169406869
0.041122687158009 -0.040415108174412
0.043227271178699 -0.041084176695528
0.045381945476466 -0.041715546136144
0.047586473766990 -0.042305727415860
0.049840614298903 -0.042851591302952
0.052144119880293 -0.043352905807145
0.054496737905816 -0.043810642650624
0.056898210384393 -0.044227094846252
0.059348273967504 -0.044606274242116
0.061846659978068 -0.044952724983084
0.064393094439905 -0.045271100637502
0.066987298107781 -0.045566528329742
0.069628986498028 -0.045845137007042
0.072317869919747 -0.046114432329622
0.075053653506568 -0.046382363764930
0.077836037248992 -0.046651276985095
0.080664716027288 -0.046919071437706
0.083539379644950 -0.047183192216469
0.086459712862719 -0.047439965757026
0.089425395433148 -0.047685092914808
0.092436102135723 -0.047913941916192
0.095491502812526 -0.048121532892425
0.098591262404443 -0.048302543398012
0.101735040987902 -0.048452965398802
0.104922493812155 -0.048572494117852
0.108153271337080 -0.048661456102958
0.111427019271514 -0.048720467954754
0.114743378612105 -0.048750674748305
0.118101985682679 -0.048753445850705
0.121502472174122 -0.048730273128280
0.124944465184770 -0.048682670834694
0.128427587261303 -0.048612302015607
0.131951456440133 -0.048521051742095
0.135515686289294 -0.048411189658352
0.139119885950819 -0.048285250969043
0.142763660183598 -0.048145922556427
0.146446609406726 -0.047995406263926
0.150168329743317 -0.047835620790430
0.153928413064796 -0.047668610946881
0.157726447035656 -0.047495859604991
0.161562015158669 -0.047317690912492
0.165434696820571 -0.047134327505396
0.169344067338174 -0.046946037576065
0.173289698004947 -0.046753338584524
0.177271156138025 -0.046556889981631
0.181288005125655 -0.046357389845267
0.185339804475081 -0.046155565279310
0.189426109860845 -0.045952163338463
0.193546473173511 -0.045747963573499
0.197700442568812 -0.045543768057356
0.201887562517192 -0.045339974928579
0.206107373853763 -0.045136506720929
0.210359413828660 -0.044933249125420
0.214643216157784 -0.044730078286115
0.218958311073935 -0.044526809972406
0.223304225378328 -0.044323206335299
0.227680482492486 -0.044119020472954
0.232086602510501 -0.043913990352221
0.236522102251661 -0.043707855302998
0.240986495313435 -0.043500349524321
0.245479292124814 -0.043291195960109
0.250000000000000 -0.043080107670023
0.254548123192429 -0.042866794552204
0.259123162949142 -0.042650965208572
0.263724617565473 -0.042432315644978
0.268351982440069 -0.042210534791990
0.273004750130227 -0.041985264907819
0.277682410407536 -0.041756091244268
0.282384450313836 -0.041522583130155
0.287110354217464 -0.041284295188416
0.291859603869799 -0.041040856502663
0.296631678462100 -0.040792192543426
0.301426054682609 -0.040538294015378
0.306242206773948 -0.040279158722688
0.311079606590766 -0.040014794362719
0.315937723657661 -0.039745389256118
0.320816025227350 -0.039471270340031
0.325713976339092 -0.039192780185272
0.330631039877354 -0.038910270259176
0.335566676630708 -0.038624085008486
0.340520345350965 -0.038334526919578
0.345491502812526 -0.038041889491171
0.350479603871956 -0.037746477600469
0.355484101527764 -0.037448603684085
0.360504446980385 -0.037148607385260
0.365540089692367 -0.036846867341044
0.370590477448739 -0.036543768330150
0.375655056417572 -0.036239702374292
0.380733271210709 -0.035935057778636
0.385824564944672 -0.035630139315101
0.390928379301728 -0.035325209938196
0.396044154591120 -0.035020531293856
0.401171329810437 -0.034716372677975
0.406309342707137 -0.034412946911096
0.411457629840208 -0.034110227658293
0.416615626641949 -0.033808117262038
0.421782767479884 -0.033506515609264
0.426958485718794 -0.033205321333727
0.432142213782848 -0.032904447172145
0.437333383217848 -0.032603839937513
0.442531424753567 -0.032303454610246
0.447735768366173 -0.032003245850990
0.452945843340743 -0.031703165143358
0.458161078333842 -0.031403155763256
0.463380901436184 -0.031103142739948
0.468604740235343 -0.030803049125084
0.473832021878528 -0.030502795277777
0.479062173135400 -0.030202304106277
0.484294620460935 -0.029901521998916
0.489528790058321 -0.029600427401617
0.494764107941877 -0.029299003822067
0.500000000000000 -0.028997233708068
0.505235892058122 -0.028695100114637
0.510471209941678 -0.028392631680976
0.515705379539064 -0.028089896587795
0.520937826864600 -0.027786970311703
0.526167978121472 -0.027483924015090
0.531395259764656 -0.027180831507036
0.536619098563816 -0.026877756977693
0.541838921666157 -0.026574753733086
0.547054156659257 -0.026271878039171
0.552264231633827 -0.025969185230856
0.557468575246433 -0.025666731086166
0.562666616782152 -0.025364576355700
0.567857786217152 -0.025062783582123
0.573041514281206 -0.024761415161995
0.578217232520115 -0.024460535523166
0.583384373358051 -0.024160203909439
0.588542370159791 -0.023860464901114
0.593690657292862 -0.023561361983212
0.598828670189563 -0.023262935733790
0.603955845408879 -0.022965229537202
0.609071620698271 -0.022668277908757
0.614175435055328 -0.022372104205885
0.619266728789290 -0.022076732460148
0.624344943582427 -0.021782182334409
0.629409522551260 -0.021488478647530
0.634459910307633 -0.021195644062164
0.639495553019614 -0.020903705478033
0.644515898472235 -0.020612688354697
0.649520396128043 -0.020322620466148
0.654508497187474 -0.020033527928086
0.659479654649035 -0.019745434629680
0.664433323369291 -0.019458365409389
0.669368960122646 -0.019172346264843
0.674286023660907 -0.018887402058504
0.679183974772650 -0.018603558447916
0.684062276342339 -0.018320841880317
0.688920393409233 -0.018039277861332
0.693757793226051 -0.017758893197057
0.698573945317390 -0.017479717636693
0.703368321537900 -0.017201782091616
0.708140396130200 -0.016925119340564
0.712889645782536 -0.016649762306244
0.717615549686163 -0.016375742986603
0.722317589592464 -0.016103094147963
0.726995249869773 -0.015831844784107
0.731648017559930 -0.015562029083503
0.736275382434527 -0.015293674919366
0.740876837050857 -0.015026815461482
0.745451876807570 -0.014761480637117
0.750000000000000 -0.014497700915180
0.754520707875185 -0.014235506426591
0.759013504686565 -0.013974927833968
0.763477897748338 -0.013715994692284
0.767913397489498 -0.013458735612592
0.772319517507513 -0.013203181635542
0.776695774621672 -0.012949360627963
0.781041688926065 -0.012697302179604
0.785356783842216 -0.012447035191560
0.789640586171339 -0.012198587597732
0.793892626146236 -0.011951986210757
0.798112437482808 -0.011707258895596
0.802299557431187 -0.011464431080453
0.806453526826488 -0.011223531352469
0.810573890139155 -0.010984583251485
0.814660195524918 -0.010747612521112
0.818711994874345 -0.010512646993555
0.822728843861975 -0.010279710201180
0.826710301995052 -0.010048829228217
0.830655932661826 -0.009820027214900
0.834565303179429 -0.009593328551726
0.838437984841330 -0.009368759996549
0.842273552964344 -0.009146344918139
0.846071586935203 -0.008926108146561
0.849831670256683 -0.008708071652786
0.853553390593274 -0.008492261228282
0.857236339816401 -0.008278699055213
0.860880114049181 -0.008067408209002
0.864484313710706 -0.007858413644951
0.868048543559867 -0.007651735532966
0.871572412738697 -0.007447398212644
0.875055534815230 -0.007245422699478
0.878497527825878 -0.007045830708202
0.881898014317321 -0.006848646415091
0.885256621387894 -0.006653888961648
0.888572980728485 -0.006461580509594
0.891846728662920 -0.006271742880882
0.895077506187845 -0.006084394828779
0.898264959012098 -0.005899559234107
0.901408737595557 -0.005717254922088
0.904508497187474 -0.005537502914125
0.907563897864277 -0.005360322383535
0.910574604566852 -0.005185733747224
0.913540287137281 -0.005013755022622
0.916460620355049 -0.004844406067375
0.919335283972712 -0.004677704532175
0.922163962751007 -0.004513669877093
0.924946346493432 -0.004352319089681
0.927682130080253 -0.004193670562290
0.930371013501972 -0.004037742218094
0.933012701892219 -0.003884550044932
0.935606905560095 -0.003734111640209
0.938153340021932 -0.003586443686481
0.940651726032496 -0.003441561722954
0.943101789615607 -0.003299481685989
0.945503262094184 -0.003160220368494
0.947855880119706 -0.003023791277888
0.950159385701097 -0.002890210961139
0.952413526233010 -0.002759492819455
0.954618054523534 -0.002631651753115
0.956772728821300 -0.002506702078014
0.958877312841991 -0.002384657243831
0.960931575794250 -0.002265530886905
0.962935292404997 -0.002149335008303
0.964888242944126 -0.002036084449775
0.966790213248601 -0.001925789486695
0.968640994745946 -0.001818463651127
0.970440384477113 -0.001714117231391
0.972188185118740 -0.001612763593873
0.973884205004793 -0.001514412906409
0.975528258147577 -0.001419075363129
0.977120164258138 -0.001326761646102
0.978659748766034 -0.001237482849546
0.980146842838471 -0.001151247747044
0.981581283398829 -0.001068066445221
0.982962913144534 -0.000987947483522
0.984291580564316 -0.000910899852839
0.985567139954818 -0.000836931738260
0.986789451436580 -0.000766051230256
0.987958380969374 -0.000698267495875
0.989073800366903 -0.000633586178447
0.990135587310861 -0.000572015392663
0.991143625364344 -0.000513560731062
0.992097803984621 -0.000458230130164
0.992998018535252 -0.000406028168589
0.993844170297569 -0.000356961131276
0.994636166481494 -0.000311034922670
0.995373920235722 -0.000268254764526
0.996057350657239 -0.000228623859152
0.996686382800198 -0.000192147760407
0.997260947684137 -0.000158830560014
0.997780982301540 -0.000128675333725
0.998246429624752 -0.000101685006521
0.998657238612229 -0.000077863417212
0.999013364214136 -0.000057211820356
0.999314767377287 -0.000039734688515
0.999561415049429 -0.000025431989945
0.999753280182866 -0.000014307044238
0.999890341737423 -0.000006358879631
0.999972584682756 -0.000001589719795
1.000000000000000 0.000000000000000
