1.000000000000000 0.000000000000000
0.999972584682756 0.000008151030544
0.999890341737423 0.000032602382778
0.999753280182866 0.000073322874097
0.999561415049429 0.000130267556654
0.999314767377287 0.000203388198283
0.999013364214136 0.000292602324547
0.998657238612229 0.000397819386317
0.998246429624752 0.000518935810674
0.997780982301540 0.000655819860769
0.997260947684137 0.000808342911659
0.996686382800198 0.000976348950362
0.996057350657239 0.001159675585655
0.995373920235722 0.001358134112479
0.994636166481494 0.001571535569054
0.993844170297569 0.001799670937489
0.992998018535252 0.002042331987391
0.992097803984621 0.002299276709867
0.991143625364344 0.002570280246424
0.990135587310861 0.002855085526785
0.989073800366903 0.003153443970146
0.987958380969374 0.003465081602336
0.986789451436580 0.003789739318645
0.985567139954818 0.004127129611654
0.984291580564316 0.004476986226866
0.982962913144534 0.004839006962819
0.981581283398829 0.005212917373089
0.980146842838472 0.005598428327008
0.978659748766034 0.005995246802774
0.977120164258138 0.006403081700952
0.975528258147577 0.006821649469018
0.973884205004793 0.007250670373787
0.972188185118741 0.007689855900350
0.970440384477113 0.008138937425942
0.968640994745946 0.008597648850779
0.966790213248601 0.009065723423641
0.964888242944126 0.009542912827320
0.962935292404997 0.010028970453037
0.960931575794250 0.010523674601876
0.958877312841991 0.011026798866232
0.956772728821300 0.011538139697711
0.954618054523534 0.012057508637400
0.952413526233010 0.012584733554685
0.950159385701097 0.013119655492972
0.947855880119706 0.013662134245420
0.945503262094184 0.014212053524535
0.943101789615607 0.014769317950769
0.940651726032496 0.015333845945695
0.938153340021932 0.015905587452249
0.935606905560095 0.016484512592242
0.933012701892219 0.017070617008631
0.930371013501972 0.017663926926545
0.927682130080253 0.018264496387707
0.924946346493432 0.018872400096412
0.922163962751008 0.019487750220256
0.919335283972712 0.020110685987202
0.916460620355050 0.020741384281157
0.913540287137281 0.021380055495002
0.910574604566852 0.022026935467623
0.907563897864277 0.022682298509857
0.904508497187474 0.023346452506186
0.901408737595557 0.024019781105039
0.898264959012098 0.024702660916509
0.895077506187845 0.025395083980911
0.891846728662920 0.026096814256370
0.888572980728485 0.026807596586138
0.885256621387895 0.027527113386769
0.881898014317321 0.028255038447195
0.878497527825878 0.028991026974665
0.875055534815230 0.029734719259916
0.871572412738697 0.030485746848772
0.868048543559867 0.031243711069171
0.864484313710706 0.032008195449584
0.860880114049181 0.032778774127386
0.857236339816402 0.033554988869233
0.853553390593274 0.034336371897944
0.849831670256683 0.035122434452484
0.846071586935203 0.035912667051801
0.842273552964344 0.036706546811101
0.838437984841330 0.037503529163627
0.834565303179429 0.038303041177371
0.830655932661826 0.039104498758621
0.826710301995053 0.039907297808798
0.822728843861975 0.040710823555700
0.818711994874345 0.041514450731436
0.814660195524919 0.042317541119975
0.810573890139155 0.043119406161036
0.806453526826488 0.043919306866400
0.802299557431188 0.044716472977118
0.798112437482808 0.045510227791516
0.793892626146237 0.046300360082649
0.789640586171339 0.047086821159244
0.785356783842216 0.047869569003757
0.781041688926065 0.048648616853594
0.776695774621672 0.049424049431401
0.772319517507513 0.050195972441256
0.767913397489498 0.050964513514235
0.763477897748339 0.051729792717336
0.759013504686565 0.052491944561914
0.754520707875186 0.053251122018035
0.750000000000000 0.054007483803218
0.745451876807570 0.054761208313054
0.740876837050858 0.055512474917840
0.736275382434527 0.056261489784529
0.731648017559931 0.057008472791712
0.726995249869773 0.057753691038063
0.722317589592464 0.058497451385221
0.717615549686164 0.059240068029813
0.712889645782536 0.059981864495526
0.708140396130201 0.060723046798418
0.703368321537900 0.061463750655957
0.698573945317390 0.062204122623248
0.693757793226052 0.062944305435558
0.688920393409234 0.063683993357772
0.684062276342339 0.064422361148018
0.679183974772650 0.065158550414359
0.674286023660908 0.065891680014394
0.669368960122646 0.066620881517384
0.664433323369292 0.067345335265775
0.659479654649035 0.068064228646638
0.654508497187474 0.068776734385988
0.649520396128043 0.069482017312643
0.644515898472236 0.070179248109502
0.639495553019615 0.070867594264145
0.634459910307633 0.071546219797433
0.629409522551260 0.072214276206153
0.624344943582428 0.072870888070722
0.619266728789291 0.073515054156382
0.614175435055328 0.074145739675078
0.609071620698271 0.074761912395778
0.603955845408880 0.075362539658865
0.598828670189563 0.075947095936870
0.593690657292862 0.076515808868339
0.588542370159792 0.077068969516393
0.583384373358051 0.077606888901885
0.578217232520115 0.078129890423003
0.573041514281206 0.078638519720932
0.567857786217152 0.079133495388625
0.562666616782152 0.079615552720315
0.557468575246433 0.080085435125800
0.552264231633827 0.080543892224748
0.547054156659257 0.080991594735316
0.541838921666158 0.081429180124582
0.536619098563816 0.081857294899496
0.531395259764657 0.082276587374288
0.526167978121472 0.082687736204820
0.520937826864600 0.083091535945683
0.515705379539064 0.083488829579254
0.510471209941678 0.083880466284313
0.505235892058123 0.084267299107496
0.500000000000000 0.084650005433528
0.494764107941877 0.085028383066809
0.489528790058322 0.085401962409608
0.484294620460936 0.085770269157176
0.479062173135400 0.086132836150469
0.473832021878528 0.086489156265698
0.468604740235343 0.086838539368829
0.463380901436184 0.087180253224414
0.458161078333842 0.087513572781588
0.452945843340743 0.087837780003513
0.447735768366173 0.088152181826980
0.442531424753567 0.088456147924939
0.437333383217848 0.088749067463245
0.432142213782848 0.089030341243578
0.426958485718794 0.089299379082928
0.421782767479885 0.089555586579167
0.416615626641949 0.089798340236576
0.411457629840209 0.090027022060718
0.406309342707138 0.090241025777666
0.401171329810437 0.090439762168158
0.396044154591120 0.090622871105331
0.390928379301729 0.090790419444835
0.385824564944672 0.090942528818531
0.380733271210710 0.091079327916784
0.375655056417573 0.091200948479387
0.370590477448740 0.091307560679319
0.365540089692367 0.091399375170395
0.360504446980385 0.091476609728411
0.355484101527764 0.091539485268322
0.350479603871957 0.091588223899109
0.345491502812526 0.091623024834410
0.340520345350965 0.091644073888273
0.335566676630708 0.091651560254724
0.330631039877354 0.091645677431636
0.325713976339092 0.091626641134937
0.320816025227350 0.091594748189395
0.315937723657661 0.091550317413986
0.311079606590766 0.091493667902401
0.306242206773949 0.091425113229868
0.301426054682610 0.091344709846849
0.296631678462100 0.091252186753982
0.291859603869799 0.091147266481422
0.287110354217464 0.091029689284897
0.282384450313836 0.090899164626307
0.277682410407536 0.090755180432058
0.273004750130227 0.090597171998014
0.268351982440069 0.090424605435420
0.263724617565473 0.090236977068845
0.259123162949143 0.090033857776999
0.254548123192430 0.089814886791211
0.250000000000000 0.089579732903056
0.245479292124815 0.089328086908641
0.240986495313435 0.089059656546556
0.236522102251661 0.088774145464629
0.232086602510502 0.088471282648398
0.227680482492487 0.088150829864040
0.223304225378328 0.087812598006272
0.218958311073935 0.087456489991203
0.214643216157784 0.087082441944877
0.210359413828661 0.086690416903399
0.206107373853763 0.086280303387746
0.201887562517192 0.085851788727275
0.197700442568813 0.085404562066867
0.193546473173512 0.084938348562248
0.189426109860845 0.084452626587916
0.185339804475081 0.083946442764138
0.181288005125655 0.083418854150925
0.177271156138025 0.082868999735157
0.173289698004947 0.082296164515511
0.169344067338174 0.081699769040571
0.165434696820571 0.081079294395269
0.161562015158670 0.080434263814605
0.157726447035656 0.079764161333126
0.153928413064797 0.079068500771899
0.150168329743317 0.078346866722047
0.146446609406726 0.077599503773957
0.142763660183598 0.076827350337524
0.139119885950819 0.076031403533710
0.135515686289294 0.075212691080946
0.131951456440133 0.074372386048280
0.128427587261303 0.073511676686729
0.124944465184770 0.072631736359099
0.121502472174122 0.071733666019013
0.118101985682679 0.070818557210079
0.114743378612105 0.069887492725698
0.111427019271515 0.068941665860531
0.108153271337080 0.067982306833018
0.104922493812155 0.067010591818953
0.101735040987902 0.066027320850423
0.098591262404443 0.065033106536489
0.095491502812526 0.064028312463187
0.092436102135723 0.063011652751605
0.089425395433148 0.061981341514193
0.086459712862719 0.060935817389822
0.083539379644950 0.059873825264150
0.080664716027288 0.058794269645042
0.077836037248993 0.057696168015779
0.075053653506568 0.056578642103821
0.072317869919747 0.055441136816374
0.069628986498028 0.054284582567671
0.066987298107781 0.053110462307852
0.064393094439905 0.051920351777164
0.061846659978068 0.050715885576675
0.059348273967504 0.049498710429462
0.056898210384393 0.048270571777223
0.054496737905816 0.047033239694948
0.052144119880294 0.045788737742852
0.049840614298903 0.044539120226452
0.047586473766990 0.043285307880583
0.045381945476466 0.042027250774373
0.043227271178700 0.040764651324524
0.041122687158010 0.039496851982837
0.039068424205750 0.038223293407642
0.037064707595003 0.036943431771555
0.035111757055874 0.035656714851520
0.033209786751399 0.034362511870126
0.031359005254054 0.033060151475672
0.029559615522887 0.031748888654746
0.027811814881260 0.030427886044410
0.026115794995207 0.029096205249601
0.024471741852423 0.027752754182645
0.022879835741862 0.026401159735746
0.021340251233966 0.025052175045190
0.019853157161529 0.023717748017563
0.018418716601171 0.022409419485775
0.017037086855466 0.021137287978847
0.015708419435685 0.019909337741083
0.014432860045182 0.018731582151643
0.013210548563420 0.017608060590240
0.012041619030626 0.016540520800449
0.010926199633097 0.015524428148187
0.009864412689139 0.014550119624423
0.008856374635656 0.013610734280372
0.007902196015379 0.012701457419765
0.007001981464748 0.011818611680143
0.006155829702431 0.010959305973336
0.005363833518506 0.010121372513778
0.004626079764278 0.009302945172060
0.003942649342761 0.008502577608721
0.003313617199802 0.007719063350565
0.002739052315863 0.006951363277913
0.002219017698460 0.006198582470619
0.001753570375248 0.005460026407580
0.001342761387771 0.004735007306473
0.000986635785864 0.004023007945481
0.000685232622713 0.003323513134082
0.000438584950571 0.002636027218484
0.000246719817134 0.001960289075133
0.000109658262577 0.001295894324194
0.000027415317244 0.000642579158632
0.000000000000000 0.000000000000000
0.000027415317244 -0.000632154164189
0.000109658262577 -0.001253838556908
0.000246719817134 -0.001869275100149
0.000438584950571 -0.002486303149081
0.000685232622713 -0.003106845382846
0.000986635785864 -0.003731026595557
0.001342761387771 -0.004358394855025
0.001753570375248 -0.004988215253506
0.002219017698460 -0.005619663767117
0.002739052315863 -0.006251679246016
0.003313617199802 -0.006883060998686
0.003942649342761 -0.007512506454829
0.004626079764278 -0.008138483141288
0.005363833518506 -0.008759240258162
0.006155829702431 -0.009372803182244
0.007001981464748 -0.009976828498664
0.007902196015379 -0.010568639266100
0.008856374635656 -0.011144946426316
0.009864412689139 -0.011701913981121
0.010926199633097 -0.012234983211164
0.012041619030626 -0.012737635647668
0.013210548563420 -0.013202642618966
0.014432860045182 -0.013623889912148
0.015708419435684 -0.013996687842623
0.017037086855466 -0.014318914713123
0.018418716601171 -0.014590039010202
0.019853157161528 -0.014811297387751
0.021340251233966 -0.014986034356827
0.022879835741862 -0.015120038295045
0.024471741852423 -0.015222997280876
0.026115794995207 -0.015304289635076
0.027811814881259 -0.015368662253977
0.029559615522887 -0.015418483381732
0.031359005254054 -0.015453535933768
0.033209786751399 -0.015474369404329
0.035111757055874 -0.015482402920014
0.037064707595003 -0.015479161565228
0.039068424205750 -0.015466382489283
0.041122687158009 -0.015446196393709
0.043227271178699 -0.015421153050573
0.045381945476466 -0.015394247349390
0.047586473766990 -0.015368914419655
0.049840614298903 -0.015348880459526
0.052144119880293 -0.015337859169293
0.054496737905816 -0.015336271792941
0.056898210384393 -0.015342529309794
0.059348273967504 -0.015354869391259
0.061846659978068 -0.015371344803843
0.064393094439905 -0.015389778095366
0.066987298107781 -0.015407756031337
0.069628986498028 -0.015422379200445
0.072317869919747 -0.015430003899042
0.075053653506568 -0.015427081249687
0.077836037248992 -0.015412241609142
0.080664716027288 -0.015384866701951
0.083539379644950 -0.015345644822977
0.086459712862719 -0.015296478941120
0.089425395433148 -0.015239426992321
0.092436102135723 -0.015176480426881
0.095491502812526 -0.015109772177787
0.098591262404443 -0.015041401018749
0.101735040987902 -0.014973471724897
0.104922493812155 -0.014907807524030
0.108153271337080 -0.014844501663635
0.111427019271514 -0.014783162878793
0.114743378612105 -0.014723472341793
0.118101985682679 -0.014665277743149
0.121502472174122 -0.014608424379649
0.124944465184770 -0.014552701215191
0.128427587261303 -0.014497834340409
0.131951456440133 -0.014443523363954
0.135515686289294 -0.014389443107710
0.139119885950819 -0.014335242165355
0.142763660183598 -0.014280546744619
0.146446609406726 -0.014225002595414
0.150168329743317 -0.014168268126181
0.153928413064796 -0.014109991037720
0.157726447035656 -0.014050030960255
0.161562015158669 -0.013988490750313
0.165434696820571 -0.013925493965806
0.169344067338174 -0.013861153501454
0.173289698004947 -0.013795555754286
0.177271156138025 -0.013728787712788
0.181288005125655 -0.013660945583037
0.185339804475081 -0.013592152827178
0.189426109860845 -0.013522545738417
0.193546473173511 -0.013452267265359
0.197700442568812 -0.013381432426841
0.201887562517192 -0.013310119296646
0.206107373853763 -0.013238407058562
0.210359413828660 -0.013166368188389
0.214643216157784 -0.013094014505214
0.218958311073935 -0.013021332264587
0.223304225378328 -0.012948306434149
0.227680482492486 -0.012874925202931
0.232086602510501 -0.012801188647322
0.236522102251661 -0.012727098251588
0.240986495313435 -0.012652655371257
0.245479292124814 -0.012577858922687
0.250000000000000 -0.012502704485288
0.254548123192429 -0.012427187014302
0.259123162949142 -0.012351300577803
0.263724617565473 -0.012275039631866
0.268351982440069 -0.012198398916615
0.273004750130227 -0.012121373079342
0.277682410407536 -0.012043956270471
0.282384450313836 -0.011966141438591
0.287110354217464 -0.011887919452427
0.291859603869799 -0.011809280739102
0.296631678462100 -0.011730214898507
0.301426054682609 -0.011650714674110
0.306242206773948 -0.011570786249867
0.311079606590766 -0.011490439360941
0.315937723657661 -0.011409683513379
0.320816025227350 -0.011328529369916
0.325713976339092 -0.011246988832343
0.330631039877354 -0.011165075894247
0.335566676630708 -0.011082804421074
0.340520345350965 -0.011000188727805
0.345491502812526 -0.010917243241874
0.350479603871956 -0.010833980908946
0.355484101527764 -0.010750415307410
0.360504446980385 -0.010666560731118
0.365540089692367 -0.010582430716804
0.370590477448739 -0.010498040093660
0.375655056417572 -0.010413403540318
0.380733271210709 -0.010328536453781
0.385824564944672 -0.010243454329117
0.390928379301728 -0.010158171780812
0.396044154591120 -0.010072702065176
0.401171329810437 -0.009987056690745
0.406309342707137 -0.009901248835824
0.411457629840208 -0.009815290029175
0.416615626641949 -0.009729191716588
0.421782767479884 -0.009642960573275
0.426958485718794 -0.009556604382105
0.432142213782848 -0.009470130194437
0.437333383217848 -0.009383545254160
0.442531424753567 -0.009296857507859
0.447735768366173 -0.009210075733726
0.452945843340743 -0.009123207214200
0.458161078333842 -0.009036261063492
0.463380901436184 -0.008949244873443
0.468604740235343 -0.008862166943991
0.473832021878528 -0.008775034821258
0.479062173135400 -0.008687856496815
0.484294620460935 -0.008600639873988
0.489528790058321 -0.008513392670543
0.494764107941877 -0.008426123643182
0.500000000000000 -0.008338841373218
0.505235892058122 -0.008251554390333
0.510471209941678 -0.008164271673389
0.515705379539064 -0.008077002031551
0.520937826864600 -0.007989755619619
0.526167978121472 -0.007902542440070
0.531395259764656 -0.007815372701731
0.536619098563816 -0.007728256577552
0.541838921666157 -0.007641203423098
0.547054156659257 -0.007554224053977
0.552264231633827 -0.007467327189849
0.557468575246433 -0.007380523593451
0.562666616782152 -0.007293822441497
0.567857786217152 -0.007207234064053
0.573041514281206 -0.007120767729721
0.578217232520115 -0.007034433806077
0.583384373358051 -0.006948241601303
0.588542370159791 -0.006862201085662
0.593690657292862 -0.006776322017643
0.598828670189563 -0.006690614378147
0.603955845408879 -0.006605087174115
0.609071620698271 -0.006519750867763
0.614175435055328 -0.006434614559728
0.619266728789290 -0.006349687983796
0.624344943582427 -0.006264980544293
0.629409522551260 -0.006180502093779
0.634459910307633 -0.006096261803861
0.639495553019614 -0.006012268949572
0.644515898472235 -0.005928533804928
0.649520396128043 -0.005845064747130
0.654508497187474 -0.005761871877789
0.659479654649035 -0.005678964500202
0.664433323369291 -0.005596351504223
0.669368960122646 -0.005514042084774
0.674286023660907 -0.005432046060812
0.679183974772650 -0.005350371897617
0.684062276342339 -0.005269029101359
0.688920393409233 -0.005188026882890
0.693757793226051 -0.005107374145077
0.698573945317390 -0.005027080420994
0.703368321537900 -0.004947153620800
0.708140396130200 -0.004867602206858
0.712889645782536 -0.004788433740927
0.717615549686163 -0.004709655889451
0.722317589592464 -0.004631276389158
0.726995249869773 -0.004553302977957
0.731648017559930 -0.004475742953220
0.736275382434527 -0.004398604042220
0.740876837050857 -0.004321893602123
0.745451876807570 -0.004245619200179
0.750000000000000 -0.004169788340026
0.754520707875185 -0.004094408477839
0.759013504686565 -0.004019487535255
0.763477897748338 -0.003945032444852
0.767913397489498 -0.003871050658227
0.772319517507513 -0.003797550115929
0.776695774621672 -0.003724537822534
0.781041688926065 -0.003652021254589
0.785356783842216 -0.003580007958426
0.789640586171339 -0.003508504732331
0.793892626146236 -0.003437519206701
0.798112437482808 -0.003367059325508
0.802299557431187 -0.003297132362859
0.806453526826488 -0.003227746830150
0.810573890139155 -0.003158913136863
0.814660195524918 -0.003090641833304
0.818711994874345 -0.003022943170453
0.822728843861975 -0.002955826987455
0.826710301995052 -0.002889303158991
0.830655932661826 -0.002823381363723
0.834565303179429 -0.002758070810903
0.838437984841330 -0.002693380323855
0.842273552964344 -0.002629319647810
0.846071586935203 -0.002565897464280
0.849831670256683 -0.002503121826938
0.853553390593274 -0.002441001463033
0.857236339816401 -0.002379544841872
0.860880114049181 -0.002318759943030
0.864484313710706 -0.002258654336034
0.868048543559867 -0.002199235795937
0.871572412738697 -0.002140512041796
0.875055534815230 -0.002082490004570
0.878497527825878 -0.002025176951101
0.881898014317321 -0.001968579747159
0.885256621387894 -0.001912705418482
0.888572980728485 -0.001857560041039
0.891846728662920 -0.001803150238194
0.895077506187845 -0.001749482264288
0.898264959012098 -0.001696562044472
0.901408737595557 -0.001644395062538
0.904508497187474 -0.001592984994269
0.907563897864277 -0.001542332455616
0.910574604566852 -0.001492438007365
0.913540287137281 -0.001443302871935
0.916460620355049 -0.001394927887632
0.919335283972712 -0.001347314660973
0.922163962751007 -0.001300465578339
0.924946346493432 -0.001254381668042
0.927682130080253 -0.001209065942418
0.930371013501972 -0.001164520343644
0.933012701892219 -0.001120747730954
0.935606905560095 -0.001077750554831
0.938153340021932 -0.001035532116760
0.940651726032496 -0.000994095605411
0.943101789615607 -0.000953444059026
0.945503262094184 -0.000913580810689
0.947855880119706 -0.000874509848519
0.950159385701097 -0.000836234648387
0.952413526233010 -0.000798758890735
0.954618054523534 -0.000762086842326
0.956772728821300 -0.000726222390638
0.958877312841991 -0.000691169382348
0.960931575794250 -0.000656932239989
0.962935292404997 -0.000623515189386
0.964888242944126 -0.000590922466118
0.966790213248601 -0.000559158367728
0.968640994745946 -0.000528227067691
0.970440384477113 -0.000498132785611
0.972188185118740 -0.000468880433371
0.973884205004793 -0.000440474090623
0.975528258147577 -0.000412918133066
0.977120164258138 -0.000386216507934
0.978659748766034 -0.000360373996821
0.980146842838471 -0.000335394538701
0.981581283398829 -0.000311282500709
0.982962913144534 -0.000288041829163
0.984291580564316 -0.000265676625592
0.985567139954818 -0.000244191025942
0.986789451436580 -0.000223588367554
0.987958380969374 -0.000203873101091
0.989073800366903 -0.000185048369427
0.990135587310861 -0.000167118018060
0.991143625364344 -0.000150085134743
0.992097803984621 -0.000133953459679
0.992998018535252 -0.000118725717158
0.993844170297569 -0.000104405085166
0.994636166481494 -0.000090994780121
0.995373920235722 -0.000078496966627
0.996057350657239 -0.000066914356854
0.996686382800198 -0.000056249482698
0.997260947684137 -0.000046504579039
0.997780982301540 -0.000037681508319
0.998246429624752 -0.000029782009443
0.998657238612229 -0.000022808005910
0.999013364214136 -0.000016760752462
0.999314767377287 -0.000011641781993
0.999561415049429 -0.000007451854427
0.999753280182866 -0.000004192380772
0.999890341737423 -0.000001863419192
0.999972584682756 -0.000000465867108
1.000000000000000 0.000000000000000
