1.000000000000000 0.000000000000000
0.999972584682756 0.000005149780597
0.999890341737423 0.000020606338861
0.999753280182866 0.000046377927717
0.999561415049429 0.000082480429993
0.999314767377287 0.000128940565074
0.999013364214136 0.000185788998449
0.998657238612229 0.000253056706830
0.998246429624752 0.000330791448223
0.997780982301540 0.000419033863466
0.997260947684137 0.000517843974249
0.996686382800198 0.000627277123759
0.996057350657239 0.000747390126744
0.995373920235722 0.000878254267551
0.994636166481494 0.001019927458314
0.993844170297569 0.001172487584242
0.992998018535252 0.001335997626617
0.992097803984621 0.001510528753882
0.991143625364344 0.001696156124343
0.990135587310861 0.001892940686944
0.989073800366903 0.002100955890103
0.987958380969374 0.002320255456938
0.986789451436580 0.002550900130708
0.985567139954818 0.002792942694906
0.984291580564316 0.003046426796820
0.982962913144534 0.003311385731925
0.981581283398829 0.003587851862177
0.980146842838472 0.003875837657455
0.978659748766034 0.004175348575947
0.977120164258138 0.004486371053937
0.975528258147577 0.004808885467881
0.973884205004793 0.005142850441239
0.972188185118741 0.005488204979135
0.970440384477113 0.005844870651758
0.968640994745946 0.006212750174685
0.966790213248601 0.006591722247705
0.964888242944126 0.006981640157053
0.962935292404997 0.007382334169653
0.960931575794250 0.007793605549843
0.958877312841991 0.008215228554869
0.956772728821300 0.008646949461251
0.954618054523534 0.009088481765433
0.952413526233010 0.009539492325606
0.950159385701097 0.009999621683623
0.947855880119706 0.010468560349293
0.945503262094184 0.010946021137747
0.943101789615607 0.011431829098669
0.940651726032496 0.011925795077865
0.938153340021932 0.012427713611607
0.935606905560095 0.012937363951265
0.933012701892219 0.013454529305530
0.930371013501972 0.013978984373190
0.927682130080253 0.014510457426983
0.924946346493432 0.015048700833288
0.922163962751008 0.015593587900017
0.919335283972712 0.016145031032927
0.916460620355050 0.016703059647332
0.913540287137281 0.017267768688415
0.910574604566852 0.017839247721426
0.907563897864277 0.018417593510025
0.904508497187474 0.019002930621867
0.901408737595557 0.019595433078837
0.898264959012098 0.020195262385016
0.895077506187845 0.020802317815919
0.891846728662920 0.021416342111250
0.888572980728485 0.022037051007972
0.885256621387895 0.022664124004229
0.881898014317321 0.023297230448816
0.878497527825878 0.023936016609024
0.875055534815230 0.024580137878316
0.871572412738697 0.025229236859250
0.868048543559867 0.025883093396195
0.864484313710706 0.026541526460905
0.860880114049181 0.027204350858550
0.857236339816402 0.027871363233623
0.853553390593274 0.028542358562529
0.849831670256683 0.029217149053152
0.846071586935203 0.029895622034693
0.842273552964344 0.030577686645658
0.838437984841330 0.031263278857136
0.834565303179429 0.031952477485534
0.830655932661826 0.032645402093931
0.826710301995053 0.033342122739900
0.822728843861975 0.034042291347130
0.818711994874345 0.034745365214085
0.814660195524919 0.035450767037206
0.810573890139155 0.036157643662304
0.806453526826488 0.036864871197453
0.802299557431188 0.037571259405887
0.798112437482808 0.038275826431640
0.793892626146237 0.038978241567912
0.789640586171339 0.039678326387720
0.785356783842216 0.040375895919560
0.781041688926065 0.041070853297481
0.776695774621672 0.041763175038191
0.772319517507513 0.042452856441474
0.767913397489498 0.043139893711625
0.763477897748339 0.043824320232523
0.759013504686565 0.044506164877862
0.754520707875186 0.045185481490633
0.750000000000000 0.045862261098921
0.745451876807570 0.046536247801010
0.740876837050858 0.047207128933876
0.736275382434527 0.047874584889063
0.731648017559931 0.048538265869838
0.726995249869773 0.049197723513954
0.722317589592464 0.049852479291568
0.717615549686164 0.050502054450549
0.712889645782536 0.051145977048004
0.708140396130201 0.051783833231605
0.703368321537900 0.052415226136747
0.698573945317390 0.053039754814827
0.693757793226052 0.053657053465150
0.688920393409234 0.054267023927135
0.684062276342339 0.054869717116801
0.679183974772650 0.055465191840985
0.674286023660908 0.056053516248293
0.669368960122646 0.056634778854910
0.664433323369292 0.057209086386115
0.659479654649035 0.057776553249275
0.654508497187474 0.058337304837277
0.649520396128043 0.058891400798466
0.644515898472236 0.059438575559602
0.639495553019615 0.059978480454149
0.634459910307633 0.060510760985456
0.629409522551260 0.061035066726982
0.624344943582428 0.061550971029798
0.619266728789291 0.062057969750106
0.614175435055328 0.062555541249685
0.609071620698271 0.063043170332616
0.603955845408880 0.063520362853411
0.598828670189563 0.063986836147269
0.593690657292862 0.064442412142637
0.588542370159792 0.064886916092566
0.583384373358051 0.065320179088981
0.578217232520115 0.065742061824847
0.573041514281206 0.066152528633660
0.567857786217152 0.066551567333464
0.562666616782152 0.066939174770997
0.557468575246433 0.067315349755870
0.552264231633827 0.067680067691687
0.547054156659257 0.068033247305755
0.541838921666158 0.068374801767496
0.536619098563816 0.068704651941208
0.531395259764657 0.069022721443624
0.526167978121472 0.069328919869935
0.520937826864600 0.069623138287117
0.515705379539064 0.069905272045357
0.510471209941678 0.070175217482150
0.505235892058123 0.070432881483923
0.500000000000000 0.070678230806698
0.494764107941877 0.070911290489958
0.489528790058322 0.071132092484305
0.484294620460936 0.071340673454106
0.479062173135400 0.071537079089762
0.473832021878528 0.071721378147889
0.468604740235343 0.071893664558417
0.463380901436184 0.072054033810589
0.458161078333842 0.072202587999614
0.452945843340743 0.072339434884034
0.447735768366173 0.072464702806699
0.442531424753567 0.072578533259681
0.437333383217848 0.072681072393541
0.432142213782848 0.072772469525937
0.426958485718794 0.072852892407152
0.421782767479885 0.072922602959480
0.416615626641949 0.072981900456203
0.411457629840209 0.073031086261595
0.406309342707138 0.073070462852371
0.401171329810437 0.073100214200779
0.396044154591120 0.073120082352187
0.390928379301729 0.073129714514173
0.385824564944672 0.073128767509915
0.380733271210710 0.073116910295601
0.375655056417573 0.073094055113191
0.370590477448740 0.073060567038711
0.365540089692367 0.073016861471773
0.360504446980385 0.072963352344536
0.355484101527764 0.072900416197284
0.350479603871957 0.072827788041372
0.345491502812526 0.072744662251189
0.340520345350965 0.072650237461922
0.335566676630708 0.072543734668639
0.330631039877354 0.072424477878613
0.325713976339092 0.072292190005301
0.320816025227350 0.072146717956672
0.315937723657661 0.071987922413435
0.311079606590766 0.071815687254608
0.306242206773949 0.071630312243047
0.301426054682610 0.071432583553844
0.296631678462100 0.071223303974805
0.291859603869799 0.071003266129060
0.287110354217464 0.070773146454090
0.282384450313836 0.070533216756617
0.277682410407536 0.070283658249399
0.273004750130227 0.070024658762369
0.268351982440069 0.069756475900873
0.263724617565473 0.069480017015280
0.259123162949143 0.069196519066230
0.254548123192430 0.068907193104704
0.250000000000000 0.068613165447289
0.245479292124815 0.068314567241357
0.240986495313435 0.068010707253025
0.236522102251661 0.067700899775921
0.232086602510502 0.067384487064214
0.227680482492487 0.067060782882773
0.223304225378328 0.066729072143710
0.218958311073935 0.066388678043631
0.214643216157784 0.066038966541308
0.210359413828661 0.065679420133733
0.206107373853763 0.065309621855707
0.201887562517192 0.064929186230850
0.197700442568813 0.064537732571257
0.193546473173512 0.064134685022728
0.189426109860845 0.063719402439962
0.185339804475081 0.063291290092150
0.181288005125655 0.062849819363484
0.177271156138025 0.062394537333463
0.173289698004947 0.061925048065969
0.169344067338174 0.061441004760163
0.165434696820571 0.060942195389844
0.161562015158670 0.060428524386212
0.157726447035656 0.059899932466704
0.153928413064797 0.059356400741791
0.150168329743317 0.058797963447983
0.146446609406726 0.058224683472119
0.142763660183598 0.057636668383570
0.139119885950819 0.057034124358821
0.135515686289294 0.056417301801813
0.131951456440133 0.055786471343397
0.128427587261303 0.055141953713730
0.124944465184770 0.054484077699412
0.121502472174122 0.053813218346661
0.118101985682679 0.053129840423129
0.114743378612105 0.052434491089700
0.111427019271515 0.051727722513961
0.108153271337080 0.051010163639664
0.104922493812155 0.050282478695097
0.101735040987902 0.049545296645589
0.098591262404443 0.048798937253497
0.095491502812526 0.048043636368930
0.092436102135723 0.047279559987646
0.089425395433148 0.046506615826742
0.086459712862719 0.045724716618716
0.083539379644950 0.044933902155628
0.080664716027288 0.044134313386753
0.077836037248993 0.043326174408978
0.075053653506568 0.042509719244782
0.072317869919747 0.041685245026513
0.069628986498028 0.040853082444774
0.066987298107781 0.040013620009808
0.064393094439905 0.039167274538128
0.061846659978068 0.038314540538220
0.059348273967504 0.037455955335446
0.056898210384393 0.036592082201824
0.054496737905816 0.035723543934346
0.052144119880294 0.034851054239030
0.049840614298903 0.033975410571049
0.047586473766990 0.033096933477346
0.045381945476466 0.032215422715647
0.043227271178700 0.031330743359014
0.041122687158010 0.030442780996705
0.039068424205750 0.029551617187832
0.037064707595003 0.028657500059904
0.035111757055874 0.027760569160293
0.033209786751399 0.026860784341494
0.031359005254054 0.025958267591331
0.029559615522887 0.025053266169111
0.027811814881260 0.024146197163970
0.026115794995207 0.023237622156681
0.024471741852423 0.022328391566248
0.022879835741862 0.021419680243751
0.021340251233966 0.020513267244974
0.019853157161529 0.019611213779278
0.018418716601171 0.018715555010694
0.017037086855466 0.017826800344178
0.015708419435685 0.016944751391938
0.014432860045182 0.016068923704922
0.013210548563420 0.015199203034174
0.012041619030626 0.014336039218044
0.010926199633097 0.013480844314598
0.009864412689139 0.012636453512690
0.008856374635656 0.011805869390560
0.007902196015379 0.010989784711982
0.007001981464748 0.010180137460713
0.006155829702431 0.009366932171054
0.005363833518506 0.008538917188278
0.004626079764278 0.007684338377562
0.003942649342761 0.006821672686385
0.003313617199802 0.005988513394334
0.002739052315863 0.005219871883383
0.002219017698460 0.004524706485957
0.001753570375248 0.003890025104482
0.001342761387771 0.003299394585711
0.000986635785864 0.002745236575694
0.000685232622713 0.002222750626359
0.000438584950571 0.001728701196690
0.000246719817134 0.001260845743360
0.000109658262577 0.000817521050879
0.000027415317244 0.000397577267485
0.000000000000000 0.000000000000000
0.000027415317244 -0.000376028435434
0.000109658262577 -0.000730984904482
0.000246719817134 -0.001065707951831
0.000438584950571 -0.001387603823528
0.000685232622713 -0.001702636519818
0.000986635785864 -0.002012092176864
0.001342761387771 -0.002314946102083
0.001753570375248 -0.002608988111490
0.002219017698460 -0.002890731717559
0.002739052315863 -0.003154083121255
0.003313617199802 -0.003393925964579
0.003942649342761 -0.003609402402901
0.004626079764278 -0.003810370294418
0.005363833518506 -0.004016348578244
0.006155829702431 -0.004245932575303
0.007001981464748 -0.004496906700337
0.007902196015379 -0.004761930221143
0.008856374635656 -0.005030846257946
0.009864412689139 -0.005292338104255
0.010926199633097 -0.005543582114386
0.012041619030626 -0.005786229389927
0.013210548563420 -0.006022818964529
0.014432860045182 -0.006253171398357
0.015708419435684 -0.006475012463516
0.017037086855466 -0.006684382089505
0.018418716601171 -0.006876718421566
0.019853157161528 -0.007048758619348
0.021340251233966 -0.007200016564902
0.022879835741862 -0.007333713082186
0.024471741852423 -0.007455221838006
0.026115794995207 -0.007570446261882
0.027811814881259 -0.007681965191653
0.029559615522887 -0.007789272999510
0.031359005254054 -0.007891598318823
0.033209786751399 -0.007988107917656
0.035111757055874 -0.008077986141387
0.037064707595003 -0.008160369113982
0.039068424205750 -0.008234432083488
0.041122687158009 -0.008300219615270
0.043227271178699 -0.008358388859378
0.045381945476466 -0.008409784041305
0.047586473766990 -0.008455474247360
0.049840614298903 -0.008496840295117
0.052144119880293 -0.008535133214052
0.054496737905816 -0.008570647545574
0.056898210384393 -0.008603474792479
0.059348273967504 -0.008633586174957
0.061846659978068 -0.008660959343584
0.064393094439905 -0.008685633083997
0.066987298107781 -0.008707676612239
0.069628986498028 -0.008727175951703
0.072317869919747 -0.008744240546281
0.075053653506568 -0.008759004056774
0.077836037248992 -0.008771624644437
0.080664716027288 -0.008782259815847
0.083539379644950 -0.008791070812302
0.086459712862719 -0.008798241277735
0.089425395433148 -0.008803976287764
0.092436102135723 -0.008808512785957
0.095491502812526 -0.008812147738795
0.098591262404443 -0.008815216548184
0.101735040987902 -0.008817964445236
0.104922493812155 -0.008820511279478
0.108153271337080 -0.008822961351062
0.111427019271514 -0.008825320537886
0.114743378612105 -0.008827555840170
0.118101985682679 -0.008829648344484
0.121502472174122 -0.008831613077635
0.124944465184770 -0.008833468214252
0.128427587261303 -0.008835149992190
0.131951456440133 -0.008836497621185
0.135515686289294 -0.008837331838477
0.139119885950819 -0.008837418485951
0.142763660183598 -0.008836475931893
0.146446609406726 -0.008834214433875
0.150168329743317 -0.008830447067185
0.153928413064796 -0.008825060065469
0.157726447035656 -0.008817945870813
0.161562015158669 -0.008809138739188
0.165434696820571 -0.008798800249665
0.169344067338174 -0.008787106070842
0.173289698004947 -0.008774166375868
0.177271156138025 -0.008759991505726
0.181288005125655 -0.008744586375832
0.185339804475081 -0.008727911360991
0.189426109860845 -0.008709773950166
0.193546473173511 -0.008689941934769
0.197700442568812 -0.008668184707127
0.201887562517192 -0.008644407810573
0.206107373853763 -0.008618618182013
0.210359413828660 -0.008590827309227
0.214643216157784 -0.008561072255540
0.218958311073935 -0.008529466953850
0.223304225378328 -0.008496146756745
0.227680482492486 -0.008461251594805
0.232086602510501 -0.008424790872434
0.236522102251661 -0.008386588557900
0.240986495313435 -0.008346450198727
0.245479292124814 -0.008304185471218
0.250000000000000 -0.008259776148167
0.254548123192429 -0.008213353063828
0.259123162949142 -0.008165057560561
0.263724617565473 -0.008115038886996
0.268351982440069 -0.008063467221540
0.273004750130227 -0.008010529595381
0.277682410407536 -0.007956420289656
0.282384450313836 -0.007901322618704
0.287110354217464 -0.007845113600754
0.291859603869799 -0.007787399849394
0.296631678462100 -0.007727768469376
0.301426054682609 -0.007665797744813
0.306242206773948 -0.007601131136390
0.311079606590766 -0.007533510265906
0.315937723657661 -0.007462680248167
0.320816025227350 -0.007388380683941
0.325713976339092 -0.007310317045352
0.330631039877354 -0.007228094868014
0.335566676630708 -0.007141291390810
0.340520345350965 -0.007049478582535
0.345491502812526 -0.006952228335307
0.350479603871956 -0.006849202057770
0.355484101527764 -0.006740121163144
0.360504446980385 -0.006624704615643
0.365540089692367 -0.006502670328730
0.370590477448739 -0.006373892109767
0.375655056417572 -0.006238652591032
0.380733271210709 -0.006097307686064
0.385824564944672 -0.005950223103427
0.390928379301728 -0.005797770376267
0.396044154591120 -0.005640289777341
0.401171329810437 -0.005478093954451
0.406309342707137 -0.005311501405805
0.411457629840208 -0.005140836194070
0.416615626641949 -0.004966379374491
0.421782767479884 -0.004788132630084
0.426958485718794 -0.004605996249737
0.432142213782848 -0.004419871259387
0.437333383217848 -0.004229660399630
0.442531424753567 -0.004035303992099
0.447735768366173 -0.003836844104278
0.452945843340743 -0.003634341130632
0.458161078333842 -0.003427856617474
0.463380901436184 -0.003217455549306
0.468604740235343 -0.003003221611687
0.473832021878528 -0.002785267813291
0.479062173135400 -0.002563709518273
0.484294620460935 -0.002338665770648
0.489528790058321 -0.002110255422809
0.494764107941877 -0.001878604778810
0.500000000000000 -0.001643844820425
0.505235892058122 -0.001406106559138
0.510471209941678 -0.001165524908631
0.515705379539064 -0.000922233796057
0.520937826864600 -0.000676376339652
0.526167978121472 -0.000428096507173
0.531395259764656 -0.000177543101119
0.536619098563816 0.000075139232456
0.541838921666157 0.000329795048508
0.547054156659257 0.000586247322489
0.552264231633827 0.000844310072194
0.557468575246433 0.001103798759324
0.562666616782152 0.001364527739624
0.567857786217152 0.001626309206375
0.573041514281206 0.001888949254349
0.578217232520115 0.002152251802439
0.583384373358051 0.002416024354767
0.588542370159791 0.002680072862788
0.593690657292862 0.002944149190990
0.598828670189563 0.003207951938391
0.603955845408879 0.003471177940691
0.609071620698271 0.003733530444477
0.614175435055328 0.003994694354146
0.619266728789290 0.004254234370648
0.624344943582427 0.004511662889518
0.629409522551260 0.004766499192597
0.634459910307633 0.005018272073566
0.639495553019614 0.005266551277849
0.644515898472235 0.005510981194482
0.649520396128043 0.005751222918856
0.654508497187474 0.005986947239995
0.659479654649035 0.006217842161161
0.664433323369291 0.006443728264428
0.669368960122646 0.006664498328654
0.674286023660907 0.006880049746574
0.679183974772650 0.007090287950861
0.684062276342339 0.007295111590891
0.688920393409233 0.007494416563995
0.693757793226051 0.007688099758869
0.698573945317390 0.007876065786767
0.703368321537900 0.008058200224605
0.708140396130200 0.008234309286435
0.712889645782536 0.008404187295180
0.717615549686163 0.008567637963736
0.722317589592464 0.008724475142017
0.726995249869773 0.008874526634753
0.731648017559930 0.009017631370884
0.736275382434527 0.009153638959852
0.740876837050857 0.009282403208535
0.745451876807570 0.009403745075147
0.750000000000000 0.009517479336160
0.754520707875185 0.009623431385978
0.759013504686565 0.009721422283982
0.763477897748338 0.009811174909222
0.767913397489498 0.009892386214582
0.772319517507513 0.009964772571580
0.776695774621672 0.010028070780098
0.781041688926065 0.010082035993330
0.785356783842216 0.010126443010793
0.789640586171339 0.010161088406654
0.793892626146236 0.010185831733614
0.798112437482808 0.010200611802365
0.802299557431187 0.010205386699475
0.806453526826488 0.010200205870183
0.810573890139155 0.010185647438939
0.814660195524918 0.010162489466493
0.818711994874345 0.010131477730866
0.822728843861975 0.010093040360036
0.826710301995052 0.010047223352106
0.830655932661826 0.009994057541713
0.834565303179429 0.009933303500633
0.838437984841330 0.009863934893792
0.842273552964344 0.009784851473980
0.846071586935203 0.009695190942989
0.849831670256683 0.009594927762189
0.853553390593274 0.009484292477824
0.857236339816401 0.009363724573876
0.860880114049181 0.009234813749283
0.864484313710706 0.009099488820671
0.868048543559867 0.008959541056001
0.871572412738697 0.008816486950520
0.875055534815230 0.008671702954593
0.878497527825878 0.008525947840085
0.881898014317321 0.008378340687475
0.885256621387894 0.008227771624347
0.888572980728485 0.008073166005569
0.891846728662920 0.007913458987185
0.895077506187845 0.007747698000054
0.898264959012098 0.007575191458289
0.901408737595557 0.007395421745614
0.904508497187474 0.007208700967033
0.907563897864277 0.007017033222503
0.910574604566852 0.006822497157365
0.913540287137281 0.006626862888018
0.916460620355049 0.006431690921210
0.919335283972712 0.006238540306284
0.922163962751007 0.006049005763702
0.924946346493432 0.005864257934834
0.927682130080253 0.005684553168647
0.930371013501972 0.005509816663807
0.933012701892219 0.005339147492412
0.935606905560095 0.005171489965724
0.938153340021932 0.005006058250696
0.940651726032496 0.004842223735567
0.943101789615607 0.004679412657601
0.945503262094184 0.004517109331317
0.947855880119706 0.004354824653314
0.950159385701097 0.004192167674429
0.952413526233010 0.004029152298776
0.954618054523534 0.003866006278165
0.956772728821300 0.003703167249998
0.958877312841991 0.003541088096792
0.960931575794250 0.003380147701660
0.962935292404997 0.003220695787635
0.964888242944126 0.003063067065828
0.966790213248601 0.002907574745473
0.968640994745946 0.002754503249911
0.970440384477113 0.002604117360166
0.972188185118740 0.002456659572718
0.973884205004793 0.002312355726807
0.975528258147577 0.002171408302130
0.977120164258138 0.002034006441833
0.978659748766034 0.001900318303975
0.980146842838471 0.001770498376597
0.981581283398829 0.001644685740703
0.982962913144534 0.001523007736571
0.984291580564316 0.001405573161084
0.985567139954818 0.001292484151699
0.986789451436580 0.001183827384245
0.987958380969374 0.001079680585490
0.989073800366903 0.000980113929634
0.990135587310861 0.000885185007270
0.991143625364344 0.000794945360094
0.992097803984621 0.000709439627673
0.992998018535252 0.000628705943411
0.993844170297569 0.000552774825929
0.994636166481494 0.000481672142237
0.995373920235722 0.000415420079672
0.996057350657239 0.000354037296030
0.996686382800198 0.000297535070997
0.997260947684137 0.000245925164504
0.997780982301540 0.000199217524839
0.998246429624752 0.000157416436746
0.998657238612229 0.000120527794433
0.999013364214136 0.000088552662168
0.999314767377287 0.000061496569775
0.999561415049429 0.000039357827215
0.999753280182866 0.000022139915953
0.999890341737423 0.000009839847597
0.999972584682756 0.000002459898199
1.000000000000000 0.000000000000000
