1.000000000000000 0.000000000000000
0.999972584682756 0.000005065967589
0.999890341737423 0.000020261042140
0.999753280182866 0.000045583381266
0.999561415049429 0.000081035447334
0.999314767377287 0.000126620680909
0.999013364214136 0.000182330198840
0.998657238612229 0.000248169368419
0.998246429624752 0.000324134531538
0.997780982301540 0.000410226284135
0.997260947684137 0.000506446137031
0.996686382800198 0.000612786513122
0.996057350657239 0.000729254016819
0.995373920235722 0.000855839457997
0.994636166481494 0.000992544453203
0.993844170297569 0.001139368084420
0.992998018535252 0.001296303528367
0.992097803984621 0.001463354695002
0.991143625364344 0.001640512848885
0.990135587310861 0.001827776583823
0.989073800366903 0.002025141777060
0.987958380969374 0.002232601542007
0.986789451436580 0.002450152871793
0.985567139954818 0.002677789910628
0.984291580564316 0.002915507251450
0.982962913144534 0.003163299891557
0.981581283398829 0.003421153119217
0.980146842838472 0.003689062580042
0.978659748766034 0.003967020821206
0.977120164258138 0.004255017229259
0.975528258147577 0.004553034599849
0.973884205004793 0.004861069270848
0.972188185118741 0.005179104150448
0.970440384477113 0.005507125479365
0.968640994745946 0.005845116034542
0.966790213248601 0.006193061818034
0.964888242944126 0.006550941865336
0.962935292404997 0.006918741700998
0.960931575794250 0.007296436365541
0.958877312841991 0.007684007269725
0.956772728821300 0.008081428585647
0.954618054523534 0.008488673951491
0.952413526233010 0.008905719810818
0.950159385701097 0.009332535155857
0.947855880119706 0.009769091655441
0.945503262094184 0.010215356789262
0.943101789615607 0.010671293771818
0.940651726032496 0.011136868305754
0.938153340021932 0.011612041699399
0.935606905560095 0.012096777632067
0.933012701892219 0.012591028413771
0.930371013501972 0.013094752013094
0.927682130080253 0.013607901736706
0.924946346493432 0.014130426156400
0.922163962751008 0.014662275912522
0.919335283972712 0.015203396792136
0.916460620355050 0.015753736517979
0.913540287137281 0.016313227491099
0.910574604566852 0.016881810849116
0.907563897864277 0.017459426168017
0.904508497187474 0.018046000948623
0.901408737595557 0.018641470933493
0.898264959012098 0.019245759530597
0.895077506187845 0.019858788945936
0.891846728662920 0.020480487528639
0.888572980728485 0.021110770829575
0.885256621387895 0.021749550485117
0.881898014317321 0.022396733104594
0.878497527825878 0.023052216448486
0.875055534815230 0.023715884454689
0.871572412738697 0.024387623234022
0.868048543559867 0.025067302295012
0.864484313710706 0.025754802590109
0.860880114049181 0.026449991154263
0.857236339816402 0.027152734548606
0.853553390593274 0.027862888435234
0.849831670256683 0.028580308186469
0.846071586935203 0.029304842023133
0.842273552964344 0.030036341359123
0.838437984841330 0.030774643414277
0.834565303179429 0.031519581530718
0.830655932661826 0.032270992056935
0.826710301995053 0.033028697124992
0.822728843861975 0.033792518538676
0.818711994874345 0.034562274373654
0.814660195524919 0.035337775440105
0.810573890139155 0.036118832031124
0.806453526826488 0.036905246622994
0.802299557431188 0.037696810880635
0.798112437482808 0.038493323029147
0.793892626146237 0.039294572183520
0.789640586171339 0.040100345189129
0.785356783842216 0.040910421999286
0.781041688926065 0.041724585068608
0.776695774621672 0.042542625149462
0.772319517507513 0.043364326712948
0.767913397489498 0.044189481749112
0.763477897748339 0.045017865741759
0.759013504686565 0.045849260852292
0.754520707875186 0.046683439951794
0.750000000000000 0.047520173513234
0.745451876807570 0.048359232574026
0.740876837050858 0.049200378737822
0.736275382434527 0.050043374706699
0.731648017559931 0.050887977852593
0.726995249869773 0.051733952127463
0.722317589592464 0.052581055329212
0.717615549686164 0.053429037218049
0.712889645782536 0.054277662062014
0.708140396130201 0.055126669453491
0.703368321537900 0.055975793836254
0.698573945317390 0.056824763925291
0.693757793226052 0.057673310049014
0.688920393409234 0.058521188350419
0.684062276342339 0.059368242079589
0.679183974772650 0.060214323042986
0.674286023660908 0.061059287981239
0.669368960122646 0.061903002519129
0.664433323369292 0.062745358357935
0.659479654649035 0.063586269833722
0.654508497187474 0.064425654111412
0.649520396128043 0.065263421766133
0.644515898472236 0.066099482882080
0.639495553019615 0.066933714009397
0.634459910307633 0.067765994738834
0.629409522551260 0.068596212603080
0.624344943582428 0.069424260291067
0.619266728789291 0.070250107624657
0.614175435055328 0.071073773194570
0.609071620698271 0.071895267790093
0.603955845408880 0.072714617286444
0.598828670189563 0.073531722722774
0.593690657292862 0.074346142365961
0.588542370159792 0.075157371475191
0.583384373358051 0.075964900429080
0.578217232520115 0.076768211458669
0.573041514281206 0.077566500241780
0.567857786217152 0.078358537852622
0.562666616782152 0.079143065062392
0.557468575246433 0.079918816419990
0.552264231633827 0.080684532502861
0.547054156659257 0.081439052019921
0.541838921666158 0.082181300894496
0.536619098563816 0.082910215282253
0.531395259764657 0.083624732681747
0.526167978121472 0.084323781639922
0.520937826864600 0.085006149171888
0.515705379539064 0.085670534615227
0.510471209941678 0.086315648872755
0.505235892058123 0.086940209076969
0.500000000000000 0.087543035680236
0.494764107941877 0.088123628385412
0.489528790058322 0.088681813601429
0.484294620460936 0.089217427388859
0.479062173135400 0.089730318323863
0.473832021878528 0.090220435483009
0.468604740235343 0.090688331938663
0.463380901436184 0.091134799792621
0.458161078333842 0.091560627454064
0.452945843340743 0.091966609982914
0.447735768366173 0.092353507508882
0.442531424753567 0.092721921562269
0.437333383217848 0.093072396571219
0.432142213782848 0.093405484023023
0.426958485718794 0.093721734091241
0.421782767479885 0.094021739082510
0.416615626641949 0.094306252874429
0.411457629840209 0.094576070603156
0.406309342707138 0.094831983444832
0.401171329810437 0.095074777879100
0.396044154591120 0.095304972351831
0.390928379301729 0.095522305476122
0.385824564944672 0.095726388389071
0.380733271210710 0.095916840202945
0.375655056417573 0.096093294187520
0.370590477448740 0.096255217813537
0.365540089692367 0.096401772291624
0.360504446980385 0.096532105533678
0.355484101527764 0.096645389253335
0.350479603871957 0.096740823071656
0.345491502812526 0.096817698469310
0.340520345350965 0.096875398291762
0.335566676630708 0.096913331419060
0.330631039877354 0.096930930124822
0.325713976339092 0.096927643859390
0.320816025227350 0.096902898306543
0.315937723657661 0.096856124065810
0.311079606590766 0.096786778360108
0.306242206773949 0.096694345031715
0.301426054682610 0.096578402109897
0.296631678462100 0.096438690276648
0.291859603869799 0.096274990312926
0.287110354217464 0.096087103173202
0.282384450313836 0.095874870271211
0.277682410407536 0.095638312536183
0.273004750130227 0.095377552957166
0.268351982440069 0.095092732768635
0.263724617565473 0.094784002902628
0.259123162949143 0.094451506625924
0.254548123192430 0.094095370560408
0.250000000000000 0.093715729431534
0.245479292124815 0.093312739529545
0.240986495313435 0.092886572967840
0.236522102251661 0.092437428869997
0.232086602510502 0.091965524188821
0.227680482492487 0.091471088282256
0.223304225378328 0.090954363188161
0.218958311073935 0.090415596044740
0.214643216157784 0.089855043586912
0.210359413828661 0.089272975385071
0.206107373853763 0.088669687738948
0.201887562517192 0.088045536364622
0.197700442568813 0.087400901228353
0.193546473173512 0.086736179068564
0.189426109860845 0.086051859943129
0.185339804475081 0.085348716377483
0.181288005125655 0.084627554571394
0.177271156138025 0.083889189315410
0.173289698004947 0.083134380617784
0.169344067338174 0.082363852567139
0.165434696820571 0.081578318844572
0.161562015158670 0.080778511448895
0.157726447035656 0.079965299663015
0.153928413064797 0.079139600083798
0.150168329743317 0.078302312497186
0.146446609406726 0.077453877190632
0.142763660183598 0.076594040905737
0.139119885950819 0.075722511030979
0.135515686289294 0.074838984220560
0.131951456440133 0.073942850896255
0.128427587261303 0.073033480742518
0.124944465184770 0.072110319678046
0.121502472174122 0.071172978869230
0.118101985682679 0.070221173828039
0.114743378612105 0.069254676400558
0.111427019271515 0.068273315536938
0.108153271337080 0.067276947233795
0.104922493812155 0.066265511363027
0.101735040987902 0.065239038894892
0.098591262404443 0.064197613332886
0.095491502812526 0.063141454735440
0.092436102135723 0.062071218144017
0.089425395433148 0.060987790275493
0.086459712862719 0.059892055657859
0.083539379644950 0.058784897697975
0.080664716027288 0.057667204749050
0.077836037248993 0.056539854062404
0.075053653506568 0.055403760096328
0.072317869919747 0.054259846363799
0.069628986498028 0.053109073201632
0.066987298107781 0.051952441451341
0.064393094439905 0.050791017958279
0.061846659978068 0.049625921706437
0.059348273967504 0.048458295796525
0.056898210384393 0.047289312382265
0.054496737905816 0.046120136165709
0.052144119880294 0.044952121416580
0.049840614298903 0.043786685469060
0.047586473766990 0.042624740344835
0.045381945476466 0.041466547655746
0.043227271178700 0.040312218743928
0.041122687158010 0.039161534366873
0.039068424205750 0.038014372874640
0.037064707595003 0.036870761812463
0.035111757055874 0.035730838778913
0.033209786751399 0.034594734542812
0.031359005254054 0.033462714459983
0.029559615522887 0.032335034494545
0.027811814881260 0.031212103285700
0.026115794995207 0.030094494611022
0.024471741852423 0.028982594329011
0.022879835741862 0.027876354640780
0.021340251233966 0.026774913465265
0.019853157161529 0.025677096380893
0.018418716601171 0.024583006172579
0.017037086855466 0.023493576243922
0.015708419435685 0.022410510020387
0.014432860045182 0.021336142557218
0.013210548563420 0.020273401102396
0.012041619030626 0.019225867719891
0.010926199633097 0.018195200230039
0.009864412689139 0.017180140509395
0.008856374635656 0.016179298501758
0.007902196015379 0.015191565801281
0.007001981464748 0.014216099074822
0.006155829702431 0.013252283576369
0.005363833518506 0.012299637190046
0.004626079764278 0.011357713542994
0.003942649342761 0.010426199406880
0.003313617199802 0.009504868956483
0.002739052315863 0.008593448564293
0.002219017698460 0.007691841394714
0.001753570375248 0.006799842743086
0.001342761387771 0.005917348656252
0.000986635785864 0.005044258510550
0.000685232622713 0.004180543410111
0.000438584950571 0.003326053638006
0.000246719817134 0.002480829357680
0.000109658262577 0.001644744952567
0.000027415317244 0.000817722836100
0.000000000000000 0.000000000000000
0.000027415317244 -0.000808636993689
0.000109658262577 -0.001611667287805
0.000246719817134 -0.002419829896406
0.000438584950571 -0.003235662754899
0.000685232622713 -0.004058608405753
0.000986635785864 -0.004887731889868
0.001342761387771 -0.005721681808416
0.001753570375248 -0.006559053053568
0.002219017698460 -0.007398226026961
0.002739052315863 -0.008237473009087
0.003313617199802 -0.009074840451925
0.003942649342761 -0.009908176865875
0.004626079764278 -0.010735142972583
0.005363833518506 -0.011553036507259
0.006155829702431 -0.012358934318953
0.007001981464748 -0.013149507678119
0.007902196015379 -0.013920851957425
0.008856374635656 -0.014668657207448
0.009864412689139 -0.015388054298678
0.010926199633097 -0.016073004652277
0.012041619030626 -0.016715728520114
0.013210548563420 -0.017309940098436
0.014432860045182 -0.017851247176759
0.015708419435684 -0.018339277239967
0.017037086855466 -0.018776235018668
0.018418716601171 -0.019165535424688
0.019853157161528 -0.019511743981915
0.021340251233966 -0.019821170639605
0.022879835741862 -0.020102185914295
0.024471741852423 -0.020366305066536
0.026115794995207 -0.020623464514472
0.027811814881259 -0.020876099594343
0.029559615522887 -0.021124854640056
0.031359005254054 -0.021368517210569
0.033209786751399 -0.021605919438754
0.035111757055874 -0.021836415487726
0.037064707595003 -0.022059367369335
0.039068424205750 -0.022274013515876
0.041122687158009 -0.022479625522922
0.043227271178699 -0.022675545254963
0.045381945476466 -0.022861142710753
0.047586473766990 -0.023035772831386
0.049840614298903 -0.023198864792640
0.052144119880293 -0.023350020453835
0.054496737905816 -0.023488946580482
0.056898210384393 -0.023615527666174
0.059348273967504 -0.023729765038828
0.061846659978068 -0.023831742085963
0.064393094439905 -0.023921631110285
0.066987298107781 -0.023999728652035
0.069628986498028 -0.024066470598548
0.072317869919747 -0.024122388868008
0.075053653506568 -0.024168042932193
0.077836037248992 -0.024204074148024
0.080664716027288 -0.024231054812650
0.083539379644950 -0.024249520769932
0.086459712862719 -0.024260114661032
0.089425395433148 -0.024263620659219
0.092436102135723 -0.024260934537457
0.095491502812526 -0.024253033178297
0.098591262404443 -0.024240978174247
0.101735040987902 -0.024225783732729
0.104922493812155 -0.024207692112586
0.108153271337080 -0.024186676031298
0.111427019271514 -0.024162722840164
0.114743378612105 -0.024135849633779
0.118101985682679 -0.024106085989398
0.121502472174122 -0.024073467900157
0.124944465184770 -0.024038035610958
0.128427587261303 -0.023999838046712
0.131951456440133 -0.023958935016568
0.135515686289294 -0.023915398013413
0.139119885950819 -0.023869308232887
0.142763660183598 -0.023820756566092
0.146446609406726 -0.023769842712969
0.150168329743317 -0.023716676558579
0.153928413064796 -0.023661375600652
0.157726447035656 -0.023604060048981
0.161562015158669 -0.023544859319170
0.165434696820571 -0.023483912643899
0.169344067338174 -0.023421368488622
0.173289698004947 -0.023357384450291
0.177271156138025 -0.023292129383785
0.181288005125655 -0.023225787029308
0.185339804475081 -0.023158556508060
0.189426109860845 -0.023090646920050
0.193546473173511 -0.023022271029191
0.197700442568812 -0.022953619915785
0.201887562517192 -0.022884885652620
0.206107373853763 -0.022816269317778
0.210359413828660 -0.022747957977981
0.214643216157784 -0.022680118179590
0.218958311073935 -0.022612921238882
0.223304225378328 -0.022546544252588
0.227680482492486 -0.022481176591142
0.232086602510501 -0.022417017504954
0.236522102251661 -0.022354271612959
0.240986495313435 -0.022293150720220
0.245479292124814 -0.022233870738470
0.250000000000000 -0.022176653125719
0.254548123192429 -0.022121725188576
0.259123162949142 -0.022069319021004
0.263724617565473 -0.022019670324930
0.268351982440069 -0.021973019087032
0.273004750130227 -0.021929609722154
0.277682410407536 -0.021889692661412
0.282384450313836 -0.021853532224720
0.287110354217464 -0.021821403199671
0.291859603869799 -0.021793585602885
0.296631678462100 -0.021770358136242
0.301426054682609 -0.021751802247864
0.306242206773948 -0.021737749175641
0.311079606590766 -0.021728006767879
0.315937723657661 -0.021722374561074
0.320816025227350 -0.021720639389569
0.325713976339092 -0.021722565413820
0.330631039877354 -0.021727905503783
0.335566676630708 -0.021736404413546
0.340520345350965 -0.021747799682583
0.345491502812526 -0.021761830701833
0.350479603871956 -0.021778237130648
0.355484101527764 -0.021796751806476
0.360504446980385 -0.021817101301208
0.365540089692367 -0.021838996415054
0.370590477448739 -0.021862109778680
0.375655056417572 -0.021886100510200
0.380733271210709 -0.021910621347070
0.385824564944672 -0.021935322032173
0.390928379301728 -0.021959946683518
0.396044154591120 -0.021984365575553
0.401171329810437 -0.022008455784187
0.406309342707137 -0.022032093062222
0.411457629840208 -0.022055161380925
0.416615626641949 -0.022077647771468
0.421782767479884 -0.022099603772298
0.426958485718794 -0.022121082655099
0.432142213782848 -0.022142138381058
0.437333383217848 -0.022162819047212
0.442531424753567 -0.022183138100357
0.447735768366173 -0.022203097793388
0.452945843340743 -0.022222700479873
0.458161078333842 -0.022241948935068
0.463380901436184 -0.022260859531988
0.468604740235343 -0.022279490739474
0.473832021878528 -0.022297908949695
0.479062173135400 -0.022316181174680
0.484294620460935 -0.022334373849439
0.489528790058321 -0.022352461043743
0.494764107941877 -0.022370237590843
0.500000000000000 -0.022387477717437
0.505235892058122 -0.022403955800165
0.510471209941678 -0.022419444568516
0.515705379539064 -0.022433644860474
0.520937826864600 -0.022446164904529
0.526167978121472 -0.022456608269332
0.531395259764656 -0.022464580507872
0.536619098563816 -0.022469691398250
0.541838921666157 -0.022471586030235
0.547054156659257 -0.022469939910781
0.552264231633827 -0.022464432696355
0.557468575246433 -0.022454747669906
0.562666616782152 -0.022440565084098
0.567857786217152 -0.022421509473151
0.573041514281206 -0.022397180239636
0.578217232520115 -0.022367182344706
0.583384373358051 -0.022331127485998
0.588542370159791 -0.022288723091450
0.593690657292862 -0.022240046473609
0.598828670189563 -0.022185269756799
0.603955845408879 -0.022124566097857
0.609071620698271 -0.022058110177510
0.614175435055328 -0.021986159677715
0.619266728789290 -0.021909110771921
0.624344943582427 -0.021827371789066
0.629409522551260 -0.021741346421588
0.634459910307633 -0.021651431689851
0.639495553019614 -0.021557975459115
0.644515898472235 -0.021461295675105
0.649520396128043 -0.021361705438059
0.654508497187474 -0.021259514004733
0.659479654649035 -0.021155047549400
0.664433323369291 -0.021048683413501
0.669368960122646 -0.020940802160631
0.674286023660907 -0.020831776240072
0.679183974772650 -0.020721954765245
0.684062276342339 -0.020611498433767
0.688920393409233 -0.020500462445448
0.693757793226051 -0.020388901286736
0.698573945317390 -0.020276862091568
0.703368321537900 -0.020164153208252
0.708140396130200 -0.020050269473048
0.712889645782536 -0.019934699897134
0.717615549686163 -0.019816948524092
0.722317589592464 -0.019696566015656
0.726995249869773 -0.019573184277843
0.731648017559930 -0.019446458843958
0.736275382434527 -0.019316060022596
0.740876837050857 -0.019181666556385
0.745451876807570 -0.019042952039837
0.750000000000000 -0.018899603442306
0.754520707875185 -0.018751323537222
0.759013504686565 -0.018597836000245
0.763477897748338 -0.018438887690618
0.767913397489498 -0.018274244693833
0.772319517507513 -0.018103688380612
0.776695774621672 -0.017927008656223
0.781041688926065 -0.017743998071228
0.785356783842216 -0.017554465755961
0.789640586171339 -0.017358258620953
0.793892626146236 -0.017155503263494
0.798112437482808 -0.016946511260731
0.802299557431187 -0.016731595255451
0.806453526826488 -0.016511071533503
0.810573890139155 -0.016285267650730
0.814660195524918 -0.016054514003222
0.818711994874345 -0.015819132075688
0.822728843861975 -0.015579436322812
0.826710301995052 -0.015335731883502
0.830655932661826 -0.015088318921416
0.834565303179429 -0.014837494748269
0.838437984841330 -0.014583551594485
0.842273552964344 -0.014326776939766
0.846071586935203 -0.014067451979696
0.849831670256683 -0.013805851420625
0.853553390593274 -0.013542247975396
0.857236339816401 -0.013276903710891
0.860880114049181 -0.013010080795396
0.864484313710706 -0.012742033560456
0.868048543559867 -0.012473008061461
0.871572412738697 -0.012203247418903
0.875055534815230 -0.011932986196305
0.878497527825878 -0.011662456691105
0.881898014317321 -0.011391892572909
0.885256621387894 -0.011121519716078
0.888572980728485 -0.010851528338073
0.891846728662920 -0.010582079091270
0.895077506187845 -0.010313325824786
0.898264959012098 -0.010045407155358
0.901408737595557 -0.009778447297127
0.904508497187474 -0.009512583238384
0.907563897864277 -0.009247949015437
0.910574604566852 -0.008984678710759
0.913540287137281 -0.008722909409768
0.916460620355049 -0.008462770879696
0.919335283972712 -0.008204398225860
0.922163962751007 -0.007947922869630
0.924946346493432 -0.007693474918592
0.927682130080253 -0.007441187927003
0.930371013501972 -0.007191189308157
0.933012701892219 -0.006943611119644
0.935606905560095 -0.006698576277882
0.938153340021932 -0.006456216666180
0.940651726032496 -0.006216655344831
0.943101789615607 -0.005980016833545
0.945503262094184 -0.005746424963527
0.947855880119706 -0.005516002476371
0.950159385701097 -0.005288865862792
0.952413526233010 -0.005065136873514
0.954618054523534 -0.004844932280377
0.956772728821300 -0.004628366913512
0.958877312841991 -0.004415554127225
0.960931575794250 -0.004206607327540
0.962935292404997 -0.004001634570337
0.964888242944126 -0.003800745713971
0.966790213248601 -0.003604044904725
0.968640994745946 -0.003411636902098
0.970440384477113 -0.003223624132723
0.972188185118740 -0.003040104840803
0.973884205004793 -0.002861177832099
0.975528258147577 -0.002686936887772
0.977120164258138 -0.002517474882888
0.978659748766034 -0.002352881286674
0.980146842838471 -0.002193244383717
0.981581283398829 -0.002038649298995
0.982962913144534 -0.001889177497316
0.984291580564316 -0.001744909230291
0.985567139954818 -0.001605922783776
0.986789451436580 -0.001472292099662
0.987958380969374 -0.001344086858082
0.989073800366903 -0.001221376921013
0.990135587310861 -0.001104228514905
0.991143625364344 -0.000992703330918
0.992097803984621 -0.000886861959955
0.992998018535252 -0.000786760401423
0.993844170297569 -0.000692453229461
0.994636166481494 -0.000603990585375
0.995373920235722 -0.000521420699597
0.996057350657239 -0.000444787358628
0.996686382800198 -0.000374130933788
0.997260947684137 -0.000309491739996
0.997780982301540 -0.000250903274890
0.998246429624752 -0.000198396194544
0.998657238612229 -0.000151998861592
0.999013364214136 -0.000111738124191
0.999314767377287 -0.000077634436740
0.999561415049429 -0.000049705356802
0.999753280182866 -0.000027969216046
0.999890341737423 -0.000012433339295
0.999972584682756 -0.000003108664445
1.000000000000000 0.000000000000000
