1.000000000000000 0.000000000000000
0.999972584682756 0.000004220396699
0.999890341737423 0.000016915560732
0.999753280182866 0.000038164491398
0.999561415049429 0.000068112691745
0.999314767377287 0.000106953384297
0.999013364214136 0.000154930527305
0.998657238612229 0.000212341375589
0.998246429624752 0.000279523782251
0.997780982301540 0.000356848133449
0.997260947684137 0.000444733012199
0.996686382800198 0.000543605397360
0.996057350657239 0.000653930614723
0.995373920235722 0.000776170156145
0.994636166481494 0.000910798425614
0.993844170297569 0.001058280761831
0.992998018535252 0.001219059662768
0.992097803984621 0.001393557680521
0.991143625364344 0.001582152212873
0.990135587310861 0.001785170331659
0.989073800366903 0.002002868503028
0.987958380969374 0.002235421861453
0.986789451436580 0.002482921349286
0.985567139954818 0.002745328201840
0.984291580564316 0.003022497444197
0.982962913144534 0.003314368253563
0.981581283398829 0.003620865197629
0.980146842838472 0.003941846362341
0.978659748766034 0.004277060391362
0.977120164258138 0.004626155065950
0.975528258147577 0.004988660141399
0.973884205004793 0.005363966699471
0.972188185118741 0.005751341192400
0.970440384477113 0.006149915002529
0.968640994745946 0.006558568646251
0.966790213248601 0.006976279416579
0.964888242944126 0.007402532244649
0.962935292404997 0.007837013407724
0.960931575794250 0.008279552417107
0.958877312841991 0.008729920815068
0.956772728821300 0.009187902455281
0.954618054523534 0.009653277087675
0.952413526233010 0.010125845834282
0.950159385701097 0.010605417325266
0.947855880119706 0.011091795106102
0.945503262094184 0.011584784642496
0.943101789615607 0.012084313096577
0.940651726032496 0.012590404043656
0.938153340021932 0.013103139668818
0.935606905560095 0.013622666395269
0.933012701892219 0.014149155887021
0.930371013501972 0.014682821681967
0.927682130080253 0.015223921547575
0.924946346493432 0.015772744820435
0.922163962751008 0.016329650541291
0.919335283972712 0.016895072944208
0.916460620355050 0.017469402950336
0.913540287137281 0.018052753075069
0.910574604566852 0.018645197756023
0.907563897864277 0.019246753955348
0.904508497187474 0.019857413894007
0.901408737595557 0.020477191294593
0.898264959012098 0.021106106517673
0.895077506187845 0.021744192361336
0.891846728662920 0.022391495128489
0.888572980728485 0.023048070127945
0.885256621387895 0.023713945481181
0.881898014317321 0.024389109895174
0.878497527825878 0.025073546986655
0.875055534815230 0.025767189413804
0.871572412738697 0.026469950790186
0.868048543559867 0.027181736004953
0.864484313710706 0.027902464394679
0.860880114049181 0.028632048775430
0.857236339816402 0.029370395388683
0.853553390593274 0.030117409486064
0.849831670256683 0.030872997005401
0.846071586935203 0.031637045438588
0.842273552964344 0.032409450422225
0.838437984841330 0.033190096489118
0.834565303179429 0.033978853822227
0.830655932661826 0.034775603082802
0.826710301995053 0.035580214068577
0.822728843861975 0.036392546200596
0.818711994874345 0.037212468564006
0.814660195524919 0.038039836994870
0.810573890139155 0.038874511532759
0.806453526826488 0.039716335377752
0.802299557431188 0.040565143534799
0.798112437482808 0.041420759227788
0.793892626146237 0.042283004691381
0.789640586171339 0.043151690059595
0.785356783842216 0.044026627401841
0.781041688926065 0.044907609946259
0.776695774621672 0.045794435253500
0.772319517507513 0.046686902165293
0.767913397489498 0.047584791052331
0.763477897748339 0.048487896582860
0.759013504686565 0.049395981040081
0.754520707875186 0.050308812320486
0.750000000000000 0.051226146752162
0.745451876807570 0.052147736544865
0.740876837050858 0.053073332194401
0.736275382434527 0.054002664840156
0.731648017559931 0.054935480160843
0.726995249869773 0.055871509385824
0.722317589592464 0.056810478814325
0.717615549686164 0.057752116303119
0.712889645782536 0.058696150121793
0.708140396130201 0.059642294820686
0.703368321537900 0.060590276784987
0.698573945317390 0.061539815563295
0.693757793226052 0.062490628300434
0.688920393409234 0.063442429777309
0.684062276342339 0.064394932046781
0.679183974772650 0.065347847813843
0.674286023660908 0.066300877109068
0.669368960122646 0.067253725270409
0.664433323369292 0.068206092135293
0.659479654649035 0.069157654576746
0.654508497187474 0.070108082504963
0.649520396128043 0.071057044167272
0.644515898472236 0.072004202903018
0.639495553019615 0.072949227403603
0.634459910307633 0.073891778110338
0.629409522551260 0.074831514653575
0.624344943582428 0.075768099438867
0.619266728789291 0.076701197937616
0.614175435055328 0.077630463220869
0.609071620698271 0.078555562244398
0.603955845408880 0.079476152311357
0.598828670189563 0.080391901088912
0.593690657292862 0.081302471584225
0.588542370159792 0.082207531031779
0.583384373358051 0.083106748473040
0.578217232520115 0.083999800726324
0.573041514281206 0.084886353276622
0.567857786217152 0.085766072157285
0.562666616782152 0.086638596239178
0.557468575246433 0.087503563863319
0.552264231633827 0.088360615073287
0.547054156659257 0.089209394683850
0.541838921666158 0.090049549507868
0.536619098563816 0.090880722768479
0.531395259764657 0.091702565726834
0.526167978121472 0.092514724628995
0.520937826864600 0.093316863988453
0.515705379539064 0.094108620817768
0.510471209941678 0.094889632781091
0.505235892058123 0.095659541092817
0.500000000000000 0.096417991378669
0.494764107941877 0.097164633893841
0.489528790058322 0.097899125669095
0.484294620460936 0.098621122301613
0.479062173135400 0.099330289470902
0.473832021878528 0.100026300788329
0.468604740235343 0.100708832296946
0.463380901436184 0.101377542470748
0.458161078333842 0.102032077861639
0.452945843340743 0.102672091766471
0.447735768366173 0.103297243498564
0.442531424753567 0.103907205248861
0.437333383217848 0.104501648938052
0.432142213782848 0.105080248452321
0.426958485718794 0.105642685089933
0.421782767479885 0.106188657078619
0.416615626641949 0.106717864836817
0.411457629840209 0.107230005328359
0.406309342707138 0.107724768369619
0.401171329810437 0.108201856934789
0.396044154591120 0.108660987380339
0.390928379301729 0.109101879224832
0.385824564944672 0.109524210105595
0.380733271210710 0.109927625022910
0.375655056417573 0.110311787214345
0.370590477448740 0.110676371998524
0.365540089692367 0.111021033747205
0.360504446980385 0.111345082324986
0.355484101527764 0.111647656358358
0.350479603871957 0.111927917983021
0.345491502812526 0.112185056556653
0.340520345350965 0.112418309276507
0.335566676630708 0.112627042541539
0.330631039877354 0.112810685564733
0.325713976339092 0.112968693900246
0.320816025227350 0.113100550584434
0.315937723657661 0.113205787772578
0.311079606590766 0.113284033453642
0.306242206773949 0.113334953917503
0.301426054682610 0.113358239752413
0.296631678462100 0.113353608299656
0.291859603869799 0.113320890464771
0.287110354217464 0.113260061302827
0.282384450313836 0.113171123285144
0.277682410407536 0.113054096479303
0.273004750130227 0.112909056152955
0.268351982440069 0.112736392471418
0.263724617565473 0.112536642725602
0.259123162949143 0.112310352246567
0.254548123192430 0.112058066338298
0.250000000000000 0.111780244066524
0.245479292124815 0.111477192444637
0.240986495313435 0.111149209863725
0.236522102251661 0.110796610063497
0.232086602510502 0.110419689587412
0.227680482492487 0.110018594985053
0.223304225378328 0.109593442750194
0.218958311073935 0.109144364665041
0.214643216157784 0.108671517127189
0.210359413828661 0.108175046631148
0.206107373853763 0.107655108784056
0.201887562517192 0.107111878145245
0.197700442568813 0.106545547004051
0.193546473173512 0.105956211255601
0.189426109860845 0.105343880516698
0.185339804475081 0.104708591771994
0.181288005125655 0.104050404243272
0.177271156138025 0.103369435696175
0.173289698004947 0.102665843731110
0.169344067338174 0.101939809637447
0.165434696820571 0.101191540876495
0.161562015158670 0.100421189545921
0.157726447035656 0.099628878116155
0.153928413064797 0.098814758764392
0.150168329743317 0.097979016142729
0.146446609406726 0.097121913161384
0.142763660183598 0.096243744159739
0.139119885950819 0.095344835368098
0.135515686289294 0.094425458236070
0.131951456440133 0.093485777894512
0.128427587261303 0.092525967002840
0.124944465184770 0.091546235113052
0.121502472174122 0.090546771711831
0.118101985682679 0.089527754866648
0.114743378612105 0.088489421869468
0.111427019271515 0.087432050349002
0.108153271337080 0.086355977649667
0.104922493812155 0.085261565944209
0.101735040987902 0.084149147959396
0.098591262404443 0.083018912962679
0.095491502812526 0.081871052132095
0.092436102135723 0.080705834294096
0.089425395433148 0.079523581457265
0.086459712862719 0.078324694404935
0.083539379644950 0.077109580506818
0.080664716027288 0.075878680236985
0.077836037248993 0.074632438820884
0.075053653506568 0.073371284207468
0.072317869919747 0.072095414348028
0.069628986498028 0.070805070919496
0.066987298107781 0.069500547978488
0.064393094439905 0.068182257663555
0.061846659978068 0.066850668987316
0.059348273967504 0.065506305368428
0.056898210384393 0.064149792350812
0.054496737905816 0.062781701665005
0.052144119880294 0.061402312476710
0.049840614298903 0.060011903943095
0.047586473766990 0.058610853501588
0.045381945476466 0.057199566302007
0.043227271178700 0.055778563208108
0.041122687158010 0.054348547752002
0.039068424205750 0.052910234614861
0.037064707595003 0.051464299204652
0.035111757055874 0.050011405508954
0.033209786751399 0.048551983612780
0.031359005254054 0.047086311646893
0.029559615522887 0.045614814854120
0.027811814881260 0.044138076122760
0.026115794995207 0.042656822505451
0.024471741852423 0.041171913658552
0.022879835741862 0.039684294764191
0.021340251233966 0.038195046909591
0.019853157161529 0.036704958616553
0.018418716601171 0.035214539038396
0.017037086855466 0.033724485172799
0.015708419435685 0.032235664512126
0.014432860045182 0.030749175579241
0.013210548563420 0.029266338848723
0.012041619030626 0.027788748864710
0.010926199633097 0.026318225161050
0.009864412689139 0.024856470342101
0.008856374635656 0.023403793745614
0.007902196015379 0.021960098758399
0.007001981464748 0.020525710486252
0.006155829702431 0.019101256462547
0.005363833518506 0.017687787489334
0.004626079764278 0.016286832398623
0.003942649342761 0.014900496785677
0.003313617199802 0.013532091934238
0.002739052315863 0.012183653487604
0.002219017698460 0.010855340019896
0.001753570375248 0.009546793494455
0.001342761387771 0.008258775940883
0.000986635785864 0.006993206926539
0.000685232622713 0.005753866505665
0.000438584950571 0.004543431503267
0.000246719817134 0.003361319725244
0.000109658262577 0.002209814796267
0.000027415317244 0.001089749343370
0.000000000000000 0.000000000000000
0.000027415317244 -0.001033716830627
0.000109658262577 -0.001980914688223
0.000246719817134 -0.002857341915253
0.000438584950571 -0.003664412110267
0.000685232622713 -0.004413043525302
0.000986635785864 -0.005132952785073
0.001342761387771 -0.005850007711389
0.001753570375248 -0.006574771865112
0.002219017698460 -0.007313873224304
0.002739052315863 -0.008070970418013
0.003313617199802 -0.008846387683701
0.003942649342761 -0.009637162001627
0.004626079764278 -0.010442373429429
0.005363833518506 -0.011261108351061
0.006155829702431 -0.012092020860017
0.007001981464748 -0.012934949498203
0.007902196015379 -0.013789272963500
0.008856374635656 -0.014653888213439
0.009864412689139 -0.015527801588969
0.010926199633097 -0.016410322458963
0.012041619030626 -0.017300718344891
0.013210548563420 -0.018197194226520
0.014432860045182 -0.019098020729405
0.015708419435684 -0.020001945439443
0.017037086855466 -0.020907980739805
0.018418716601171 -0.021815372101603
0.019853157161528 -0.022723658548361
0.021340251233966 -0.023632727222353
0.022879835741862 -0.024542820886824
0.024471741852423 -0.025454146850750
0.026115794995207 -0.026366793651485
0.027811814881259 -0.027279812388959
0.029559615522887 -0.028191945836876
0.031359005254054 -0.029102226976929
0.033209786751399 -0.030009859990419
0.035111757055874 -0.030914126381778
0.037064707595003 -0.031814437076974
0.039068424205750 -0.032710405609670
0.041122687158009 -0.033601743093726
0.043227271178699 -0.034488124413912
0.045381945476466 -0.035369141180387
0.047586473766990 -0.036243889295165
0.049840614298903 -0.037111443145023
0.052144119880293 -0.037970999261352
0.054496737905816 -0.038821840471047
0.056898210384393 -0.039663305882742
0.059348273967504 -0.040494789247439
0.061846659978068 -0.041315738989255
0.064393094439905 -0.042125703506232
0.066987298107781 -0.042924156530857
0.069628986498028 -0.043710290796754
0.072317869919747 -0.044483244782527
0.075053653506568 -0.045242216952881
0.077836037248992 -0.045986418820654
0.080664716027288 -0.046715109893129
0.083539379644950 -0.047427587453281
0.086459712862719 -0.048123185326413
0.089425395433148 -0.048801257124880
0.092436102135723 -0.049461170463707
0.095491502812526 -0.050102323322248
0.098591262404443 -0.050724087918481
0.101735040987902 -0.051325851934208
0.104922493812155 -0.051907036333220
0.108153271337080 -0.052467109026809
0.111427019271514 -0.053005572049913
0.114743378612105 -0.053521959878627
0.118101985682679 -0.054015855076725
0.121502472174122 -0.054486865329110
0.124944465184770 -0.054934685935408
0.128427587261303 -0.055359129888527
0.131951456440133 -0.055760075728692
0.135515686289294 -0.056137448640110
0.139119885950819 -0.056491223127645
0.142763660183598 -0.056821430849308
0.146446609406726 -0.057128149672068
0.150168329743317 -0.057411506608397
0.153928413064796 -0.057671684979677
0.157726447035656 -0.057908919185514
0.161562015158669 -0.058123460431045
0.165434696820571 -0.058315577274802
0.169344067338174 -0.058485592794073
0.173289698004947 -0.058633900292477
0.177271156138025 -0.058761005342111
0.181288005125655 -0.058867486132817
0.185339804475081 -0.058953977784231
0.189426109860845 -0.059021027565290
0.193546473173511 -0.059069078227114
0.197700442568812 -0.059098613907754
0.201887562517192 -0.059110143780117
0.206107373853763 -0.059104022990444
0.210359413828660 -0.059080549911790
0.214643216157784 -0.059040058062551
0.218958311073935 -0.058982927649368
0.223304225378328 -0.058909624586716
0.227680482492486 -0.058820667686286
0.232086602510501 -0.058716616097362
0.236522102251661 -0.058597991312991
0.240986495313435 -0.058465055155144
0.245479292124814 -0.058318023338916
0.250000000000000 -0.058157132920462
0.254548123192429 -0.057982645448728
0.259123162949142 -0.057794857326199
0.263724617565473 -0.057594092480853
0.268351982440069 -0.057380696272761
0.273004750130227 -0.057155029233341
0.277682410407536 -0.056917409636222
0.282384450313836 -0.056668143219329
0.287110354217464 -0.056407554531197
0.291859603869799 -0.056135985387809
0.296631678462100 -0.055853776900686
0.301426054682609 -0.055561271415551
0.306242206773948 -0.055258824232185
0.311079606590766 -0.054946806321134
0.315937723657661 -0.054625593550570
0.320816025227350 -0.054295525297828
0.325713976339092 -0.053956945341822
0.330631039877354 -0.053610214101800
0.335566676630708 -0.053255694698892
0.340520345350965 -0.052893681051206
0.345491502812526 -0.052524399254237
0.350479603871956 -0.052148082119482
0.355484101527764 -0.051764970143122
0.360504446980385 -0.051375316052045
0.365540089692367 -0.050979395529963
0.370590477448739 -0.050577493289056
0.375655056417572 -0.050169905625005
0.380733271210709 -0.049756934229264
0.385824564944672 -0.049338873897008
0.390928379301728 -0.048916000614098
0.396044154591120 -0.048488592850086
0.401171329810437 -0.048056934060526
0.406309342707137 -0.047621313611774
0.411457629840208 -0.047182030127986
0.416615626641949 -0.046739385125468
0.421782767479884 -0.046293686797615
0.426958485718794 -0.045845246620823
0.432142213782848 -0.045394367450893
0.437333383217848 -0.044941219143611
0.442531424753567 -0.044485897256139
0.447735768366173 -0.044028493935951
0.452945843340743 -0.043569104782235
0.458161078333842 -0.043107823223551
0.463380901436184 -0.042644751976382
0.468604740235343 -0.042179988988917
0.473832021878528 -0.041713634077287
0.479062173135400 -0.041245791662377
0.484294620460935 -0.040776560498272
0.489528790058321 -0.040306028000731
0.494764107941877 -0.039834277045733
0.500000000000000 -0.039361393483368
0.505235892058122 -0.038887461975908
0.510471209941678 -0.038412568060288
0.515705379539064 -0.037936787670204
0.520937826864600 -0.037460199923959
0.526167978121472 -0.036982884067332
0.531395259764656 -0.036504915716446
0.536619098563816 -0.036026390425366
0.541838921666157 -0.035547424216223
0.547054156659257 -0.035068138567206
0.552264231633827 -0.034588656083728
0.557468575246433 -0.034109095650021
0.562666616782152 -0.033629585685014
0.567857786217152 -0.033150260360230
0.573041514281206 -0.032671252690830
0.578217232520115 -0.032192696446187
0.583384373358051 -0.031714723647607
0.588542370159791 -0.031237466296313
0.593690657292862 -0.030761054175940
0.598828670189563 -0.030285617523669
0.603955845408879 -0.029811282485371
0.609071620698271 -0.029338176473781
0.614175435055328 -0.028866431391202
0.619266728789290 -0.028396176285610
0.624344943582427 -0.027927542443518
0.629409522551260 -0.027460656866709
0.634459910307633 -0.026995640740327
0.639495553019614 -0.026532608680907
0.644515898472235 -0.026071672652469
0.649520396128043 -0.025612940716206
0.654508497187474 -0.025156522552944
0.659479654649035 -0.024702497818117
0.664433323369291 -0.024250941593957
0.669368960122646 -0.023801921971419
0.674286023660907 -0.023355506003452
0.679183974772650 -0.022911767097925
0.684062276342339 -0.022470767435231
0.688920393409233 -0.022032575296099
0.693757793226051 -0.021597257764253
0.698573945317390 -0.021164879069986
0.703368321537900 -0.020735530720402
0.708140396130200 -0.020309305230057
0.712889645782536 -0.019886293294354
0.717615549686163 -0.019466582847244
0.722317589592464 -0.019050263727954
0.726995249869773 -0.018637430975765
0.731648017559930 -0.018228168804726
0.736275382434527 -0.017822566507619
0.740876837050857 -0.017420700764669
0.745451876807570 -0.017022647048370
0.750000000000000 -0.016628476412497
0.754520707875185 -0.016238254809234
0.759013504686565 -0.015852039225873
0.763477897748338 -0.015469875719727
0.767913397489498 -0.015091807140740
0.772319517507513 -0.014717877957725
0.776695774621672 -0.014348123989892
0.781041688926065 -0.013982582724371
0.785356783842216 -0.013621291172202
0.789640586171339 -0.013264283099246
0.793892626146236 -0.012911601239329
0.798112437482808 -0.012563291055045
0.802299557431187 -0.012219389289132
0.806453526826488 -0.011879954004358
0.810573890139155 -0.011545055478788
0.814660195524918 -0.011214755646102
0.818711994874345 -0.010889112289964
0.822728843861975 -0.010568178527663
0.826710301995052 -0.010251999148777
0.830655932661826 -0.009940615311914
0.834565303179429 -0.009634067100601
0.838437984841330 -0.009332389790162
0.842273552964344 -0.009035615152624
0.846071586935203 -0.008743769724899
0.849831670256683 -0.008456872847357
0.853553390593274 -0.008174941452830
0.857236339816401 -0.007897990915767
0.860880114049181 -0.007626032444986
0.864484313710706 -0.007359072692905
0.868048543559867 -0.007097114177467
0.871572412738697 -0.006840154813161
0.875055534815230 -0.006588189264769
0.878497527825878 -0.006341221211077
0.881898014317321 -0.006099256333906
0.885256621387894 -0.005862305808144
0.888572980728485 -0.005630398392990
0.891846728662920 -0.005403564371736
0.895077506187845 -0.005181826042144
0.898264959012098 -0.004965193356099
0.901408737595557 -0.004753671985124
0.904508497187474 -0.004547261660184
0.907563897864277 -0.004345958494411
0.910574604566852 -0.004149750220698
0.913540287137281 -0.003958623373701
0.916460620355049 -0.003772562599466
0.919335283972712 -0.003591577340254
0.922163962751007 -0.003415676618108
0.924946346493432 -0.003244863440871
0.927682130080253 -0.003079130649386
0.930371013501972 -0.002918465164510
0.933012701892219 -0.002762842436249
0.935606905560095 -0.002612234852917
0.938153340021932 -0.002466606495346
0.940651726032496 -0.002325912655254
0.943101789615607 -0.002190103580213
0.945503262094184 -0.002059129041546
0.947855880119706 -0.001932942553965
0.950159385701097 -0.001811495765894
0.952413526233010 -0.001694734052113
0.954618054523534 -0.001582598177998
0.956772728821300 -0.001475018579752
0.958877312841991 -0.001371921386760
0.960931575794250 -0.001273227638926
0.962935292404997 -0.001178856335143
0.964888242944126 -0.001088719989800
0.966790213248601 -0.001002709438572
0.968640994745946 -0.000920759843607
0.970440384477113 -0.000842904141127
0.972188185118740 -0.000769208610353
0.973884205004793 -0.000699740558963
0.975528258147577 -0.000634517693029
0.977120164258138 -0.000573525083565
0.978659748766034 -0.000516722861493
0.980146842838471 -0.000464042110578
0.981581283398829 -0.000415392491706
0.982962913144534 -0.000370660182094
0.984291580564316 -0.000329718736364
0.985567139954818 -0.000292415363335
0.986789451436580 -0.000258552902685
0.987958380969374 -0.000227865469309
0.989073800366903 -0.000200094305491
0.990135587310861 -0.000175003641967
0.991143625364344 -0.000152373742957
0.992097803984621 -0.000132000573130
0.992998018535252 -0.000113697320511
0.993844170297569 -0.000097290717094
0.994636166481494 -0.000082623556999
0.995373920235722 -0.000069550522776
0.996057350657239 -0.000057939865534
0.996686382800198 -0.000047672324148
0.997260947684137 -0.000038640007897
0.997780982301540 -0.000030746807281
0.998246429624752 -0.000023906062951
0.998657238612229 -0.000018042955691
0.999013364214136 -0.000013091222024
0.999314767377287 -0.000008994793156
0.999561415049429 -0.000005706313112
0.999753280182866 -0.000003187836709
0.999890341737423 -0.000001409847977
0.999972584682756 -0.000000351411946
1.000000000000000 0.000000000000000
