1.000000000000000 0.000000000000000
0.999972584682756 0.000010222213786
0.999890341737423 0.000040925969920
0.999753280182866 0.000092176956019
0.999561415049429 0.000164119756564
0.999314767377287 0.000256917309777
0.999013364214136 0.000370806042238
0.998657238612229 0.000506039710336
0.998246429624752 0.000662923399857
0.997780982301540 0.000841768021336
0.997260947684137 0.001042929400778
0.996686382800198 0.001266767358004
0.996057350657239 0.001513622924741
0.995373920235722 0.001783841714514
0.994636166481494 0.002077742786393
0.993844170297569 0.002395606495348
0.992998018535252 0.002737661324563
0.992097803984621 0.003104048998363
0.991143625364344 0.003494851356397
0.990135587310861 0.003910010107491
0.989073800366903 0.004349371581434
0.987958380969374 0.004812603849051
0.986789451436580 0.005299224485993
0.985567139954818 0.005808796759125
0.984291580564316 0.006340888134009
0.982962913144534 0.006895057079222
0.981581283398829 0.007470707850653
0.980146842838472 0.008067111591067
0.978659748766034 0.008683426580594
0.977120164258138 0.009318648277935
0.975528258147577 0.009971624964645
0.973884205004793 0.010641047859656
0.972188185118741 0.011325385110254
0.970440384477113 0.012023619913614
0.968640994745946 0.012735114061917
0.966790213248601 0.013459356788841
0.964888242944126 0.014195860213418
0.962935292404997 0.014944124920919
0.960931575794250 0.015703673348028
0.958877312841991 0.016474053923268
0.956772728821300 0.017254828492046
0.954618054523534 0.018045578753738
0.952413526233010 0.018845944430534
0.950159385701097 0.019655674660362
0.947855880119706 0.020474661186106
0.945503262094184 0.021302865140063
0.943101789615607 0.022140290435642
0.940651726032496 0.022986993707286
0.938153340021932 0.023843101127443
0.935606905560095 0.024708822927216
0.933012701892219 0.025584464982856
0.930371013501972 0.026470294740568
0.927682130080253 0.027366580600484
0.924946346493432 0.028273379445508
0.922163962751008 0.029190480208027
0.919335283972712 0.030117679122048
0.916460620355050 0.031054843325746
0.913540287137281 0.032001849523560
0.910574604566852 0.032958592733482
0.907563897864277 0.033924975328535
0.904508497187474 0.034900906976383
0.901408737595557 0.035886316202088
0.898264959012098 0.036881109073913
0.895077506187845 0.037885051624367
0.891846728662920 0.038897867615921
0.888572980728485 0.039919309489388
0.885256621387895 0.040949114790351
0.881898014317321 0.041987035630937
0.878497527825878 0.043032829830455
0.875055534815230 0.044086254244000
0.871572412738697 0.045147062903420
0.868048543559867 0.046214987021931
0.864484313710706 0.047289755659692
0.860880114049181 0.048371089043836
0.857236339816402 0.049458679948918
0.853553390593274 0.050552218035778
0.849831670256683 0.051651390851993
0.846071586935203 0.052755903252262
0.842273552964344 0.053865451016146
0.838437984841330 0.054979721616038
0.834565303179429 0.056098402929601
0.830655932661826 0.057221175984692
0.826710301995053 0.058347707745906
0.822728843861975 0.059477649932353
0.818711994874345 0.060610651825376
0.814660195524919 0.061746341754089
0.810573890139155 0.062884376120850
0.806453526826488 0.064024389078491
0.802299557431188 0.065166029267451
0.798112437482808 0.066308926310197
0.793892626146237 0.067452717321471
0.789640586171339 0.068597017038039
0.785356783842216 0.069741439300476
0.781041688926065 0.070885600901186
0.776695774621672 0.072029107091616
0.772319517507513 0.073171557297358
0.767913397489498 0.074312545777042
0.763477897748339 0.075451681120489
0.759013504686565 0.076588558133355
0.754520707875186 0.077722780546891
0.750000000000000 0.078853940354881
0.745451876807570 0.079981619541743
0.740876837050858 0.081105390211827
0.736275382434527 0.082224828587512
0.731648017559931 0.083339507301414
0.726995249869773 0.084449004652066
0.722317589592464 0.085552901446992
0.717615549686164 0.086650783385478
0.712889645782536 0.087742228181600
0.708140396130201 0.088826766259149
0.703368321537900 0.089903907473400
0.698573945317390 0.090973153013456
0.693757793226052 0.092034011706116
0.688920393409234 0.093085972974519
0.684062276342339 0.094128507858303
0.679183974772650 0.095161082617816
0.674286023660908 0.096183167864698
0.669368960122646 0.097194256635109
0.664433323369292 0.098193907797247
0.659479654649035 0.099181706533797
0.654508497187474 0.100157237548790
0.649520396128043 0.101120092959230
0.644515898472236 0.102069873076283
0.639495553019615 0.103006204834368
0.634459910307633 0.103928713199295
0.629409522551260 0.104837031087691
0.624344943582428 0.105730805256879
0.619266728789291 0.106609721980152
0.614175435055328 0.107473499793327
0.609071620698271 0.108321859778554
0.603955845408880 0.109154522997985
0.598828670189563 0.109971231246390
0.593690657292862 0.110771750875176
0.588542370159792 0.111555852769151
0.583384373358051 0.112323319996691
0.578217232520115 0.113073936745527
0.573041514281206 0.113807497910114
0.567857786217152 0.114523781015775
0.562666616782152 0.115222576265516
0.557468575246433 0.115903679576019
0.552264231633827 0.116566892815583
0.547054156659257 0.117212021486002
0.541838921666158 0.117838881211783
0.536619098563816 0.118447297830230
0.531395259764657 0.119037099313519
0.526167978121472 0.119608124141050
0.520937826864600 0.120160216535107
0.515705379539064 0.120693246143659
0.510471209941678 0.121207084584664
0.505235892058123 0.121701612095820
0.500000000000000 0.122176717334710
0.494764107941877 0.122632291587850
0.489528790058322 0.123068226493573
0.484294620460936 0.123484419920110
0.479062173135400 0.123880778244979
0.473832021878528 0.124257215108961
0.468604740235343 0.124613644980100
0.463380901436184 0.124949973870798
0.458161078333842 0.125266113128701
0.452945843340743 0.125561981944429
0.447735768366173 0.125837508327709
0.442531424753567 0.126092622217990
0.437333383217848 0.126327241291651
0.432142213782848 0.126541288635916
0.426958485718794 0.126734697655020
0.421782767479885 0.126907409665076
0.416615626641949 0.127059369610101
0.411457629840209 0.127190510786353
0.406309342707138 0.127300774228308
0.401171329810437 0.127390110239957
0.396044154591120 0.127458477806512
0.390928379301729 0.127505837559787
0.385824564944672 0.127532132111676
0.380733271210710 0.127537309507731
0.375655056417573 0.127521328013902
0.370590477448740 0.127484156265867
0.365540089692367 0.127425771006865
0.360504446980385 0.127346151868212
0.355484101527764 0.127245287140925
0.350479603871957 0.127123177881447
0.345491502812526 0.126979834229987
0.340520345350965 0.126815242841595
0.335566676630708 0.126629333678310
0.330631039877354 0.126422040434932
0.325713976339092 0.126193309106352
0.320816025227350 0.125943101010282
0.315937723657661 0.125671383821078
0.311079606590766 0.125378130051938
0.306242206773949 0.125063325027045
0.301426054682610 0.124726971797607
0.296631678462100 0.124369080373139
0.291859603869799 0.123989650481191
0.287110354217464 0.123588685001834
0.282384450313836 0.123166198244515
0.277682410407536 0.122722220974249
0.273004750130227 0.122256797051685
0.268351982440069 0.121769979933545
0.263724617565473 0.121261837223057
0.259123162949143 0.120732453837017
0.254548123192430 0.120181921315102
0.250000000000000 0.119610284636201
0.245479292124815 0.119017551735770
0.240986495313435 0.118403745962497
0.236522102251661 0.117768912048026
0.232086602510502 0.117113119446174
0.227680482492487 0.116436458157077
0.223304225378328 0.115739035358700
0.218958311073935 0.115020979729588
0.214643216157784 0.114282430565836
0.210359413828661 0.113523489771800
0.206107373853763 0.112744268315802
0.201887562517192 0.111944904447161
0.197700442568813 0.111125546517898
0.193546473173512 0.110286389734856
0.189426109860845 0.109427638061097
0.185339804475081 0.108549522409535
0.181288005125655 0.107652285637970
0.177271156138025 0.106736131086132
0.173289698004947 0.105801256428176
0.169344067338174 0.104847899184412
0.165434696820571 0.103876308961183
0.161562015158670 0.102886779746042
0.157726447035656 0.101879630381751
0.153928413064797 0.100855197083514
0.150168329743317 0.099813792032865
0.146446609406726 0.098755669209639
0.142763660183598 0.097681103677910
0.139119885950819 0.096590391053691
0.135515686289294 0.095483783870958
0.131951456440133 0.094361536062780
0.128427587261303 0.093223915354344
0.124944465184770 0.092071246908127
0.121502472174122 0.090903895991519
0.118101985682679 0.089722267180864
0.114743378612105 0.088526735216603
0.111427019271515 0.087317496812550
0.108153271337080 0.086094726573959
0.104922493812155 0.084858668760094
0.101735040987902 0.083609590723503
0.098591262404443 0.082347843160740
0.095491502812526 0.081073789533870
0.092436102135723 0.079787812915678
0.089425395433148 0.078490297966669
0.086459712862719 0.077181652635519
0.083539379644950 0.075862163799773
0.080664716027288 0.074532040108265
0.077836037248993 0.073191565706285
0.075053653506568 0.071841121948998
0.072317869919747 0.070481156315206
0.069628986498028 0.069112158584449
0.066987298107781 0.067734628543950
0.064393094439905 0.066349109326348
0.061846659978068 0.064955986064757
0.059348273967504 0.063555453070815
0.056898210384393 0.062147786216046
0.054496737905816 0.060733316658473
0.052144119880294 0.059312476510628
0.049840614298903 0.057885839056611
0.047586473766990 0.056454074747289
0.045381945476466 0.055017840445293
0.043227271178700 0.053577552137388
0.041122687158010 0.052133597086646
0.039068424205750 0.050686309944815
0.037064707595003 0.049235980733602
0.035111757055874 0.047783099670705
0.033209786751399 0.046328244103391
0.031359005254054 0.044872227403791
0.029559615522887 0.043416001761253
0.027811814881260 0.041960338505638
0.026115794995207 0.040505654222629
0.024471741852423 0.039052244755655
0.022879835741862 0.037600327739600
0.021340251233966 0.036150272068999
0.019853157161529 0.034702759281340
0.018418716601171 0.033258592921653
0.017037086855466 0.031818814581974
0.015708419435685 0.030384650374952
0.014432860045182 0.028957211573367
0.013210548563420 0.027536588793551
0.012041619030626 0.026122904686377
0.010926199633097 0.024716569002442
0.009864412689139 0.023318386469983
0.008856374635656 0.021929459541427
0.007902196015379 0.020551336597901
0.007001981464748 0.019186223365200
0.006155829702431 0.017836253607362
0.005363833518506 0.016502181711212
0.004626079764278 0.015183376963585
0.003942649342761 0.013879350750452
0.003313617199802 0.012590341002363
0.002739052315863 0.011317119214516
0.002219017698460 0.010061406412445
0.001753570375248 0.008825833408742
0.001342761387771 0.007615254461894
0.000986635785864 0.006433741119662
0.000685232622713 0.005280836522259
0.000438584950571 0.004156056255829
0.000246719817134 0.003061503675598
0.000109658262577 0.002004048654049
0.000027415317244 0.000984355785233
0.000000000000000 0.000000000000000
0.000027415317244 -0.000940890298691
0.000109658262577 -0.001837799617557
0.000246719817134 -0.002689496269787
0.000438584950571 -0.003465428610538
0.000685232622713 -0.004154063126675
0.000986635785864 -0.004754611510637
0.001342761387771 -0.005274121181729
0.001753570375248 -0.005747432414352
0.002219017698460 -0.006197526620914
0.002739052315863 -0.006634222048188
0.003313617199802 -0.007063466178344
0.003942649342761 -0.007488998209181
0.004626079764278 -0.007910265696904
0.005363833518506 -0.008325863989626
0.006155829702431 -0.008735886385768
0.007001981464748 -0.009140337016454
0.007902196015379 -0.009538801960189
0.008856374635656 -0.009931461851401
0.009864412689139 -0.010318452538772
0.010926199633097 -0.010698466185630
0.012041619030626 -0.011070712420622
0.013210548563420 -0.011435256159425
0.014432860045182 -0.011792449541032
0.015708419435684 -0.012142427194591
0.017037086855466 -0.012483961280999
0.018418716601171 -0.012815834272183
0.019853157161528 -0.013137167684843
0.021340251233966 -0.013447328372123
0.022879835741862 -0.013745908479650
0.024471741852423 -0.014032791461452
0.026115794995207 -0.014308186141188
0.027811814881259 -0.014572680418321
0.029559615522887 -0.014827115007476
0.031359005254054 -0.015072500224979
0.033209786751399 -0.015309034930970
0.035111757055874 -0.015536021095062
0.037064707595003 -0.015752914837931
0.039068424205750 -0.015959329555540
0.041122687158009 -0.016154965506218
0.043227271178699 -0.016339615062013
0.045381945476466 -0.016513184486944
0.047586473766990 -0.016675705676118
0.049840614298903 -0.016827397289741
0.052144119880293 -0.016968603572937
0.054496737905816 -0.017099350783702
0.056898210384393 -0.017219496041541
0.059348273967504 -0.017328866289097
0.061846659978068 -0.017427276718700
0.064393094439905 -0.017514619490289
0.066987298107781 -0.017590876970487
0.069628986498028 -0.017656105051133
0.072317869919747 -0.017710436173520
0.075053653506568 -0.017754073826397
0.077836037248992 -0.017787253383321
0.080664716027288 -0.017810260852360
0.083539379644950 -0.017823186897769
0.086459712862719 -0.017825927665620
0.089425395433148 -0.017818415035239
0.092436102135723 -0.017800648408122
0.095491502812526 -0.017772673144388
0.098591262404443 -0.017734573099475
0.101735040987902 -0.017686471440426
0.104922493812155 -0.017628533481251
0.108153271337080 -0.017560956573607
0.111427019271514 -0.017483977738369
0.114743378612105 -0.017397777809617
0.118101985682679 -0.017302364042170
0.121502472174122 -0.017197741928104
0.124944465184770 -0.017083944868157
0.128427587261303 -0.016961037584387
0.131951456440133 -0.016829106635316
0.135515686289294 -0.016688275247300
0.139119885950819 -0.016538699958581
0.142763660183598 -0.016380560401754
0.146446609406726 -0.016214016034291
0.150168329743317 -0.016039198804647
0.153928413064796 -0.015856259799723
0.157726447035656 -0.015665328374181
0.161562015158669 -0.015466490957227
0.165434696820571 -0.015259848785376
0.169344067338174 -0.015045524438287
0.173289698004947 -0.014823685919110
0.177271156138025 -0.014594519594826
0.181288005125655 -0.014358224291212
0.185339804475081 -0.014114979792564
0.189426109860845 -0.013864963319697
0.193546473173511 -0.013608369771830
0.197700442568812 -0.013345357652317
0.201887562517192 -0.013076025624915
0.206107373853763 -0.012800479630730
0.210359413828660 -0.012518832116273
0.214643216157784 -0.012231226918609
0.218958311073935 -0.011937824189598
0.223304225378328 -0.011638795858200
0.227680482492486 -0.011334318030504
0.232086602510501 -0.011024548927908
0.236522102251661 -0.010709649826066
0.240986495313435 -0.010389793242689
0.245479292124814 -0.010065144277001
0.250000000000000 -0.009735847205757
0.254548123192429 -0.009402050402433
0.259123162949142 -0.009063907582740
0.263724617565473 -0.008721587465703
0.268351982440069 -0.008375271744507
0.273004750130227 -0.008025158817123
0.277682410407536 -0.007671448492809
0.282384450313836 -0.007314329509199
0.287110354217464 -0.006953939785471
0.291859603869799 -0.006590413715772
0.296631678462100 -0.006223886798941
0.301426054682609 -0.005854501412894
0.306242206773948 -0.005482386130634
0.311079606590766 -0.005107670014785
0.315937723657661 -0.004730485192480
0.320816025227350 -0.004350968493398
0.325713976339092 -0.003969262525994
0.330631039877354 -0.003585516169862
0.335566676630708 -0.003199884180283
0.340520345350965 -0.002812521257271
0.345491502812526 -0.002423587655536
0.350479603871956 -0.002033251201578
0.355484101527764 -0.001641679964633
0.360504446980385 -0.001249047376583
0.365540089692367 -0.000855529252622
0.370590477448739 -0.000461302561464
0.375655056417572 -0.000066546641264
0.380733271210709 0.000328554315564
0.385824564944672 0.000723817143949
0.390928379301728 0.001119062357043
0.396044154591120 0.001514142568803
0.401171329810437 0.001908916202524
0.406309342707137 0.002303238853863
0.411457629840208 0.002696967593038
0.416615626641949 0.003089960748067
0.421782767479884 0.003482078292986
0.426958485718794 0.003873186207554
0.432142213782848 0.004263142985418
0.437333383217848 0.004651811969763
0.442531424753567 0.005039035621584
0.447735768366173 0.005424650601350
0.452945843340743 0.005808487470896
0.458161078333842 0.006190378772128
0.463380901436184 0.006570157814544
0.468604740235343 0.006947645495773
0.473832021878528 0.007322661322373
0.479062173135400 0.007695025772932
0.484294620460935 0.008064554966163
0.489528790058321 0.008431074455623
0.494764107941877 0.008794412228225
0.500000000000000 0.009154402991075
0.505235892058122 0.009510880020014
0.510471209941678 0.009863679529500
0.515705379539064 0.010212643162299
0.520937826864600 0.010557619654492
0.526167978121472 0.010898461180410
0.531395259764656 0.011235023120250
0.536619098563816 0.011567163139009
0.541838921666157 0.011894738010218
0.547054156659257 0.012217605353594
0.552264231633827 0.012535625216773
0.557468575246433 0.012848661230217
0.562666616782152 0.013156577558978
0.567857786217152 0.013459226194605
0.573041514281206 0.013756447271208
0.578217232520115 0.014048082227803
0.583384373358051 0.014333977600960
0.588542370159791 0.014613982468723
0.593690657292862 0.014887953549607
0.598828670189563 0.015155751022490
0.603955845408879 0.015417240418060
0.609071620698271 0.015672290198187
0.614175435055328 0.015920774074853
0.619266728789290 0.016162563747567
0.624344943582427 0.016397535166789
0.629409522551260 0.016625569529918
0.634459910307633 0.016846554262586
0.639495553019614 0.017060379825065
0.644515898472235 0.017266941004295
0.649520396128043 0.017466141635936
0.654508497187474 0.017657886728472
0.659479654649035 0.017842088807621
0.664433323369291 0.018018661629764
0.669368960122646 0.018187523664112
0.674286023660907 0.018348599300813
0.679183974772650 0.018501818461167
0.684062276342339 0.018647106760064
0.688920393409233 0.018784385771449
0.693757793226051 0.018913583780039
0.698573945317390 0.019034634807455
0.703368321537900 0.019147481915475
0.708140396130200 0.019252074105011
0.712889645782536 0.019348368649095
0.717615549686163 0.019436329591530
0.722317589592464 0.019515928732775
0.726995249869773 0.019587148858311
0.731648017559930 0.019649980526125
0.736275382434527 0.019704421103414
0.740876837050857 0.019750475368505
0.745451876807570 0.019788156058544
0.750000000000000 0.019817483109987
0.754520707875185 0.019838483492854
0.759013504686565 0.019851192220609
0.763477897748338 0.019855657663090
0.767913397489498 0.019851936702451
0.772319517507513 0.019840092437958
0.776695774621672 0.019820180161858
0.781041688926065 0.019792222627975
0.785356783842216 0.019756244145092
0.789640586171339 0.019712276933229
0.793892626146236 0.019660345306639
0.798112437482808 0.019600462079823
0.802299557431187 0.019532648550427
0.806453526826488 0.019456938126964
0.810573890139155 0.019373381103487
0.814660195524918 0.019282040957311
0.818711994874345 0.019182989234679
0.822728843861975 0.019076302032890
0.826710301995052 0.018962059175664
0.830655932661826 0.018840349731672
0.834565303179429 0.018711266288540
0.838437984841330 0.018574898717718
0.842273552964344 0.018431343377863
0.846071586935203 0.018280707516290
0.849831670256683 0.018123106696017
0.853553390593274 0.017958664822622
0.857236339816401 0.017787519708215
0.860880114049181 0.017609828195518
0.864484313710706 0.017425765011460
0.868048543559867 0.017235497691824
0.871572412738697 0.017039140759702
0.875055534815230 0.016836794774181
0.878497527825878 0.016628558208352
0.881898014317321 0.016414473808187
0.885256621387894 0.016194586836764
0.888572980728485 0.015968970245717
0.891846728662920 0.015737729855308
0.895077506187845 0.015500987320789
0.898264959012098 0.015258883828533
0.901408737595557 0.015011569237882
0.904508497187474 0.014759211420524
0.907563897864277 0.014501993878780
0.910574604566852 0.014240103698250
0.913540287137281 0.013973578484716
0.916460620355049 0.013702367431122
0.919335283972712 0.013426454615678
0.922163962751007 0.013145865267347
0.924946346493432 0.012860657457633
0.927682130080253 0.012570931493999
0.930371013501972 0.012276813164316
0.933012701892219 0.011978465654938
0.935606905560095 0.011676076758941
0.938153340021932 0.011369871749860
0.940651726032496 0.011060114821358
0.943101789615607 0.010747049919338
0.945503262094184 0.010430930236537
0.947855880119706 0.010112011007194
0.950159385701097 0.009790561985455
0.952413526233010 0.009466890314035
0.954618054523534 0.009141334477767
0.956772728821300 0.008814259598307
0.958877312841991 0.008486045260265
0.960931575794250 0.008157111321727
0.962935292404997 0.007827885074853
0.964888242944126 0.007498816143833
0.966790213248601 0.007170375834252
0.968640994745946 0.006843051312751
0.970440384477113 0.006517347418480
0.972188185118740 0.006193795524496
0.973884205004793 0.005872927090253
0.975528258147577 0.005555277278717
0.977120164258138 0.005241388132506
0.978659748766034 0.004931804619405
0.980146842838471 0.004627065784780
0.981581283398829 0.004327723991709
0.982962913144534 0.004034311519717
0.984291580564316 0.003747368666210
0.985567139954818 0.003467424915630
0.986789451436580 0.003195023491718
0.987958380969374 0.002930732377265
0.989073800366903 0.002675124938161
0.990135587310861 0.002428730674695
0.991143625364344 0.002192052038925
0.992097803984621 0.001965559560173
0.992998018535252 0.001749696585689
0.993844170297569 0.001544881697731
0.994636166481494 0.001351505564369
0.995373920235722 0.001169927586612
0.996057350657239 0.001000476641406
0.996686382800198 0.000843472139861
0.997260947684137 0.000699184640848
0.997780982301540 0.000567876198566
0.998246429624752 0.000449779686276
0.998657238612229 0.000345094520931
0.999013364214136 0.000254005799151
0.999314767377287 0.000176667041476
0.999561415049429 0.000113211009010
0.999753280182866 0.000063742883337
0.999890341737423 0.000028348411312
0.999972584682756 0.000007089707546
1.000000000000000 0.000000000000000
