1.000000000000000 0.000000000000000
0.999972584682756 0.000005209935930
0.999890341737423 0.000020866775161
0.999753280182866 0.000047041024998
0.999561415049429 0.000083848903666
0.999314767377287 0.000131457321570
0.999013364214136 0.000190060473187
0.998657238612229 0.000259907500365
0.998246429624752 0.000341274098629
0.997780982301540 0.000434457183451
0.997260947684137 0.000539786860870
0.996686382800198 0.000657609411462
0.996057350657239 0.000788265052416
0.995373920235722 0.000932112878279
0.994636166481494 0.001089488740210
0.993844170297569 0.001260710172449
0.992998018535252 0.001446069926364
0.992097803984621 0.001645813214462
0.991143625364344 0.001860129768744
0.990135587310861 0.002089144007390
0.989073800366903 0.002332892257986
0.987958380969374 0.002591320334686
0.986789451436580 0.002864237456971
0.985567139954818 0.003151400401403
0.984291580564316 0.003452601162535
0.982962913144534 0.003767724065021
0.981581283398829 0.004096579088722
0.980146842838472 0.004438901547286
0.978659748766034 0.004794342165222
0.977120164258138 0.005162465196596
0.975528258147577 0.005542745572486
0.973884205004793 0.005934553134382
0.972188185118741 0.006337111347984
0.970440384477113 0.006749591235490
0.968640994745946 0.007171254468961
0.966790213248601 0.007601716851745
0.964888242944126 0.008040776717398
0.962935292404997 0.008488202931813
0.960931575794250 0.008943748283099
0.958877312841991 0.009407191347989
0.956772728821300 0.009878318290651
0.954618054523534 0.010356913576702
0.952413526233010 0.010842770438406
0.950159385701097 0.011335700050125
0.947855880119706 0.011835566741929
0.945503262094184 0.012342290759220
0.943101789615607 0.012855896379386
0.940651726032496 0.013376452223911
0.938153340021932 0.013904044289221
0.935606905560095 0.014438791906593
0.933012701892219 0.014980859623242
0.930371013501972 0.015530449334500
0.927682130080253 0.016087836693529
0.924946346493432 0.016653321026064
0.922163962751008 0.017227114044472
0.919335283972712 0.017809396020618
0.916460620355050 0.018400179831842
0.913540287137281 0.018999387192146
0.910574604566852 0.019606980066061
0.907563897864277 0.020222942714014
0.904508497187474 0.020847273724521
0.901408737595557 0.021479969279845
0.898264959012098 0.022121028065768
0.895077506187845 0.022770453140526
0.891846728662920 0.023428246748621
0.888572980728485 0.024094388788927
0.885256621387895 0.024768776940585
0.881898014317321 0.025451286024157
0.878497527825878 0.026141800976818
0.875055534815230 0.026840203005173
0.871572412738697 0.027546371911352
0.868048543559867 0.028260188272056
0.864484313710706 0.028981526705406
0.860880114049181 0.029710256165154
0.857236339816402 0.030446241915168
0.853553390593274 0.031189350290069
0.849831670256683 0.031939437620599
0.846071586935203 0.032696357614524
0.842273552964344 0.033459953282915
0.838437984841330 0.034230076838719
0.834565303179429 0.035006564607661
0.830655932661826 0.035789270417035
0.826710301995053 0.036578030631225
0.822728843861975 0.037372669959556
0.818711994874345 0.038173002272117
0.814660195524919 0.038978834154202
0.810573890139155 0.039789942209775
0.806453526826488 0.040606070082703
0.802299557431188 0.041426946212936
0.798112437482808 0.042252301558836
0.793892626146237 0.043081856852131
0.789640586171339 0.043915336300202
0.785356783842216 0.044752455320340
0.781041688926065 0.045592922331553
0.776695774621672 0.046436431146782
0.772319517507513 0.047282680679842
0.767913397489498 0.048131350665292
0.763477897748339 0.048982126797818
0.759013504686565 0.049834674297791
0.754520707875186 0.050688660361082
0.750000000000000 0.051543744978959
0.745451876807570 0.052399589335549
0.740876837050858 0.053255852528746
0.736275382434527 0.054112186334143
0.731648017559931 0.054968223021583
0.726995249869773 0.055823457604949
0.722317589592464 0.056677346351307
0.717615549686164 0.057529336975618
0.712889645782536 0.058378870417527
0.708140396130201 0.059225408155282
0.703368321537900 0.060068427868645
0.698573945317390 0.060907395130958
0.693757793226052 0.061741753752050
0.688920393409234 0.062570757757157
0.684062276342339 0.063393497837005
0.679183974772650 0.064209059117271
0.674286023660908 0.065016511721619
0.669368960122646 0.065814813466172
0.664433323369292 0.066602738582630
0.659479654649035 0.067379033071552
0.654508497187474 0.068142430563328
0.649520396128043 0.068891700972698
0.644515898472236 0.069626004059321
0.639495553019615 0.070344656490017
0.634459910307633 0.071046970581198
0.629409522551260 0.071732265484106
0.624344943582428 0.072399950954770
0.619266728789291 0.073049615282938
0.614175435055328 0.073680867915731
0.609071620698271 0.074293323707707
0.603955845408880 0.074886621185525
0.598828670189563 0.075460649272734
0.593690657292862 0.076015502559380
0.588542370159792 0.076551290184000
0.583384373358051 0.077068127851037
0.578217232520115 0.077566191254630
0.573041514281206 0.078045994829656
0.567857786217152 0.078508186085555
0.562666616782152 0.078953430366447
0.557468575246433 0.079382403026745
0.552264231633827 0.079795699636835
0.547054156659257 0.080193578055554
0.541838921666158 0.080576222649682
0.536619098563816 0.080943825508122
0.531395259764657 0.081296584897385
0.526167978121472 0.081634664850462
0.520937826864600 0.081958127193502
0.515705379539064 0.082267021539645
0.510471209941678 0.082561405835736
0.505235892058123 0.082841340546874
0.500000000000000 0.083106873459257
0.494764107941877 0.083358010808439
0.489528790058322 0.083594760071764
0.484294620460936 0.083817133393444
0.479062173135400 0.084025149449429
0.473832021878528 0.084218814763886
0.468604740235343 0.084398109688068
0.463380901436184 0.084563017719049
0.458161078333842 0.084713529302263
0.452945843340743 0.084849640719583
0.447735768366173 0.084971391243578
0.442531424753567 0.085078880047116
0.437333383217848 0.085172214941197
0.432142213782848 0.085251508989378
0.426958485718794 0.085316880580941
0.421782767479885 0.085368458999787
0.416615626641949 0.085406384304002
0.411457629840209 0.085430801852737
0.406309342707138 0.085441861447003
0.401171329810437 0.085439712135771
0.396044154591120 0.085424427706430
0.390928379301729 0.085396026135462
0.385824564944672 0.085354530074483
0.380733271210710 0.085299968319830
0.375655056417573 0.085232375318684
0.370590477448740 0.085151789058094
0.365540089692367 0.085058252785890
0.360504446980385 0.084951815686638
0.355484101527764 0.084832533501222
0.350479603871957 0.084700454205444
0.345491502812526 0.084555585095017
0.340520345350965 0.084397932105839
0.335566676630708 0.084227507321151
0.330631039877354 0.084044331753700
0.325713976339092 0.083848434853138
0.320816025227350 0.083639853785492
0.315937723657661 0.083418636020853
0.311079606590766 0.083184834937292
0.306242206773949 0.082938504426534
0.301426054682610 0.082679664028639
0.296631678462100 0.082408323081471
0.291859603869799 0.082124501379077
0.287110354217464 0.081828229491217
0.282384450313836 0.081519546792809
0.277682410407536 0.081198507825589
0.273004750130227 0.080865173245848
0.268351982440069 0.080519617161818
0.263724617565473 0.080161910159343
0.259123162949143 0.079792110717317
0.254548123192430 0.079410283048676
0.250000000000000 0.079016498248230
0.245479292124815 0.078610844540149
0.240986495313435 0.078193429480846
0.236522102251661 0.077764377029131
0.232086602510502 0.077323818759864
0.227680482492487 0.076871891271452
0.223304225378328 0.076408665903494
0.218958311073935 0.075934198395601
0.214643216157784 0.075448556205804
0.210359413828661 0.074951811294571
0.206107373853763 0.074443998677320
0.201887562517192 0.073925148318476
0.197700442568813 0.073395303709211
0.193546473173512 0.072854531680565
0.189426109860845 0.072302904511587
0.185339804475081 0.071740524732386
0.181288005125655 0.071167500800008
0.177271156138025 0.070583872875444
0.173289698004947 0.069989547509542
0.169344067338174 0.069384436536909
0.165434696820571 0.068768487226837
0.161562015158670 0.068141702433733
0.157726447035656 0.067504121297510
0.153928413064797 0.066855820494570
0.150168329743317 0.066196854664690
0.146446609406726 0.065527252860239
0.142763660183598 0.064847061277220
0.139119885950819 0.064156341061685
0.135515686289294 0.063455086415511
0.131951456440133 0.062743303910762
0.128427587261303 0.062021032163273
0.124944465184770 0.061288384800461
0.121502472174122 0.060545542530194
0.118101985682679 0.059792699616030
0.114743378612105 0.059029985821380
0.111427019271515 0.058257486293680
0.108153271337080 0.057475315661370
0.104922493812155 0.056683530258573
0.101735040987902 0.055882156752455
0.098591262404443 0.055071276766616
0.095491502812526 0.054251051315838
0.092436102135723 0.053421727240962
0.089425395433148 0.052583554801962
0.086459712862719 0.051736779706276
0.083539379644950 0.050881656565929
0.080664716027288 0.050018370022917
0.077836037248993 0.049146949836933
0.075053653506568 0.048267474261381
0.072317869919747 0.047380105915325
0.069628986498028 0.046485074744044
0.066987298107781 0.045582707637722
0.064393094439905 0.044673426361307
0.061846659978068 0.043757688449413
0.059348273967504 0.042835783065775
0.056898210384393 0.041907933964290
0.054496737905816 0.040974337498587
0.052144119880294 0.040035110255756
0.049840614298903 0.039090476203536
0.047586473766990 0.038140790333971
0.045381945476466 0.037186503703672
0.043227271178700 0.036228231554152
0.041122687158010 0.035266643491982
0.039068424205750 0.034302220015975
0.037064707595003 0.033335353098033
0.035111757055874 0.032366103533181
0.033209786751399 0.031394475157359
0.031359005254054 0.030420729679407
0.029559615522887 0.029445294555664
0.027811814881260 0.028468725233643
0.026115794995207 0.027491699300917
0.024471741852423 0.026515237442559
0.022879835741862 0.025540272471037
0.021340251233966 0.024566873646857
0.019853157161529 0.023594897619651
0.018418716601171 0.022623988441945
0.017037086855466 0.021654204308338
0.015708419435685 0.020685992042782
0.014432860045182 0.019720064119252
0.013210548563420 0.018757497998472
0.012041619030626 0.017799794034980
0.010926199633097 0.016848434076847
0.009864412689139 0.015904344781081
0.008856374635656 0.014966186913400
0.007902196015379 0.014032700163624
0.007001981464748 0.013103337914688
0.006155829702431 0.012178033845679
0.005363833518506 0.011257304062268
0.004626079764278 0.010342286294559
0.003942649342761 0.009434831895869
0.003313617199802 0.008537906306377
0.002739052315863 0.007653918936824
0.002219017698460 0.006783997141786
0.001753570375248 0.005929410526234
0.001342761387771 0.005093121224161
0.000986635785864 0.004277134056005
0.000685232622713 0.003482284076375
0.000438584950571 0.002711732578738
0.000246719817134 0.001968691949998
0.000109658262577 0.001258490983716
0.000027415317244 0.000601356208172
0.000000000000000 0.000000000000000
0.000027415317244 -0.000556329475943
0.000109658262577 -0.001057627653723
0.000246719817134 -0.001506327809516
0.000438584950571 -0.001924647017640
0.000685232622713 -0.002339828505987
0.000986635785864 -0.002762292467619
0.001342761387771 -0.003194885312926
0.001753570375248 -0.003639863095811
0.002219017698460 -0.004100154726818
0.002739052315863 -0.004572538533995
0.003313617199802 -0.005055304533311
0.003942649342761 -0.005548252259753
0.004626079764278 -0.006050552640585
0.005363833518506 -0.006561999471962
0.006155829702431 -0.007083055790508
0.007001981464748 -0.007613882886980
0.007902196015379 -0.008152479752735
0.008856374635656 -0.008697207073980
0.009864412689139 -0.009247111812457
0.010926199633097 -0.009801662262757
0.012041619030626 -0.010360972495748
0.013210548563420 -0.010924966366714
0.014432860045182 -0.011492436218636
0.015708419435684 -0.012062125308237
0.017037086855466 -0.012632920107294
0.018418716601171 -0.013203998288000
0.019853157161528 -0.013774759739180
0.021340251233966 -0.014344876408662
0.022879835741862 -0.014914243336035
0.024471741852423 -0.015483149192426
0.026115794995207 -0.016052250704995
0.027811814881259 -0.016621818614952
0.029559615522887 -0.017191761124009
0.031359005254054 -0.017761295230966
0.033209786751399 -0.018329617720819
0.035111757055874 -0.018896157221606
0.037064707595003 -0.019460432906677
0.039068424205750 -0.020022015232821
0.041122687158009 -0.020580603959662
0.043227271178699 -0.021136010685872
0.045381945476466 -0.021688157134239
0.047586473766990 -0.022237007482683
0.049840614298903 -0.022782229515710
0.052144119880293 -0.023323357323804
0.054496737905816 -0.023859994430344
0.056898210384393 -0.024391806392371
0.059348273967504 -0.024918520228753
0.061846659978068 -0.025439915113235
0.064393094439905 -0.025955868162453
0.066987298107781 -0.026466352233292
0.069628986498028 -0.026971324351026
0.072317869919747 -0.027470727218771
0.075053653506568 -0.027964471069155
0.077836037248992 -0.028452290935493
0.080664716027288 -0.028933932852772
0.083539379644950 -0.029409212865300
0.086459712862719 -0.029878004208655
0.089425395433148 -0.030340245137813
0.092436102135723 -0.030795922067427
0.095491502812526 -0.031245063263541
0.098591262404443 -0.031687668136714
0.101735040987902 -0.032123732748696
0.104922493812155 -0.032553210979994
0.108153271337080 -0.032975900964136
0.111427019271514 -0.033391600142235
0.114743378612105 -0.033800151131069
0.118101985682679 -0.034201449310382
0.121502472174122 -0.034595415070391
0.124944465184770 -0.034982003670104
0.128427587261303 -0.035361200215407
0.131951456440133 -0.035733009832165
0.135515686289294 -0.036097362469178
0.139119885950819 -0.036454176025495
0.142763660183598 -0.036803384906282
0.146446609406726 -0.037144917792001
0.150168329743317 -0.037478716714555
0.153928413064796 -0.037804741602707
0.157726447035656 -0.038122997361269
0.161562015158669 -0.038433522206027
0.165434696820571 -0.038736374537223
0.169344067338174 -0.039031572300981
0.173289698004947 -0.039319073766338
0.177271156138025 -0.039598855528249
0.181288005125655 -0.039870890149937
0.185339804475081 -0.040135129115007
0.189426109860845 -0.040391526675675
0.193546473173511 -0.040640052061522
0.197700442568812 -0.040880702170653
0.201887562517192 -0.041113494723270
0.206107373853763 -0.041338462942164
0.210359413828660 -0.041555645601869
0.214643216157784 -0.041765064211870
0.218958311073935 -0.041966743781182
0.223304225378328 -0.042160722691706
0.227680482492486 -0.042347057546066
0.232086602510501 -0.042525827234661
0.236522102251661 -0.042697125375174
0.240986495313435 -0.042861057838918
0.245479292124814 -0.043017713111428
0.250000000000000 -0.043167154162719
0.254548123192429 -0.043309450893015
0.259123162949142 -0.043444683684864
0.263724617565473 -0.043572867740182
0.268351982440069 -0.043693936624946
0.273004750130227 -0.043807823451098
0.277682410407536 -0.043914467122991
0.282384450313836 -0.044013822870504
0.287110354217464 -0.044105869173394
0.291859603869799 -0.044190592552371
0.296631678462100 -0.044267984650933
0.301426054682609 -0.044338023761211
0.306242206773948 -0.044400628784898
0.311079606590766 -0.044455709511197
0.315937723657661 -0.044503179672267
0.320816025227350 -0.044542956061206
0.325713976339092 -0.044574954038848
0.330631039877354 -0.044599090570110
0.335566676630708 -0.044615285888400
0.340520345350965 -0.044623463624134
0.345491502812526 -0.044623560083524
0.350479603871956 -0.044615531673673
0.355484101527764 -0.044599340542311
0.360504446980385 -0.044574952783521
0.365540089692367 -0.044542338568417
0.370590477448739 -0.044501471445294
0.375655056417572 -0.044452328454072
0.380733271210709 -0.044394890795355
0.385824564944672 -0.044329143719952
0.390928379301728 -0.044255087487059
0.396044154591120 -0.044172761863873
0.401171329810437 -0.044082216668285
0.406309342707137 -0.043983507281744
0.411457629840208 -0.043876693881320
0.416615626641949 -0.043761872046096
0.421782767479884 -0.043639181663419
0.426958485718794 -0.043508772105602
0.432142213782848 -0.043370797606243
0.437333383217848 -0.043225411143267
0.442531424753567 -0.043072684079194
0.447735768366173 -0.042912627310776
0.452945843340743 -0.042745252157420
0.458161078333842 -0.042570573417773
0.463380901436184 -0.042388600845215
0.468604740235343 -0.042199277145329
0.473832021878528 -0.042002517447232
0.479062173135400 -0.041798239338740
0.484294620460935 -0.041586361826603
0.489528790058321 -0.041366799773471
0.494764107941877 -0.041139430429778
0.500000000000000 -0.040904123351161
0.505235892058122 -0.040660749803211
0.510471209941678 -0.040409185622684
0.515705379539064 -0.040149282158727
0.520937826864600 -0.039880817741601
0.526167978121472 -0.039603560255044
0.531395259764656 -0.039317281022665
0.536619098563816 -0.039021757759476
0.541838921666157 -0.038716801349894
0.547054156659257 -0.038402279139109
0.552264231633827 -0.038078068717817
0.557468575246433 -0.037744051966194
0.562666616782152 -0.037400118544749
0.567857786217152 -0.037046203088783
0.573041514281206 -0.036682286751673
0.578217232520115 -0.036308355113694
0.583384373358051 -0.035924401847501
0.588542370159791 -0.035530421692288
0.593690657292862 -0.035126381565986
0.598828670189563 -0.034712235944517
0.603955845408879 -0.034287942524006
0.609071620698271 -0.033853472559528
0.614175435055328 -0.033408773511883
0.619266728789290 -0.032953728007025
0.624344943582427 -0.032488207627159
0.629409522551260 -0.032012095968593
0.634459910307633 -0.031525280613713
0.639495553019614 -0.031027734526503
0.644515898472235 -0.030519518633326
0.649520396128043 -0.030000702483198
0.654508497187474 -0.029471368444285
0.659479654649035 -0.028931663777926
0.664433323369291 -0.028382076563902
0.669368960122646 -0.027823187547542
0.674286023660907 -0.027255578505111
0.679183974772650 -0.026679827794969
0.684062276342339 -0.026096466403866
0.688920393409233 -0.025505982838846
0.693757793226051 -0.024908870257726
0.698573945317390 -0.024305605850574
0.703368321537900 -0.023696860686062
0.708140396130200 -0.023083663761427
0.712889645782536 -0.022467084421329
0.717615549686163 -0.021848156743177
0.722317589592464 -0.021227913085372
0.726995249869773 -0.020607387266980
0.731648017559930 -0.019987596603554
0.736275382434527 -0.019369529748031
0.740876837050857 -0.018754116573056
0.745451876807570 -0.018142119083585
0.750000000000000 -0.017534251331150
0.754520707875185 -0.016931197237466
0.759013504686565 -0.016333575345644
0.763477897748338 -0.015741837170851
0.767913397489498 -0.015156392565409
0.772319517507513 -0.014577635306601
0.776695774621672 -0.014005958999183
0.781041688926065 -0.013441770869167
0.785356783842216 -0.012885459499555
0.789640586171339 -0.012337399418013
0.793892626146236 -0.011797907784257
0.798112437482808 -0.011267257822311
0.802299557431187 -0.010745711734662
0.806453526826488 -0.010233506034895
0.810573890139155 -0.009730858019520
0.814660195524918 -0.009237960598782
0.818711994874345 -0.008754998308237
0.822728843861975 -0.008282130219023
0.826710301995052 -0.007819501889799
0.830655932661826 -0.007367248664415
0.834565303179429 -0.006925497898743
0.838437984841330 -0.006494377702013
0.842273552964344 -0.006074001534923
0.846071586935203 -0.005664473561449
0.849831670256683 -0.005265901736215
0.853553390593274 -0.004878372228039
0.857236339816401 -0.004501962330355
0.860880114049181 -0.004136721268494
0.864484313710706 -0.003782687134605
0.868048543559867 -0.003439876102092
0.871572412738697 -0.003108283759689
0.875055534815230 -0.002787891983153
0.878497527825878 -0.002478708479570
0.881898014317321 -0.002180780058951
0.885256621387894 -0.001894137791728
0.888572980728485 -0.001618802930486
0.891846728662920 -0.001354781099514
0.895077506187845 -0.001102057648499
0.898264959012098 -0.000860597655116
0.901408737595557 -0.000630348884339
0.904508497187474 -0.000411225136325
0.907563897864277 -0.000203109993702
0.910574604566852 -0.000005894307935
0.913540287137281 0.000180470291428
0.916460620355049 0.000356027460998
0.919335283972712 0.000520761669984
0.922163962751007 0.000674633354823
0.924946346493432 0.000817650887512
0.927682130080253 0.000949873966074
0.930371013501972 0.001071391591519
0.933012701892219 0.001182318823397
0.935606905560095 0.001282797996560
0.938153340021932 0.001373004676426
0.940651726032496 0.001453139072077
0.943101789615607 0.001523413373396
0.945503262094184 0.001584050495348
0.947855880119706 0.001635242033190
0.950159385701097 0.001677194745214
0.952413526233010 0.001710151801675
0.954618054523534 0.001734384095997
0.956772728821300 0.001750185988830
0.958877312841991 0.001757875112629
0.960931575794250 0.001757791373060
0.962935292404997 0.001750293549720
0.964888242944126 0.001735757921947
0.966790213248601 0.001714580456810
0.968640994745946 0.001687162562137
0.970440384477113 0.001653887288701
0.972188185118740 0.001615143152572
0.973884205004793 0.001571329599856
0.975528258147577 0.001522862862795
0.977120164258138 0.001470171435660
0.978659748766034 0.001413693680641
0.980146842838471 0.001353877964743
0.981581283398829 0.001291175091791
0.982962913144534 0.001226043461750
0.984291580564316 0.001158942025428
0.985567139954818 0.001090328085536
0.986789451436580 0.001020654446689
0.987958380969374 0.000950357106379
0.989073800366903 0.000879866204780
0.990135587310861 0.000809614041199
0.991143625364344 0.000740020354029
0.992097803984621 0.000671504815993
0.992998018535252 0.000604471035412
0.993844170297569 0.000539315770644
0.994636166481494 0.000476418837751
0.995373920235722 0.000416145705065
0.996057350657239 0.000358845458026
0.996686382800198 0.000304848203192
0.997260947684137 0.000254460692033
0.997780982301540 0.000207971921245
0.998246429624752 0.000165644050172
0.998657238612229 0.000127718035076
0.999013364214136 0.000094406637720
0.999314767377287 0.000065898622998
0.999561415049429 0.000042352636294
0.999753280182866 0.000023901597220
0.999890341737423 0.000010647315329
0.999972584682756 0.000002665441457
1.000000000000000 0.000000000000000
