1.000000000000000 0.000000000000000
0.999972584682756 0.000006078061378
0.999890341737423 0.000024325488150
0.999753280182866 0.000054817645484
0.999561415049429 0.000097651207135
0.999314767377287 0.000152978701986
0.999013364214136 0.000220982441950
0.998657238612229 0.000301888054081
0.998246429624752 0.000395945042437
0.997780982301540 0.000503435168258
0.997260947684137 0.000624672431432
0.996686382800198 0.000759968800678
0.996057350657239 0.000909674793775
0.995373920235722 0.001074131307756
0.994636166481494 0.001253675168977
0.993844170297569 0.001448653747594
0.992998018535252 0.001659377781277
0.992097803984621 0.001886138946701
0.991143625364344 0.002129201089739
0.990135587310861 0.002388777465698
0.989073800366903 0.002665014999641
0.987958380969374 0.002958001814310
0.986789451436580 0.003267753076717
0.985567139954818 0.003594163914392
0.984291580564316 0.003937076182544
0.982962913144534 0.004296443027414
0.981581283398829 0.004672250111600
0.980146842838472 0.005064462120388
0.978659748766034 0.005472988635605
0.977120164258138 0.005897671444891
0.975528258147577 0.006338301210861
0.973884205004793 0.006794589909991
0.972188185118741 0.007266192411757
0.970440384477113 0.007752675126538
0.968640994745946 0.008253474467100
0.966790213248601 0.008768133268670
0.964888242944126 0.009296305115857
0.962935292404997 0.009837791284465
0.960931575794250 0.010392400380918
0.958877312841991 0.010959881367750
0.956772728821300 0.011539996048866
0.954618054523534 0.012132462217239
0.952413526233010 0.012737000131554
0.950159385701097 0.013353301664204
0.947855880119706 0.013981030943698
0.945503262094184 0.014619842891129
0.943101789615607 0.015269408766399
0.940651726032496 0.015929398163353
0.938153340021932 0.016599478875732
0.935606905560095 0.017279302708494
0.933012701892219 0.017968518703007
0.930371013501972 0.018666739369695
0.927682130080253 0.019373581252329
0.924946346493432 0.020088627702359
0.922163962751008 0.020811458545574
0.919335283972712 0.021541628757868
0.916460620355050 0.022278731788679
0.913540287137281 0.023022401085386
0.910574604566852 0.023772251464295
0.907563897864277 0.024527926763273
0.904508497187474 0.025289052607431
0.901408737595557 0.026055239335338
0.898264959012098 0.026826105145047
0.895077506187845 0.027601248345591
0.891846728662920 0.028380257497917
0.888572980728485 0.029162731006234
0.885256621387895 0.029948313722017
0.881898014317321 0.030736660942025
0.878497527825878 0.031527452436537
0.875055534815230 0.032320372604017
0.871572412738697 0.033115126314110
0.868048543559867 0.033911402513797
0.864484313710706 0.034708892816635
0.860880114049181 0.035507288972104
0.857236339816402 0.036306303726751
0.853553390593274 0.037105646287518
0.849831670256683 0.037905045879887
0.846071586935203 0.038704286822026
0.842273552964344 0.039503195889755
0.838437984841330 0.040301590026421
0.834565303179429 0.041099314693012
0.830655932661826 0.041896200369114
0.826710301995053 0.042692101913835
0.822728843861975 0.043486875904400
0.818711994874345 0.044280388179144
0.814660195524919 0.045072514321637
0.810573890139155 0.045863122035148
0.806453526826488 0.046652041096761
0.802299557431188 0.047439105365956
0.798112437482808 0.048224149370604
0.793892626146237 0.049007024525572
0.789640586171339 0.049787593419194
0.785356783842216 0.050565722958591
0.781041688926065 0.051341284863390
0.776695774621672 0.052114139360250
0.772319517507513 0.052884143316258
0.767913397489498 0.053651163032849
0.763477897748339 0.054415045217285
0.759013504686565 0.055175611271404
0.754520707875186 0.055932681261518
0.750000000000000 0.056686079937237
0.745451876807570 0.057435637542651
0.740876837050858 0.058181196292353
0.736275382434527 0.058922603471996
0.731648017559931 0.059659708687137
0.726995249869773 0.060392377995906
0.722317589592464 0.061120486355948
0.717615549686164 0.061843926045536
0.712889645782536 0.062562578114491
0.708140396130201 0.063276353153539
0.703368321537900 0.063985167894405
0.698573945317390 0.064688948888843
0.693757793226052 0.065387628673660
0.688920393409234 0.066081132408006
0.684062276342339 0.066769342662232
0.679183974772650 0.067452139345987
0.674286023660908 0.068129401528824
0.669368960122646 0.068801015143351
0.664433323369292 0.069466835059981
0.659479654649035 0.070126702173935
0.654508497187474 0.070780457827109
0.649520396128043 0.071427949053718
0.644515898472236 0.072069018948899
0.639495553019615 0.072703512027501
0.634459910307633 0.073331274878447
0.629409522551260 0.073952150560930
0.624344943582428 0.074565991267816
0.619266728789291 0.075172630498479
0.614175435055328 0.075771875425455
0.609071620698271 0.076363546176140
0.603955845408880 0.076947457243415
0.598828670189563 0.077523432979067
0.593690657292862 0.078091298147181
0.588542370159792 0.078650886475420
0.583384373358051 0.079202034994140
0.578217232520115 0.079744582967600
0.573041514281206 0.080278370122069
0.567857786217152 0.080803236817656
0.562666616782152 0.081319022771111
0.557468575246433 0.081825570778623
0.552264231633827 0.082322730194613
0.547054156659257 0.082810352926005
0.541838921666158 0.083288298934391
0.536619098563816 0.083756432090326
0.531395259764657 0.084214622742096
0.526167978121472 0.084662740338775
0.520937826864600 0.085100668218165
0.515705379539064 0.085528302851896
0.510471209941678 0.085945543102976
0.505235892058123 0.086352295706080
0.500000000000000 0.086748469917487
0.494764107941877 0.087133973336182
0.489528790058322 0.087508704902384
0.484294620460936 0.087872564903273
0.479062173135400 0.088225460062570
0.473832021878528 0.088567301223851
0.468604740235343 0.088897992516085
0.463380901436184 0.089217422368964
0.458161078333842 0.089525481529616
0.452945843340743 0.089822067278055
0.447735768366173 0.090107080111228
0.442531424753567 0.090380427867613
0.437333383217848 0.090642020238085
0.432142213782848 0.090891772761984
0.426958485718794 0.091129606990307
0.421782767479885 0.091355450464814
0.416615626641949 0.091569235655129
0.411457629840209 0.091770897741310
0.406309342707138 0.091960379616053
0.401171329810437 0.092137629331997
0.396044154591120 0.092302600945985
0.390928379301729 0.092455240807519
0.385824564944672 0.092595482479520
0.380733271210710 0.092723264044171
0.375655056417573 0.092838532178098
0.370590477448740 0.092941238117130
0.365540089692367 0.093031325407351
0.360504446980385 0.093108728357250
0.355484101527764 0.093173388950921
0.350479603871957 0.093225256409134
0.345491502812526 0.093264286941045
0.340520345350965 0.093290427991688
0.335566676630708 0.093303625510815
0.330631039877354 0.093303834097401
0.325713976339092 0.093291017093983
0.320816025227350 0.093265142533046
0.315937723657661 0.093226167861444
0.311079606590766 0.093174054302389
0.306242206773949 0.093108773168017
0.301426054682610 0.093030305052036
0.296631678462100 0.092938626014071
0.291859603869799 0.092833698436531
0.287110354217464 0.092715494217696
0.282384450313836 0.092583995257156
0.277682410407536 0.092439191088403
0.273004750130227 0.092281041315582
0.268351982440069 0.092109501233381
0.263724617565473 0.091924537760263
0.259123162949143 0.091726130468774
0.254548123192430 0.091514263546110
0.250000000000000 0.091288915100056
0.245479292124815 0.091050079931424
0.240986495313435 0.090797764291438
0.236522102251661 0.090531960825418
0.232086602510502 0.090252564876380
0.227680482492487 0.089959468311350
0.223304225378328 0.089652583156335
0.218958311073935 0.089331842946609
0.214643216157784 0.088997227123922
0.210359413828661 0.088648746690974
0.206107373853763 0.088286428608045
0.201887562517192 0.087910291393637
0.197700442568813 0.087520126336618
0.193546473173512 0.087115629392253
0.189426109860845 0.086696530639468
0.185339804475081 0.086262596647957
0.181288005125655 0.085813620039034
0.177271156138025 0.085349436360844
0.173289698004947 0.084869908292076
0.169344067338174 0.084374930138138
0.165434696820571 0.083864393451262
0.161562015158670 0.083338216398389
0.157726447035656 0.082796357301202
0.153928413064797 0.082238781565378
0.150168329743317 0.081665462925755
0.146446609406726 0.081076403267040
0.142763660183598 0.080471647120766
0.139119885950819 0.079851274021092
0.135515686289294 0.079215417842980
0.131951456440133 0.078564234186225
0.128427587261303 0.077897916899124
0.124944465184770 0.077216686150287
0.121502472174122 0.076520792433636
0.118101985682679 0.075810524373016
0.114743378612105 0.075086200863112
0.111427019271515 0.074348171004039
0.108153271337080 0.073596815171862
0.104922493812155 0.072832539700845
0.101735040987902 0.072055776332605
0.098591262404443 0.071266984630697
0.095491502812526 0.070466329815746
0.092436102135723 0.069653670790547
0.089425395433148 0.068828912483444
0.086459712862719 0.067992016869118
0.083539379644950 0.067142991443356
0.080664716027288 0.066281928165380
0.077836037248993 0.065409061242385
0.075053653506568 0.064524777181487
0.072317869919747 0.063629453881961
0.069628986498028 0.062722428624113
0.066987298107781 0.061802286439407
0.064393094439905 0.060867767172706
0.061846659978068 0.059917600333531
0.059348273967504 0.058950630555338
0.056898210384393 0.057965901442942
0.054496737905816 0.056962752103731
0.052144119880294 0.055940652003394
0.049840614298903 0.054899124542285
0.047586473766990 0.053837700506599
0.045381945476466 0.052756014285400
0.043227271178700 0.051653545465841
0.041122687158010 0.050529854542861
0.039068424205750 0.049384687876624
0.037064707595003 0.048217939559354
0.035111757055874 0.047029533194901
0.033209786751399 0.045819454073328
0.031359005254054 0.044587929645414
0.029559615522887 0.043335986737917
0.027811814881260 0.042064913049427
0.026115794995207 0.040776332339060
0.024471741852423 0.039471960541646
0.022879835741862 0.038153557196064
0.021340251233966 0.036822860369824
0.019853157161529 0.035481989451656
0.018418716601171 0.034133069319595
0.017037086855466 0.032777513189789
0.015708419435685 0.031416260067218
0.014432860045182 0.030049146451087
0.013210548563420 0.028675999619974
0.012041619030626 0.027296940867236
0.010926199633097 0.025912210336643
0.009864412689139 0.024522142063366
0.008856374635656 0.023127212803173
0.007902196015379 0.021728121119319
0.007001981464748 0.020326185777207
0.006155829702431 0.018923460403441
0.005363833518506 0.017522639237347
0.004626079764278 0.016126643018122
0.003942649342761 0.014739149776075
0.003313617199802 0.013364619108490
0.002739052315863 0.012008521684492
0.002219017698460 0.010678341121213
0.001753570375248 0.009381467373877
0.001342761387771 0.008118978465456
0.000986635785864 0.006886823200049
0.000685232622713 0.005682176418196
0.000438584950571 0.004502624309196
0.000246719817134 0.003346211417481
0.000109658262577 0.002211247626436
0.000027415317244 0.001096141774345
0.000000000000000 0.000000000000000
0.000027415317244 -0.001078554722458
0.000109658262577 -0.002146351590753
0.000246719817134 -0.003204807171568
0.000438584950571 -0.004249482522323
0.000685232622713 -0.005275119981302
0.000986635785864 -0.006276970176928
0.001342761387771 -0.007250214231699
0.001753570375248 -0.008190216071934
0.002219017698460 -0.009092598153941
0.002739052315863 -0.009951984684497
0.003313617199802 -0.010770006024278
0.003942649342761 -0.011552433855407
0.004626079764278 -0.012306209536106
0.005363833518506 -0.013036341340569
0.006155829702431 -0.013746862961391
0.007001981464748 -0.014441614102256
0.007902196015379 -0.015124442331018
0.008856374635656 -0.015799163417203
0.009864412689139 -0.016470656961997
0.010926199633097 -0.017144948112041
0.012041619030626 -0.017826387881185
0.013210548563420 -0.018517792276874
0.014432860045182 -0.019217816638860
0.015708419435684 -0.019923690910140
0.017037086855466 -0.020633852260434
0.018418716601171 -0.021347061468804
0.019853157161528 -0.022062099691466
0.021340251233966 -0.022777990844985
0.022879835741862 -0.023494136818238
0.024471741852423 -0.024210321034691
0.026115794995207 -0.024926685984138
0.027811814881259 -0.025643076509612
0.029559615522887 -0.026359159079223
0.031359005254054 -0.027074372228080
0.033209786751399 -0.027788145698546
0.035111757055874 -0.028500082519831
0.037064707595003 -0.029209976206948
0.039068424205750 -0.029917666233206
0.041122687158009 -0.030623130401026
0.043227271178699 -0.031326581112634
0.045381945476466 -0.032028401482854
0.047586473766990 -0.032728669235994
0.049840614298903 -0.033427212400505
0.052144119880293 -0.034123696901130
0.054496737905816 -0.034817575001439
0.056898210384393 -0.035508353419310
0.059348273967504 -0.036195703423644
0.061846659978068 -0.036879372965125
0.064393094439905 -0.037559171747700
0.066987298107781 -0.038234995293243
0.069628986498028 -0.038906755586533
0.072317869919747 -0.039574404937854
0.075053653506568 -0.040237845195028
0.077836037248992 -0.040896714892104
0.080664716027288 -0.041550633709780
0.083539379644950 -0.042199287214182
0.086459712862719 -0.042842410749077
0.089425395433148 -0.043479790312008
0.092436102135723 -0.044111256900520
0.095491502812526 -0.044736701697059
0.098591262404443 -0.045355980993180
0.101735040987902 -0.045968901628783
0.104922493812155 -0.046575276483701
0.108153271337080 -0.047174804876891
0.111427019271514 -0.047767071479525
0.114743378612105 -0.048351678144806
0.118101985682679 -0.048928275078917
0.121502472174122 -0.049496550479814
0.124944465184770 -0.050056211749945
0.128427587261303 -0.050606977178383
0.131951456440133 -0.051148590103241
0.135515686289294 -0.051680804063689
0.139119885950819 -0.052203420210685
0.142763660183598 -0.052716272224207
0.146446609406726 -0.053219215053827
0.150168329743317 -0.053712133116828
0.153928413064796 -0.054194928507653
0.157726447035656 -0.054667535245679
0.161562015158669 -0.055129907179247
0.165434696820571 -0.055582022353789
0.169344067338174 -0.056023884266036
0.173289698004947 -0.056455518553054
0.177271156138025 -0.056876908179792
0.181288005125655 -0.057288030677692
0.185339804475081 -0.057688876954050
0.189426109860845 -0.058079476531024
0.193546473173511 -0.058459897863935
0.197700442568812 -0.058830244259618
0.201887562517192 -0.059190637255056
0.206107373853763 -0.059541158291260
0.210359413828660 -0.059881840815952
0.214643216157784 -0.060212734518747
0.218958311073935 -0.060533892172537
0.223304225378328 -0.060845256252387
0.227680482492486 -0.061146688483149
0.232086602510501 -0.061438062045403
0.236522102251661 -0.061719257183351
0.240986495313435 -0.061990193841007
0.245479292124814 -0.062250816842229
0.250000000000000 -0.062501078881919
0.254548123192429 -0.062740945506979
0.259123162949142 -0.062970363629399
0.263724617565473 -0.063189275775060
0.268351982440069 -0.063397631890254
0.273004750130227 -0.063595393059826
0.277682410407536 -0.063782528558599
0.282384450313836 -0.063959016687797
0.287110354217464 -0.064124843784290
0.291859603869799 -0.064280006952060
0.296631678462100 -0.064424515581593
0.301426054682609 -0.064558392019733
0.306242206773948 -0.064681670120263
0.311079606590766 -0.064794393913571
0.315937723657661 -0.064896617284789
0.320816025227350 -0.064988427134257
0.325713976339092 -0.065069929785415
0.330631039877354 -0.065141241780505
0.335566676630708 -0.065202488502587
0.340520345350965 -0.065253768254673
0.345491502812526 -0.065295118616094
0.350479603871956 -0.065326575693240
0.355484101527764 -0.065348182774633
0.360504446980385 -0.065359983431577
0.365540089692367 -0.065361947473688
0.370590477448739 -0.065353994614488
0.375655056417572 -0.065336047612637
0.380733271210709 -0.065308033350300
0.385824564944672 -0.065269886872076
0.390928379301728 -0.065221567689803
0.396044154591120 -0.065163045314310
0.401171329810437 -0.065094293897673
0.406309342707137 -0.065015292624690
0.411457629840208 -0.064926028515792
0.416615626641949 -0.064826501906387
0.421782767479884 -0.064716719356044
0.426958485718794 -0.064596691637812
0.432142213782848 -0.064466434061198
0.437333383217848 -0.064325949127175
0.442531424753567 -0.064175215590285
0.447735768366173 -0.064014215534574
0.452945843340743 -0.063842933589039
0.458161078333842 -0.063661358566671
0.463380901436184 -0.063469446989581
0.468604740235343 -0.063267120425179
0.473832021878528 -0.063054302975173
0.479062173135400 -0.062830923266461
0.484294620460935 -0.062596911637943
0.489528790058321 -0.062352177491843
0.494764107941877 -0.062096618998548
0.500000000000000 -0.061830132745527
0.505235892058122 -0.061552624889021
0.510471209941678 -0.061263994244489
0.515705379539064 -0.060964055567061
0.520937826864600 -0.060652574019021
0.526167978121472 -0.060329321688048
0.531395259764656 -0.059994074263762
0.536619098563816 -0.059646620619210
0.541838921666157 -0.059286807725656
0.547054156659257 -0.058914511394803
0.552264231633827 -0.058529610599185
0.557468575246433 -0.058131994583201
0.562666616782152 -0.057721566512591
0.567857786217152 -0.057298294837102
0.573041514281206 -0.056862165556583
0.578217232520115 -0.056413168874125
0.583384373358051 -0.055951303813985
0.588542370159791 -0.055476595471533
0.593690657292862 -0.054989114190470
0.598828670189563 -0.054488942561621
0.603955845408879 -0.053976169547509
0.609071620698271 -0.053450895065280
0.614175435055328 -0.052913311733477
0.619266728789290 -0.052363721626046
0.624344943582427 -0.051802433639693
0.629409522551260 -0.051229756793903
0.634459910307633 -0.050646006106984
0.639495553019614 -0.050051486497725
0.644515898472235 -0.049446501931810
0.649520396128043 -0.048831353568172
0.654508497187474 -0.048206355735307
0.659479654649035 -0.047571842905553
0.664433323369291 -0.046928210356702
0.669368960122646 -0.046275859259605
0.674286023660907 -0.045615185654920
0.679183974772650 -0.044946592060491
0.684062276342339 -0.044270462638624
0.688920393409233 -0.043587182780358
0.693757793226051 -0.042897132462587
0.698573945317390 -0.042200693847894
0.703368321537900 -0.041498306517847
0.708140396130200 -0.040790447635036
0.712889645782536 -0.040077593040579
0.717615549686163 -0.039360217703532
0.722317589592464 -0.038638788980201
0.726995249869773 -0.037913765748552
0.731648017559930 -0.037185605351589
0.736275382434527 -0.036454753428530
0.740876837050857 -0.035721662687527
0.745451876807570 -0.034986800460900
0.750000000000000 -0.034250620643632
0.754520707875185 -0.033513574323425
0.759013504686565 -0.032776112700982
0.763477897748338 -0.032038703142532
0.767913397489498 -0.031301798133174
0.772319517507513 -0.030565842867392
0.776695774621672 -0.029831264999798
0.781041688926065 -0.029098472745059
0.785356783842216 -0.028367863071097
0.789640586171339 -0.027639831627024
0.793892626146236 -0.026914835735165
0.798112437482808 -0.026193343057108
0.802299557431187 -0.025475804146199
0.806453526826488 -0.024762663059965
0.810573890139155 -0.024054362057698
0.814660195524918 -0.023351322923348
0.818711994874345 -0.022653953084947
0.822728843861975 -0.021962637120798
0.826710301995052 -0.021277744570456
0.830655932661826 -0.020599626029389
0.834565303179429 -0.019928633192970
0.838437984841330 -0.019265112079050
0.842273552964344 -0.018609395986020
0.846071586935203 -0.017961806370388
0.849831670256683 -0.017322651216077
0.853553390593274 -0.016692213434561
0.857236339816401 -0.016070761746909
0.860880114049181 -0.015458533673984
0.864484313710706 -0.014855753045689
0.868048543559867 -0.014262643610642
0.871572412738697 -0.013679439332227
0.875055534815230 -0.013106353090515
0.878497527825878 -0.012543677300544
0.881898014317321 -0.011991752633507
0.885256621387894 -0.011450887382154
0.888572980728485 -0.010921342836151
0.891846728662920 -0.010403350460253
0.895077506187845 -0.009897113840712
0.898264959012098 -0.009402808266927
0.901408737595557 -0.008920588810586
0.904508497187474 -0.008450583586490
0.907563897864277 -0.007992890423861
0.910574604566852 -0.007547648777384
0.913540287137281 -0.007115091934348
0.916460620355049 -0.006695424124764
0.919335283972712 -0.006288815959557
0.922163962751007 -0.005895389585523
0.924946346493432 -0.005515236382928
0.927682130080253 -0.005148412998301
0.930371013501972 -0.004794935385871
0.933012701892219 -0.004454794127035
0.935606905560095 -0.004127942724662
0.938153340021932 -0.003814301850765
0.940651726032496 -0.003513799871464
0.943101789615607 -0.003226453189023
0.945503262094184 -0.002952243999872
0.947855880119706 -0.002691130965174
0.950159385701097 -0.002443024770412
0.952413526233010 -0.002207798358175
0.954618054523534 -0.001985287828325
0.956772728821300 -0.001775291859300
0.958877312841991 -0.001577587969238
0.960931575794250 -0.001391925242922
0.962935292404997 -0.001217993767452
0.964888242944126 -0.001055493348377
0.966790213248601 -0.000904285913138
0.968640994745946 -0.000764284312657
0.970440384477113 -0.000635415867148
0.972188185118740 -0.000517530557240
0.973884205004793 -0.000410402411327
0.975528258147577 -0.000313754139336
0.977120164258138 -0.000227257682555
0.978659748766034 -0.000150537692330
0.980146842838471 -0.000083180298081
0.981581283398829 -0.000024732859153
0.982962913144534 0.000025284666716
0.984291580564316 0.000067375808343
0.985567139954818 0.000101996291264
0.986789451436580 0.000129557489820
0.987958380969374 0.000150513851318
0.989073800366903 0.000165359913709
0.990135587310861 0.000174619905518
0.991143625364344 0.000178843549329
0.992097803984621 0.000178596996187
0.992998018535252 0.000174456684777
0.993844170297569 0.000167002902612
0.994636166481494 0.000156813057995
0.995373920235722 0.000144456700314
0.996057350657239 0.000130488709044
0.996686382800198 0.000115445322110
0.997260947684137 0.000099838129963
0.997780982301540 0.000084150035457
0.998246429624752 0.000068831241164
0.998657238612229 0.000054295382055
0.999013364214136 0.000040913979795
0.999314767377287 0.000029018427477
0.999561415049429 0.000018890671009
0.999753280182866 0.000010766274163
0.999890341737423 0.000004829458712
0.999972584682756 0.000001214022937
1.000000000000000 0.000000000000000
