1.000000000000000 0.000000000000000
0.999972584682756 0.000002303548453
0.999890341737423 0.000009212681970
0.999753280182866 0.000020727390679
0.999561415049429 0.000036846149645
0.999314767377287 0.000057567427513
0.999013364214136 0.000082889686634
0.998657238612229 0.000112808366184
0.998246429624752 0.000147320407973
0.997780982301540 0.000186424256667
0.997260947684137 0.000230112317486
0.996686382800198 0.000278381516165
0.996057350657239 0.000331227265217
0.995373920235722 0.000388641955874
0.994636166481494 0.000450619484013
0.993844170297569 0.000517155250578
0.992998018535252 0.000588238619715
0.992097803984621 0.000663863478629
0.991143625364344 0.000744020695803
0.990135587310861 0.000828702646955
0.989073800366903 0.000917898690356
0.987958380969374 0.001011599692797
0.986789451436580 0.001109795013417
0.985567139954818 0.001212474012842
0.984291580564316 0.001319624545545
0.982962913144534 0.001431235977370
0.981581283398829 0.001547296169560
0.980146842838472 0.001667791479615
0.978659748766034 0.001792706762179
0.977120164258138 0.001922032911495
0.975528258147577 0.002055751779042
0.973884205004793 0.002193849749364
0.972188185118741 0.002336311707685
0.970440384477113 0.002483122549153
0.968640994745946 0.002634265671519
0.966790213248601 0.002789724484379
0.964888242944126 0.002949482410133
0.962935292404997 0.003113521376727
0.960931575794250 0.003281823326896
0.958877312841991 0.003454370219154
0.956772728821300 0.003631144028790
0.954618054523534 0.003812123732445
0.952413526233010 0.003997291342000
0.950159385701097 0.004186625872714
0.947855880119706 0.004380104852475
0.945503262094184 0.004577710355615
0.943101789615607 0.004779419954656
0.940651726032496 0.004985211245983
0.938153340021932 0.005195061850889
0.935606905560095 0.005408947908133
0.933012701892219 0.005626848599376
0.930371013501972 0.005848740117932
0.927682130080253 0.006074597178830
0.924946346493432 0.006304396034196
0.922163962751008 0.006538111453583
0.919335283972712 0.006775718238297
0.916460620355050 0.007017192746951
0.913540287137281 0.007262505345510
0.910574604566852 0.007511632420712
0.907563897864277 0.007764547325134
0.904508497187474 0.008021222020206
0.901408737595557 0.008281628753717
0.898264959012098 0.008545741255824
0.895077506187845 0.008813528887709
0.891846728662920 0.009084961581879
0.888572980728485 0.009360007391772
0.885256621387895 0.009638633629744
0.881898014317321 0.009920807310314
0.878497527825878 0.010206493751090
0.875055534815230 0.010495659587624
0.871572412738697 0.010788268268188
0.868048543559867 0.011084284902092
0.864484313710706 0.011383674579559
0.860880114049181 0.011686400360567
0.857236339816402 0.011992423495590
0.853553390593274 0.012301702937824
0.849831670256683 0.012614200744778
0.846071586935203 0.012929886548559
0.842273552964344 0.013248729170204
0.838437984841330 0.013570700991363
0.834565303179429 0.013895782907214
0.830655932661826 0.014223957638826
0.826710301995053 0.014555209949004
0.822728843861975 0.014889518168309
0.818711994874345 0.015226862250529
0.814660195524919 0.015567218631424
0.810573890139155 0.015910577589350
0.806453526826488 0.016256935353044
0.802299557431188 0.016606291725444
0.798112437482808 0.016958625844531
0.793892626146237 0.017313840439718
0.789640586171339 0.017671814093372
0.785356783842216 0.018032426812597
0.781041688926065 0.018395527718940
0.776695774621672 0.018760947904111
0.772319517507513 0.019128506203804
0.767913397489498 0.019498022395925
0.763477897748339 0.019869305280690
0.759013504686565 0.020242163799612
0.754520707875186 0.020616400344090
0.750000000000000 0.020991819361459
0.745451876807570 0.021368248494108
0.740876837050858 0.021745512019457
0.736275382434527 0.022123438335611
0.731648017559931 0.022501851537333
0.726995249869773 0.022880590592776
0.722317589592464 0.023259491986102
0.717615549686164 0.023638392874582
0.712889645782536 0.024017124274722
0.708140396130201 0.024395512604471
0.703368321537900 0.024773379808335
0.698573945317390 0.025150548596305
0.693757793226052 0.025526834160920
0.688920393409234 0.025902054796332
0.684062276342339 0.026276025923029
0.679183974772650 0.026648561335079
0.674286023660908 0.027019471751101
0.669368960122646 0.027388565465764
0.664433323369292 0.027755642011425
0.659479654649035 0.028120502194082
0.654508497187474 0.028482944310639
0.649520396128043 0.028842776599200
0.644515898472236 0.029199837524694
0.639495553019615 0.029553969170473
0.634459910307633 0.029905012546880
0.629409522551260 0.030252812428324
0.624344943582428 0.030597227392175
0.619266728789291 0.030938122884854
0.614175435055328 0.031275369169080
0.609071620698271 0.031608835103560
0.603955845408880 0.031938386545285
0.598828670189563 0.032263862506623
0.593690657292862 0.032585101627749
0.588542370159792 0.032901937086924
0.583384373358051 0.033214208867722
0.578217232520115 0.033521747272133
0.573041514281206 0.033824371137670
0.567857786217152 0.034121900979730
0.562666616782152 0.034414158034341
0.557468575246433 0.034700963451217
0.552264231633827 0.034982141864968
0.547054156659257 0.035257514381140
0.541838921666158 0.035526907936591
0.536619098563816 0.035790148341615
0.531395259764657 0.036047066686706
0.526167978121472 0.036297496194070
0.520937826864600 0.036541273793487
0.515705379539064 0.036778239318999
0.510471209941678 0.037008236257287
0.505235892058123 0.037231103035584
0.500000000000000 0.037446653210109
0.494764107941877 0.037654696330675
0.489528790058322 0.037855045423611
0.484294620460936 0.038047516581176
0.479062173135400 0.038231924809916
0.473832021878528 0.038408079390189
0.468604740235343 0.038575790003961
0.463380901436184 0.038734872152977
0.458161078333842 0.038885144460738
0.452945843340743 0.039026401050527
0.447735768366173 0.039158396084595
0.442531424753567 0.039280884189806
0.437333383217848 0.039393626515412
0.432142213782848 0.039496384919626
0.426958485718794 0.039588832460436
0.421782767479885 0.039670562376060
0.416615626641949 0.039741171888406
0.411457629840209 0.039800268168824
0.406309342707138 0.039847509144221
0.401171329810437 0.039882897312887
0.396044154591120 0.039906602022355
0.390928379301729 0.039918796976054
0.385824564944672 0.039919659328054
0.380733271210710 0.039909473936324
0.375655056417573 0.039888861657968
0.370590477448740 0.039858506211339
0.365540089692367 0.039819085545874
0.360504446980385 0.039771265707315
0.355484101527764 0.039715543727490
0.350479603871957 0.039652228181205
0.345491502812526 0.039581615579861
0.340520345350965 0.039504001641569
0.335566676630708 0.039419633312107
0.330631039877354 0.039328508880458
0.325713976339092 0.039230550997715
0.320816025227350 0.039125688243656
0.315937723657661 0.039013858043388
0.311079606590766 0.038895043299939
0.306242206773949 0.038769275089926
0.301426054682610 0.038636589723725
0.296631678462100 0.038497030240510
0.291859603869799 0.038350671754150
0.287110354217464 0.038197666335506
0.282384450313836 0.038038182103654
0.277682410407536 0.037872386847262
0.273004750130227 0.037700453221327
0.268351982440069 0.037522572151376
0.263724617565473 0.037338942512094
0.259123162949143 0.037149760880668
0.254548123192430 0.036955210674888
0.250000000000000 0.036755376899378
0.245479292124815 0.036550309891646
0.240986495313435 0.036340065352341
0.236522102251661 0.036124686533655
0.232086602510502 0.035904135044094
0.227680482492487 0.035678344205918
0.223304225378328 0.035447259735931
0.218958311073935 0.035210839003098
0.214643216157784 0.034969057216621
0.210359413828661 0.034721901394861
0.206107373853763 0.034469369027090
0.201887562517192 0.034211498739311
0.197700442568813 0.033948386542042
0.193546473173512 0.033680142684508
0.189426109860845 0.033406888931807
0.185339804475081 0.033128817051392
0.181288005125655 0.032846155986856
0.177271156138025 0.032559140523282
0.173289698004947 0.032267988180223
0.169344067338174 0.031972899467030
0.165434696820571 0.031674068590307
0.161562015158670 0.031371704665716
0.157726447035656 0.031066052766833
0.153928413064797 0.030757366372813
0.150168329743317 0.030445879503734
0.146446609406726 0.030131616557850
0.142763660183598 0.029814494347164
0.139119885950819 0.029494443050401
0.135515686289294 0.029171351415114
0.131951456440133 0.028845079988088
0.128427587261303 0.028515513949647
0.124944465184770 0.028182581951463
0.121502472174122 0.027846247333899
0.118101985682679 0.027506492290772
0.114743378612105 0.027163320452127
0.111427019271515 0.026816755421224
0.108153271337080 0.026466834593847
0.104922493812155 0.026113622824227
0.101735040987902 0.025757198469076
0.098591262404443 0.025397675678124
0.095491502812526 0.025035196472087
0.092436102135723 0.024669930798958
0.089425395433148 0.024302060380660
0.086459712862719 0.023931791049680
0.083539379644950 0.023559342794585
0.080664716027288 0.023184965056397
0.077836037248993 0.022808910477337
0.075053653506568 0.022431381743304
0.072317869919747 0.022052564222377
0.069628986498028 0.021672483484921
0.066987298107781 0.021290982968111
0.064393094439905 0.020907974549144
0.061846659978068 0.020523458329077
0.059348273967504 0.020137478143119
0.056898210384393 0.019750101101636
0.054496737905816 0.019361445494421
0.052144119880294 0.018971740590428
0.049840614298903 0.018581228448381
0.047586473766990 0.018189822203886
0.045381945476466 0.017797322169161
0.043227271178700 0.017403403367345
0.041122687158010 0.017007771820272
0.039068424205750 0.016610307848150
0.037064707595003 0.016211007591864
0.035111757055874 0.015809956267102
0.033209786751399 0.015407327081505
0.031359005254054 0.015003413712464
0.029559615522887 0.014598551303547
0.027811814881260 0.014193110124361
0.026115794995207 0.013787724620319
0.024471741852423 0.013383023495850
0.022879835741862 0.012978346706922
0.021340251233966 0.012572551673731
0.019853157161529 0.012164360554800
0.018418716601171 0.011752960831236
0.017037086855466 0.011338056127695
0.015708419435685 0.010919707846050
0.014432860045182 0.010498325511691
0.013210548563420 0.010074660981995
0.012041619030626 0.009649707351864
0.010926199633097 0.009224463594295
0.009864412689139 0.008799688765781
0.008856374635656 0.008376158916055
0.007902196015379 0.007954874928391
0.007001981464748 0.007536485697296
0.006155829702431 0.007112838597722
0.005363833518506 0.006672901408949
0.004626079764278 0.006213198818725
0.003942649342761 0.005737410904336
0.003313617199802 0.005251922000234
0.002739052315863 0.004760939454044
0.002219017698460 0.004267597112893
0.001753570375248 0.003774337919170
0.001342761387771 0.003283031803251
0.000986635785864 0.002795179641743
0.000685232622713 0.002312068752849
0.000438584950571 0.001834783195196
0.000246719817134 0.001364215096564
0.000109658262577 0.000901132021675
0.000027415317244 0.000446230782834
0.000000000000000 0.000000000000000
0.000027415317244 -0.000446096755707
0.000109658262577 -0.000901112502072
0.000246719817134 -0.001364196184332
0.000438584950571 -0.001834779331420
0.000685232622713 -0.002312063535412
0.000986635785864 -0.002795165659813
0.001342761387771 -0.003283033380125
0.001753570375248 -0.003774340947480
0.002219017698460 -0.004267587323808
0.002739052315863 -0.004760953403144
0.003313617199802 -0.005251918522883
0.003942649342761 -0.005737401405038
0.004626079764278 -0.006213209965468
0.005363833518506 -0.006672901622457
0.006155829702431 -0.007112848549761
0.007001981464748 -0.007536491239307
0.007902196015379 -0.007954878377507
0.008856374635656 -0.008376162320584
0.009864412689139 -0.008799687697515
0.010926199633097 -0.009224469536281
0.012041619030626 -0.009649708746586
0.013210548563420 -0.010074663706340
0.014432860045182 -0.010498327212024
0.015708419435684 -0.010919710497136
0.017037086855466 -0.011338056911926
0.018418716601171 -0.011752959418094
0.019853157161528 -0.012164362086611
0.021340251233966 -0.012572553093407
0.022879835741862 -0.012978346876806
0.024471741852423 -0.013383023438785
0.026115794995207 -0.013787725289348
0.027811814881259 -0.014193113473206
0.029559615522887 -0.014598555401521
0.031359005254054 -0.015003416071093
0.033209786751399 -0.015407331788211
0.035111757055874 -0.015809959820636
0.037064707595003 -0.016211009766824
0.039068424205750 -0.016610309354483
0.041122687158009 -0.017007771799797
0.043227271178699 -0.017403403487147
0.045381945476466 -0.017797323519580
0.047586473766990 -0.018189825788836
0.049840614298903 -0.018581230367646
0.052144119880293 -0.018971740609390
0.054496737905816 -0.019361448151226
0.056898210384393 -0.019750104884570
0.059348273967504 -0.020137478961162
0.061846659978068 -0.020523459524283
0.064393094439905 -0.020907976231571
0.066987298107781 -0.021290983627973
0.069628986498028 -0.021672484018353
0.072317869919747 -0.022052567407933
0.075053653506568 -0.022431381916204
0.077836037248992 -0.022808910149160
0.080664716027288 -0.023184966740471
0.083539379644950 -0.023559344214888
0.086459712862719 -0.023931791638043
0.089425395433148 -0.024302063341642
0.092436102135723 -0.024669931182173
0.095491502812526 -0.025035198160365
0.098591262404443 -0.025397675896521
0.101735040987902 -0.025757200215955
0.104922493812155 -0.026113623569144
0.108153271337080 -0.026466837064155
0.111427019271514 -0.026816756027737
0.114743378612105 -0.027163323548372
0.118101985682679 -0.027506494248880
0.121502472174122 -0.027846249196194
0.124944465184770 -0.028182583770394
0.128427587261303 -0.028515515283303
0.131951456440133 -0.028845081380978
0.135515686289294 -0.029171353196211
0.139119885950819 -0.029494444530418
0.142763660183598 -0.029814494543021
0.146446609406726 -0.030131616728952
0.150168329743317 -0.030445881230756
0.153928413064796 -0.030757368376773
0.157726447035656 -0.031066054069214
0.161562015158669 -0.031371706532128
0.165434696820571 -0.031674070319050
0.169344067338174 -0.031972900581301
0.173289698004947 -0.032267990723255
0.177271156138025 -0.032559142067750
0.181288005125655 -0.032846157966039
0.185339804475081 -0.033128818241426
0.189426109860845 -0.033406890151137
0.193546473173511 -0.033680144003825
0.197700442568812 -0.033948388395120
0.201887562517192 -0.034211499725207
0.206107373853763 -0.034469370692811
0.210359413828660 -0.034721902667001
0.214643216157784 -0.034969058763014
0.218958311073935 -0.035210840015745
0.223304225378328 -0.035447260992282
0.227680482492486 -0.035678345124480
0.232086602510501 -0.035904136655953
0.236522102251661 -0.036124687744841
0.240986495313435 -0.036340066420517
0.245479292124814 -0.036550310940699
0.250000000000000 -0.036755378104599
0.254548123192429 -0.036955211421579
0.259123162949142 -0.037149761866468
0.263724617565473 -0.037338943942503
0.268351982440069 -0.037522573359458
0.273004750130227 -0.037700454087988
0.277682410407536 -0.037872388051802
0.282384450313836 -0.038038183769558
0.287110354217464 -0.038197667966459
0.291859603869799 -0.038350672825373
0.296631678462100 -0.038497031790074
0.301426054682609 -0.038636590952528
0.306242206773948 -0.038769276116592
0.311079606590766 -0.038895044580907
0.315937723657661 -0.039013859359530
0.320816025227350 -0.039125689341687
0.325713976339092 -0.039230551993931
0.330631039877354 -0.039328510253395
0.335566676630708 -0.039419634484539
0.340520345350965 -0.039504002842404
0.345491502812526 -0.039581616591747
0.350479603871956 -0.039652229088977
0.355484101527764 -0.039715544846311
0.360504446980385 -0.039771266686747
0.365540089692367 -0.039819086647853
0.370590477448739 -0.039858507318127
0.375655056417572 -0.039888862717809
0.380733271210709 -0.039909474973886
0.385824564944672 -0.039919660366851
0.390928379301728 -0.039918798011770
0.396044154591120 -0.039906603048621
0.401171329810437 -0.039882898356325
0.406309342707137 -0.039847510164826
0.411457629840208 -0.039800269147265
0.416615626641949 -0.039741172955472
0.421782767479884 -0.039670563284182
0.426958485718794 -0.039588833532674
0.432142213782848 -0.039496385630588
0.437333383217848 -0.039393627297398
0.442531424753567 -0.039280885144706
0.447735768366173 -0.039158397152209
0.452945843340743 -0.039026402473106
0.458161078333842 -0.038885145448826
0.463380901436184 -0.038734873113414
0.468604740235343 -0.038575790734900
0.473832021878528 -0.038408079757931
0.479062173135400 -0.038231925504068
0.484294620460935 -0.038047516872735
0.489528790058321 -0.037855046588416
0.494764107941877 -0.037654697564460
0.500000000000000 -0.037446654086634
0.505235892058122 -0.037231103873342
0.510471209941678 -0.037008237253015
0.515705379539064 -0.036778240208898
0.520937826864600 -0.036541274130586
0.526167978121472 -0.036297496473213
0.531395259764656 -0.036047067343123
0.536619098563816 -0.035790149369738
0.541838921666157 -0.035526908457853
0.547054156659257 -0.035257515483263
0.552264231633827 -0.034982142302358
0.557468575246433 -0.034700964190508
0.562666616782152 -0.034414159024069
0.567857786217152 -0.034121901706834
0.573041514281206 -0.033824372591013
0.578217232520115 -0.033521748270716
0.583384373358051 -0.033214210459100
0.588542370159791 -0.032901938121097
0.593690657292862 -0.032585102404780
0.598828670189563 -0.032263863272936
0.603955845408879 -0.031938387069395
0.609071620698271 -0.031608835887558
0.614175435055328 -0.031275369390163
0.619266728789290 -0.030938123371237
0.624344943582427 -0.030597227020797
0.629409522551260 -0.030252813149349
0.634459910307633 -0.029905013754470
0.639495553019614 -0.029553969445114
0.644515898472235 -0.029199837404834
0.649520396128043 -0.028842777250600
0.654508497187474 -0.028482943904021
0.659479654649035 -0.028120501532899
0.664433323369291 -0.027755641501890
0.669368960122646 -0.027388566422263
0.674286023660907 -0.027019473106288
0.679183974772650 -0.026648561349506
0.684062276342339 -0.026276026168528
0.688920393409233 -0.025902055941204
0.693757793226051 -0.025526834488427
0.698573945317390 -0.025150548488042
0.703368321537900 -0.024773380403034
0.708140396130200 -0.024395513172847
0.712889645782536 -0.024017125302457
0.717615549686163 -0.023638393583654
0.722317589592464 -0.023259492159889
0.726995249869773 -0.022880590896353
0.731648017559930 -0.022501852828414
0.736275382434527 -0.022123439357533
0.740876837050857 -0.021745512963433
0.745451876807570 -0.021368248704282
0.750000000000000 -0.020991820152926
0.754520707875185 -0.020616400957869
0.759013504686565 -0.020242163213220
0.763477897748338 -0.019869304183509
0.767913397489498 -0.019498022900485
0.772319517507513 -0.019128507337254
0.776695774621672 -0.018760948209371
0.781041688926065 -0.018395528175136
0.785356783842216 -0.018032427262418
0.789640586171339 -0.017671815130175
0.793892626146236 -0.017313841079760
0.798112437482808 -0.016958626251528
0.802299557431187 -0.016606292018734
0.806453526826488 -0.016256935672962
0.810573890139155 -0.015910578060203
0.814660195524918 -0.015567219438027
0.818711994874345 -0.015226863237951
0.822728843861975 -0.014889519021249
0.826710301995052 -0.014555210786278
0.830655932661826 -0.014223957814100
0.834565303179429 -0.013895783199934
0.838437984841330 -0.013570701445866
0.842273552964344 -0.013248729601799
0.846071586935203 -0.012929886829169
0.849831670256683 -0.012614201416883
0.853553390593274 -0.012301702904940
0.857236339816401 -0.011992423961749
0.860880114049181 -0.011686400093763
0.864484313710706 -0.011383675582388
0.868048543559867 -0.011084285461696
0.871572412738697 -0.010788268975800
0.875055534815230 -0.010495660018634
0.878497527825878 -0.010206493484035
0.881898014317321 -0.009920806760241
0.885256621387894 -0.009638634589888
0.888572980728485 -0.009360007324776
0.891846728662920 -0.009084961838829
0.895077506187845 -0.008813529919287
0.898264959012098 -0.008545740885259
0.901408737595557 -0.008281628650506
0.904508497187474 -0.008021221852715
0.907563897864277 -0.007764548239848
0.910574604566852 -0.007511632585867
0.913540287137281 -0.007262505022700
0.916460620355049 -0.007017191805800
0.919335283972712 -0.006775717897584
0.922163962751007 -0.006538110875038
0.924946346493432 -0.006304396338253
0.927682130080253 -0.006074597243146
0.930371013501972 -0.005848740694181
0.933012701892219 -0.005626849406900
0.935606905560095 -0.005408948462067
0.938153340021932 -0.005195061650080
0.940651726032496 -0.004985211138031
0.943101789615607 -0.004779419699207
0.945503262094184 -0.004577711377546
0.947855880119706 -0.004380105487280
0.950159385701097 -0.004186625773017
0.952413526233010 -0.003997291449606
0.954618054523534 -0.003812124881581
0.956772728821300 -0.003631144707220
0.958877312841991 -0.003454371283646
0.960931575794250 -0.003281824260997
0.962935292404997 -0.003113520941540
0.964888242944126 -0.002949482761649
0.966790213248601 -0.002789724561890
0.968640994745946 -0.002634265917181
0.970440384477113 -0.002483122976021
0.972188185118740 -0.002336312517984
0.973884205004793 -0.002193849508144
0.975528258147577 -0.002055752087804
0.977120164258138 -0.001922032426035
0.978659748766034 -0.001792706845632
0.980146842838471 -0.001667790014047
0.981581283398829 -0.001547295658690
0.982962913144534 -0.001431236226591
0.984291580564316 -0.001319624824953
0.985567139954818 -0.001212474657372
0.986789451436580 -0.001109794912791
0.987958380969374 -0.001011600336194
0.989073800366903 -0.000917899200771
0.990135587310861 -0.000828701610720
0.991143625364344 -0.000744021028783
0.992097803984621 -0.000663863781893
0.992998018535252 -0.000588238362634
0.993844170297569 -0.000517153973480
0.994636166481494 -0.000450619263434
0.995373920235722 -0.000388641030080
0.996057350657239 -0.000331227329689
0.996686382800198 -0.000278382094606
0.997260947684137 -0.000230113071883
0.997780982301540 -0.000186423036349
0.998246429624752 -0.000147321596090
0.998657238612229 -0.000112809030453
0.999013364214136 -0.000082889012939
0.999314767377287 -0.000057568072696
0.999561415049429 -0.000036846205944
0.999753280182866 -0.000020728257003
0.999890341737423 -0.000009212845300
0.999972584682756 -0.000002303212149
1.000000000000000 0.000000000000000
