1.000000000000000 0.000000000000000
0.999972584682756 0.000002020445478
0.999890341737423 0.000008094598285
0.999753280182866 0.000018264966472
0.999561415049429 0.000032602295597
0.999314767377287 0.000051202613041
0.999013364214136 0.000074193954999
0.998657238612229 0.000101726250281
0.998246429624752 0.000133979346306
0.997780982301540 0.000171161303222
0.997260947684137 0.000213500450348
0.996686382800198 0.000261256659655
0.996057350657239 0.000314711819420
0.995373920235722 0.000374168807466
0.994636166481494 0.000439958667190
0.993844170297569 0.000512433525863
0.992998018535252 0.000591963731469
0.992097803984621 0.000678945451034
0.991143625364344 0.000773787327447
0.990135587310861 0.000876923662608
0.989073800366903 0.000988802469840
0.987958380969374 0.001109883666878
0.986789451436580 0.001240649715563
0.985567139954818 0.001381590349278
0.984291580564316 0.001533209069103
0.982962913144534 0.001696017347441
0.981581283398829 0.001870535071369
0.980146842838472 0.002057296176907
0.978659748766034 0.002256827939630
0.977120164258138 0.002469670635550
0.975528258147577 0.002696358587315
0.973884205004793 0.002937430777912
0.972188185118741 0.003193421287621
0.970440384477113 0.003464862678579
0.968640994745946 0.003752272458063
0.966790213248601 0.004056168163882
0.964888242944126 0.004377050734387
0.962935292404997 0.004715408028957
0.960931575794250 0.005071715927815
0.958877312841991 0.005446429782914
0.956772728821300 0.005839978352596
0.954618054523534 0.006252778422647
0.952413526233010 0.006685208462750
0.950159385701097 0.007137626927741
0.947855880119706 0.007610355740132
0.945503262094184 0.008103692570765
0.943101789615607 0.008617882011959
0.940651726032496 0.009153151224678
0.938153340021932 0.009709661025810
0.935606905560095 0.010287550441941
0.933012701892219 0.010886894589642
0.930371013501972 0.011507721641839
0.927682130080253 0.012150015910545
0.924946346493432 0.012813697872872
0.922163962751008 0.013498629430650
0.919335283972712 0.014204616044484
0.916460620355050 0.014931393259123
0.913540287137281 0.015678645753339
0.910574604566852 0.016445968535355
0.907563897864277 0.017232890799595
0.904508497187474 0.018038849496219
0.901408737595557 0.018863269715412
0.898264959012098 0.019705536893783
0.895077506187845 0.020565188762157
0.891846728662920 0.021442185567533
0.888572980728485 0.022336531386072
0.885256621387895 0.023248164447909
0.881898014317321 0.024177002901002
0.878497527825878 0.025122943044439
0.875055534815230 0.026085866896933
0.871572412738697 0.027065653345898
0.868048543559867 0.028062152848045
0.864484313710706 0.029075195728190
0.860880114049181 0.030104595861239
0.857236339816402 0.031150147284815
0.853553390593274 0.032211638470351
0.849831670256683 0.033288826405056
0.846071586935203 0.034381398218470
0.842273552964344 0.035488955390161
0.838437984841330 0.036611084325424
0.834565303179429 0.037747334628789
0.830655932661826 0.038897200843177
0.826710301995053 0.040060157083496
0.822728843861975 0.041235656301776
0.818711994874345 0.042423125458846
0.814660195524919 0.043621956032654
0.810573890139155 0.044831516319796
0.806453526826488 0.046051137119574
0.802299557431188 0.047280112539290
0.798112437482808 0.048517734827887
0.793892626146237 0.049763345111946
0.789640586171339 0.051016308911582
0.785356783842216 0.052275968341292
0.781041688926065 0.053541646007098
0.776695774621672 0.054812658206165
0.772319517507513 0.056088299637497
0.767913397489498 0.057367843573827
0.763477897748339 0.058650549988072
0.759013504686565 0.059935670217821
0.754520707875186 0.061222425265294
0.750000000000000 0.062510028369755
0.745451876807570 0.063797605532953
0.740876837050858 0.065084271811006
0.736275382434527 0.066369107145318
0.731648017559931 0.067651183451547
0.726995249869773 0.068929537491230
0.722317589592464 0.070203183602021
0.717615549686164 0.071471133422327
0.712889645782536 0.072732372583827
0.708140396130201 0.073985895843514
0.703368321537900 0.075230669213458
0.698573945317390 0.076465663978315
0.693757793226052 0.077689826786054
0.688920393409234 0.078902043401787
0.684062276342339 0.080101150728607
0.679183974772650 0.081285978522098
0.674286023660908 0.082455356864840
0.669368960122646 0.083608175404223
0.664433323369292 0.084743386483447
0.659479654649035 0.085859949072577
0.654508497187474 0.086956825599746
0.649520396128043 0.088032752315842
0.644515898472236 0.089085554311990
0.639495553019615 0.090112826147948
0.634459910307633 0.091112152344132
0.629409522551260 0.092081099955265
0.624344943582428 0.093016738863730
0.619266728789291 0.093915542747080
0.614175435055328 0.094773952197549
0.609071620698271 0.095588397397937
0.603955845408880 0.096355652050768
0.598828670189563 0.097075392572315
0.593690657292862 0.097748831684463
0.588542370159792 0.098377197752312
0.583384373358051 0.098961720089539
0.578217232520115 0.099503986844801
0.573041514281206 0.100007198656897
0.567857786217152 0.100475046053471
0.562666616782152 0.100911238028065
0.557468575246433 0.101319506406310
0.552264231633827 0.101702981492867
0.547054156659257 0.102062847103014
0.541838921666158 0.102399904737073
0.536619098563816 0.102714968998116
0.531395259764657 0.103008863123591
0.526167978121472 0.103282198290873
0.520937826864600 0.103535007165164
0.515705379539064 0.103767232590393
0.510471209941678 0.103978827218512
0.505235892058123 0.104169751913565
0.500000000000000 0.104340077595794
0.494764107941877 0.104490124940306
0.489528790058322 0.104620260460531
0.484294620460936 0.104730855054946
0.479062173135400 0.104822287336444
0.473832021878528 0.104894951752867
0.468604740235343 0.104949270904773
0.463380901436184 0.104985675780630
0.458161078333842 0.105004602789207
0.452945843340743 0.105006492574253
0.447735768366173 0.104991662347202
0.442531424753567 0.104960160343280
0.437333383217848 0.104912006345111
0.432142213782848 0.104847226839629
0.426958485718794 0.104765855036698
0.421782767479885 0.104667905420536
0.416615626641949 0.104553352376676
0.411457629840209 0.104422171020443
0.406309342707138 0.104274346028051
0.401171329810437 0.104109868793955
0.396044154591120 0.103928779255279
0.390928379301729 0.103731184551785
0.385824564944672 0.103517202956679
0.380733271210710 0.103286959243752
0.375655056417573 0.103040584784418
0.370590477448740 0.102778221605600
0.365540089692367 0.102500020045779
0.360504446980385 0.102206136198160
0.355484101527764 0.101896734520959
0.350479603871957 0.101571984085182
0.345491502812526 0.101232055597488
0.340520345350965 0.100877125360581
0.335566676630708 0.100507374439184
0.330631039877354 0.100122990144564
0.325713976339092 0.099724173327663
0.320816025227350 0.099311143033326
0.315937723657661 0.098884134511223
0.311079606590766 0.098443384167118
0.306242206773949 0.097989134968974
0.301426054682610 0.097521570756857
0.296631678462100 0.097040802162912
0.291859603869799 0.096546946747554
0.287110354217464 0.096040128201297
0.282384450313836 0.095520469184301
0.277682410407536 0.094988041321501
0.273004750130227 0.094442915394001
0.268351982440069 0.093885166504703
0.263724617565473 0.093314885161697
0.259123162949143 0.092732177301235
0.254548123192430 0.092137173647812
0.250000000000000 0.091530008942248
0.245479292124815 0.090910830274425
0.240986495313435 0.090279781261737
0.236522102251661 0.089636996025602
0.232086602510502 0.088982606921834
0.227680482492487 0.088316774325575
0.223304225378328 0.087639660507774
0.218958311073935 0.086951460202578
0.214643216157784 0.086252383728906
0.210359413828661 0.085542645529718
0.206107373853763 0.084822452260458
0.201887562517192 0.084091980476136
0.197700442568813 0.083351410150890
0.193546473173512 0.082600941539235
0.189426109860845 0.081840716539913
0.185339804475081 0.081070811495478
0.181288005125655 0.080291318620525
0.177271156138025 0.079502342273695
0.173289698004947 0.078704019232697
0.169344067338174 0.077896515242268
0.165434696820571 0.077080008976662
0.161562015158670 0.076254707939007
0.157726447035656 0.075420846137563
0.153928413064797 0.074578685062747
0.150168329743317 0.073728486394073
0.146446609406726 0.072870403915058
0.142763660183598 0.072004471602049
0.139119885950819 0.071130763298772
0.135515686289294 0.070249352353396
0.131951456440133 0.069360323083064
0.128427587261303 0.068463778737352
0.124944465184770 0.067559853363443
0.121502472174122 0.066648721899197
0.118101985682679 0.065730608239517
0.114743378612105 0.064805733982352
0.111427019271515 0.063874370852088
0.108153271337080 0.062936786323454
0.104922493812155 0.061993301447738
0.101735040987902 0.061044290913704
0.098591262404443 0.060090177371995
0.095491502812526 0.059131434222158
0.092436102135723 0.058168706297650
0.089425395433148 0.057202707539860
0.086459712862719 0.056234166761773
0.083539379644950 0.055263804199726
0.080664716027288 0.054292356050378
0.077836037248993 0.053320513269032
0.075053653506568 0.052348916119536
0.072317869919747 0.051378114425511
0.069628986498028 0.050407849490919
0.066987298107781 0.049437529244166
0.064393094439905 0.048466697197639
0.061846659978068 0.047495055972151
0.059348273967504 0.046522435876719
0.056898210384393 0.045548736450448
0.054496737905816 0.044573968263876
0.052144119880294 0.043598233338569
0.049840614298903 0.042621733905263
0.047586473766990 0.041644800105439
0.045381945476466 0.040667959520845
0.043227271178700 0.039691838273511
0.041122687158010 0.038717128135755
0.039068424205750 0.037744565535291
0.037064707595003 0.036774986943597
0.035111757055874 0.035809257716434
0.033209786751399 0.034848323302512
0.031359005254054 0.033893165416647
0.029559615522887 0.032944837409396
0.027811814881260 0.032004444703087
0.026115794995207 0.031073118248051
0.024471741852423 0.030152019758199
0.022879835741862 0.029240626686348
0.021340251233966 0.028336014099833
0.019853157161529 0.027435553357585
0.018418716601171 0.026537247516982
0.017037086855466 0.025639591882107
0.015708419435685 0.024741542399783
0.014432860045182 0.023842564632379
0.013210548563420 0.022942579726519
0.012041619030626 0.022041801506344
0.010926199633097 0.021140577807483
0.009864412689139 0.020238724310945
0.008856374635656 0.019336463299927
0.007902196015379 0.018435847438690
0.007001981464748 0.017536112065148
0.006155829702431 0.016630815707333
0.005363833518506 0.015707714383327
0.004626079764278 0.014751420747299
0.003942649342761 0.013757607229790
0.003313617199802 0.012727354780024
0.002739052315863 0.011665077913374
0.002219017698460 0.010574064602464
0.001753570375248 0.009457603260547
0.001342761387771 0.008319040992862
0.000986635785864 0.007161672592229
0.000685232622713 0.005988699274409
0.000438584950571 0.004803338344868
0.000246719817134 0.003608727295631
0.000109658262577 0.002407826093463
0.000027415317244 0.001203974863144
0.000000000000000 0.000000000000000
0.000027415317244 -0.001203995352473
0.000109658262577 -0.002407890141428
0.000246719817134 -0.003608740999242
0.000438584950571 -0.004803286315012
0.000685232622713 -0.005988732291878
0.000986635785864 -0.007161704080070
0.001342761387771 -0.008319029423572
0.001753570375248 -0.009457594586884
0.002219017698460 -0.010574044962025
0.002739052315863 -0.011665082182189
0.003313617199802 -0.012727367834571
0.003942649342761 -0.013757594781271
0.004626079764278 -0.014751414294309
0.005363833518506 -0.015707703845736
0.006155829702431 -0.016630818250284
0.007001981464748 -0.017536126709552
0.007902196015379 -0.018435849495802
0.008856374635656 -0.019336469622385
0.009864412689139 -0.020238716515100
0.010926199633097 -0.021140577442337
0.012041619030626 -0.022041792573081
0.013210548563420 -0.022942576331796
0.014432860045182 -0.023842565023420
0.015708419435684 -0.024741543791754
0.017037086855466 -0.025639587945777
0.018418716601171 -0.026537249164630
0.019853157161528 -0.027435559743368
0.021340251233966 -0.028336008129413
0.022879835741862 -0.029240637342794
0.024471741852423 -0.030152019422510
0.026115794995207 -0.031073127933212
0.027811814881259 -0.032004445633298
0.029559615522887 -0.032944837069356
0.031359005254054 -0.033893167498370
0.033209786751399 -0.034848327871567
0.035111757055874 -0.035809263269225
0.037064707595003 -0.036774988472907
0.039068424205750 -0.037744568926933
0.041122687158009 -0.038717122543681
0.043227271178699 -0.039691840124607
0.045381945476466 -0.040667965820399
0.047586473766990 -0.041644802554927
0.049840614298903 -0.042621732774028
0.052144119880293 -0.043598233584047
0.054496737905816 -0.044573972368187
0.056898210384393 -0.045548741193794
0.059348273967504 -0.046522433698561
0.061846659978068 -0.047495056719891
0.064393094439905 -0.048466699849644
0.066987298107781 -0.049437537636492
0.069628986498028 -0.050407857332314
0.072317869919747 -0.051378119199405
0.075053653506568 -0.052348919336451
0.077836037248992 -0.053320516556607
0.080664716027288 -0.054292361570633
0.083539379644950 -0.055263806157840
0.086459712862719 -0.056234169360876
0.089425395433148 -0.057202709453437
0.092436102135723 -0.058168705128936
0.095491502812526 -0.059131436457073
0.098591262404443 -0.060090177844455
0.101735040987902 -0.061044295273233
0.104922493812155 -0.061993302355218
0.108153271337080 -0.062936786516526
0.111427019271514 -0.063874368958667
0.114743378612105 -0.064805738708555
0.118101985682679 -0.065730606153451
0.121502472174122 -0.066648724750279
0.124944465184770 -0.067559856669244
0.128427587261303 -0.068463780736739
0.131951456440133 -0.069360326345082
0.135515686289294 -0.070249355441920
0.139119885950819 -0.071130762334855
0.142763660183598 -0.072004475403735
0.146446609406726 -0.072870404574540
0.150168329743317 -0.073728488804897
0.153928413064796 -0.074578686321793
0.157726447035656 -0.075420849405176
0.161562015158669 -0.076254708921520
0.165434696820571 -0.077080012905192
0.169344067338174 -0.077896517765222
0.173289698004947 -0.078704021286837
0.177271156138025 -0.079502346391371
0.181288005125655 -0.080291322778612
0.185339804475081 -0.081070814352408
0.189426109860845 -0.081840718680553
0.193546473173511 -0.082600942715689
0.197700442568812 -0.083351415314197
0.201887562517192 -0.084091982511609
0.206107373853763 -0.084822454014049
0.210359413828660 -0.085542648198183
0.214643216157784 -0.086252387558593
0.218958311073935 -0.086951463770317
0.223304225378328 -0.087639662960241
0.227680482492486 -0.088316775929303
0.232086602510501 -0.088982611885372
0.236522102251661 -0.089636996823217
0.240986495313435 -0.090279785319528
0.245479292124814 -0.090910832817943
0.250000000000000 -0.091530009619314
0.254548123192429 -0.092137176372480
0.259123162949142 -0.092732180311780
0.263724617565473 -0.093314886317195
0.268351982440069 -0.093885169701193
0.273004750130227 -0.094442917360254
0.277682410407536 -0.094988045077537
0.282384450313836 -0.095520471290044
0.287110354217464 -0.096040129725876
0.291859603869799 -0.096546949206532
0.296631678462100 -0.097040804110327
0.301426054682609 -0.097521572171396
0.306242206773948 -0.097989137675065
0.311079606590766 -0.098443386729631
0.315937723657661 -0.098884136573750
0.320816025227350 -0.099311145968650
0.325713976339092 -0.099724175661683
0.330631039877354 -0.100122993426718
0.335566676630708 -0.100507376908405
0.340520345350965 -0.100877127777742
0.345491502812526 -0.101232058457765
0.350479603871956 -0.101571986272973
0.355484101527764 -0.101896737284145
0.360504446980385 -0.102206137916802
0.365540089692367 -0.102500021596108
0.370590477448739 -0.102778224099258
0.375655056417572 -0.103040586746626
0.380733271210709 -0.103286961238512
0.385824564944672 -0.103517204925790
0.390928379301728 -0.103731186499514
0.396044154591120 -0.103928781541290
0.401171329810437 -0.104109870805867
0.406309342707137 -0.104274347951619
0.411457629840208 -0.104422173324037
0.416615626641949 -0.104553354075634
0.421782767479884 -0.104667907445649
0.426958485718794 -0.104765856786002
0.432142213782848 -0.104847228876254
0.437333383217848 -0.104912008297207
0.442531424753567 -0.104960162211670
0.447735768366173 -0.104991664229422
0.452945843340743 -0.105006494441354
0.458161078333842 -0.105004604621137
0.463380901436184 -0.104985677624395
0.468604740235343 -0.104949272746064
0.473832021878528 -0.104894953519212
0.479062173135400 -0.104822289059870
0.484294620460935 -0.104730856821729
0.489528790058321 -0.104620262252010
0.494764107941877 -0.104490126757719
0.500000000000000 -0.104340079256211
0.505235892058122 -0.104169753848134
0.510471209941678 -0.103978828691386
0.515705379539064 -0.103767234189030
0.520937826864600 -0.103535008329421
0.526167978121472 -0.103282200318105
0.531395259764656 -0.103008865211970
0.536619098563816 -0.102714970236027
0.541838921666157 -0.102399905996994
0.547054156659257 -0.102062848354005
0.552264231633827 -0.101702982827275
0.557468575246433 -0.101319507713818
0.562666616782152 -0.100911239671063
0.567857786217152 -0.100475047161805
0.573041514281206 -0.100007200077575
0.578217232520115 -0.099503987581063
0.583384373358051 -0.098961721069690
0.588542370159791 -0.098377197848370
0.593690657292862 -0.097748835265543
0.598828670189563 -0.097075395465896
0.603955845408879 -0.096355654439958
0.609071620698271 -0.095588399722549
0.614175435055328 -0.094773952267537
0.619266728789290 -0.093915545274715
0.624344943582427 -0.093016738893708
0.629409522551260 -0.092081100017951
0.634459910307633 -0.091112152880788
0.639495553019614 -0.090112829176558
0.644515898472235 -0.089085557516507
0.649520396128043 -0.088032750906478
0.654508497187474 -0.086956827513274
0.659479654649035 -0.085859949896746
0.664433323369291 -0.084743385260755
0.669368960122646 -0.083608177773661
0.674286023660907 -0.082455357457278
0.679183974772650 -0.081285980527720
0.684062276342339 -0.080101152309027
0.688920393409233 -0.078902043387239
0.693757793226051 -0.077689829687092
0.698573945317390 -0.076465665902295
0.703368321537900 -0.075230667374313
0.708140396130200 -0.073985893819545
0.712889645782536 -0.072732376180245
0.717615549686163 -0.071471132574903
0.722317589592464 -0.070203186053613
0.726995249869773 -0.068929536661892
0.731648017559930 -0.067651183012233
0.736275382434527 -0.066369112106415
0.740876837050857 -0.065084272379326
0.745451876807570 -0.063797605699087
0.750000000000000 -0.062510023984746
0.754520707875185 -0.061222425879899
0.759013504686565 -0.059935672092842
0.763477897748338 -0.058650551390854
0.767913397489498 -0.057367844449160
0.772319517507513 -0.056088299232891
0.776695774621672 -0.054812657177048
0.781041688926065 -0.053541649384404
0.785356783842216 -0.052275967056904
0.789640586171339 -0.051016308292666
0.793892626146236 -0.049763344491059
0.798112437482808 -0.048517733490587
0.802299557431187 -0.047280115840282
0.806453526826488 -0.046051136562055
0.810573890139155 -0.044831518824908
0.814660195524918 -0.043621957368509
0.818711994874345 -0.042423122722105
0.822728843861975 -0.041235655095660
0.826710301995052 -0.040060155780033
0.830655932661826 -0.038897198022037
0.834565303179429 -0.037747331799351
0.838437984841330 -0.036611083915731
0.842273552964344 -0.035488954023066
0.846071586935203 -0.034381395691122
0.849831670256683 -0.033288826028953
0.853553390593274 -0.032211637394401
0.857236339816401 -0.031150148358031
0.860880114049181 -0.030104595492648
0.864484313710706 -0.029075197954887
0.868048543559867 -0.028062154398507
0.871572412738697 -0.027065650351224
0.875055534815230 -0.026085865209524
0.878497527825878 -0.025122938876204
0.881898014317321 -0.024177004837563
0.885256621387894 -0.023248163623565
0.888572980728485 -0.022336528866279
0.891846728662920 -0.021442188854262
0.895077506187845 -0.020565190219223
0.898264959012098 -0.019705535149024
0.901408737595557 -0.018863270408998
0.904508497187474 -0.018038848471073
0.907563897864277 -0.017232890590349
0.910574604566852 -0.016445970012140
0.913540287137281 -0.015678642999487
0.916460620355049 -0.014931396941534
0.919335283972712 -0.014204615181610
0.922163962751007 -0.013498628799485
0.924946346493432 -0.012813698341634
0.927682130080253 -0.012150016723240
0.930371013501972 -0.011507720782869
0.933012701892219 -0.010886894512340
0.935606905560095 -0.010287550883821
0.938153340021932 -0.009709661509208
0.940651726032496 -0.009153148082078
0.943101789615607 -0.008617884425616
0.945503262094184 -0.008103689603766
0.947855880119706 -0.007610357617606
0.950159385701097 -0.007137627175596
0.952413526233010 -0.006685208115633
0.954618054523534 -0.006252775586883
0.956772728821300 -0.005839979728222
0.958877312841991 -0.005446429960471
0.960931575794250 -0.005071718481983
0.962935292404997 -0.004715410000009
0.964888242944126 -0.004377048775522
0.966790213248601 -0.004056167092539
0.968640994745946 -0.003752273375020
0.970440384477113 -0.003464860996637
0.972188185118740 -0.003193421629940
0.973884205004793 -0.002937430167133
0.975528258147577 -0.002696357640808
0.977120164258138 -0.002469670227995
0.978659748766034 -0.002256827254244
0.980146842838471 -0.002057295571898
0.981581283398829 -0.001870536466757
0.982962913144534 -0.001696016311036
0.984291580564316 -0.001533208051665
0.985567139954818 -0.001381591961366
0.986789451436580 -0.001240651680492
0.987958380969374 -0.001109884932142
0.989073800366903 -0.000988802059338
0.990135587310861 -0.000876923302991
0.991143625364344 -0.000773788496519
0.992097803984621 -0.000678944591951
0.992998018535252 -0.000591964081534
0.993844170297569 -0.000512433538981
0.994636166481494 -0.000439958467004
0.995373920235722 -0.000374169050659
0.996057350657239 -0.000314711489493
0.996686382800198 -0.000261256547257
0.997260947684137 -0.000213500419010
0.997780982301540 -0.000171160470205
0.998246429624752 -0.000133980397977
0.998657238612229 -0.000101725550709
0.999013364214136 -0.000074193863808
0.999314767377287 -0.000051203194853
0.999561415049429 -0.000032602651138
0.999753280182866 -0.000018264647840
0.999890341737423 -0.000008094248160
0.999972584682756 -0.000002020016762
1.000000000000000 0.000000000000000
