1.000000000000000 0.000000000000000
0.999972584682756 0.000011499409328
0.999890341737423 0.000045981651413
0.999753280182866 0.000103413207722
0.999561415049429 0.000183735905357
0.999314767377287 0.000286867061337
0.999013364214136 0.000412706860699
0.998657238612229 0.000561131402820
0.998246429624752 0.000731993010437
0.997780982301540 0.000925120599079
0.997260947684137 0.001140320106372
0.996686382800198 0.001377389172938
0.996057350657239 0.001636089182138
0.995373920235722 0.001916181320887
0.994636166481494 0.002217384706806
0.993844170297569 0.002539426470035
0.992998018535252 0.002882007100509
0.992097803984621 0.003244794405692
0.991143625364344 0.003627466161542
0.990135587310861 0.004029675962359
0.989073800366903 0.004451061148062
0.987958380969374 0.004891250597703
0.986789451436580 0.005349865574968
0.985567139954818 0.005826520601717
0.984291580564316 0.006320810926488
0.982962913144534 0.006832327179440
0.981581283398829 0.007360662984709
0.980146842838472 0.007905395963293
0.978659748766034 0.008466108796827
0.977120164258138 0.009042383562520
0.975528258147577 0.009633783383949
0.973884205004793 0.010239899089807
0.972188185118741 0.010860311194606
0.970440384477113 0.011494585094747
0.968640994745946 0.012142316849168
0.966790213248601 0.012803096022031
0.964888242944126 0.013476525785961
0.962935292404997 0.014162211582509
0.960931575794250 0.014859756419435
0.958877312841991 0.015568804792962
0.956772728821300 0.016288982738005
0.954618054523534 0.017019953627512
0.952413526233010 0.017761365345214
0.950159385701097 0.018512916987358
0.947855880119706 0.019274306358270
0.945503262094184 0.020045237473193
0.943101789615607 0.020825456618110
0.940651726032496 0.021614718404948
0.938153340021932 0.022412804312342
0.935606905560095 0.023219512303868
0.933012701892219 0.024034669322480
0.930371013501972 0.024858121129989
0.927682130080253 0.025689750243899
0.924946346493432 0.026529454264930
0.922163962751008 0.027377168997764
0.919335283972712 0.028232858823180
0.916460620355050 0.029096509078038
0.913540287137281 0.029968146347599
0.910574604566852 0.030847828006267
0.907563897864277 0.031735629204384
0.904508497187474 0.032631677108201
0.901408737595557 0.033536168271371
0.898264959012098 0.034449284752767
0.895077506187845 0.035370926532757
0.891846728662920 0.036300852474321
0.888572980728485 0.037238814554704
0.885256621387895 0.038184518417368
0.881898014317321 0.039137669509731
0.878497527825878 0.040097974693866
0.875055534815230 0.041065141299449
0.871572412738697 0.042038880869020
0.868048543559867 0.043018896637206
0.864484313710706 0.044004894979925
0.860880114049181 0.044996571766614
0.857236339816402 0.045993632860373
0.853553390593274 0.046995764186427
0.849831670256683 0.048002670884884
0.846071586935203 0.049014047745737
0.842273552964344 0.050029584449683
0.838437984841330 0.051048980121539
0.834565303179429 0.052071919364636
0.830655932661826 0.053098091623232
0.826710301995053 0.054127191141450
0.822728843861975 0.055158907792950
0.818711994874345 0.056192927232418
0.814660195524919 0.057228940141330
0.810573890139155 0.058266632451168
0.806453526826488 0.059305689616516
0.802299557431188 0.060345802057419
0.798112437482808 0.061386653550581
0.793892626146237 0.062427942482459
0.789640586171339 0.063469388355209
0.785356783842216 0.064510694706789
0.781041688926065 0.065551580841025
0.776695774621672 0.066591752022451
0.772319517507513 0.067630941905708
0.767913397489498 0.068668856102475
0.763477897748339 0.069705219680936
0.759013504686565 0.070739759776303
0.754520707875186 0.071772201667124
0.750000000000000 0.072802264863476
0.745451876807570 0.073829683420092
0.740876837050858 0.074854185252179
0.736275382434527 0.075875505064835
0.731648017559931 0.076893376385209
0.726995249869773 0.077907537717439
0.722317589592464 0.078917736516771
0.717615549686164 0.079923719451087
0.712889645782536 0.080925236270906
0.708140396130201 0.081922033406099
0.703368321537900 0.082913846941407
0.698573945317390 0.083900422746633
0.693757793226052 0.084881498436140
0.688920393409234 0.085856816061516
0.684062276342339 0.086826079997181
0.679183974772650 0.087788982865676
0.674286023660908 0.088745234109330
0.669368960122646 0.089694535045787
0.664433323369292 0.090636593396205
0.659479654649035 0.091571129213242
0.654508497187474 0.092497861948824
0.649520396128043 0.093416510709662
0.644515898472236 0.094326800746867
0.639495553019615 0.095228455917775
0.634459910307633 0.096121209770826
0.629409522551260 0.097004792731632
0.624344943582428 0.097878938918727
0.619266728789291 0.098743392212279
0.614175435055328 0.099597893647770
0.609071620698271 0.100442194319044
0.603955845408880 0.101276037223731
0.598828670189563 0.102099185191756
0.593690657292862 0.102911402235131
0.588542370159792 0.103712466236828
0.583384373358051 0.104502151078493
0.578217232520115 0.105280243875929
0.573041514281206 0.106046533488706
0.567857786217152 0.106800813365248
0.562666616782152 0.107542883048740
0.557468575246433 0.108272546323104
0.552264231633827 0.108989616250388
0.547054156659257 0.109693902818258
0.541838921666158 0.110385232037826
0.536619098563816 0.111063424818553
0.531395259764657 0.111728311586307
0.526167978121472 0.112379729725817
0.520937826864600 0.113017523523760
0.515705379539064 0.113641536439305
0.510471209941678 0.114251629147906
0.505235892058123 0.114847653776890
0.500000000000000 0.115429483000489
0.494764107941877 0.115996942097894
0.489528790058322 0.116549662556091
0.484294620460936 0.117087213024992
0.479062173135400 0.117609172679324
0.473832021878528 0.118115126701282
0.468604740235343 0.118604669548775
0.463380901436184 0.119077406117026
0.458161078333842 0.119532944939849
0.452945843340743 0.119970907709864
0.447735768366173 0.120390926504160
0.442531424753567 0.120792639720660
0.437333383217848 0.121175704803583
0.432142213782848 0.121539783188100
0.426958485718794 0.121884553141113
0.421782767479885 0.122209702397138
0.416615626641949 0.122514927572922
0.411457629840209 0.122799935976412
0.406309342707138 0.123064445838728
0.401171329810437 0.123308185027317
0.396044154591120 0.123530895688491
0.390928379301729 0.123732328495542
0.385824564944672 0.123912218542437
0.380733271210710 0.124070301363223
0.375655056417573 0.124206324910271
0.370590477448740 0.124320052727544
0.365540089692367 0.124411262686723
0.360504446980385 0.124479747237500
0.355484101527764 0.124525313841872
0.350479603871957 0.124547784724606
0.345491502812526 0.124546996891611
0.340520345350965 0.124522802276988
0.335566676630708 0.124475066011431
0.330631039877354 0.124403668230782
0.325713976339092 0.124308503817560
0.320816025227350 0.124189483854352
0.315937723657661 0.124046534590413
0.311079606590766 0.123879599571663
0.306242206773949 0.123688638682343
0.301426054682610 0.123473626265650
0.296631678462100 0.123234552577648
0.291859603869799 0.122971418019285
0.287110354217464 0.122684231393025
0.282384450313836 0.122373019105484
0.277682410407536 0.122037817883055
0.273004750130227 0.121678689008952
0.268351982440069 0.121295709549630
0.263724617565473 0.120888979808291
0.259123162949143 0.120458613792866
0.254548123192430 0.120004742276475
0.250000000000000 0.119527494248612
0.245479292124815 0.119026986833326
0.240986495313435 0.118503346442511
0.236522102251661 0.117956722064873
0.232086602510502 0.117387273281820
0.227680482492487 0.116795161101233
0.223304225378328 0.116180563094207
0.218958311073935 0.115543669653497
0.214643216157784 0.114884693301757
0.210359413828661 0.114203863044445
0.206107373853763 0.113501430336975
0.201887562517192 0.112777661255193
0.197700442568813 0.112032837194461
0.193546473173512 0.111267291595267
0.189426109860845 0.110481401387872
0.185339804475081 0.109675551592130
0.181288005125655 0.108850149289123
0.177271156138025 0.108005609397279
0.173289698004947 0.107142342976419
0.169344067338174 0.106260767197573
0.165434696820571 0.105361340668325
0.161562015158670 0.104444578606583
0.157726447035656 0.103511065921614
0.153928413064797 0.102561398673220
0.150168329743317 0.101596100909914
0.146446609406726 0.100615219415884
0.142763660183598 0.099618629267562
0.139119885950819 0.098606258996563
0.135515686289294 0.097577994752965
0.131951456440133 0.096533613495926
0.128427587261303 0.095472928065406
0.124944465184770 0.094395804442432
0.121502472174122 0.093302201993905
0.118101985682679 0.092192169243725
0.114743378612105 0.091065784089650
0.111427019271515 0.089923162647667
0.108153271337080 0.088764417894191
0.104922493812155 0.087589710553394
0.101735040987902 0.086399316626325
0.098591262404443 0.085193732190761
0.095491502812526 0.083973509668447
0.092436102135723 0.082739275755613
0.089425395433148 0.081491843333391
0.086459712862719 0.080232086264862
0.083539379644950 0.078960910359678
0.080664716027288 0.077679305174780
0.077836037248993 0.076388310021550
0.075053653506568 0.075088771630195
0.072317869919747 0.073781000112937
0.069628986498028 0.072465258887898
0.066987298107781 0.071141684403508
0.064393094439905 0.069810231887945
0.061846659978068 0.068470862795903
0.059348273967504 0.067123764062281
0.056898210384393 0.065769243540856
0.054496737905816 0.064407742833990
0.052144119880294 0.063039764044907
0.049840614298903 0.061665932816115
0.047586473766990 0.060286793021637
0.045381945476466 0.058902814703811
0.043227271178700 0.057514497072742
0.041122687158010 0.056122373948487
0.039068424205750 0.054727011221258
0.037064707595003 0.053329066983987
0.035111757055874 0.051929267345446
0.033209786751399 0.050528381234329
0.031359005254054 0.049127163323410
0.029559615522887 0.047726572952507
0.027811814881260 0.046327919521039
0.026115794995207 0.044932316520987
0.024471741852423 0.043539864697898
0.022879835741862 0.042149821003638
0.021340251233966 0.040758361464165
0.019853157161529 0.039361257103411
0.018418716601171 0.037955523988808
0.017037086855466 0.036538782689562
0.015708419435685 0.035109266837701
0.014432860045182 0.033665577124268
0.013210548563420 0.032206919282158
0.012041619030626 0.030733727704755
0.010926199633097 0.029248117498140
0.009864412689139 0.027752774464849
0.008856374635656 0.026250600643993
0.007902196015379 0.024743926126480
0.007001981464748 0.023234946513415
0.006155829702431 0.021725627416875
0.005363833518506 0.020217759384630
0.004626079764278 0.018713040587207
0.003942649342761 0.017212933992911
0.003313617199802 0.015718932199483
0.002739052315863 0.014232246424397
0.002219017698460 0.012754069682071
0.001753570375248 0.011285634290951
0.001342761387771 0.009827936436611
0.000986635785864 0.008381958980761
0.000685232622713 0.006948613671859
0.000438584950571 0.005528716254806
0.000246719817134 0.004123259590532
0.000109658262577 0.002732815084591
0.000027415317244 0.001358140511635
0.000000000000000 0.000000000000000
0.000027415317244 -0.001340959265819
0.000109658262577 -0.002664155459671
0.000246719817134 -0.003969175423391
0.000438584950571 -0.005255231370372
0.000685232622713 -0.006522211812075
0.000986635785864 -0.007775325213949
0.001342761387771 -0.009021532320203
0.001753570375248 -0.010263692495482
0.002219017698460 -0.011502858892359
0.002739052315863 -0.012739234406340
0.003313617199802 -0.013972331925995
0.003942649342761 -0.015201494696268
0.004626079764278 -0.016425662859189
0.005363833518506 -0.017643665021116
0.006155829702431 -0.018854076012206
0.007001981464748 -0.020055372145202
0.007902196015379 -0.021245811440399
0.008856374635656 -0.022423482936007
0.009864412689139 -0.023586229763696
0.010926199633097 -0.024731718054766
0.012041619030626 -0.025857302585065
0.013210548563420 -0.026960133944537
0.014432860045182 -0.028037668116278
0.015708419435684 -0.029089753821629
0.017037086855466 -0.030117267578756
0.018418716601171 -0.031121582593958
0.019853157161528 -0.032104326486298
0.021340251233966 -0.033067529220793
0.022879835741862 -0.034013645529048
0.024471741852423 -0.034946228915370
0.026115794995207 -0.035868891372380
0.027811814881259 -0.036782490251683
0.029559615522887 -0.037686857245276
0.031359005254054 -0.038580660517847
0.033209786751399 -0.039462040746534
0.035111757055874 -0.040329421004336
0.037064707595003 -0.041181518300600
0.039068424205750 -0.042017088698591
0.041122687158009 -0.042834881396008
0.043227271178699 -0.043633679848639
0.045381945476466 -0.044412321260664
0.047586473766990 -0.045169706924434
0.049840614298903 -0.045904829517453
0.052144119880293 -0.046616795491967
0.054496737905816 -0.047305022245477
0.056898210384393 -0.047969618369973
0.059348273967504 -0.048610930154682
0.061846659978068 -0.049229419774670
0.064393094439905 -0.049825711753438
0.066987298107781 -0.050400655182296
0.069628986498028 -0.050955465594215
0.072317869919747 -0.051491609516799
0.075053653506568 -0.052010418043990
0.077836037248992 -0.052512928307889
0.080664716027288 -0.053000274253732
0.083539379644950 -0.053472886468677
0.086459712862719 -0.053930720486638
0.089425395433148 -0.054373831225554
0.092436102135723 -0.054802677849192
0.095491502812526 -0.055217959409065
0.098591262404443 -0.055620380834762
0.101735040987902 -0.056010136612072
0.104922493812155 -0.056387290101624
0.108153271337080 -0.056751838997681
0.111427019271514 -0.057103149369884
0.114743378612105 -0.057440360896261
0.118101985682679 -0.057762618645356
0.121502472174122 -0.058069191023091
0.124944465184770 -0.058359399578126
0.128427587261303 -0.058632568493913
0.131951456440133 -0.058887996940320
0.135515686289294 -0.059124964577879
0.139119885950819 -0.059342747549810
0.142763660183598 -0.059540620431561
0.146446609406726 -0.059717846623650
0.150168329743317 -0.059873689544305
0.153928413064796 -0.060007591693389
0.157726447035656 -0.060120073211182
0.161562015158669 -0.060212118889084
0.165434696820571 -0.060284811069571
0.169344067338174 -0.060339291809578
0.173289698004947 -0.060376746231559
0.177271156138025 -0.060398451033579
0.181288005125655 -0.060405805555114
0.185339804475081 -0.060400572650471
0.189426109860845 -0.060384785085266
0.193546473173511 -0.060360599887032
0.197700442568812 -0.060329978746419
0.201887562517192 -0.060293466667295
0.206107373853763 -0.060251186731582
0.210359413828660 -0.060203275262752
0.214643216157784 -0.060149560971813
0.218958311073935 -0.060088799152701
0.223304225378328 -0.060019474107981
0.227680482492486 -0.059940013204769
0.232086602510501 -0.059848787295843
0.236522102251661 -0.059744111368621
0.240986495313435 -0.059624245045436
0.245479292124814 -0.059487391883105
0.250000000000000 -0.059332059943079
0.254548123192429 -0.059158419181037
0.259123162949142 -0.058967164887762
0.263724617565473 -0.058759031080128
0.268351982440069 -0.058534861463517
0.273004750130227 -0.058296192823569
0.277682410407536 -0.058045001492856
0.282384450313836 -0.057783342803389
0.287110354217464 -0.057513339563742
0.291859603869799 -0.057236827087536
0.296631678462100 -0.056955198986257
0.301426054682609 -0.056669848515874
0.306242206773948 -0.056382214187762
0.311079606590766 -0.056093536476288
0.315937723657661 -0.055803859686387
0.320816025227350 -0.055512836180147
0.325713976339092 -0.055220108696030
0.330631039877354 -0.054925311813575
0.335566676630708 -0.054628177004414
0.340520345350965 -0.054328576563724
0.345491502812526 -0.054026395100553
0.350479603871956 -0.053721513856439
0.355484101527764 -0.053413805414400
0.360504446980385 -0.053103103108011
0.365540089692367 -0.052789209229725
0.370590477448739 -0.052471927451110
0.375655056417572 -0.052151052835048
0.380733271210709 -0.051826387422198
0.385824564944672 -0.051497735533683
0.390928379301728 -0.051164905482963
0.396044154591120 -0.050827704077787
0.401171329810437 -0.050485934034348
0.406309342707137 -0.050139471500506
0.411457629840208 -0.049788353616378
0.416615626641949 -0.049432639135525
0.421782767479884 -0.049072393379506
0.426958485718794 -0.048707683401801
0.432142213782848 -0.048338576246219
0.437333383217848 -0.047965148529601
0.442531424753567 -0.047587479997490
0.447735768366173 -0.047205648330069
0.452945843340743 -0.046819736409450
0.458161078333842 -0.046429826066579
0.463380901436184 -0.046036001540073
0.468604740235343 -0.045638345984828
0.473832021878528 -0.045236948866398
0.479062173135400 -0.044831895087314
0.484294620460935 -0.044423280250197
0.489528790058321 -0.044011202905544
0.494764107941877 -0.043595761768788
0.500000000000000 -0.043177059226911
0.505235892058122 -0.042755203371107
0.510471209941678 -0.042330377067962
0.515705379539064 -0.041902820107995
0.520937826864600 -0.041472769319021
0.526167978121472 -0.041040464565599
0.531395259764656 -0.040606146899440
0.536619098563816 -0.040170052667389
0.541838921666157 -0.039732416342156
0.547054156659257 -0.039293474592415
0.552264231633827 -0.038853459176274
0.557468575246433 -0.038412608835209
0.562666616782152 -0.037971156815526
0.567857786217152 -0.037529344541988
0.573041514281206 -0.037087406756062
0.578217232520115 -0.036645578140574
0.583384373358051 -0.036204091353393
0.588542370159791 -0.035763165311424
0.593690657292862 -0.035323017715327
0.598828670189563 -0.034883862410760
0.603955845408879 -0.034445911283315
0.609071620698271 -0.034009304485137
0.614175435055328 -0.033574067570735
0.619266728789290 -0.033140222153094
0.624344943582427 -0.032707785447951
0.629409522551260 -0.032276776843500
0.634459910307633 -0.031847222944425
0.639495553019614 -0.031419151753672
0.644515898472235 -0.030992592954361
0.649520396128043 -0.030567574199075
0.654508497187474 -0.030144127418014
0.659479654649035 -0.029722279612829
0.664433323369291 -0.029302060417676
0.669368960122646 -0.028883498646899
0.674286023660907 -0.028466624612312
0.679183974772650 -0.028051459452694
0.684062276342339 -0.027638028251456
0.688920393409233 -0.027226351558497
0.693757793226051 -0.026816452336896
0.698573945317390 -0.026408369811389
0.703368321537900 -0.026002169108781
0.708140396130200 -0.025597922648165
0.712889645782536 -0.025195696304960
0.717615549686163 -0.024795566802526
0.722317589592464 -0.024397622050488
0.726995249869773 -0.024001957565326
0.731648017559930 -0.023608663390537
0.736275382434527 -0.023217831648269
0.740876837050857 -0.022829541947006
0.745451876807570 -0.022443874333782
0.750000000000000 -0.022060905370579
0.754520707875185 -0.021680711124880
0.759013504686565 -0.021303368140837
0.763477897748338 -0.020928947626476
0.767913397489498 -0.020557521398734
0.772319517507513 -0.020189159217719
0.776695774621672 -0.019823928489749
0.781041688926065 -0.019461891474215
0.785356783842216 -0.019103112325684
0.789640586171339 -0.018747650984420
0.793892626146236 -0.018395568964126
0.798112437482808 -0.018046921269684
0.802299557431187 -0.017701762976977
0.806453526826488 -0.017360130280612
0.810573890139155 -0.017022052269261
0.814660195524918 -0.016687555382015
0.818711994874345 -0.016356664961813
0.822728843861975 -0.016029405889817
0.826710301995052 -0.015705800960485
0.830655932661826 -0.015385869670240
0.834565303179429 -0.015069637101866
0.838437984841330 -0.014757121153787
0.842273552964344 -0.014448344261095
0.846071586935203 -0.014143322231965
0.849831670256683 -0.013842075522197
0.853553390593274 -0.013544618781695
0.857236339816401 -0.013250971591571
0.860880114049181 -0.012961148395139
0.864484313710706 -0.012675161794095
0.868048543559867 -0.012393030166387
0.871572412738697 -0.012114762257701
0.875055534815230 -0.011840371297619
0.878497527825878 -0.011569871567717
0.881898014317321 -0.011303277360051
0.885256621387894 -0.011040595577284
0.888572980728485 -0.010781832258049
0.891846728662920 -0.010526984502888
0.895077506187845 -0.010276074508792
0.898264959012098 -0.010029142226719
0.901408737595557 -0.009786182876737
0.904508497187474 -0.009546927407237
0.907563897864277 -0.009311024063281
0.910574604566852 -0.009078121640431
0.913540287137281 -0.008847858934357
0.916460620355049 -0.008619914340503
0.919335283972712 -0.008394009836978
0.922163962751007 -0.008169907669048
0.924946346493432 -0.007947395451983
0.927682130080253 -0.007726288989672
0.930371013501972 -0.007506438806923
0.933012701892219 -0.007287719550349
0.935606905560095 -0.007070036151215
0.938153340021932 -0.006853320408923
0.940651726032496 -0.006637528274418
0.943101789615607 -0.006422639838311
0.945503262094184 -0.006208659084922
0.947855880119706 -0.005995611324987
0.950159385701097 -0.005783546709076
0.952413526233010 -0.005572528522940
0.954618054523534 -0.005362644041672
0.956772728821300 -0.005153997701996
0.958877312841991 -0.004946706353038
0.960931575794250 -0.004740906337305
0.962935292404997 -0.004536745822906
0.964888242944126 -0.004334389679095
0.966790213248601 -0.004134010940263
0.968640994745946 -0.003935794349970
0.970440384477113 -0.003739934385721
0.972188185118740 -0.003546635380438
0.973884205004793 -0.003356107228301
0.975528258147577 -0.003168566711428
0.977120164258138 -0.002984238754564
0.978659748766034 -0.002803347225154
0.980146842838471 -0.002626123557625
0.981581283398829 -0.002452798302685
0.982962913144534 -0.002283608953636
0.984291580564316 -0.002118785471512
0.985567139954818 -0.001958562720023
0.986789451436580 -0.001803170174728
0.987958380969374 -0.001652838271690
0.989073800366903 -0.001507790295561
0.990135587310861 -0.001368246630814
0.991143625364344 -0.001234427214030
0.992097803984621 -0.001106534798309
0.992998018535252 -0.000984776464087
0.993844170297569 -0.000869348161791
0.994636166481494 -0.000760432713737
0.995373920235722 -0.000658211421063
0.996057350657239 -0.000562852350110
0.996686382800198 -0.000474515225861
0.997260947684137 -0.000393346317784
0.997780982301540 -0.000319481842402
0.998246429624752 -0.000253049138726
0.998657238612229 -0.000194160575416
0.999013364214136 -0.000142915582215
0.999314767377287 -0.000099406854405
0.999561415049429 -0.000063702440738
0.999753280182866 -0.000035869838584
0.999890341737423 -0.000015953231587
0.999972584682756 -0.000003989898344
1.000000000000000 0.000000000000000
