1.000000000000000 0.000000000000000
0.999972584682756 0.000003365860938
0.999890341737423 0.000013466663864
0.999753280182866 0.000030312060792
0.999561415049429 0.000053913700010
0.999314767377287 0.000084293986979
0.999013364214136 0.000121479413720
0.998657238612229 0.000165500461491
0.998246429624752 0.000216391476770
0.997780982301540 0.000274199432171
0.997260947684137 0.000338966005209
0.996686382800198 0.000410749673975
0.996057350657239 0.000489600980848
0.995373920235722 0.000575586941902
0.994636166481494 0.000668770646111
0.993844170297569 0.000769224510148
0.992998018535252 0.000877020984386
0.992097803984621 0.000992239083723
0.991143625364344 0.001114959547719
0.990135587310861 0.001245264493318
0.989073800366903 0.001383244043007
0.987958380969374 0.001528986744971
0.986789451436580 0.001682581468835
0.985567139954818 0.001844121728400
0.984291580564316 0.002013702995687
0.982962913144534 0.002191417521732
0.981581283398829 0.002377363459319
0.980146842838472 0.002571634883423
0.978659748766034 0.002774326114875
0.977120164258138 0.002985528828505
0.975528258147577 0.003205338964155
0.973884205004793 0.003433843968644
0.972188185118741 0.003671134641749
0.970440384477113 0.003917292198226
0.968640994745946 0.004172400254955
0.966790213248601 0.004436536832296
0.964888242944126 0.004709776351427
0.962935292404997 0.004992183952379
0.960931575794250 0.005283825253087
0.958877312841991 0.005584755504615
0.956772728821300 0.005895024193877
0.954618054523534 0.006214671863275
0.952413526233010 0.006543737534203
0.950159385701097 0.006882247576432
0.947855880119706 0.007230215034966
0.945503262094184 0.007587652535058
0.943101789615607 0.007954558326411
0.940651726032496 0.008330915593116
0.938153340021932 0.008716702852985
0.935606905560095 0.009111888011103
0.933012701892219 0.009516416707987
0.930371013501972 0.009930233924379
0.927682130080253 0.010353264057083
0.924946346493432 0.010785418695558
0.922163962751008 0.011226596203492
0.919335283972712 0.011676675451755
0.916460620355050 0.012135529386710
0.913540287137281 0.012603004761269
0.910574604566852 0.013078942124401
0.907563897864277 0.013563152478282
0.904508497187474 0.014055438271724
0.901408737595557 0.014555583116139
0.898264959012098 0.015063355080984
0.895077506187845 0.015578565306868
0.891846728662920 0.016101052179416
0.888572980728485 0.016630639985672
0.885256621387895 0.017167142879596
0.881898014317321 0.017710365315889
0.878497527825878 0.018260106392540
0.875055534815230 0.018816142598427
0.871572412738697 0.019378243120038
0.868048543559867 0.019946174196209
0.864484313710706 0.020519677735385
0.860880114049181 0.021098497238072
0.857236339816402 0.021682344237570
0.853553390593274 0.022270926080405
0.849831670256683 0.022863944329551
0.846071586935203 0.023461134084560
0.842273552964344 0.024062225549010
0.838437984841330 0.024666949225931
0.834565303179429 0.025275036701794
0.830655932661826 0.025886224531331
0.826710301995053 0.026500233594325
0.822728843861975 0.027116780162312
0.818711994874345 0.027735569817337
0.814660195524919 0.028356295796188
0.810573890139155 0.028978651411478
0.806453526826488 0.029602314044521
0.802299557431188 0.030226954484118
0.798112437482808 0.030852252143012
0.793892626146237 0.031477895971817
0.789640586171339 0.032103575238169
0.785356783842216 0.032728969363316
0.781041688926065 0.033353760643564
0.776695774621672 0.033977623161061
0.772319517507513 0.034600229322415
0.767913397489498 0.035221246104389
0.763477897748339 0.035840346594987
0.759013504686565 0.036457191481754
0.754520707875186 0.037071447841329
0.750000000000000 0.037682754296341
0.745451876807570 0.038290706253324
0.740876837050858 0.038894891206980
0.736275382434527 0.039494886912643
0.731648017559931 0.040090263641869
0.726995249869773 0.040680568395307
0.722317589592464 0.041265344074276
0.717615549686164 0.041844126658299
0.712889645782536 0.042416448806862
0.708140396130201 0.042981845635830
0.703368321537900 0.043539844404756
0.698573945317390 0.044089966911752
0.693757793226052 0.044631736453572
0.688920393409234 0.045164661398030
0.684062276342339 0.045688249981897
0.679183974772650 0.046202005966974
0.674286023660908 0.046705432418112
0.669368960122646 0.047198020923990
0.664433323369292 0.047679268100229
0.659479654649035 0.048148663663430
0.654508497187474 0.048605694784871
0.649520396128043 0.049049850594702
0.644515898472236 0.049480619803090
0.639495553019615 0.049897486264571
0.634459910307633 0.050299938790700
0.629409522551260 0.050687448405391
0.624344943582428 0.051059350571481
0.619266728789291 0.051414912806975
0.614175435055328 0.051753395520546
0.609071620698271 0.052074062528798
0.603955845408880 0.052376436277734
0.598828670189563 0.052660765905501
0.593690657292862 0.052927440053646
0.588542370159792 0.053176858589571
0.583384373358051 0.053409444104226
0.578217232520115 0.053626010609256
0.573041514281206 0.053827857363183
0.567857786217152 0.054016331831032
0.562666616782152 0.054192799690584
0.557468575246433 0.054358594560200
0.552264231633827 0.054514466933676
0.547054156659257 0.054660771522007
0.541838921666158 0.054797862504907
0.536619098563816 0.054926099034251
0.531395259764657 0.055045786018081
0.526167978121472 0.055156822892950
0.520937826864600 0.055258944853111
0.515705379539064 0.055351888526245
0.510471209941678 0.055435395194862
0.505235892058123 0.055509254777084
0.500000000000000 0.055573455671165
0.494764107941877 0.055628040701600
0.489528790058322 0.055673056364959
0.484294620460936 0.055708553720190
0.479062173135400 0.055734610560790
0.473832021878528 0.055751371907199
0.468604740235343 0.055758996691376
0.463380901436184 0.055757647480821
0.458161078333842 0.055747489436634
0.452945843340743 0.055728639666903
0.447735768366173 0.055701127208140
0.442531424753567 0.055664975270885
0.437333383217848 0.055620210648691
0.432142213782848 0.055566862447914
0.426958485718794 0.055504917879618
0.421782767479885 0.055434317888953
0.416615626641949 0.055355005036042
0.411457629840209 0.055266927227950
0.406309342707138 0.055170042268028
0.401171329810437 0.055064378978831
0.396044154591120 0.054950010936022
0.390928379301729 0.054827017369442
0.385824564944672 0.054695479129803
0.380733271210710 0.054555494349356
0.375655056417573 0.054407219220436
0.370590477448740 0.054250828471466
0.365540089692367 0.054086498602416
0.360504446980385 0.053914407970792
0.355484101527764 0.053734697926057
0.350479603871957 0.053547451699412
0.345491502812526 0.053352748391207
0.340520345350965 0.053150672907521
0.335566676630708 0.052941302999781
0.330631039877354 0.052724655090964
0.325713976339092 0.052500713675736
0.320816025227350 0.052269471424698
0.315937723657661 0.052030926045682
0.311079606590766 0.051785089515267
0.306242206773949 0.051531997466613
0.301426054682610 0.051271690491108
0.296631678462100 0.051004215555231
0.291859603869799 0.050729628117833
0.287110354217464 0.050448002175890
0.282384450313836 0.050159421958143
0.277682410407536 0.049863976675180
0.273004750130227 0.049561758785389
0.268351982440069 0.049252872478758
0.263724617565473 0.048937426024020
0.259123162949143 0.048615535911989
0.254548123192430 0.048287317269437
0.250000000000000 0.047952868199491
0.245479292124815 0.047612273060435
0.240986495313435 0.047265619861222
0.236522102251661 0.046913003906304
0.232086602510502 0.046554500627235
0.227680482492487 0.046190178207592
0.223304225378328 0.045820111432736
0.218958311073935 0.045444383894024
0.214643216157784 0.045063103484043
0.210359413828661 0.044676384694437
0.206107373853763 0.044284356641576
0.201887562517192 0.043887136135398
0.197700442568813 0.043484789368240
0.193546473173512 0.043077382126902
0.189426109860845 0.042664989322759
0.185339804475081 0.042247663033093
0.181288005125655 0.041825438196968
0.177271156138025 0.041398356121027
0.173289698004947 0.040966468237725
0.169344067338174 0.040529851473412
0.165434696820571 0.040088595331433
0.161562015158670 0.039642797764498
0.157726447035656 0.039192578442950
0.153928413064797 0.038738069613218
0.150168329743317 0.038279412350690
0.146446609406726 0.037816707899169
0.142763660183598 0.037350001862962
0.139119885950819 0.036879349464096
0.135515686289294 0.036404813826458
0.131951456440133 0.035926458289914
0.128427587261303 0.035444358683435
0.124944465184770 0.034958614384086
0.121502472174122 0.034469340855572
0.118101985682679 0.033976677056891
0.114743378612105 0.033480775187090
0.111427019271515 0.032981805709895
0.108153271337080 0.032479954303532
0.104922493812155 0.031975411779591
0.101735040987902 0.031468374713148
0.098591262404443 0.030959072614801
0.095491502812526 0.030447833788852
0.092436102135723 0.029935031568445
0.089425395433148 0.029421047194307
0.086459712862719 0.028906285375831
0.083539379644950 0.028391149341491
0.080664716027288 0.027876092799285
0.077836037248993 0.027361585280657
0.075053653506568 0.026847947640285
0.072317869919747 0.026335338479818
0.069628986498028 0.025823753220588
0.066987298107781 0.025312593122417
0.064393094439905 0.024801230290422
0.061846659978068 0.024289225059317
0.059348273967504 0.023776277720901
0.056898210384393 0.023262175500546
0.054496737905816 0.022746781625046
0.052144119880294 0.022229999759372
0.049840614298903 0.021711764010403
0.047586473766990 0.021192370784013
0.045381945476466 0.020672566273381
0.043227271178700 0.020153242426829
0.041122687158010 0.019635460106894
0.039068424205750 0.019120213686758
0.037064707595003 0.018608424386075
0.035111757055874 0.018100970342851
0.033209786751399 0.017598702696110
0.031359005254054 0.017102466914457
0.029559615522887 0.016613073971066
0.027811814881260 0.016131154154141
0.026115794995207 0.015657418676257
0.024471741852423 0.015193045487557
0.022879835741862 0.014737393799930
0.021340251233966 0.014287123283325
0.019853157161529 0.013838462281842
0.018418716601171 0.013387872236433
0.017037086855466 0.012932905549533
0.015708419435685 0.012471920228583
0.014432860045182 0.012003895567366
0.013210548563420 0.011528391254014
0.012041619030626 0.011045604718082
0.010926199633097 0.010556529626775
0.009864412689139 0.010063170663186
0.008856374635656 0.009568181708926
0.007902196015379 0.009073988576710
0.007001981464748 0.008583013712847
0.006155829702431 0.008095423068007
0.005363833518506 0.007599309235877
0.004626079764278 0.007084028920177
0.003942649342761 0.006546030356977
0.003313617199802 0.005991284815744
0.002739052315863 0.005426874810138
0.002219017698460 0.004858167686176
0.001753570375248 0.004289062163780
0.001342761387771 0.003722673623195
0.000986635785864 0.003161523620104
0.000685232622713 0.002607703266316
0.000438584950571 0.002062888356701
0.000246719817134 0.001528508626175
0.000109658262577 0.001005913344262
0.000027415317244 0.000496056411608
0.000000000000000 0.000000000000000
0.000027415317244 -0.000481350519626
0.000109658262577 -0.000955111331773
0.000246719817134 -0.001430429618978
0.000438584950571 -0.001908356431647
0.000685232622713 -0.002388456184708
0.000986635785864 -0.002870110139276
0.001342761387771 -0.003352459530453
0.001753570375248 -0.003834462085845
0.002219017698460 -0.004314896912282
0.002739052315863 -0.004792323085816
0.003313617199802 -0.005264830975837
0.003942649342761 -0.005730148283203
0.004626079764278 -0.006185295452404
0.005363833518506 -0.006625700054839
0.006155829702431 -0.007046357298237
0.007001981464748 -0.007443810304605
0.007902196015379 -0.007823662801973
0.008856374635656 -0.008193509058358
0.009864412689139 -0.008558270422017
0.010926199633097 -0.008916974882408
0.012041619030626 -0.009267329372737
0.013210548563420 -0.009608308964641
0.014432860045182 -0.009938786342462
0.015708419435684 -0.010257930942971
0.017037086855466 -0.010565683263134
0.018418716601171 -0.010862551803816
0.019853157161528 -0.011149632940176
0.021340251233966 -0.011428709659373
0.022879835741862 -0.011702362679598
0.024471741852423 -0.011974075000983
0.026115794995207 -0.012247864719662
0.027811814881259 -0.012527473426668
0.029559615522887 -0.012813154665950
0.031359005254054 -0.013104200400003
0.033209786751399 -0.013400144134815
0.035111757055874 -0.013700455110764
0.037064707595003 -0.014004493797007
0.039068424205750 -0.014311580403802
0.041122687158009 -0.014620996218495
0.043227271178699 -0.014931971356315
0.045381945476466 -0.015243680441359
0.047586473766990 -0.015555178994343
0.049840614298903 -0.015865488646323
0.052144119880293 -0.016173805964513
0.054496737905816 -0.016479490480486
0.056898210384393 -0.016782542696814
0.059348273967504 -0.017083201636264
0.061846659978068 -0.017381701788980
0.064393094439905 -0.017678321398454
0.066987298107781 -0.017973428157012
0.069628986498028 -0.018267472775542
0.072317869919747 -0.018561076719549
0.075053653506568 -0.018855017910631
0.077836037248992 -0.019149801281018
0.080664716027288 -0.019445398636046
0.083539379644950 -0.019741691899683
0.086459712862719 -0.020038307793473
0.089425395433148 -0.020334801037217
0.092436102135723 -0.020630739155615
0.095491502812526 -0.020925706970831
0.098591262404443 -0.021219286522696
0.101735040987902 -0.021511107196025
0.104922493812155 -0.021800805113919
0.108153271337080 -0.022088158785531
0.111427019271514 -0.022373102185486
0.114743378612105 -0.022655588388683
0.118101985682679 -0.022935552673080
0.121502472174122 -0.023212934659840
0.124944465184770 -0.023487690068037
0.128427587261303 -0.023759795445829
0.131951456440133 -0.024029244077961
0.135515686289294 -0.024296044010943
0.139119885950819 -0.024560231969222
0.142763660183598 -0.024821858644389
0.146446609406726 -0.025080978502399
0.150168329743317 -0.025337628036195
0.153928413064796 -0.025591854150547
0.157726447035656 -0.025843670308325
0.161562015158669 -0.026092965426814
0.165434696820571 -0.026339605334206
0.169344067338174 -0.026583464574352
0.173289698004947 -0.026824434078633
0.177271156138025 -0.027062422303259
0.181288005125655 -0.027297337712177
0.185339804475081 -0.027529087844187
0.189426109860845 -0.027757577916649
0.193546473173511 -0.027982717390340
0.197700442568812 -0.028204428124086
0.201887562517192 -0.028422656177796
0.206107373853763 -0.028637356227829
0.210359413828660 -0.028848490533905
0.214643216157784 -0.029056039294069
0.218958311073935 -0.029259999577945
0.223304225378328 -0.029460376061267
0.227680482492486 -0.029657181988148
0.232086602510501 -0.029850447398173
0.236522102251661 -0.030040213246682
0.240986495313435 -0.030226529808442
0.245479292124814 -0.030409438300564
0.250000000000000 -0.030588926795416
0.254548123192429 -0.030764972193998
0.259123162949142 -0.030937555709829
0.263724617565473 -0.031106642651746
0.268351982440069 -0.031272128468628
0.273004750130227 -0.031433892558861
0.277682410407536 -0.031591814432661
0.282384450313836 -0.031745778459141
0.287110354217464 -0.031895678086229
0.291859603869799 -0.032041413821261
0.296631678462100 -0.032182885907123
0.301426054682609 -0.032320001392123
0.306242206773948 -0.032452708389173
0.311079606590766 -0.032580979824686
0.315937723657661 -0.032704792165521
0.320816025227350 -0.032824125031619
0.325713976339092 -0.032938973326197
0.330631039877354 -0.033049349012310
0.335566676630708 -0.033155268515021
0.340520345350965 -0.033256753261988
0.345491502812526 -0.033353815375604
0.350479603871956 -0.033446416148148
0.355484101527764 -0.033534505386157
0.360504446980385 -0.033618033366847
0.365540089692367 -0.033696953074091
0.370590477448739 -0.033771188493958
0.375655056417572 -0.033840630792461
0.380733271210709 -0.033905169414553
0.385824564944672 -0.033964695629837
0.390928379301728 -0.034019105763590
0.396044154591120 -0.034068331309343
0.401171329810437 -0.034112318618252
0.406309342707137 -0.034151016855300
0.411457629840208 -0.034184377043909
0.416615626641949 -0.034212368146010
0.421782767479884 -0.034235005227881
0.426958485718794 -0.034252313643542
0.432142213782848 -0.034264321531985
0.437333383217848 -0.034271059189883
0.442531424753567 -0.034272530751538
0.447735768366173 -0.034268702420063
0.452945843340743 -0.034259539620691
0.458161078333842 -0.034245009905028
0.463380901436184 -0.034225079631740
0.468604740235343 -0.034199659468445
0.473832021878528 -0.034168614769507
0.479062173135400 -0.034131811569115
0.484294620460935 -0.034089117968905
0.489528790058321 -0.034040410225999
0.494764107941877 -0.033985617569900
0.500000000000000 -0.033924698357958
0.505235892058122 -0.033857613090585
0.510471209941678 -0.033784325007262
0.515705379539064 -0.033704836421258
0.520937826864600 -0.033619330426288
0.526167978121472 -0.033528048291032
0.531395259764656 -0.033431234012428
0.536619098563816 -0.033329131841593
0.541838921666157 -0.033221842292966
0.547054156659257 -0.033109041425436
0.552264231633827 -0.032990332002199
0.557468575246433 -0.032865321468200
0.562666616782152 -0.032733618145535
0.567857786217152 -0.032594477142432
0.573041514281206 -0.032446578511711
0.578217232520115 -0.032288564060958
0.583384373358051 -0.032119092316898
0.588542370159791 -0.031936867355387
0.593690657292862 -0.031741083555393
0.598828670189563 -0.031531342885355
0.603955845408879 -0.031307270641008
0.609071620698271 -0.031068500982631
0.614175435055328 -0.030814804552309
0.619266728789290 -0.030546639443932
0.624344943582427 -0.030264699522835
0.629409522551260 -0.029969680168597
0.634459910307633 -0.029662273135411
0.639495553019614 -0.029343091941905
0.644515898472235 -0.029012629513413
0.649520396128043 -0.028671360756574
0.654508497187474 -0.028319759186252
0.659479654649035 -0.027958299839549
0.664433323369291 -0.027587472650518
0.669368960122646 -0.027207765534910
0.674286023660907 -0.026819669575835
0.679183974772650 -0.026423667738048
0.684062276342339 -0.026020238379749
0.688920393409233 -0.025609843195727
0.693757793226051 -0.025192940937662
0.698573945317390 -0.024769987836019
0.703368321537900 -0.024341460677505
0.708140396130200 -0.023907925592714
0.712889645782536 -0.023469957428283
0.717615549686163 -0.023028121955784
0.722317589592464 -0.022582978736155
0.726995249869773 -0.022135105630808
0.731648017559930 -0.021685075393100
0.736275382434527 -0.021233452316931
0.740876837050857 -0.020780768564321
0.745451876807570 -0.020327457566163
0.750000000000000 -0.019873904792096
0.754520707875185 -0.019420483343170
0.759013504686565 -0.018967520183064
0.763477897748338 -0.018515118036327
0.767913397489498 -0.018063305603186
0.772319517507513 -0.017612123403004
0.776695774621672 -0.017161610522412
0.781041688926065 -0.016711836794496
0.785356783842216 -0.016262872180803
0.789640586171339 -0.015814793061780
0.793892626146236 -0.015367710740308
0.798112437482808 -0.014921778832806
0.802299557431187 -0.014477152361924
0.806453526826488 -0.014034040217569
0.810573890139155 -0.013592948108064
0.814660195524918 -0.013154459143328
0.818711994874345 -0.012719127410435
0.822728843861975 -0.012287453088077
0.826710301995052 -0.011859891265203
0.830655932661826 -0.011436864789053
0.834565303179429 -0.011018790781361
0.838437984841330 -0.010606085851660
0.842273552964344 -0.010199150892398
0.846071586935203 -0.009798338177472
0.849831670256683 -0.009403910099200
0.853553390593274 -0.009016100044342
0.857236339816401 -0.008635089488332
0.860880114049181 -0.008260924519405
0.864484313710706 -0.007893612725067
0.868048543559867 -0.007533160986789
0.871572412738697 -0.007179595129583
0.875055534815230 -0.006832941824695
0.878497527825878 -0.006493212001287
0.881898014317321 -0.006160417887075
0.885256621387894 -0.005834554415161
0.888572980728485 -0.005515613489525
0.891846728662920 -0.005203573730206
0.895077506187845 -0.004898418451064
0.898264959012098 -0.004600152388630
0.901408737595557 -0.004308784955677
0.904508497187474 -0.004024533824039
0.907563897864277 -0.003747900142691
0.910574604566852 -0.003479353771579
0.913540287137281 -0.003219290552238
0.916460620355049 -0.002968050631855
0.919335283972712 -0.002725932464279
0.922163962751007 -0.002493190303226
0.924946346493432 -0.002270034715988
0.927682130080253 -0.002056629561012
0.930371013501972 -0.001853098494299
0.933012701892219 -0.001659525061859
0.935606905560095 -0.001475955492367
0.938153340021932 -0.001302397527241
0.940651726032496 -0.001138825969205
0.943101789615607 -0.000985179108882
0.945503262094184 -0.000841366042211
0.947855880119706 -0.000707265167321
0.950159385701097 -0.000582726664581
0.952413526233010 -0.000467572383519
0.954618054523534 -0.000361601603274
0.956772728821300 -0.000264589428972
0.958877312841991 -0.000176288649431
0.960931575794250 -0.000096433192720
0.962935292404997 -0.000024738638108
0.964888242944126 0.000039096006295
0.966790213248601 0.000095386535334
0.968640994745946 0.000144462148577
0.970440384477113 0.000186663170327
0.972188185118740 0.000222340590234
0.973884205004793 0.000251852564622
0.975528258147577 0.000275565464174
0.977120164258138 0.000293849290719
0.978659748766034 0.000307079249386
0.980146842838471 0.000315631930426
0.981581283398829 0.000319884847949
0.982962913144534 0.000320215107221
0.984291580564316 0.000316997682316
0.985567139954818 0.000310604263728
0.986789451436580 0.000301401768519
0.987958380969374 0.000289751413517
0.989073800366903 0.000276007214728
0.990135587310861 0.000260514663641
0.991143625364344 0.000243610408274
0.992097803984621 0.000225619527792
0.992998018535252 0.000206857136202
0.993844170297569 0.000187624092195
0.994636166481494 0.000168209175919
0.995373920235722 0.000148886077986
0.996057350657239 0.000129913324055
0.996686382800198 0.000111532906209
0.997260947684137 0.000093971954748
0.997780982301540 0.000077438714947
0.998246429624752 0.000062123492938
0.998657238612229 0.000048198762818
0.999013364214136 0.000035816646943
0.999314767377287 0.000025111376926
0.999561415049429 0.000016196995736
0.999753280182866 0.000009165555098
0.999890341737423 0.000004090944548
0.999972584682756 0.000001025323857
1.000000000000000 0.000000000000000
