1.000000000000000 0.000000000000000
0.999972584682756 0.000005433839425
0.999890341737423 0.000021739821759
0.999753280182866 0.000048920763104
0.999561415049429 0.000086970764624
0.999314767377287 0.000135896332895
0.999013364214136 0.000195705774199
0.998657238612229 0.000266395035944
0.998246429624752 0.000347975865742
0.997780982301540 0.000440447519263
0.997260947684137 0.000543817853534
0.996686382800198 0.000658092650980
0.996057350657239 0.000783275513946
0.995373920235722 0.000919374828070
0.994636166481494 0.001066396573171
0.993844170297569 0.001224347732017
0.992998018535252 0.001393229060381
0.992097803984621 0.001573052670798
0.991143625364344 0.001763817046384
0.990135587310861 0.001965528163180
0.989073800366903 0.002178188670801
0.987958380969374 0.002401801263199
0.986789451436580 0.002636364926873
0.985567139954818 0.002881878301598
0.984291580564316 0.003138343053533
0.982962913144534 0.003405745800215
0.981581283398829 0.003684086470790
0.980146842838472 0.003973356650664
0.978659748766034 0.004273535732933
0.977120164258138 0.004584615768299
0.975528258147577 0.004906576136472
0.973884205004793 0.005239397640461
0.972188185118741 0.005583051473377
0.970440384477113 0.005937509742821
0.968640994745946 0.006302741622516
0.966790213248601 0.006678702264037
0.964888242944126 0.007065357769901
0.962935292404997 0.007462652454358
0.960931575794250 0.007870541054283
0.958877312841991 0.008288955940932
0.956772728821300 0.008717839370913
0.954618054523534 0.009157117899165
0.952413526233010 0.009606716567040
0.950159385701097 0.010066547762078
0.947855880119706 0.010536525424602
0.945503262094184 0.011016546660519
0.943101789615607 0.011506505955201
0.940651726032496 0.012006287650679
0.938153340021932 0.012515776534387
0.935606905560095 0.013034839477631
0.933012701892219 0.013563332434653
0.930371013501972 0.014101114588239
0.927682130080253 0.014648022716935
0.924946346493432 0.015203892829087
0.922163962751008 0.015768549325521
0.919335283972712 0.016341804291403
0.916460620355050 0.016923459680372
0.913540287137281 0.017513308126891
0.910574604566852 0.018111136988318
0.907563897864277 0.018716716668363
0.904508497187474 0.019329813785387
0.901408737595557 0.019950149724458
0.898264959012098 0.020577463413275
0.895077506187845 0.021211625166069
0.891846728662920 0.021852580223351
0.888572980728485 0.022500287016464
0.885256621387895 0.023154749675215
0.881898014317321 0.023815985793936
0.878497527825878 0.024484018223772
0.875055534815230 0.025158879350723
0.871572412738697 0.025840611835864
0.868048543559867 0.026529240916323
0.864484313710706 0.027224791331489
0.860880114049181 0.027927339718938
0.857236339816402 0.028637051120917
0.853553390593274 0.029354130922418
0.849831670256683 0.030078613164939
0.846071586935203 0.030810060147610
0.842273552964344 0.031547940182300
0.838437984841330 0.032291587397761
0.834565303179429 0.033039997502562
0.830655932661826 0.033792056083638
0.826710301995053 0.034546617753591
0.822728843861975 0.035302589042497
0.818711994874345 0.036058860304627
0.814660195524919 0.036814271843587
0.810573890139155 0.037567499694746
0.806453526826488 0.038317090543430
0.802299557431188 0.039061535880692
0.798112437482808 0.039799687611512
0.793892626146237 0.040531239543798
0.789640586171339 0.041256023365821
0.785356783842216 0.041973881245470
0.781041688926065 0.042684874282298
0.776695774621672 0.043389220210047
0.772319517507513 0.044087156812028
0.767913397489498 0.044778938569538
0.763477897748339 0.045464793533158
0.759013504686565 0.046144964367869
0.754520707875186 0.046819709045893
0.750000000000000 0.047489283828085
0.745451876807570 0.048153907022969
0.740876837050858 0.048813796755311
0.736275382434527 0.049469193634914
0.731648017559931 0.050120346003412
0.726995249869773 0.050767500440836
0.722317589592464 0.051410922240483
0.717615549686164 0.052050889870891
0.712889645782536 0.052687675858212
0.708140396130201 0.053321519535085
0.703368321537900 0.053952663857577
0.698573945317390 0.054581364471612
0.693757793226052 0.055207763117955
0.688920393409234 0.055831299147835
0.684062276342339 0.056451153871997
0.679183974772650 0.057066489938045
0.674286023660908 0.057676453093024
0.669368960122646 0.058280149094173
0.664433323369292 0.058876640750796
0.659479654649035 0.059464980137030
0.654508497187474 0.060044206236238
0.649520396128043 0.060613545047452
0.644515898472236 0.061172804306273
0.639495553019615 0.061721900299264
0.634459910307633 0.062260757416530
0.629409522551260 0.062789319460235
0.624344943582428 0.063307707283226
0.619266728789291 0.063816218629456
0.614175435055328 0.064315157988953
0.609071620698271 0.064804847321940
0.603955845408880 0.065285554242462
0.598828670189563 0.065757237024424
0.593690657292862 0.066219754717136
0.588542370159792 0.066672963622395
0.583384373358051 0.067116731750691
0.578217232520115 0.067550856337274
0.573041514281206 0.067974989921741
0.567857786217152 0.068388759229563
0.562666616782152 0.068791794313932
0.557468575246433 0.069183731179171
0.552264231633827 0.069564256635017
0.547054156659257 0.069933133976935
0.541838921666158 0.070290135018767
0.536619098563816 0.070635036495800
0.531395259764657 0.070967621593682
0.526167978121472 0.071287705180128
0.520937826864600 0.071595134490668
0.515705379539064 0.071889762252059
0.510471209941678 0.072171447653566
0.505235892058123 0.072440049551480
0.500000000000000 0.072695371249940
0.494764107941877 0.072937185889505
0.489528790058322 0.073165271761438
0.484294620460936 0.073379410716723
0.479062173135400 0.073579390579231
0.473832021878528 0.073764978948488
0.468604740235343 0.073935940135896
0.463380901436184 0.074092044363535
0.458161078333842 0.074233069562890
0.452945843340743 0.074358791494867
0.447735768366173 0.074468942259225
0.442531424753567 0.074563243546815
0.437333383217848 0.074641426412587
0.432142213782848 0.074703230184563
0.426958485718794 0.074748371502194
0.421782767479885 0.074776458370517
0.416615626641949 0.074787082515415
0.411457629840209 0.074779846934955
0.406309342707138 0.074754367635727
0.401171329810437 0.074710455267054
0.396044154591120 0.074648334359178
0.390928379301729 0.074568288827336
0.385824564944672 0.074470606993998
0.380733271210710 0.074355587711156
0.375655056417573 0.074223717360196
0.370590477448740 0.074075696556057
0.365540089692367 0.073912237245432
0.360504446980385 0.073734047139633
0.355484101527764 0.073541805516893
0.350479603871957 0.073335964012836
0.345491502812526 0.073116860841803
0.340520345350965 0.072884833451710
0.335566676630708 0.072640223581224
0.330631039877354 0.072383313653372
0.325713976339092 0.072114242845864
0.320816025227350 0.071833132335236
0.315937723657661 0.071540109126722
0.311079606590766 0.071235303983845
0.306242206773949 0.070918865580976
0.301426054682610 0.070590944664933
0.296631678462100 0.070251703932635
0.291859603869799 0.069901308626723
0.287110354217464 0.069539882767075
0.282384450313836 0.069167472022107
0.277682410407536 0.068784121553384
0.273004750130227 0.068389883148991
0.268351982440069 0.067984816206700
0.263724617565473 0.067568966154028
0.259123162949143 0.067142383414121
0.254548123192430 0.066705129235667
0.250000000000000 0.066257302541287
0.245479292124815 0.065799207648853
0.240986495313435 0.065331230538216
0.236522102251661 0.064853759693195
0.232086602510502 0.064367188368417
0.227680482492487 0.063871968619071
0.223304225378328 0.063368570217924
0.218958311073935 0.062857466546582
0.214643216157784 0.062339140087303
0.210359413828661 0.061814200572562
0.206107373853763 0.061283279791066
0.201887562517192 0.060746997619983
0.197700442568813 0.060205650596386
0.193546473173512 0.059658674748952
0.189426109860845 0.059105407362859
0.185339804475081 0.058545214721298
0.181288005125655 0.057977205555463
0.177271156138025 0.057400241960247
0.173289698004947 0.056813239557856
0.169344067338174 0.056215216113876
0.165434696820571 0.055605381945094
0.161562015158670 0.054983040591159
0.157726447035656 0.054347556603503
0.153928413064797 0.053698268221060
0.150168329743317 0.053034516459965
0.146446609406726 0.052355732246167
0.142763660183598 0.051662959991016
0.139119885950819 0.050959683249737
0.135515686289294 0.050249456998270
0.131951456440133 0.049535692761936
0.128427587261303 0.048821715739644
0.124944465184770 0.048110668589902
0.121502472174122 0.047405509917806
0.118101985682679 0.046709000607284
0.114743378612105 0.046023706432504
0.111427019271515 0.045351978132099
0.108153271337080 0.044695908130476
0.104922493812155 0.044057407894238
0.101735040987902 0.043438366888235
0.098591262404443 0.042840697205080
0.095491502812526 0.042265468906528
0.092436102135723 0.041706232126488
0.089425395433148 0.041152337946202
0.086459712862719 0.040593972249978
0.083539379644950 0.040022197441491
0.080664716027288 0.039428799382426
0.077836037248993 0.038805322006699
0.075053653506568 0.038142862184282
0.072317869919747 0.037434753438806
0.069628986498028 0.036682261888505
0.066987298107781 0.035889003241976
0.064393094439905 0.035062833305660
0.061846659978068 0.034214619838246
0.059348273967504 0.033353989386121
0.056898210384393 0.032488828455464
0.054496737905816 0.031626446311827
0.052144119880294 0.030773840589344
0.049840614298903 0.029937315386038
0.047586473766990 0.029122305893119
0.045381945476466 0.028332292046789
0.043227271178700 0.027564382733823
0.041122687158010 0.026814268853670
0.039068424205750 0.026078268380976
0.037064707595003 0.025353222988391
0.035111757055874 0.024636421557812
0.033209786751399 0.023925600004549
0.031359005254054 0.023218894742450
0.029559615522887 0.022514815218246
0.027811814881260 0.021812212391596
0.026115794995207 0.021110296022087
0.024471741852423 0.020408572129696
0.022879835741862 0.019706827595712
0.021340251233966 0.019004972147097
0.019853157161529 0.018302652533705
0.018418716601171 0.017599549124412
0.017037086855466 0.016895746001895
0.015708419435685 0.016191663121679
0.014432860045182 0.015488022366633
0.013210548563420 0.014785834874406
0.012041619030626 0.014086406905162
0.010926199633097 0.013391469590418
0.009864412689139 0.012702543297811
0.008856374635656 0.012020858833878
0.007902196015379 0.011347068847126
0.007001981464748 0.010682549739596
0.006155829702431 0.010029094300788
0.005363833518506 0.009385659258491
0.004626079764278 0.008743903877682
0.003942649342761 0.008089731337108
0.003313617199802 0.007416171701592
0.002739052315863 0.006725067199761
0.002219017698460 0.006024362186550
0.001753570375248 0.005320106114100
0.001342761387771 0.004617197702360
0.000986635785864 0.003919669810584
0.000685232622713 0.003230746667310
0.000438584950571 0.002553262370579
0.000246719817134 0.001889541624588
0.000109658262577 0.001241602359882
0.000027415317244 0.000611252858366
0.000000000000000 0.000000000000000
0.000027415317244 -0.000590631640456
0.000109658262577 -0.001159653262623
0.000246719817134 -0.001708144490822
0.000438584950571 -0.002245808607142
0.000685232622713 -0.002777959549383
0.000986635785864 -0.003305730035476
0.001342761387771 -0.003829223968943
0.001753570375248 -0.004348145377279
0.002219017698460 -0.004861880248868
0.002739052315863 -0.005369543816524
0.003313617199802 -0.005870114568255
0.003942649342761 -0.006362299802569
0.004626079764278 -0.006844401884523
0.005363833518506 -0.007314354327135
0.006155829702431 -0.007769387263356
0.007001981464748 -0.008205686144835
0.007902196015379 -0.008620670769801
0.008856374635656 -0.009017950721521
0.009864412689139 -0.009403427744288
0.010926199633097 -0.009783011506452
0.012041619030626 -0.010156628852566
0.013210548563420 -0.010523552713314
0.014432860045182 -0.010884461268608
0.015708419435684 -0.011239377588847
0.017037086855466 -0.011587798355734
0.018418716601171 -0.011928584730275
0.019853157161528 -0.012260840457696
0.021340251233966 -0.012584051259508
0.022879835741862 -0.012897934359759
0.024471741852423 -0.013202506294235
0.026115794995207 -0.013498189640045
0.027811814881259 -0.013785618317558
0.029559615522887 -0.014065555098655
0.031359005254054 -0.014338635415836
0.033209786751399 -0.014605515353702
0.035111757055874 -0.014867239688992
0.037064707595003 -0.015125183590635
0.039068424205750 -0.015381040242116
0.041122687158009 -0.015636874691952
0.043227271178699 -0.015895192985405
0.045381945476466 -0.016158836102456
0.047586473766990 -0.016430909581740
0.049840614298903 -0.016715322901137
0.052144119880293 -0.017017140180798
0.054496737905816 -0.017339189387830
0.056898210384393 -0.017679180403234
0.059348273967504 -0.018033158783451
0.061846659978068 -0.018395005520481
0.064393094439905 -0.018757849608195
0.066987298107781 -0.019114721413753
0.069628986498028 -0.019457876821352
0.072317869919747 -0.019777655176990
0.075053653506568 -0.020063421118177
0.077836037248992 -0.020307381441964
0.080664716027288 -0.020503943369847
0.083539379644950 -0.020652079666556
0.086459712862719 -0.020759682050843
0.089425395433148 -0.020836172223805
0.092436102135723 -0.020890325518443
0.095491502812526 -0.020931186259242
0.098591262404443 -0.020968896452358
0.101735040987902 -0.021014867080239
0.104922493812155 -0.021080555794746
0.108153271337080 -0.021169300695202
0.111427019271514 -0.021279699529489
0.114743378612105 -0.021410124269492
0.118101985682679 -0.021558777061170
0.121502472174122 -0.021723667782089
0.124944465184770 -0.021902608870228
0.128427587261303 -0.022093207863554
0.131951456440133 -0.022292869171785
0.135515686289294 -0.022498769117764
0.139119885950819 -0.022707845824254
0.142763660183598 -0.022916827118519
0.146446609406726 -0.023122299193694
0.150168329743317 -0.023320740073315
0.153928413064796 -0.023508450837525
0.157726447035656 -0.023683105478774
0.161562015158669 -0.023845178199392
0.165434696820571 -0.023995511818227
0.169344067338174 -0.024134982483629
0.173289698004947 -0.024264398210157
0.177271156138025 -0.024384604947486
0.181288005125655 -0.024496522388105
0.185339804475081 -0.024601267722019
0.189426109860845 -0.024700103749065
0.193546473173511 -0.024794368990727
0.197700442568812 -0.024885243761017
0.201887562517192 -0.024973511819769
0.206107373853763 -0.025059948087844
0.210359413828660 -0.025145303118168
0.214643216157784 -0.025229597874477
0.218958311073935 -0.025312350240132
0.223304225378328 -0.025393052070143
0.227680482492486 -0.025471203259592
0.232086602510501 -0.025546417156617
0.236522102251661 -0.025618333265109
0.240986495313435 -0.025686581069413
0.245479292124814 -0.025750804427996
0.250000000000000 -0.025810707858039
0.254548123192429 -0.025866003157479
0.259123162949142 -0.025916396994739
0.263724617565473 -0.025961664358767
0.268351982440069 -0.026001774330377
0.273004750130227 -0.026036732337500
0.277682410407536 -0.026066549050317
0.282384450313836 -0.026091231300866
0.287110354217464 -0.026110760874147
0.291859603869799 -0.026125116510557
0.296631678462100 -0.026134280965320
0.301426054682609 -0.026138234539385
0.306242206773948 -0.026136922295877
0.311079606590766 -0.026130275993783
0.315937723657661 -0.026118229418763
0.320816025227350 -0.026100719318260
0.325713976339092 -0.026077703617982
0.330631039877354 -0.026049161522915
0.335566676630708 -0.026015075993093
0.340520345350965 -0.025975433170813
0.345491502812526 -0.025930166453553
0.350479603871956 -0.025879034026255
0.355484101527764 -0.025821757300081
0.360504446980385 -0.025758055369699
0.365540089692367 -0.025687636142876
0.370590477448739 -0.025610027001408
0.375655056417572 -0.025524592466379
0.380733271210709 -0.025430683787461
0.385824564944672 -0.025327646019975
0.390928379301728 -0.025214879404146
0.396044154591120 -0.025092079024142
0.401171329810437 -0.024959034730334
0.406309342707137 -0.024815537299011
0.411457629840208 -0.024661381868577
0.416615626641949 -0.024496537455031
0.421782767479884 -0.024321321415882
0.426958485718794 -0.024136104822509
0.432142213782848 -0.023941263203253
0.437333383217848 -0.023737181456038
0.442531424753567 -0.023524198562516
0.447735768366173 -0.023302610291542
0.452945843340743 -0.023072714332977
0.458161078333842 -0.022834814442150
0.463380901436184 -0.022589224128082
0.468604740235343 -0.022336294001752
0.473832021878528 -0.022076399749578
0.479062173135400 -0.021809920858357
0.484294620460935 -0.021537243176192
0.489528790058321 -0.021258743397957
0.494764107941877 -0.020974733039391
0.500000000000000 -0.020685501215502
0.505235892058122 -0.020391341884129
0.510471209941678 -0.020092550269834
0.515705379539064 -0.019789396730589
0.520937826864600 -0.019482069588062
0.526167978121472 -0.019170736472027
0.531395259764656 -0.018855571529950
0.536619098563816 -0.018536746871645
0.541838921666157 -0.018214450273884
0.547054156659257 -0.017888893563384
0.552264231633827 -0.017560295498833
0.557468575246433 -0.017228871890157
0.562666616782152 -0.016894842301662
0.567857786217152 -0.016558422293048
0.573041514281206 -0.016219834381726
0.578217232520115 -0.015879296662422
0.583384373358051 -0.015537028526232
0.588542370159791 -0.015193249300535
0.593690657292862 -0.014848200679731
0.598828670189563 -0.014502128819604
0.603955845408879 -0.014155281016739
0.609071620698271 -0.013807905310300
0.614175435055328 -0.013460250524939
0.619266728789290 -0.013112603224302
0.624344943582427 -0.012765248270229
0.629409522551260 -0.012418469717052
0.634459910307633 -0.012072548559452
0.639495553019614 -0.011727747250699
0.644515898472235 -0.011384317996532
0.649520396128043 -0.011042506564499
0.654508497187474 -0.010702555618479
0.659479654649035 -0.010364698263776
0.664433323369291 -0.010029148989986
0.669368960122646 -0.009696112017223
0.674286023660907 -0.009365788310286
0.679183974772650 -0.009038372661209
0.684062276342339 -0.008714054716830
0.688920393409233 -0.008393015279130
0.693757793226051 -0.008075433914755
0.698573945317390 -0.007761480417588
0.703368321537900 -0.007451348523912
0.708140396130200 -0.007145266149753
0.712889645782536 -0.006843464836363
0.717615549686163 -0.006546162893027
0.722317589592464 -0.006253555125364
0.726995249869773 -0.005965764232614
0.731648017559930 -0.005682898782942
0.736275382434527 -0.005405058394163
0.740876837050857 -0.005132410572559
0.745451876807570 -0.004865381976238
0.750000000000000 -0.004604442397671
0.754520707875185 -0.004350044961444
0.759013504686565 -0.004102747237705
0.763477897748338 -0.003863472301165
0.767913397489498 -0.003633180427608
0.772319517507513 -0.003412784610109
0.776695774621672 -0.003203175959490
0.781041688926065 -0.003005233299642
0.785356783842216 -0.002819792544600
0.789640586171339 -0.002647615555539
0.793892626146236 -0.002489021630133
0.798112437482808 -0.002344000844390
0.802299557431187 -0.002212521632071
0.806453526826488 -0.002094243358603
0.810573890139155 -0.001987820932391
0.814660195524918 -0.001891745795466
0.818711994874345 -0.001804583816543
0.822728843861975 -0.001725126162119
0.826710301995052 -0.001652332658844
0.830655932661826 -0.001585209995620
0.834565303179429 -0.001522738550576
0.838437984841330 -0.001463835707145
0.842273552964344 -0.001407465315084
0.846071586935203 -0.001352806734182
0.849831670256683 -0.001299499727874
0.853553390593274 -0.001247268871993
0.857236339816401 -0.001195955321738
0.860880114049181 -0.001145718478113
0.864484313710706 -0.001096766339899
0.868048543559867 -0.001049266550783
0.871572412738697 -0.001003306027572
0.875055534815230 -0.000958953302720
0.878497527825878 -0.000916278184238
0.881898014317321 -0.000875356629332
0.885256621387894 -0.000836258445297
0.888572980728485 -0.000799050526367
0.891846728662920 -0.000763796523130
0.895077506187845 -0.000730540504675
0.898264959012098 -0.000699267637872
0.901408737595557 -0.000669942355680
0.904508497187474 -0.000642472481117
0.907563897864277 -0.000616695337046
0.910574604566852 -0.000592455829738
0.913540287137281 -0.000569624588445
0.916460620355049 -0.000548084280785
0.919335283972712 -0.000527721099970
0.922163962751007 -0.000508425458143
0.924946346493432 -0.000490095364324
0.927682130080253 -0.000472637126771
0.930371013501972 -0.000455963338962
0.933012701892219 -0.000439993028257
0.935606905560095 -0.000424651262453
0.938153340021932 -0.000409869631243
0.940651726032496 -0.000395585268084
0.943101789615607 -0.000381741147490
0.945503262094184 -0.000368285836066
0.947855880119706 -0.000355172969439
0.950159385701097 -0.000342361355140
0.952413526233010 -0.000329814670766
0.954618054523534 -0.000317501257628
0.956772728821300 -0.000305393675614
0.958877312841991 -0.000293469023270
0.960931575794250 -0.000281708188440
0.962935292404997 -0.000270095879236
0.964888242944126 -0.000258620249637
0.966790213248601 -0.000247273028802
0.968640994745946 -0.000236049011095
0.970440384477113 -0.000224945814892
0.972188185118740 -0.000213963851799
0.973884205004793 -0.000203106023992
0.975528258147577 -0.000192377472002
0.977120164258138 -0.000181785604590
0.978659748766034 -0.000171339582167
0.980146842838471 -0.000161050353529
0.981581283398829 -0.000150930208582
0.982962913144534 -0.000140992976691
0.984291580564316 -0.000131253692587
0.985567139954818 -0.000121728036974
0.986789451436580 -0.000112432641195
0.987958380969374 -0.000103384844497
0.989073800366903 -0.000094602225785
0.990135587310861 -0.000086102917867
0.991143625364344 -0.000077905047618
0.992097803984621 -0.000070026631874
0.992998018535252 -0.000062485731606
0.993844170297569 -0.000055299849685
0.994636166481494 -0.000048486485930
0.995373920235722 -0.000042062507910
0.996057350657239 -0.000036043599989
0.996686382800198 -0.000030445392968
0.997260947684137 -0.000025282394566
0.997780982301540 -0.000020568061153
0.998246429624752 -0.000016314845797
0.998657238612229 -0.000012534292539
0.999013364214136 -0.000009236413276
0.999314767377287 -0.000006430550298
0.999561415049429 -0.000004124088581
0.999753280182866 -0.000002323670267
0.999890341737423 -0.000001033925459
0.999972584682756 -0.000000258654365
1.000000000000000 0.000000000000000
