1.000000000000000 0.000000000000000
0.999972584682756 0.000005267391793
0.999890341737423 0.000021068613103
0.999753280182866 0.000047400803840
0.999561415049429 0.000084248961194
0.999314767377287 0.000131613271518
0.999013364214136 0.000189468155461
0.998657238612229 0.000257806672105
0.998246429624752 0.000336603002501
0.997780982301540 0.000425832964558
0.997260947684137 0.000525474042915
0.996686382800198 0.000635495208850
0.996057350657239 0.000755867191145
0.995373920235722 0.000886552318394
0.994636166481494 0.001027514787977
0.993844170297569 0.001178713926095
0.992998018535252 0.001340107656342
0.992097803984621 0.001511652568304
0.991143625364344 0.001693297222087
0.990135587310861 0.001884992400384
0.989073800366903 0.002086691172747
0.987958380969374 0.002298332096439
0.986789451436580 0.002519866333457
0.985567139954818 0.002751227380221
0.984291580564316 0.002992361511854
0.982962913144534 0.003243204303649
0.981581283398829 0.003503690853956
0.980146842838472 0.003773762585639
0.978659748766034 0.004053343910247
0.977120164258138 0.004342375836200
0.975528258147577 0.004640785967216
0.973884205004793 0.004948505356667
0.972188185118741 0.005265461957068
0.970440384477113 0.005591584085184
0.968640994745946 0.005926807172699
0.966790213248601 0.006271050685725
0.964888242944126 0.006624244802872
0.962935292404997 0.006986320575460
0.960931575794250 0.007357203473201
0.958877312841991 0.007736820142925
0.956772728821300 0.008125098542178
0.954618054523534 0.008521968072816
0.952413526233010 0.008927359716881
0.950159385701097 0.009341199637990
0.947855880119706 0.009763422415219
0.945503262094184 0.010193961357606
0.943101789615607 0.010632745415458
0.940651726032496 0.011079709103804
0.938153340021932 0.011534792614555
0.935606905560095 0.011997928976229
0.933012701892219 0.012469063653936
0.930371013501972 0.012948135247770
0.927682130080253 0.013435085370291
0.924946346493432 0.013929865197833
0.922163962751008 0.014432422676344
0.919335283972712 0.014942702723411
0.916460620355050 0.015460666741832
0.913540287137281 0.015986266950123
0.910574604566852 0.016519465439278
0.907563897864277 0.017060224696703
0.904508497187474 0.017608508653722
0.901408737595557 0.018164290032423
0.898264959012098 0.018727532024659
0.895077506187845 0.019298110977401
0.891846728662920 0.019875854494590
0.888572980728485 0.020460585433283
0.885256621387895 0.021052114898258
0.881898014317321 0.021650236887445
0.878497527825878 0.022254750387899
0.875055534815230 0.022865437075599
0.871572412738697 0.023482071282582
0.868048543559867 0.024104424904389
0.864484313710706 0.024732256610184
0.860880114049181 0.025365314837636
0.857236339816402 0.026003334325935
0.853553390593274 0.026646033080642
0.849831670256683 0.027293139528362
0.846071586935203 0.027944437437876
0.842273552964344 0.028599710691086
0.838437984841330 0.029258745678841
0.834565303179429 0.029921352875201
0.830655932661826 0.030587333245437
0.826710301995053 0.031256497397737
0.822728843861975 0.031928636698725
0.818711994874345 0.032603547659345
0.814660195524919 0.033281012944866
0.810573890139155 0.033960827422658
0.806453526826488 0.034642779972403
0.802299557431188 0.035326652010971
0.798112437482808 0.036012223225569
0.793892626146237 0.036699255542469
0.789640586171339 0.037387500037947
0.785356783842216 0.038076705169451
0.781041688926065 0.038766614270625
0.776695774621672 0.039456971749479
0.772319517507513 0.040147510919890
0.767913397489498 0.040837966443152
0.763477897748339 0.041528072454300
0.759013504686565 0.042217565389124
0.754520707875186 0.042906179809337
0.750000000000000 0.043593632624333
0.745451876807570 0.044279610128018
0.740876837050858 0.044963787106144
0.736275382434527 0.045645838030172
0.731648017559931 0.046325429488242
0.726995249869773 0.047002204605352
0.722317589592464 0.047675809335578
0.717615549686164 0.048345884038532
0.712889645782536 0.049012066633034
0.708140396130201 0.049674017301312
0.703368321537900 0.050331392791240
0.698573945317390 0.050983850880202
0.693757793226052 0.051631059109256
0.688920393409234 0.052272788422475
0.684062276342339 0.052908830164918
0.679183974772650 0.053538990179382
0.674286023660908 0.054163072446986
0.669368960122646 0.054780889011341
0.664433323369292 0.055392259424885
0.659479654649035 0.055997006419794
0.654508497187474 0.056594955750069
0.649520396128043 0.057185887704873
0.644515898472236 0.057769455117961
0.639495553019615 0.058345288521404
0.634459910307633 0.058913014465148
0.629409522551260 0.059472263831791
0.624344943582428 0.060022627083074
0.619266728789291 0.060563672609517
0.614175435055328 0.061094960542004
0.609071620698271 0.061616057409918
0.603955845408880 0.062126548977353
0.598828670189563 0.062626105396324
0.593690657292862 0.063114433654213
0.588542370159792 0.063591234497521
0.583384373358051 0.064056218563506
0.578217232520115 0.064509132997061
0.573041514281206 0.064949798440972
0.567857786217152 0.065378052558214
0.562666616782152 0.065793732736039
0.557468575246433 0.066196679067873
0.552264231633827 0.066586602386517
0.547054156659257 0.066963058912127
0.541838921666158 0.067325600970542
0.536619098563816 0.067673783558542
0.531395259764657 0.068007157259827
0.526167978121472 0.068325106466166
0.520937826864600 0.068626900636383
0.515705379539064 0.068911807304462
0.510471209941678 0.069179103306462
0.505235892058123 0.069428120747969
0.500000000000000 0.069658650154102
0.494764107941877 0.069870718062339
0.489528790058322 0.070064359530950
0.484294620460936 0.070239616887053
0.479062173135400 0.070396584666904
0.473832021878528 0.070535625214038
0.468604740235343 0.070657203613090
0.463380901436184 0.070761789839328
0.458161078333842 0.070849858803650
0.452945843340743 0.070921834220134
0.447735768366173 0.070977919532313
0.442531424753567 0.071018266045093
0.437333383217848 0.071043030757399
0.432142213782848 0.071052376156257
0.426958485718794 0.071046438550003
0.421782767479885 0.071025277213838
0.416615626641949 0.070988944401559
0.411457629840209 0.070937498139371
0.406309342707138 0.070871004280143
0.401171329810437 0.070789604294033
0.396044154591120 0.070693552250701
0.390928379301729 0.070583116629982
0.385824564944672 0.070458567770067
0.380733271210710 0.070320186133786
0.375655056417573 0.070168318149534
0.370590477448740 0.070003366776707
0.365540089692367 0.069825738076633
0.360504446980385 0.069635837742986
0.355484101527764 0.069434046318885
0.350479603871957 0.069220605876507
0.345491502812526 0.068995714962536
0.340520345350965 0.068759575294921
0.335566676630708 0.068512392971364
0.330631039877354 0.068254317375835
0.325713976339092 0.067985410634090
0.320816025227350 0.067705730312010
0.315937723657661 0.067415341495022
0.311079606590766 0.067114317338705
0.306242206773949 0.066802749557380
0.301426054682610 0.066480740696151
0.296631678462100 0.066148396917970
0.291859603869799 0.065805830605896
0.287110354217464 0.065453127724033
0.282384450313836 0.065090335553041
0.277682410407536 0.064717510246621
0.273004750130227 0.064334715158690
0.268351982440069 0.063942027195627
0.263724617565473 0.063539530880529
0.259123162949143 0.063127324323329
0.254548123192430 0.062705509839284
0.250000000000000 0.062274206356901
0.245479292124815 0.061833555790833
0.240986495313435 0.061383710314054
0.236522102251661 0.060924834668000
0.232086602510502 0.060457093946759
0.227680482492487 0.059980675326411
0.223304225378328 0.059495767282234
0.218958311073935 0.059002567530641
0.214643216157784 0.058501285544900
0.210359413828661 0.057992145723815
0.206107373853763 0.057475381316111
0.201887562517192 0.056951228336515
0.197700442568813 0.056419882094170
0.193546473173512 0.055881480309335
0.189426109860845 0.055336171714016
0.185339804475081 0.054784106768564
0.181288005125655 0.054225408783268
0.177271156138025 0.053660199613332
0.173289698004947 0.053088609788345
0.169344067338174 0.052510792338613
0.165434696820571 0.051926908324422
0.161562015158670 0.051337142495559
0.157726447035656 0.050741687217495
0.153928413064797 0.050140750197269
0.150168329743317 0.049534553867780
0.146446609406726 0.048923320407695
0.142763660183598 0.048307148386413
0.139119885950819 0.047686061765194
0.135515686289294 0.047060099736119
0.131951456440133 0.046429322338369
0.128427587261303 0.045793801364796
0.124944465184770 0.045153642124320
0.121502472174122 0.044508964401978
0.118101985682679 0.043859914757222
0.114743378612105 0.043206666730456
0.111427019271515 0.042549411682845
0.108153271337080 0.041888358789272
0.104922493812155 0.041223743829646
0.101735040987902 0.040555819151372
0.098591262404443 0.039884861122465
0.095491502812526 0.039211152533581
0.092436102135723 0.038534971628011
0.089425395433148 0.037856601365198
0.086459712862719 0.037176343064928
0.083539379644950 0.036494487111865
0.080664716027288 0.035811368400653
0.077836037248993 0.035127416290110
0.075053653506568 0.034443084869556
0.072317869919747 0.033758609480806
0.069628986498028 0.033074011830335
0.066987298107781 0.032389233068698
0.064393094439905 0.031703946036746
0.061846659978068 0.031017848335687
0.059348273967504 0.030330811453600
0.056898210384393 0.029642809115000
0.054496737905816 0.028953898200181
0.052144119880294 0.028264178542219
0.049840614298903 0.027573850060289
0.047586473766990 0.026883152033818
0.045381945476466 0.026192558186161
0.043227271178700 0.025502767961859
0.041122687158010 0.024814532214989
0.039068424205750 0.024128646290407
0.037064707595003 0.023445912598689
0.035111757055874 0.022767152369226
0.033209786751399 0.022093185637367
0.031359005254054 0.021424871491707
0.029559615522887 0.020763056854733
0.027811814881260 0.020108602969830
0.026115794995207 0.019462404437089
0.024471741852423 0.018825332985487
0.022879835741862 0.018198229678816
0.021340251233966 0.017580437800318
0.019853157161529 0.016968498561370
0.018418716601171 0.016359344167863
0.017037086855466 0.015750699391243
0.015708419435685 0.015140930970030
0.014432860045182 0.014529034933983
0.013210548563420 0.013914580249980
0.012041619030626 0.013297726649613
0.010926199633097 0.012679111600902
0.009864412689139 0.012059621563732
0.008856374635656 0.011440091090292
0.007902196015379 0.010821214757005
0.007001981464748 0.010204520138789
0.006155829702431 0.009591010082336
0.005363833518506 0.008979193846759
0.004626079764278 0.008359583226852
0.003942649342761 0.007723041250992
0.003313617199802 0.007067478353711
0.002739052315863 0.006398716149003
0.002219017698460 0.005724006297585
0.001753570375248 0.005048635838047
0.001342761387771 0.004376863368066
0.000986635785864 0.003712085709768
0.000685232622713 0.003057098165943
0.000438584950571 0.002414261765925
0.000246719817134 0.001785509839275
0.000109658262577 0.001172606531903
0.000027415317244 0.000576966276550
0.000000000000000 0.000000000000000
0.000027415317244 -0.000557294555611
0.000109658262577 -0.001093624492135
0.000246719817134 -0.001613955191252
0.000438584950571 -0.002127921829961
0.000685232622713 -0.002638637310502
0.000986635785864 -0.003146616049051
0.001342761387771 -0.003651845783406
0.001753570375248 -0.004153928818014
0.002219017698460 -0.004652321959270
0.002739052315863 -0.005146243250353
0.003313617199802 -0.005634811281054
0.003942649342761 -0.006116872581838
0.004626079764278 -0.006590944318552
0.005363833518506 -0.007055227869124
0.006155829702431 -0.007507210569664
0.007001981464748 -0.007943429153744
0.007902196015379 -0.008359899891923
0.008856374635656 -0.008756606441923
0.009864412689139 -0.009135446343564
0.010926199633097 -0.009498622741934
0.012041619030626 -0.009847214229666
0.013210548563420 -0.010182339882127
0.014432860045182 -0.010506368591938
0.015708419435684 -0.010820595042091
0.017037086855466 -0.011125184439691
0.018418716601171 -0.011420027526910
0.019853157161528 -0.011705393833712
0.021340251233966 -0.011982265121569
0.022879835741862 -0.012252096907448
0.024471741852423 -0.012516959876888
0.026115794995207 -0.012780065334731
0.027811814881259 -0.013044459385840
0.029559615522887 -0.013311631237228
0.031359005254054 -0.013581916310493
0.033209786751399 -0.013854517113116
0.035111757055874 -0.014128877056548
0.037064707595003 -0.014404623251771
0.039068424205750 -0.014681276226047
0.041122687158009 -0.014958312609195
0.043227271178699 -0.015235230255230
0.045381945476466 -0.015511527810202
0.047586473766990 -0.015786685862443
0.049840614298903 -0.016060181457165
0.052144119880293 -0.016331459856888
0.054496737905816 -0.016600084937127
0.056898210384393 -0.016865955924509
0.059348273967504 -0.017129082006853
0.061846659978068 -0.017389557219006
0.064393094439905 -0.017647539242589
0.066987298107781 -0.017903227427288
0.069628986498028 -0.018156887181240
0.072317869919747 -0.018408921183435
0.075053653506568 -0.018659843503235
0.077836037248992 -0.018910016264058
0.080664716027288 -0.019159599920916
0.083539379644950 -0.019408644645380
0.086459712862719 -0.019656818923817
0.089425395433148 -0.019903722844179
0.092436102135723 -0.020149012323186
0.095491502812526 -0.020392375480395
0.098591262404443 -0.020633494478871
0.101735040987902 -0.020872036007099
0.104922493812155 -0.021107675615066
0.108153271337080 -0.021340257764959
0.111427019271514 -0.021569768073073
0.114743378612105 -0.021796209532128
0.118101985682679 -0.022019594809417
0.121502472174122 -0.022239947498513
0.124944465184770 -0.022457316593577
0.128427587261303 -0.022671770989016
0.131951456440133 -0.022883399693102
0.135515686289294 -0.023092316930351
0.139119885950819 -0.023298661855188
0.142763660183598 -0.023502598667542
0.146446609406726 -0.023704302070109
0.150168329743317 -0.023903943304250
0.153928413064796 -0.024101717134105
0.157726447035656 -0.024297718898918
0.161562015158669 -0.024491790708377
0.165434696820571 -0.024683730860615
0.169344067338174 -0.024873342000180
0.173289698004947 -0.025060441751359
0.177271156138025 -0.025244854719700
0.181288005125655 -0.025426402313203
0.185339804475081 -0.025604888942829
0.189426109860845 -0.025780110136397
0.193546473173511 -0.025951854212373
0.197700442568812 -0.026119932717620
0.201887562517192 -0.026284202605989
0.206107373853763 -0.026444532661139
0.210359413828660 -0.026600797223705
0.214643216157784 -0.026752933788646
0.218958311073935 -0.026900938584127
0.223304225378328 -0.027044814354202
0.227680482492486 -0.027184571168364
0.232086602510501 -0.027320219759900
0.236522102251661 -0.027451775040583
0.240986495313435 -0.027579259705788
0.245479292124814 -0.027702690937924
0.250000000000000 -0.027822060965820
0.254548123192429 -0.027937355780196
0.259123162949142 -0.028048568063244
0.263724617565473 -0.028155674679629
0.268351982440069 -0.028258593196007
0.273004750130227 -0.028357229784265
0.277682410407536 -0.028451491842779
0.282384450313836 -0.028541292422048
0.287110354217464 -0.028626559580978
0.291859603869799 -0.028707227649322
0.296631678462100 -0.028783233270236
0.301426054682609 -0.028854512935839
0.306242206773948 -0.028920990088070
0.311079606590766 -0.028982582023883
0.315937723657661 -0.029039207757220
0.320816025227350 -0.029090788431986
0.325713976339092 -0.029137256953599
0.330631039877354 -0.029178560246045
0.335566676630708 -0.029214648276033
0.340520345350965 -0.029245473424663
0.345491502812526 -0.029270970114863
0.350479603871956 -0.029290997112623
0.355484101527764 -0.029305394529933
0.360504446980385 -0.029314002741416
0.365540089692367 -0.029316660484677
0.370590477448739 -0.029313152829055
0.375655056417572 -0.029303207146315
0.380733271210709 -0.029286547002543
0.385824564944672 -0.029262895150925
0.390928379301728 -0.029231980693339
0.396044154591120 -0.029193577708624
0.401171329810437 -0.029147477061332
0.406309342707137 -0.029093471563576
0.411457629840208 -0.029031354354428
0.416615626641949 -0.028960943290112
0.421782767479884 -0.028882112247454
0.426958485718794 -0.028794746532285
0.432142213782848 -0.028698734404950
0.437333383217848 -0.028593965159706
0.442531424753567 -0.028480294807044
0.447735768366173 -0.028357534766325
0.452945843340743 -0.028225496648810
0.458161078333842 -0.028083993753227
0.463380901436184 -0.027932833260343
0.468604740235343 -0.027771684687014
0.473832021878528 -0.027600114937331
0.479062173135400 -0.027417692245794
0.484294620460935 -0.027223988174550
0.489528790058321 -0.027018615461527
0.494764107941877 -0.026801474596567
0.500000000000000 -0.026572600785156
0.505235892058122 -0.026332032766825
0.510471209941678 -0.026079814707484
0.515705379539064 -0.025816097132478
0.520937826864600 -0.025541471799561
0.526167978121472 -0.025256650944434
0.531395259764656 -0.024962353913358
0.536619098563816 -0.024659296714425
0.541838921666157 -0.024348126025699
0.547054156659257 -0.024029296305122
0.552264231633827 -0.023703234540551
0.557468575246433 -0.023370369011848
0.562666616782152 -0.023031130472841
0.567857786217152 -0.022685860259597
0.573041514281206 -0.022334789841340
0.578217232520115 -0.021978142107169
0.583384373358051 -0.021616139551493
0.588542370159791 -0.021249011578534
0.593690657292862 -0.020877024333334
0.598828670189563 -0.020500474250263
0.603955845408879 -0.020119652864483
0.609071620698271 -0.019734855889933
0.614175435055328 -0.019346383140093
0.619266728789290 -0.018954566231417
0.624344943582427 -0.018559743010790
0.629409522551260 -0.018162248542734
0.634459910307633 -0.017762416254134
0.639495553019614 -0.017360559524479
0.644515898472235 -0.016956963623285
0.649520396128043 -0.016551914331668
0.654508497187474 -0.016145687362175
0.659479654649035 -0.015738549085011
0.664433323369291 -0.015330696310457
0.669368960122646 -0.014922296276835
0.674286023660907 -0.014513516382901
0.679183974772650 -0.014104524166434
0.684062276342339 -0.013695484338961
0.688920393409233 -0.013286563805060
0.693757793226051 -0.012877927757543
0.698573945317390 -0.012469738150564
0.703368321537900 -0.012062216706684
0.708140396130200 -0.011655724385913
0.712889645782536 -0.011250638618961
0.717615549686163 -0.010847323695917
0.722317589592464 -0.010446143942111
0.726995249869773 -0.010047475277809
0.731648017559930 -0.009651690905140
0.736275382434527 -0.009259152059964
0.740876837050857 -0.008870193612730
0.745451876807570 -0.008485088773515
0.750000000000000 -0.008104080467130
0.754520707875185 -0.007727404915494
0.759013504686565 -0.007355254130157
0.763477897748338 -0.006987690612347
0.767913397489498 -0.006624740409780
0.772319517507513 -0.006266430034390
0.776695774621672 -0.005912783697498
0.781041688926065 -0.005563833397410
0.785356783842216 -0.005219607677283
0.789640586171339 -0.004880132045399
0.793892626146236 -0.004545471373147
0.798112437482808 -0.004215717097289
0.802299557431187 -0.003890955972930
0.806453526826488 -0.003571325296526
0.810573890139155 -0.003257176122436
0.814660195524918 -0.002948899772447
0.818711994874345 -0.002646860307344
0.822728843861975 -0.002351375656963
0.826710301995052 -0.002062719156231
0.830655932661826 -0.001781145537546
0.834565303179429 -0.001506902655222
0.838437984841330 -0.001240239316491
0.842273552964344 -0.000981385751826
0.846071586935203 -0.000730526200703
0.849831670256683 -0.000487752148456
0.853553390593274 -0.000253124657464
0.857236339816401 -0.000026658269239
0.860880114049181 0.000191781620463
0.864484313710706 0.000402353062043
0.868048543559867 0.000605210842861
0.871572412738697 0.000800488073685
0.875055534815230 0.000988315537727
0.878497527825878 0.001168828816703
0.881898014317321 0.001342166719125
0.885256621387894 0.001508471981693
0.888572980728485 0.001667898575441
0.891846728662920 0.001820607188869
0.895077506187845 0.001966750572956
0.898264959012098 0.002106435429841
0.901408737595557 0.002239750249098
0.904508497187474 0.002366511309133
0.907563897864277 0.002486169310219
0.910574604566852 0.002598215319487
0.913540287137281 0.002702236513361
0.916460620355049 0.002797889171679
0.919335283972712 0.002884878252076
0.922163962751007 0.002962956895515
0.924946346493432 0.003031931944612
0.927682130080253 0.003091664599303
0.930371013501972 0.003142064485834
0.933012701892219 0.003183087874159
0.935606905560095 0.003214736518501
0.938153340021932 0.003237055887412
0.940651726032496 0.003250132710967
0.943101789615607 0.003254093189867
0.945503262094184 0.003249101232932
0.947855880119706 0.003235356297393
0.950159385701097 0.003213091232815
0.952413526233010 0.003182570684749
0.954618054523534 0.003144088600920
0.956772728821300 0.003097966950486
0.958877312841991 0.003044552835567
0.960931575794250 0.002984216251374
0.962935292404997 0.002917349691761
0.964888242944126 0.002844365961671
0.966790213248601 0.002765692800736
0.968640994745946 0.002681775021310
0.970440384477113 0.002593071923148
0.972188185118740 0.002500052739938
0.973884205004793 0.002403197836937
0.975528258147577 0.002302993225992
0.977120164258138 0.002199933145057
0.978659748766034 0.002094513774296
0.980146842838471 0.001987237405249
0.981581283398829 0.001878600275977
0.982962913144534 0.001769104045562
0.984291580564316 0.001659242318993
0.985567139954818 0.001549506183577
0.986789451436580 0.001440380503291
0.987958380969374 0.001332340696682
0.989073800366903 0.001225852699537
0.990135587310861 0.001121374366407
0.991143625364344 0.001019347188232
0.992097803984621 0.000920201432253
0.992998018535252 0.000824348841635
0.993844170297569 0.000732188091085
0.994636166481494 0.000644098639423
0.995373920235722 0.000560440897684
0.996057350657239 0.000481557499584
0.996686382800198 0.000407764915937
0.997260947684137 0.000339363477173
0.997780982301540 0.000276624243166
0.998246429624752 0.000219803001068
0.998657238612229 0.000169125060454
0.999013364214136 0.000124787694842
0.999314767377287 0.000086972504893
0.999561415049429 0.000055828341048
0.999753280182866 0.000031476086655
0.999890341737423 0.000014011802239
0.999972584682756 0.000003506253039
1.000000000000000 0.000000000000000
