1.000000000000000 0.000000000000000
0.999972584682756 0.000005623424465
0.999890341737423 0.000022509769649
0.999753280182866 0.000050707177055
0.999561415049429 0.000090295636219
0.999314767377287 0.000141386614972
0.999013364214136 0.000204126302922
0.998657238612229 0.000278683704073
0.998246429624752 0.000365264834915
0.997780982301540 0.000464104336196
0.997260947684137 0.000575452772628
0.996686382800198 0.000699602208234
0.996057350657239 0.000836861818826
0.995373920235722 0.000987563933582
0.994636166481494 0.001152066332153
0.993844170297569 0.001330742440280
0.992998018535252 0.001523987319539
0.992097803984621 0.001732203204443
0.991143625364344 0.001955817784666
0.990135587310861 0.002195256817604
0.989073800366903 0.002450958024174
0.987958380969374 0.002723372963888
0.986789451436580 0.003012933492736
0.985567139954818 0.003320096882391
0.984291580564316 0.003645289465590
0.982962913144534 0.003988947849328
0.981581283398829 0.004351479038608
0.980146842838472 0.004733288934243
0.978659748766034 0.005134755386140
0.977120164258138 0.005556223744383
0.975528258147577 0.005998027039167
0.973884205004793 0.006460447739466
0.972188185118741 0.006943732763811
0.970440384477113 0.007448089198764
0.968640994745946 0.007973669663537
0.966790213248601 0.008520577981731
0.964888242944126 0.009088848707577
0.962935292404997 0.009678463545257
0.960931575794250 0.010289314630072
0.958877312841991 0.010921242380632
0.956772728821300 0.011573988124837
0.954618054523534 0.012247210224080
0.952413526233010 0.012940480053961
0.950159385701097 0.013653260127959
0.947855880119706 0.014384922155489
0.945503262094184 0.015134719819091
0.943101789615607 0.015901801471330
0.940651726032496 0.016685200193103
0.938153340021932 0.017483824482237
0.935606905560095 0.018296453343367
0.933012701892219 0.019121738800339
0.930371013501972 0.019958215621549
0.927682130080253 0.020804265739137
0.924946346493432 0.021658151375671
0.922163962751008 0.022517959196153
0.919335283972712 0.023381684997722
0.916460620355050 0.024247204860560
0.913540287137281 0.025112244270026
0.910574604566852 0.025974219741621
0.907563897864277 0.026830386358205
0.904508497187474 0.027678361592153
0.901408737595557 0.028516048314741
0.898264959012098 0.029343615178146
0.895077506187845 0.030167179239245
0.891846728662920 0.030993931722239
0.888572980728485 0.031826745907373
0.885256621387895 0.032665153799495
0.881898014317321 0.033508566377533
0.878497527825878 0.034356293774714
0.875055534815230 0.035207594112562
0.871572412738697 0.036061590597311
0.868048543559867 0.036917133721841
0.864484313710706 0.037773013139368
0.860880114049181 0.038627837393588
0.857236339816402 0.039480034615767
0.853553390593274 0.040327961953813
0.849831670256683 0.041170278328121
0.846071586935203 0.042006020818296
0.842273552964344 0.042834239096426
0.838437984841330 0.043655107854655
0.834565303179429 0.044470371571272
0.830655932661826 0.045281996548941
0.826710301995053 0.046091343769828
0.822728843861975 0.046898129532169
0.818711994874345 0.047701833628415
0.814660195524919 0.048501861366571
0.810573890139155 0.049297167110831
0.806453526826488 0.050086521432155
0.802299557431188 0.050868657023902
0.798112437482808 0.051642694279284
0.793892626146237 0.052408264428220
0.789640586171339 0.053165033571058
0.785356783842216 0.053912690720104
0.781041688926065 0.054651029043471
0.776695774621672 0.055379889527524
0.772319517507513 0.056099128444427
0.767913397489498 0.056808563420597
0.763477897748339 0.057507874077614
0.759013504686565 0.058196720559940
0.754520707875186 0.058874764646678
0.750000000000000 0.059542091305428
0.745451876807570 0.060199666751011
0.740876837050858 0.060848599851146
0.736275382434527 0.061490052430822
0.731648017559931 0.062124473509261
0.726995249869773 0.062750825926311
0.722317589592464 0.063367854873972
0.717615549686164 0.063974294174717
0.712889645782536 0.064568901938240
0.708140396130201 0.065150586032848
0.703368321537900 0.065718263181081
0.698573945317390 0.066270842744597
0.693757793226052 0.066807404608765
0.688920393409234 0.067328218441821
0.684062276342339 0.067834046187126
0.679183974772650 0.068325681043458
0.674286023660908 0.068803925527110
0.669368960122646 0.069269201675879
0.664433323369292 0.069721494101505
0.659479654649035 0.070160775621046
0.654508497187474 0.070587029347413
0.649520396128043 0.071000391515963
0.644515898472236 0.071401665902597
0.639495553019615 0.071791861178428
0.634459910307633 0.072172015017430
0.629409522551260 0.072543163874049
0.624344943582428 0.072905377216770
0.619266728789291 0.073257283586497
0.614175435055328 0.073597380539471
0.609071620698271 0.073924155643196
0.603955845408880 0.074236165836859
0.598828670189563 0.074532960246715
0.593690657292862 0.074814758618537
0.588542370159792 0.075081800176913
0.583384373358051 0.075334332765184
0.578217232520115 0.075572807957061
0.573041514281206 0.075798809524778
0.567857786217152 0.076014347690686
0.562666616782152 0.076221455604067
0.557468575246433 0.076422185553607
0.552264231633827 0.076617765368322
0.547054156659257 0.076806321691206
0.541838921666158 0.076985259823610
0.536619098563816 0.077151974657247
0.531395259764657 0.077303856381870
0.526167978121472 0.077439476799260
0.520937826864600 0.077560616063432
0.515705379539064 0.077669603714414
0.510471209941678 0.077768778942578
0.505235892058123 0.077860483093365
0.500000000000000 0.077945868342312
0.494764107941877 0.078023459149166
0.489528790058322 0.078091432677452
0.484294620460936 0.078147971103161
0.479062173135400 0.078191274146977
0.473832021878528 0.078220495107131
0.468604740235343 0.078236563378190
0.463380901436184 0.078240604438221
0.458161078333842 0.078233744211208
0.452945843340743 0.078217108873592
0.447735768366173 0.078191876770404
0.442531424753567 0.078159308159984
0.437333383217848 0.078120665651841
0.432142213782848 0.078077206106690
0.426958485718794 0.078030121165755
0.421782767479885 0.077978547886986
0.416615626641949 0.077919086766651
0.411457629840209 0.077848214745057
0.406309342707138 0.077762450216403
0.401171329810437 0.077658560404489
0.396044154591120 0.077537218929267
0.390928379301729 0.077402533902068
0.385824564944672 0.077258690000121
0.380733271210710 0.077109818752123
0.375655056417573 0.076959678411153
0.370590477448740 0.076809013324782
0.365540089692367 0.076656953380076
0.360504446980385 0.076502626992355
0.355484101527764 0.076345179769430
0.350479603871957 0.076183302477146
0.345491502812526 0.076013757036483
0.340520345350965 0.075832862991503
0.335566676630708 0.075637018173143
0.330631039877354 0.075422745997991
0.325713976339092 0.075189522946883
0.320816025227350 0.074941333304834
0.315937723657661 0.074682479378060
0.311079606590766 0.074417174155744
0.306242206773949 0.074149173913626
0.301426054682610 0.073879208340402
0.296631678462100 0.073606556173556
0.291859603869799 0.073330509661388
0.287110354217464 0.073050370195787
0.282384450313836 0.072764401340164
0.277682410407536 0.072469195132827
0.273004750130227 0.072161288976477
0.268351982440069 0.071837329277218
0.263724617565473 0.071495560323347
0.259123162949143 0.071140746131063
0.254548123192430 0.070779275937241
0.250000000000000 0.070417334260152
0.245479292124815 0.070060113878319
0.240986495313435 0.069705740242705
0.236522102251661 0.069348875054258
0.232086602510502 0.068984346966915
0.227680482492487 0.068607484327572
0.223304225378328 0.068217506327295
0.218958311073935 0.067816186589362
0.214643216157784 0.067405291898350
0.210359413828661 0.066986545433675
0.206107373853763 0.066561700939984
0.201887562517192 0.066132506522413
0.197700442568813 0.065700646810604
0.193546473173512 0.065267364187202
0.189426109860845 0.064831226937293
0.185339804475081 0.064389769720636
0.181288005125655 0.063940652919028
0.177271156138025 0.063482229519630
0.173289698004947 0.063014662786591
0.169344067338174 0.062538449976859
0.165434696820571 0.062054079558590
0.161562015158670 0.061561922680684
0.157726447035656 0.061062241815425
0.153928413064797 0.060555297965332
0.150168329743317 0.060041526504716
0.146446609406726 0.059521979092119
0.142763660183598 0.058997834860095
0.139119885950819 0.058470172486276
0.135515686289294 0.057939360934101
0.131951456440133 0.057405312589251
0.128427587261303 0.056867944177404
0.124944465184770 0.056326854375995
0.121502472174122 0.055781227482977
0.118101985682679 0.055230293329635
0.114743378612105 0.054673415970177
0.111427019271515 0.054110158120170
0.108153271337080 0.053540163695417
0.104922493812155 0.052963540231006
0.101735040987902 0.052381340618486
0.098591262404443 0.051794709264782
0.095491502812526 0.051204776829100
0.092436102135723 0.050612668314634
0.089425395433148 0.050019440030655
0.086459712862719 0.049424863375316
0.083539379644950 0.048827143154543
0.080664716027288 0.048224567438640
0.077836037248993 0.047615624033859
0.075053653506568 0.046998972016015
0.072317869919747 0.046373425776689
0.069628986498028 0.045737837572185
0.066987298107781 0.045091190782963
0.064393094439905 0.044432979409212
0.061846659978068 0.043763328550093
0.059348273967504 0.043082739284433
0.056898210384393 0.042393548455350
0.054496737905816 0.041698732745969
0.052144119880294 0.041000948976346
0.049840614298903 0.040302491844966
0.047586473766990 0.039605498968033
0.045381945476466 0.038911943626308
0.043227271178700 0.038223244530187
0.041122687158010 0.037535754196107
0.039068424205750 0.036842983103049
0.037064707595003 0.036139395734859
0.035111757055874 0.035420424077619
0.033209786751399 0.034683363022292
0.031359005254054 0.033929221798941
0.029559615522887 0.033159690846571
0.027811814881260 0.032376595987599
0.026115794995207 0.031581631132360
0.024471741852423 0.030775055765157
0.022879835741862 0.029956677104354
0.021340251233966 0.029125962249737
0.019853157161529 0.028282436369087
0.018418716601171 0.027426347555479
0.017037086855466 0.026558181089934
0.015708419435685 0.025677159332954
0.014432860045182 0.024782018773047
0.013210548563420 0.023871298298084
0.012041619030626 0.022943621971460
0.010926199633097 0.021997966962111
0.009864412689139 0.021033553947219
0.008856374635656 0.020049946644268
0.007902196015379 0.019046434654102
0.007001981464748 0.018021616102387
0.006155829702431 0.016972668660614
0.005363833518506 0.015895178280407
0.004626079764278 0.014782657400392
0.003942649342761 0.013625198063563
0.003313617199802 0.012415846577613
0.002739052315863 0.011164412019138
0.002219017698460 0.009889428063782
0.001753570375248 0.008617083154827
0.001342761387771 0.007381611775071
0.000986635785864 0.006196887579975
0.000685232622713 0.005057830020871
0.000438584950571 0.003959296429869
0.000246719817134 0.002897413717075
0.000109658262577 0.001869649300499
0.000027415317244 0.000875012244401
0.000000000000000 0.000000000000000
0.000027415317244 -0.001043508623229
0.000109658262577 -0.001978089036926
0.000246719817134 -0.002936458097709
0.000438584950571 -0.003922938434475
0.000685232622713 -0.004941342027437
0.000986635785864 -0.005996264676956
0.001342761387771 -0.007093928655538
0.001753570375248 -0.008242205282174
0.002219017698460 -0.009452596750945
0.002739052315863 -0.010726438953755
0.003313617199802 -0.012026008478061
0.003942649342761 -0.013309319985118
0.004626079764278 -0.014543889093784
0.005363833518506 -0.015709067195381
0.006155829702431 -0.016803527482998
0.007001981464748 -0.017844729677115
0.007902196015379 -0.018845278927313
0.008856374635656 -0.019814042134038
0.009864412689139 -0.020758123320376
0.010926199633097 -0.021681315455914
0.012041619030626 -0.022584286873272
0.013210548563420 -0.023466698286327
0.014432860045182 -0.024327812945215
0.015708419435684 -0.025167390127478
0.017037086855466 -0.025985531908293
0.018418716601171 -0.026782613965957
0.019853157161528 -0.027559098884408
0.021340251233966 -0.028315063413559
0.022879835741862 -0.029050563622360
0.024471741852423 -0.029765693184736
0.026115794995207 -0.030460753661881
0.027811814881259 -0.031136497597289
0.029559615522887 -0.031794001606232
0.031359005254054 -0.032434399075102
0.033209786751399 -0.033059040950011
0.035111757055874 -0.033670005413759
0.037064707595003 -0.034270057400913
0.039068424205750 -0.034861202647685
0.041122687158009 -0.035444337489057
0.043227271178699 -0.036019914984023
0.045381945476466 -0.036587161222609
0.047586473766990 -0.037145203004728
0.049840614298903 -0.037693434037642
0.052144119880293 -0.038231428087923
0.054496737905816 -0.038758716029410
0.056898210384393 -0.039274802018958
0.059348273967504 -0.039779272375127
0.061846659978068 -0.040271809713707
0.064393094439905 -0.040752195136010
0.066987298107781 -0.041220347034140
0.069628986498028 -0.041676330462068
0.072317869919747 -0.042120341842556
0.075053653506568 -0.042552806410340
0.077836037248992 -0.042974297592748
0.080664716027288 -0.043385477859768
0.083539379644950 -0.043787110060422
0.086459712862719 -0.044180115846958
0.089425395433148 -0.044565691145944
0.092436102135723 -0.044945262164366
0.095491502812526 -0.045320061282633
0.098591262404443 -0.045690198825374
0.101735040987902 -0.046055541095407
0.104922493812155 -0.046415881695571
0.108153271337080 -0.046770793036133
0.111427019271514 -0.047119818322717
0.114743378612105 -0.047462504535011
0.118101985682679 -0.047798413596733
0.121502472174122 -0.048127105944907
0.124944465184770 -0.048448107692294
0.128427587261303 -0.048760834225262
0.131951456440133 -0.049064681149291
0.135515686289294 -0.049359117991330
0.139119885950819 -0.049643921992201
0.142763660183598 -0.049918955703561
0.146446609406726 -0.050184235023539
0.150168329743317 -0.050440870417770
0.153928413064796 -0.050690591655019
0.157726447035656 -0.050935224158525
0.161562015158669 -0.051175384862025
0.165434696820571 -0.051409994925407
0.169344067338174 -0.051637812626408
0.173289698004947 -0.051857356059600
0.177271156138025 -0.052066105386348
0.181288005125655 -0.052261109296101
0.185339804475081 -0.052439323031666
0.189426109860845 -0.052600196454973
0.193546473173511 -0.052747542295584
0.197700442568812 -0.052885791272497
0.201887562517192 -0.053019441071286
0.206107373853763 -0.053150527343874
0.210359413828660 -0.053279006216372
0.214643216157784 -0.053404772916585
0.218958311073935 -0.053527526757641
0.223304225378328 -0.053645099607330
0.227680482492486 -0.053754227671440
0.232086602510501 -0.053851509915075
0.236522102251661 -0.053933796927035
0.240986495313435 -0.054001052380027
0.245479292124814 -0.054054889088781
0.250000000000000 -0.054097008739143
0.254548123192429 -0.054129079308709
0.259123162949142 -0.054151523510719
0.263724617565473 -0.054163916552327
0.268351982440069 -0.054165813008756
0.273004750130227 -0.054156764784624
0.277682410407536 -0.054136410347025
0.282384450313836 -0.054104494239128
0.287110354217464 -0.054060768857774
0.291859603869799 -0.054004987641110
0.296631678462100 -0.053936987146186
0.301426054682609 -0.053856847413086
0.306242206773948 -0.053764704724847
0.311079606590766 -0.053660706972121
0.315937723657661 -0.053544927021668
0.320816025227350 -0.053416378078867
0.325713976339092 -0.053273333673017
0.330631039877354 -0.053114020222004
0.335566676630708 -0.052936630290538
0.340520345350965 -0.052740298664390
0.345491502812526 -0.052527069337349
0.350479603871956 -0.052299584028701
0.355484101527764 -0.052060549392019
0.360504446980385 -0.051812675445627
0.365540089692367 -0.051557016473698
0.370590477448739 -0.051292698735611
0.375655056417572 -0.051018730299044
0.380733271210709 -0.050734110343252
0.385824564944672 -0.050437520531573
0.390928379301728 -0.050124748801550
0.396044154591120 -0.049789910428344
0.401171329810437 -0.049427007754797
0.406309342707137 -0.049029956109117
0.411457629840208 -0.048594614656986
0.416615626641949 -0.048127113829806
0.421782767479884 -0.047636947869268
0.426958485718794 -0.047133756537816
0.432142213782848 -0.046627299901797
0.437333383217848 -0.046123810161444
0.442531424753567 -0.045618064231796
0.447735768366173 -0.045102519010066
0.452945843340743 -0.044569559059009
0.458161078333842 -0.044011516894736
0.463380901436184 -0.043421959011257
0.468604740235343 -0.042797379335195
0.473832021878528 -0.042134645146389
0.479062173135400 -0.041430592151834
0.484294620460935 -0.040682056370297
0.489528790058321 -0.039888815477627
0.494764107941877 -0.039055724497924
0.500000000000000 -0.038188213627157
0.505235892058122 -0.037291781194289
0.510471209941678 -0.036371897642009
0.515705379539064 -0.035431428351092
0.520937826864600 -0.034470003538304
0.526167978121472 -0.033487069412504
0.531395259764656 -0.032482066238891
0.536619098563816 -0.031454408622942
0.541838921666157 -0.030402878570970
0.547054156659257 -0.029325717858613
0.552264231633827 -0.028221164952174
0.557468575246433 -0.027087453163447
0.562666616782152 -0.025923384230241
0.567857786217152 -0.024732284285698
0.573041514281206 -0.023519642809045
0.578217232520115 -0.022290968735556
0.583384373358051 -0.021051776257133
0.588542370159791 -0.019806390719713
0.593690657292862 -0.018555177856243
0.598828670189563 -0.017297676050217
0.603955845408879 -0.016033432606316
0.609071620698271 -0.014762005687012
0.614175435055328 -0.013483497365532
0.619266728789290 -0.012198660761731
0.624344943582427 -0.010908286087097
0.629409522551260 -0.009613170083352
0.634459910307633 -0.008314107532928
0.639495553019614 -0.007011917110647
0.644515898472235 -0.005707425249208
0.649520396128043 -0.004401444268909
0.654508497187474 -0.003094821139322
0.659479654649035 -0.001790022099220
0.664433323369291 -0.000491705217598
0.669368960122646 0.000795387995550
0.674286023660907 0.002066639173238
0.679183974772650 0.003318832050794
0.684062276342339 0.004553845751340
0.688920393409233 0.005774697764452
0.693757793226051 0.006984333874237
0.698573945317390 0.008185097569041
0.703368321537900 0.009374692559323
0.708140396130200 0.010548511500252
0.712889645782536 0.011702075834536
0.717615549686163 0.012831019589407
0.722317589592464 0.013930273962120
0.726995249869773 0.014994311359928
0.731648017559930 0.016017853354486
0.736275382434527 0.016996188647681
0.740876837050857 0.017930557917228
0.745451876807570 0.018827151700296
0.750000000000000 0.019692070733590
0.754520707875185 0.020530903146762
0.759013504686565 0.021345314388045
0.763477897748338 0.022134132960514
0.767913397489498 0.022896187876932
0.772319517507513 0.023628835933876
0.776695774621672 0.024317238018966
0.781041688926065 0.024941537555389
0.785356783842216 0.025483036246801
0.789640586171339 0.025932882426800
0.793892626146236 0.026310915703535
0.798112437482808 0.026641586138953
0.802299557431187 0.026947591422077
0.806453526826488 0.027237794774306
0.810573890139155 0.027506493252227
0.814660195524918 0.027747556122930
0.818711994874345 0.027955645513446
0.822728843861975 0.028127642020040
0.826710301995052 0.028261147342747
0.830655932661826 0.028354004484256
0.834565303179429 0.028405120665211
0.838437984841330 0.028414192762123
0.842273552964344 0.028381007125231
0.846071586935203 0.028305464237130
0.849831670256683 0.028187588362789
0.853553390593274 0.028027467906319
0.857236339816401 0.027825891782194
0.860880114049181 0.027584985815556
0.864484313710706 0.027306968325209
0.868048543559867 0.026992300969914
0.871572412738697 0.026637959490405
0.875055534815230 0.026240828813992
0.878497527825878 0.025805541954348
0.881898014317321 0.025348052086511
0.885256621387894 0.024883281060038
0.888572980728485 0.024405757883946
0.891846728662920 0.023893910943429
0.895077506187845 0.023330119480192
0.898264959012098 0.022715266494717
0.901408737595557 0.022056280860639
0.904508497187474 0.021360824815267
0.907563897864277 0.020637811511262
0.910574604566852 0.019895297366255
0.913540287137281 0.019137900870636
0.916460620355049 0.018369009248864
0.919335283972712 0.017592432329296
0.922163962751007 0.016812296440050
0.924946346493432 0.016032360281341
0.927682130080253 0.015255944257854
0.930371013501972 0.014486100124391
0.933012701892219 0.013725704392774
0.935606905560095 0.012977376089573
0.938153340021932 0.012243458609763
0.940651726032496 0.011526068372465
0.943101789615607 0.010827071709043
0.945503262094184 0.010148107863262
0.947855880119706 0.009490578562070
0.950159385701097 0.008855681669981
0.952413526233010 0.008244398605635
0.954618054523534 0.007657519883626
0.956772728821300 0.007095639815225
0.958877312841991 0.006559183223131
0.960931575794250 0.006048409441237
0.962935292404997 0.005563418753590
0.964888242944126 0.005104171390140
0.966790213248601 0.004670495288451
0.968640994745946 0.004262094919799
0.970440384477113 0.003878571826827
0.972188185118740 0.003519423458196
0.973884205004793 0.003184063936909
0.975528258147577 0.002871825932980
0.977120164258138 0.002581971631294
0.978659748766034 0.002313709825156
0.980146842838471 0.002066198948443
0.981581283398829 0.001838560138796
0.982962913144534 0.001629872643748
0.984291580564316 0.001439205481162
0.985567139954818 0.001265597472721
0.986789451436580 0.001108088538461
0.987958380969374 0.000965709591239
0.989073800366903 0.000837498826513
0.990135587310861 0.000722500819068
0.991143625364344 0.000619778615447
0.992097803984621 0.000528413367002
0.992998018535252 0.000447510227039
0.993844170297569 0.000376206474421
0.994636166481494 0.000313668490129
0.995373920235722 0.000259105274399
0.996057350657239 0.000211763797359
0.996686382800198 0.000170934514722
0.997260947684137 0.000135953934958
0.997780982301540 0.000106210633354
0.998246429624752 0.000081143523650
0.998657238612229 0.000060242127521
0.999013364214136 0.000043057110867
0.999314767377287 0.000029192578633
0.999561415049429 0.000018311017104
0.999753280182866 0.000010137194170
0.999890341737423 0.000004453642610
0.999972584682756 0.000001105616790
1.000000000000000 0.000000000000000
