1.000000000000000 0.000000000000000
0.999972584682756 0.000004060380038
0.999890341737423 0.000016237573063
0.999753280182866 0.000036530352667
0.999561415049429 0.000064924327461
0.999314767377287 0.000101413187759
0.999013364214136 0.000145977554875
0.998657238612229 0.000198598303838
0.998246429624752 0.000259253994354
0.997780982301540 0.000327920966350
0.997260947684137 0.000404568172218
0.996686382800198 0.000489162598713
0.996057350657239 0.000581674673014
0.995373920235722 0.000682065237017
0.994636166481494 0.000790298891405
0.993844170297569 0.000906328406629
0.992998018535252 0.001030113319528
0.992097803984621 0.001161607010520
0.991143625364344 0.001300764793256
0.990135587310861 0.001447538912668
0.989073800366903 0.001601878808939
0.987958380969374 0.001763736589701
0.986789451436580 0.001933056902249
0.985567139954818 0.002109795398138
0.984291580564316 0.002293898259075
0.982962913144534 0.002485318062300
0.981581283398829 0.002684001169709
0.980146842838472 0.002889900964177
0.978659748766034 0.003102972998981
0.977120164258138 0.003323167650238
0.975528258147577 0.003550445865350
0.973884205004793 0.003784766686250
0.972188185118741 0.004026087650021
0.970440384477113 0.004274380457307
0.968640994745946 0.004529610940205
0.966790213248601 0.004791754734751
0.964888242944126 0.005060784956740
0.962935292404997 0.005336687821370
0.960931575794250 0.005619447813042
0.958877312841991 0.005909060745554
0.956772728821300 0.006205524056365
0.954618054523534 0.006508844784175
0.952413526233010 0.006819032312556
0.950159385701097 0.007136111473857
0.947855880119706 0.007460103070118
0.945503262094184 0.007791048981119
0.943101789615607 0.008128988866574
0.940651726032496 0.008473975448636
0.938153340021932 0.008826075831073
0.935606905560095 0.009185360661854
0.933012701892219 0.009551896700844
0.930371013501972 0.009925773685053
0.927682130080253 0.010307168573958
0.924946346493432 0.010696314298367
0.922163962751008 0.011093618618958
0.919335283972712 0.011499563709662
0.916460620355050 0.011914654222921
0.913540287137281 0.012339410713111
0.910574604566852 0.012774433735793
0.907563897864277 0.013220422698696
0.904508497187474 0.013678074782785
0.901408737595557 0.014147929483998
0.898264959012098 0.014630476173813
0.895077506187845 0.015125784737057
0.891846728662920 0.015633527074399
0.888572980728485 0.016153352052018
0.885256621387895 0.016684944235983
0.881898014317321 0.017227975838393
0.878497527825878 0.017782066261599
0.875055534815230 0.018346789959771
0.871572412738697 0.018921668755093
0.868048543559867 0.019506137831787
0.864484313710706 0.020099544065760
0.860880114049181 0.020701190889408
0.857236339816402 0.021310362699337
0.853553390593274 0.021926288827389
0.849831670256683 0.022548148812162
0.846071586935203 0.023174933862590
0.842273552964344 0.023805551743959
0.838437984841330 0.024438930590109
0.834565303179429 0.025074472488658
0.830655932661826 0.025711757663638
0.826710301995053 0.026350399303725
0.822728843861975 0.026990535486298
0.818711994874345 0.027632651817797
0.814660195524919 0.028277272616991
0.810573890139155 0.028925063192140
0.806453526826488 0.029576879214191
0.802299557431188 0.030233624935766
0.798112437482808 0.030895851704064
0.793892626146237 0.031562341901965
0.789640586171339 0.032231329459840
0.785356783842216 0.032900945566954
0.781041688926065 0.033568359270436
0.776695774621672 0.034229538004982
0.772319517507513 0.034880228855656
0.767913397489498 0.035516281476366
0.763477897748339 0.036135670308804
0.759013504686565 0.036737504935845
0.754520707875186 0.037320909027851
0.750000000000000 0.037885339064259
0.745451876807570 0.038432052213810
0.740876837050858 0.038962934308187
0.736275382434527 0.039479942103605
0.731648017559931 0.039984449836432
0.726995249869773 0.040474902998395
0.722317589592464 0.040948881267541
0.717615549686164 0.041403915791271
0.712889645782536 0.041837798771956
0.708140396130201 0.042250129986854
0.703368321537900 0.042641184477832
0.698573945317390 0.043011264582383
0.693757793226052 0.043360904995900
0.688920393409234 0.043693279016932
0.684062276342339 0.044013393493983
0.679183974772650 0.044326414277723
0.674286023660908 0.044637609253611
0.669368960122646 0.044950144098949
0.664433323369292 0.045263588744389
0.659479654649035 0.045577158939232
0.654508497187474 0.045890054707566
0.649520396128043 0.046201414056183
0.644515898472236 0.046510061758857
0.639495553019615 0.046814686640547
0.634459910307633 0.047113957729085
0.629409522551260 0.047406531694895
0.624344943582428 0.047691666398848
0.619266728789291 0.047969654391930
0.614175435055328 0.048240902137868
0.609071620698271 0.048505823422597
0.603955845408880 0.048764829061473
0.598828670189563 0.049018183483505
0.593690657292862 0.049266047202684
0.588542370159792 0.049508585913131
0.583384373358051 0.049745969651668
0.578217232520115 0.049978344698934
0.573041514281206 0.050205715332603
0.567857786217152 0.050428041907942
0.562666616782152 0.050645289050852
0.557468575246433 0.050857421895279
0.552264231633827 0.051064407666266
0.547054156659257 0.051266211208919
0.541838921666158 0.051462800110531
0.536619098563816 0.051654143942759
0.531395259764657 0.051840214759272
0.526167978121472 0.052020975287743
0.520937826864600 0.052196372473690
0.515705379539064 0.052366355031764
0.510471209941678 0.052530872079916
0.505235892058123 0.052689877762699
0.500000000000000 0.052843374897664
0.494764107941877 0.052991425060015
0.489528790058322 0.053134094821839
0.484294620460936 0.053271454016884
0.479062173135400 0.053403572238501
0.473832021878528 0.053530489551749
0.468604740235343 0.053652220202740
0.463380901436184 0.053768780022694
0.458161078333842 0.053880185770318
0.452945843340743 0.053986450239223
0.447735768366173 0.054087506865694
0.442531424753567 0.054183239742192
0.437333383217848 0.054273535583945
0.432142213782848 0.054358284996566
0.426958485718794 0.054437391307563
0.421782767479885 0.054510838225159
0.416615626641949 0.054578642652370
0.411457629840209 0.054640825265862
0.406309342707138 0.054697408370626
0.401171329810437 0.054748426216454
0.396044154591120 0.054793952983303
0.390928379301729 0.054834073554276
0.385824564944672 0.054868874205636
0.380733271210710 0.054898442171463
0.375655056417573 0.054922810661674
0.370590477448740 0.054941909130221
0.365540089692367 0.054955659581239
0.360504446980385 0.054963987914032
0.355484101527764 0.054966824412748
0.350479603871957 0.054964103932414
0.345491502812526 0.054955765905276
0.340520345350965 0.054941754259414
0.335566676630708 0.054922017567591
0.330631039877354 0.054896529621153
0.325713976339092 0.054865355532967
0.320816025227350 0.054828585881127
0.315937723657661 0.054786313262036
0.311079606590766 0.054738630192639
0.306242206773949 0.054685595259665
0.301426054682610 0.054627231960666
0.296631678462100 0.054563565689788
0.291859603869799 0.054494625086945
0.287110354217464 0.054420397853550
0.282384450313836 0.054340739405159
0.277682410407536 0.054255487248919
0.273004750130227 0.054164487723352
0.268351982440069 0.054067603123232
0.263724617565473 0.053964736278747
0.259123162949143 0.053855812991118
0.254548123192430 0.053740767733161
0.250000000000000 0.053619545864285
0.245479292124815 0.053492124172081
0.240986495313435 0.053358502135632
0.236522102251661 0.053218686862596
0.232086602510502 0.053072693621243
0.227680482492487 0.052920540860807
0.223304225378328 0.052762252890445
0.218958311073935 0.052597861578756
0.214643216157784 0.052427406290472
0.210359413828661 0.052250938037337
0.206107373853763 0.052068518606182
0.201887562517192 0.051880216481461
0.197700442568813 0.051686105094070
0.193546473173512 0.051486259294704
0.189426109860845 0.051280760003168
0.185339804475081 0.051069693787240
0.181288005125655 0.050853055064083
0.177271156138025 0.050630645005227
0.173289698004947 0.050402264045781
0.169344067338174 0.050167729661709
0.165434696820571 0.049926839840105
0.161562015158670 0.049679394352376
0.157726447035656 0.049425219705332
0.153928413064797 0.049164284467701
0.150168329743317 0.048896800298876
0.146446609406726 0.048623010084715
0.142763660183598 0.048343183324418
0.139119885950819 0.048057711251459
0.135515686289294 0.047767015815493
0.131951456440133 0.047471528378572
0.128427587261303 0.047171854017744
0.124944465184770 0.046868666840861
0.121502472174122 0.046562379019768
0.118101985682679 0.046250708812924
0.114743378612105 0.045929830719072
0.111427019271515 0.045596141646063
0.108153271337080 0.045245785609260
0.104922493812155 0.044874893866414
0.101735040987902 0.044480059582373
0.098591262404443 0.044059195393871
0.095491502812526 0.043610867423054
0.092436102135723 0.043134584646669
0.089425395433148 0.042632785354422
0.086459712862719 0.042108474243557
0.083539379644950 0.041564421107306
0.080664716027288 0.041003115716443
0.077836037248993 0.040426814016454
0.075053653506568 0.039836666173908
0.072317869919747 0.039233283426976
0.069628986498028 0.038616929003184
0.066987298107781 0.037987174012970
0.064393094439905 0.037343646530394
0.061846659978068 0.036686202550508
0.059348273967504 0.036014882524895
0.056898210384393 0.035330029909403
0.054496737905816 0.034632334463872
0.052144119880294 0.033923037469117
0.049840614298903 0.033204482603934
0.047586473766990 0.032479010293123
0.045381945476466 0.031748593680568
0.043227271178700 0.031015150121061
0.041122687158010 0.030280746949840
0.039068424205750 0.029547336547007
0.037064707595003 0.028815925439255
0.035111757055874 0.028086891356433
0.033209786751399 0.027358388474961
0.031359005254054 0.026627981084368
0.029559615522887 0.025894070158272
0.027811814881260 0.025155585688102
0.026115794995207 0.024411689226657
0.024471741852423 0.023661952392696
0.022879835741862 0.022906619229927
0.021340251233966 0.022145792339933
0.019853157161529 0.021378635646865
0.018418716601171 0.020603618096328
0.017037086855466 0.019818438933676
0.015708419435685 0.019021258297521
0.014432860045182 0.018210695213557
0.013210548563420 0.017385469774012
0.012041619030626 0.016544516135641
0.010926199633097 0.015687006153734
0.009864412689139 0.014812021897958
0.008856374635656 0.013919505676246
0.007902196015379 0.013012152793761
0.007001981464748 0.012094423120164
0.006155829702431 0.011171907925361
0.005363833518506 0.010250915983672
0.004626079764278 0.009338690714034
0.003942649342761 0.008443303134895
0.003313617199802 0.007573171228402
0.002739052315863 0.006737517911833
0.002219017698460 0.005944415183712
0.001753570375248 0.005189890211026
0.001342761387771 0.004467078664244
0.000986635785864 0.003770681245442
0.000685232622713 0.003097254683450
0.000438584950571 0.002444112031483
0.000246719817134 0.001809239407123
0.000109658262577 0.001191053530741
0.000027415317244 0.000588319629699
0.000000000000000 0.000000000000000
0.000027415317244 -0.000574703487758
0.000109658262577 -0.001145904339919
0.000246719817134 -0.001723902370407
0.000438584950571 -0.002307600033973
0.000685232622713 -0.002893945772434
0.000986635785864 -0.003479120839239
0.001342761387771 -0.004058537024008
0.001753570375248 -0.004626980382925
0.002219017698460 -0.005178126596805
0.002739052315863 -0.005703633571917
0.003313617199802 -0.006197950435556
0.003942649342761 -0.006658792562545
0.004626079764278 -0.007086703654472
0.005363833518506 -0.007483254850196
0.006155829702431 -0.007851096575879
0.007001981464748 -0.008194138722879
0.007902196015379 -0.008517821685209
0.008856374635656 -0.008829540810786
0.009864412689139 -0.009138691552950
0.010926199633097 -0.009454388672076
0.012041619030626 -0.009776920821736
0.013210548563420 -0.010104636310952
0.014432860045182 -0.010436321698422
0.015708419435684 -0.010770650351012
0.017037086855466 -0.011106241932892
0.018418716601171 -0.011441810297951
0.019853157161528 -0.011776103797660
0.021340251233966 -0.012107921641741
0.022879835741862 -0.012436315243192
0.024471741852423 -0.012760607601022
0.026115794995207 -0.013080556686114
0.027811814881259 -0.013396084188663
0.029559615522887 -0.013707249751471
0.031359005254054 -0.014014286072434
0.033209786751399 -0.014317622704491
0.035111757055874 -0.014617977914943
0.037064707595003 -0.014916229255750
0.039068424205750 -0.015213174668548
0.041122687158009 -0.015509299206443
0.043227271178699 -0.015804199500642
0.045381945476466 -0.016097420412283
0.047586473766990 -0.016388672755116
0.049840614298903 -0.016677699070322
0.052144119880293 -0.016964242496639
0.054496737905816 -0.017248096123044
0.056898210384393 -0.017529097901356
0.059348273967504 -0.017807163471689
0.061846659978068 -0.018082329303101
0.064393094439905 -0.018354694541800
0.066987298107781 -0.018624399752611
0.069628986498028 -0.018891658110292
0.072317869919747 -0.019156801937779
0.075053653506568 -0.019420239855291
0.077836037248992 -0.019682264883664
0.080664716027288 -0.019943071783021
0.083539379644950 -0.020202750009264
0.086459712862719 -0.020461124510608
0.089425395433148 -0.020718000947175
0.092436102135723 -0.020973254471746
0.095491502812526 -0.021226797861409
0.098591262404443 -0.021478552059352
0.101735040987902 -0.021728441812586
0.104922493812155 -0.021976402870810
0.108153271337080 -0.022222393422665
0.111427019271514 -0.022466382170445
0.114743378612105 -0.022708363557108
0.118101985682679 -0.022948354479283
0.121502472174122 -0.023186390274244
0.124944465184770 -0.023422483213071
0.128427587261303 -0.023656568057422
0.131951456440133 -0.023888584186599
0.135515686289294 -0.024118463589387
0.139119885950819 -0.024346128515564
0.142763660183598 -0.024571509720922
0.146446609406726 -0.024794544878785
0.150168329743317 -0.025015188314552
0.153928413064796 -0.025233401702749
0.157726447035656 -0.025449116949677
0.161562015158669 -0.025662208705010
0.165434696820571 -0.025872543163453
0.169344067338174 -0.026079989488058
0.173289698004947 -0.026284413907956
0.177271156138025 -0.026485681865612
0.181288005125655 -0.026683664754967
0.185339804475081 -0.026878253026891
0.189426109860845 -0.027069352098490
0.193546473173511 -0.027256869975642
0.197700442568812 -0.027440735021072
0.201887562517192 -0.027620901019701
0.206107373853763 -0.027797335484454
0.210359413828660 -0.027970007237750
0.214643216157784 -0.028138891040422
0.218958311073935 -0.028303964073787
0.223304225378328 -0.028465209548377
0.227680482492486 -0.028622620017171
0.232086602510501 -0.028776205362026
0.236522102251661 -0.028925985908004
0.240986495313435 -0.029071989439525
0.245479292124814 -0.029214250715493
0.250000000000000 -0.029352811295413
0.254548123192429 -0.029487719127148
0.259123162949142 -0.029619029906146
0.263724617565473 -0.029746741644530
0.268351982440069 -0.029870688594040
0.273004750130227 -0.029990673559520
0.277682410407536 -0.030106498878766
0.282384450313836 -0.030217962393518
0.287110354217464 -0.030324852032350
0.291859603869799 -0.030426952172232
0.296631678462100 -0.030524045423182
0.301426054682609 -0.030615956120112
0.306242206773948 -0.030702798458173
0.311079606590766 -0.030784815318798
0.315937723657661 -0.030862261142158
0.320816025227350 -0.030935399748146
0.325713976339092 -0.031004491272835
0.330631039877354 -0.031069791663820
0.335566676630708 -0.031131564204310
0.340520345350965 -0.031190081756628
0.345491502812526 -0.031245514606549
0.350479603871956 -0.031297668139081
0.355484101527764 -0.031346268332739
0.360504446980385 -0.031391038072834
0.365540089692367 -0.031431700496556
0.370590477448739 -0.031468046621129
0.375655056417572 -0.031499931930463
0.380733271210709 -0.031527214657920
0.385824564944672 -0.031549753531871
0.390928379301728 -0.031567462029574
0.396044154591120 -0.031580549435540
0.401171329810437 -0.031589329533207
0.406309342707137 -0.031594122536744
0.411457629840208 -0.031595254230179
0.416615626641949 -0.031592949602326
0.421782767479884 -0.031587202487858
0.426958485718794 -0.031577976929067
0.432142213782848 -0.031565238167060
0.437333383217848 -0.031548947887082
0.442531424753567 -0.031528920148610
0.447735768366173 -0.031504798759579
0.452945843340743 -0.031476217325193
0.458161078333842 -0.031442808938741
0.463380901436184 -0.031404222265387
0.468604740235343 -0.031360296343738
0.473832021878528 -0.031311001024027
0.479062173135400 -0.031256310176433
0.484294620460935 -0.031196200299018
0.489528790058321 -0.031130655891284
0.494764107941877 -0.031059701305013
0.500000000000000 -0.030983379487549
0.505235892058122 -0.030901735773505
0.510471209941678 -0.030814817777946
0.515705379539064 -0.030722604127567
0.520937826864600 -0.030624787089409
0.526167978121472 -0.030520987268657
0.531395259764656 -0.030410828206744
0.536619098563816 -0.030293938435116
0.541838921666157 -0.030170111641695
0.547054156659257 -0.030039536485708
0.552264231633827 -0.029902461177751
0.557468575246433 -0.029759135510060
0.562666616782152 -0.029609820398887
0.567857786217152 -0.029455217957142
0.573041514281206 -0.029296630354266
0.578217232520115 -0.029135397951039
0.583384373358051 -0.028972848483045
0.588542370159791 -0.028810231121378
0.593690657292862 -0.028647876863293
0.598828670189563 -0.028485470643129
0.603955845408879 -0.028322686627593
0.609071620698271 -0.028159204135564
0.614175435055328 -0.027994644075571
0.619266728789290 -0.027828328930516
0.624344943582427 -0.027659504034609
0.629409522551260 -0.027487426239930
0.634459910307633 -0.027311372483271
0.639495553019614 -0.027130921460498
0.644515898472235 -0.026946105535643
0.649520396128043 -0.026756998794692
0.654508497187474 -0.026563675779278
0.659479654649035 -0.026366223578189
0.664433323369291 -0.026164795508422
0.669368960122646 -0.025959574037352
0.674286023660907 -0.025750740252914
0.679183974772650 -0.025538483421741
0.684062276342339 -0.025323318054227
0.688920393409233 -0.025106183724624
0.693757793226051 -0.024888026590502
0.698573945317390 -0.024669771737506
0.703368321537900 -0.024452168055389
0.708140396130200 -0.024235458571666
0.712889645782536 -0.024019792409976
0.717615549686163 -0.023805311287785
0.722317589592464 -0.023592106660167
0.726995249869773 -0.023380004118954
0.731648017559930 -0.023168745415536
0.736275382434527 -0.022958079408897
0.740876837050857 -0.022747733605353
0.745451876807570 -0.022537229519847
0.750000000000000 -0.022326011272530
0.754520707875185 -0.022113547127606
0.759013504686565 -0.021899385165284
0.763477897748338 -0.021683415085460
0.767913397489498 -0.021465652822136
0.772319517507513 -0.021246117385287
0.776695774621672 -0.021024964136202
0.781041688926065 -0.020802786830023
0.785356783842216 -0.020580248174531
0.789640586171339 -0.020357982670310
0.793892626146236 -0.020136421275585
0.798112437482808 -0.019915731150212
0.802299557431187 -0.019696056766130
0.806453526826488 -0.019477495943246
0.810573890139155 -0.019259845332935
0.814660195524918 -0.019042788294994
0.818711994874345 -0.018826027686945
0.822728843861975 -0.018609303691678
0.826710301995052 -0.018392396456785
0.830655932661826 -0.018175102265063
0.834565303179429 -0.017957280348561
0.838437984841330 -0.017738947838595
0.842273552964344 -0.017520150811064
0.846071586935203 -0.017300952742339
0.849831670256683 -0.017081487718969
0.853553390593274 -0.016861912603928
0.857236339816401 -0.016642386994060
0.860880114049181 -0.016423107543078
0.864484313710706 -0.016204283924716
0.868048543559867 -0.015986074209477
0.871572412738697 -0.015768377244911
0.875055534815230 -0.015551014033660
0.878497527825878 -0.015333583727545
0.881898014317321 -0.015114862615697
0.885256621387894 -0.014893528191947
0.888572980728485 -0.014668432518339
0.891846728662920 -0.014438640277283
0.895077506187845 -0.014203315530332
0.898264959012098 -0.013961673539655
0.901408737595557 -0.013712986949757
0.904508497187474 -0.013456674836599
0.907563897864277 -0.013192383283310
0.910574604566852 -0.012919855578552
0.913540287137281 -0.012638908968333
0.916460620355049 -0.012349425089702
0.919335283972712 -0.012051357381580
0.922163962751007 -0.011744731420296
0.924946346493432 -0.011429606167658
0.927682130080253 -0.011105984526654
0.930371013501972 -0.010774001789195
0.933012701892219 -0.010434637009264
0.935606905560095 -0.010089199173791
0.938153340021932 -0.009739112226748
0.940651726032496 -0.009385836474241
0.943101789615607 -0.009030688502557
0.945503262094184 -0.008674868217514
0.947855880119706 -0.008319503630904
0.950159385701097 -0.007965649476339
0.952413526233010 -0.007614277644094
0.954618054523534 -0.007266280009930
0.956772728821300 -0.006922479887355
0.958877312841991 -0.006583625914068
0.960931575794250 -0.006250394204597
0.962935292404997 -0.005923404477579
0.964888242944126 -0.005603206633123
0.966790213248601 -0.005290294110004
0.968640994745946 -0.004985099213502
0.970440384477113 -0.004688006107714
0.972188185118740 -0.004399347275152
0.973884205004793 -0.004119402487364
0.975528258147577 -0.003848412326888
0.977120164258138 -0.003586573457251
0.978659748766034 -0.003334044497473
0.980146842838471 -0.003090950114445
0.981581283398829 -0.002857374799912
0.982962913144534 -0.002633384480347
0.984291580564316 -0.002419007415362
0.985567139954818 -0.002214257118651
0.986789451436580 -0.002019110751891
0.987958380969374 -0.001833540961990
0.989073800366903 -0.001657499828889
0.990135587310861 -0.001490917114923
0.991143625364344 -0.001333719442022
0.992097803984621 -0.001185820568660
0.992998018535252 -0.001047124585053
0.993844170297569 -0.000917530314524
0.994636166481494 -0.000796939268006
0.995373920235722 -0.000685240479235
0.996057350657239 -0.000582331902501
0.996686382800198 -0.000488104397707
0.997260947684137 -0.000402459455122
0.997780982301540 -0.000325299522149
0.998246429624752 -0.000256528086865
0.998657238612229 -0.000196064777846
0.999013364214136 -0.000143829037219
0.999314767377287 -0.000099750886538
0.999561415049429 -0.000063773001911
0.999753280182866 -0.000035842560845
0.999890341737423 -0.000015920410082
0.999972584682756 -0.000003978583106
1.000000000000000 0.000000000000000
