1.000000000000000 0.000000000000000
0.999972584682756 0.000003264228885
0.999890341737423 0.000013059105268
0.999753280182866 0.000029382640119
0.999561415049429 0.000052230798875
0.999314767377287 0.000081606048476
0.999013364214136 0.000117502369990
0.998657238612229 0.000159918076405
0.998246429624752 0.000208847234828
0.997780982301540 0.000264286059657
0.997260947684137 0.000326228605625
0.996686382800198 0.000394668875164
0.996057350657239 0.000469598643261
0.995373920235722 0.000551011697536
0.994636166481494 0.000638897376685
0.993844170297569 0.000733246943429
0.992998018535252 0.000834049255723
0.992097803984621 0.000941292853815
0.991143625364344 0.001054963764530
0.990135587310861 0.001175049722076
0.989073800366903 0.001301533686303
0.987958380969374 0.001434400197222
0.986789451436580 0.001573631030391
0.985567139954818 0.001719207255491
0.984291580564316 0.001871109180712
0.982962913144534 0.002029309879998
0.981581283398829 0.002193792033815
0.980146842838472 0.002364524777656
0.978659748766034 0.002541487078715
0.977120164258138 0.002724680288853
0.975528258147577 0.002914123915165
0.973884205004793 0.003109835155693
0.972188185118741 0.003311802971516
0.970440384477113 0.003520000937324
0.968640994745946 0.003734390384828
0.966790213248601 0.003954934225869
0.964888242944126 0.004181586214342
0.962935292404997 0.004414302919281
0.960931575794250 0.004653030679562
0.958877312841991 0.004897714102895
0.956772728821300 0.005148335686042
0.954618054523534 0.005404905060065
0.952413526233010 0.005667454703729
0.950159385701097 0.005936016519540
0.947855880119706 0.006210575066353
0.945503262094184 0.006491081629773
0.943101789615607 0.006777392063568
0.940651726032496 0.007069354435971
0.938153340021932 0.007366873329816
0.935606905560095 0.007669889436101
0.933012701892219 0.007978455386724
0.930371013501972 0.008292657969542
0.927682130080253 0.008612621311982
0.924946346493432 0.008938451580376
0.922163962751008 0.009270033344881
0.919335283972712 0.009607192582737
0.916460620355050 0.009949787614144
0.913540287137281 0.010297711988746
0.910574604566852 0.010650908600872
0.907563897864277 0.011009391034390
0.904508497187474 0.011373173653304
0.901408737595557 0.011742253113475
0.898264959012098 0.012116618303962
0.895077506187845 0.012496237133445
0.891846728662920 0.012881049466227
0.888572980728485 0.013270992672550
0.885256621387895 0.013665994362731
0.881898014317321 0.014065979236797
0.878497527825878 0.014470886949755
0.875055534815230 0.014880678355279
0.871572412738697 0.015295314217182
0.868048543559867 0.015714782291932
0.864484313710706 0.016139087070652
0.860880114049181 0.016568220641704
0.857236339816402 0.017002134575519
0.853553390593274 0.017440760732768
0.849831670256683 0.017884032058511
0.846071586935203 0.018331879342861
0.842273552964344 0.018784232453501
0.838437984841330 0.019241023976996
0.834565303179429 0.019702219302408
0.830655932661826 0.020167792719879
0.826710301995053 0.020637722158560
0.822728843861975 0.021111961435271
0.818711994874345 0.021590454594084
0.814660195524919 0.022073146392650
0.810573890139155 0.022559944578916
0.806453526826488 0.023050714563224
0.802299557431188 0.023545313348127
0.798112437482808 0.024043586948378
0.793892626146237 0.024545363487564
0.789640586171339 0.025050457493730
0.785356783842216 0.025558677258757
0.781041688926065 0.026069798481097
0.776695774621672 0.026583567629595
0.772319517507513 0.027099716061814
0.767913397489498 0.027617977945344
0.763477897748339 0.028138143128001
0.759013504686565 0.028660020365954
0.754520707875186 0.029183419426607
0.750000000000000 0.029708128042145
0.745451876807570 0.030233884595442
0.740876837050858 0.030760400251260
0.736275382434527 0.031287388732912
0.731648017559931 0.031814553281907
0.726995249869773 0.032341620731025
0.722317589592464 0.032868307186585
0.717615549686164 0.033394332662519
0.712889645782536 0.033919394476487
0.708140396130201 0.034443135527064
0.703368321537900 0.034965175645769
0.698573945317390 0.035485134863784
0.693757793226052 0.036002625178699
0.688920393409234 0.036517280041516
0.684062276342339 0.037028741590122
0.679183974772650 0.037536644489580
0.674286023660908 0.038040618025946
0.669368960122646 0.038540195646658
0.664433323369292 0.039034813409630
0.659479654649035 0.039523896644670
0.654508497187474 0.040006862747059
0.649520396128043 0.040483186278900
0.644515898472236 0.040952526280753
0.639495553019615 0.041414579635111
0.634459910307633 0.041869047125231
0.629409522551260 0.042315571389902
0.624344943582428 0.042752808855340
0.619266728789291 0.043178531582974
0.614175435055328 0.043590462960514
0.609071620698271 0.043986299889079
0.603955845408880 0.044364116755006
0.598828670189563 0.044723881585383
0.593690657292862 0.045066150517654
0.588542370159792 0.045391496151769
0.583384373358051 0.045700500407724
0.578217232520115 0.045993914766598
0.573041514281206 0.046272801000426
0.567857786217152 0.046538276490717
0.562666616782152 0.046791473889403
0.557468575246433 0.047033519014743
0.552264231633827 0.047265045667454
0.547054156659257 0.047486155011420
0.541838921666158 0.047696928417512
0.536619098563816 0.047897451931783
0.531395259764657 0.048087820756074
0.526167978121472 0.048268189265510
0.520937826864600 0.048438749603102
0.515705379539064 0.048599699603109
0.510471209941678 0.048751242775639
0.505235892058123 0.048893575089473
0.500000000000000 0.049026824021202
0.494764107941877 0.049151090761819
0.489528790058322 0.049266479189535
0.484294620460936 0.049373097689635
0.479062173135400 0.049471051103394
0.473832021878528 0.049560416101743
0.468604740235343 0.049641264371913
0.463380901436184 0.049713671061730
0.458161078333842 0.049777714831910
0.452945843340743 0.049833477986219
0.447735768366173 0.049881048434885
0.442531424753567 0.049920517113306
0.437333383217848 0.049951978196268
0.432142213782848 0.049975528222675
0.426958485718794 0.049991231128598
0.421782767479885 0.049999094296341
0.416615626641949 0.049999122835942
0.411457629840209 0.049991325447456
0.406309342707138 0.049975716436841
0.401171329810437 0.049952353456602
0.396044154591120 0.049921334912000
0.390928379301729 0.049882763466464
0.385824564944672 0.049836744181373
0.380733271210710 0.049783374464867
0.375655056417573 0.049722682195847
0.370590477448740 0.049654666073800
0.365540089692367 0.049579328951881
0.360504446980385 0.049496677403812
0.355484101527764 0.049406741095550
0.350479603871957 0.049309599286875
0.345491502812526 0.049205343088001
0.340520345350965 0.049094065030892
0.335566676630708 0.048975856932888
0.330631039877354 0.048850756163184
0.325713976339092 0.048718758366331
0.320816025227350 0.048579862851237
0.315937723657661 0.048434075091851
0.311079606590766 0.048281413678611
0.306242206773949 0.048121924726314
0.301426054682610 0.047955663173211
0.296631678462100 0.047782688204259
0.291859603869799 0.047603063215334
0.287110354217464 0.047416847851504
0.282384450313836 0.047224104722910
0.277682410407536 0.047024901763373
0.273004750130227 0.046819308082568
0.268351982440069 0.046607375395451
0.263724617565473 0.046389138016610
0.259123162949143 0.046164635569037
0.254548123192430 0.045933915035757
0.250000000000000 0.045697010929920
0.245479292124815 0.045453946258420
0.240986495313435 0.045204750385174
0.236522102251661 0.044949460387116
0.232086602510502 0.044688120499599
0.227680482492487 0.044420785921802
0.223304225378328 0.044147518692691
0.218958311073935 0.043868385614268
0.214643216157784 0.043583426825459
0.210359413828661 0.043292659486330
0.206107373853763 0.042996109310870
0.201887562517192 0.042693817104016
0.197700442568813 0.042385840151291
0.193546473173512 0.042072252775046
0.189426109860845 0.041753138049754
0.185339804475081 0.041428576988244
0.181288005125655 0.041098640209031
0.177271156138025 0.040763404968160
0.173289698004947 0.040422951527940
0.169344067338174 0.040077274110033
0.165434696820571 0.039726336410489
0.161562015158670 0.039370119049435
0.157726447035656 0.039008683634217
0.153928413064797 0.038642192304275
0.150168329743317 0.038270829358299
0.146446609406726 0.037894715697122
0.142763660183598 0.037513788110892
0.139119885950819 0.037127975447628
0.135515686289294 0.036737245606583
0.131951456440133 0.036341659721023
0.128427587261303 0.035941313865320
0.124944465184770 0.035536317280958
0.121502472174122 0.035126769100802
0.118101985682679 0.034712778297164
0.114743378612105 0.034294436034454
0.111427019271515 0.033871730611524
0.108153271337080 0.033444658960249
0.104922493812155 0.033013239525964
0.101735040987902 0.032577522610555
0.098591262404443 0.032137583640929
0.095491502812526 0.031693570061842
0.092436102135723 0.031245684556771
0.089425395433148 0.030794082335728
0.086459712862719 0.030338631398266
0.083539379644950 0.029879136366684
0.080664716027288 0.029415613728668
0.077836037248993 0.028948298026855
0.075053653506568 0.028477426192554
0.072317869919747 0.028003072147518
0.069628986498028 0.027525299747068
0.066987298107781 0.027044072307104
0.064393094439905 0.026559311647949
0.061846659978068 0.026071069210764
0.059348273967504 0.025579581088029
0.056898210384393 0.025085015528324
0.054496737905816 0.024587221652661
0.052144119880294 0.024086077893422
0.049840614298903 0.023581630984954
0.047586473766990 0.023074035983105
0.045381945476466 0.022563591335798
0.043227271178700 0.022050729115474
0.041122687158010 0.021536180382118
0.039068424205750 0.021020530687590
0.037064707595003 0.020502417772909
0.035111757055874 0.019980148439800
0.033209786751399 0.019453405062231
0.031359005254054 0.018922746074216
0.029559615522887 0.018390196928968
0.027811814881260 0.017857023153227
0.026115794995207 0.017322311029371
0.024471741852423 0.016785307876086
0.022879835741862 0.016245762852525
0.021340251233966 0.015703975011813
0.019853157161529 0.015160472746022
0.018418716601171 0.014615323409581
0.017037086855466 0.014068413753800
0.015708419435685 0.013519473780711
0.014432860045182 0.012968634570889
0.013210548563420 0.012416306177308
0.012041619030626 0.011862657760494
0.010926199633097 0.011307620173465
0.009864412689139 0.010750884461792
0.008856374635656 0.010192514906077
0.007902196015379 0.009633005149592
0.007001981464748 0.009073034401412
0.006155829702431 0.008511813376021
0.005363833518506 0.007948773840761
0.004626079764278 0.007385078262517
0.003942649342761 0.006820855218255
0.003313617199802 0.006255537116395
0.002739052315863 0.005688646932985
0.002219017698460 0.005121504445969
0.001753570375248 0.004555311764231
0.001342761387771 0.003988910339483
0.000986635785864 0.003417607841437
0.000685232622713 0.002840508671546
0.000438584950571 0.002261155835751
0.000246719817134 0.001684251015578
0.000109658262577 0.001113158217095
0.000027415317244 0.000550989771635
0.000000000000000 0.000000000000000
0.000027415317244 -0.000550911800144
0.000109658262577 -0.001113091657514
0.000246719817134 -0.001684196887897
0.000438584950571 -0.002261154430473
0.000685232622713 -0.002840503836758
0.000986635785864 -0.003417610976091
0.001342761387771 -0.003988936395942
0.001753570375248 -0.004555294695722
0.002219017698460 -0.005121510158100
0.002739052315863 -0.005688649204934
0.003313617199802 -0.006255534522627
0.003942649342761 -0.006820849749297
0.004626079764278 -0.007385081271284
0.005363833518506 -0.007948776286359
0.006155829702431 -0.008511808124870
0.007001981464748 -0.009073038108910
0.007902196015379 -0.009633004580071
0.008856374635656 -0.010192513121128
0.009864412689139 -0.010750879804771
0.010926199633097 -0.011307619408362
0.012041619030626 -0.011862662000118
0.013210548563420 -0.012416313988972
0.014432860045182 -0.012968638826502
0.015708419435684 -0.013519478126622
0.017037086855466 -0.014068411861811
0.018418716601171 -0.014615327889817
0.019853157161528 -0.015160471767620
0.021340251233966 -0.015703975759152
0.022879835741862 -0.016245763397082
0.024471741852423 -0.016785307214330
0.026115794995207 -0.017322314901962
0.027811814881259 -0.017857026334216
0.029559615522887 -0.018390197142331
0.031359005254054 -0.018922747898997
0.033209786751399 -0.019453404482840
0.035111757055874 -0.019980149454070
0.037064707595003 -0.020502418038561
0.039068424205750 -0.021020531073084
0.041122687158009 -0.021536182917961
0.043227271178699 -0.022050730650660
0.045381945476466 -0.022563594761209
0.047586473766990 -0.023074035994371
0.049840614298903 -0.023581631225383
0.052144119880293 -0.024086081004201
0.054496737905816 -0.024587224411180
0.056898210384393 -0.025085018206800
0.059348273967504 -0.025579583622967
0.061846659978068 -0.026071070401546
0.064393094439905 -0.026559313200573
0.066987298107781 -0.027044075168446
0.069628986498028 -0.027525301707864
0.072317869919747 -0.028003072198133
0.075053653506568 -0.028477425461546
0.077836037248992 -0.028948299912589
0.080664716027288 -0.029415614233060
0.083539379644950 -0.029879138367708
0.086459712862719 -0.030338632268489
0.089425395433148 -0.030794086271104
0.092436102135723 -0.031245684723872
0.095491502812526 -0.031693572225483
0.098591262404443 -0.032137586086015
0.101735040987902 -0.032577522129327
0.104922493812155 -0.033013241397906
0.108153271337080 -0.033444660498716
0.111427019271514 -0.033871733363962
0.114743378612105 -0.034294436804865
0.118101985682679 -0.034712778837380
0.121502472174122 -0.035126770458550
0.124944465184770 -0.035536319574789
0.128427587261303 -0.035941315058318
0.131951456440133 -0.036341660872557
0.135515686289294 -0.036737247944087
0.139119885950819 -0.037127978076162
0.142763660183598 -0.037513789703205
0.146446609406726 -0.037894716248461
0.150168329743317 -0.038270831996758
0.153928413064796 -0.038642194194409
0.157726447035656 -0.039008683907215
0.161562015158669 -0.039370121413435
0.165434696820571 -0.039726337225247
0.169344067338174 -0.040077275492328
0.173289698004947 -0.040422952195279
0.177271156138025 -0.040763406223598
0.181288005125655 -0.041098641267066
0.185339804475081 -0.041428577482021
0.189426109860845 -0.041753138669371
0.193546473173511 -0.042072254339033
0.197700442568812 -0.042385840630192
0.201887562517192 -0.042693818774324
0.206107373853763 -0.042996110626756
0.210359413828660 -0.043292660185895
0.214643216157784 -0.043583428265112
0.218958311073935 -0.043868387308983
0.223304225378328 -0.044147519751912
0.227680482492486 -0.044420787017773
0.232086602510501 -0.044688121001499
0.236522102251661 -0.044949460935120
0.240986495313435 -0.045204752115372
0.245479292124814 -0.045453947524448
0.250000000000000 -0.045697011591736
0.254548123192429 -0.045933916019617
0.259123162949142 -0.046164636685462
0.263724617565473 -0.046389138797587
0.268351982440069 -0.046607376293468
0.273004750130227 -0.046819308759679
0.277682410407536 -0.047024902612324
0.282384450313836 -0.047224105847840
0.287110354217464 -0.047416848373714
0.291859603869799 -0.047603064124146
0.296631678462100 -0.047782689438000
0.301426054682609 -0.047955664389454
0.306242206773948 -0.048121926021446
0.311079606590766 -0.048281414979860
0.315937723657661 -0.048434076252267
0.320816025227350 -0.048579864216678
0.325713976339092 -0.048718759296990
0.330631039877354 -0.048850756818908
0.335566676630708 -0.048975858117384
0.340520345350965 -0.049094066034958
0.345491502812526 -0.049205344173057
0.350479603871956 -0.049309600420251
0.355484101527764 -0.049406741727520
0.360504446980385 -0.049496678504964
0.365540089692367 -0.049579329853210
0.370590477448739 -0.049654667023344
0.375655056417572 -0.049722683345161
0.380733271210709 -0.049783375424725
0.385824564944672 -0.049836745022723
0.390928379301728 -0.049882764354984
0.396044154591120 -0.049921335819280
0.401171329810437 -0.049952354318270
0.406309342707137 -0.049975717366573
0.411457629840208 -0.049991326350161
0.416615626641949 -0.049999123728076
0.421782767479884 -0.049999095178176
0.426958485718794 -0.049991232014731
0.432142213782848 -0.049975529078362
0.437333383217848 -0.049951979037587
0.442531424753567 -0.049920517924244
0.447735768366173 -0.049881049269491
0.452945843340743 -0.049833478958449
0.458161078333842 -0.049777715729910
0.463380901436184 -0.049713672019534
0.468604740235343 -0.049641265088857
0.473832021878528 -0.049560416760199
0.479062173135400 -0.049471051918055
0.484294620460935 -0.049373098745186
0.489528790058321 -0.049266480215892
0.494764107941877 -0.049151091538807
0.500000000000000 -0.049026825002652
0.505235892058122 -0.048893575803599
0.510471209941678 -0.048751243490262
0.515705379539064 -0.048599700856398
0.520937826864600 -0.048438750178750
0.526167978121472 -0.048268190093845
0.531395259764656 -0.048087821521709
0.536619098563816 -0.047897452143261
0.541838921666157 -0.047696929047456
0.547054156659257 -0.047486155485671
0.552264231633827 -0.047265046400964
0.557468575246433 -0.047033519619346
0.562666616782152 -0.046791475149792
0.567857786217152 -0.046538277759935
0.573041514281206 -0.046272801484007
0.578217232520115 -0.045993914699429
0.583384373358051 -0.045700502073668
0.588542370159791 -0.045391496418768
0.593690657292862 -0.045066151118452
0.598828670189563 -0.044723881273373
0.603955845408879 -0.044364117153417
0.609071620698271 -0.043986301244250
0.614175435055328 -0.043590463668882
0.619266728789290 -0.043178532459445
0.624344943582427 -0.042752808335291
0.629409522551260 -0.042315572840343
0.634459910307633 -0.041869047345854
0.639495553019614 -0.041414581274054
0.644515898472235 -0.040952526988059
0.649520396128043 -0.040483187193870
0.654508497187474 -0.040006862851504
0.659479654649035 -0.039523896407918
0.664433323369291 -0.039034814239073
0.669368960122646 -0.038540196065861
0.674286023660907 -0.038040617192113
0.679183974772650 -0.037536644006597
0.684062276342339 -0.037028741306620
0.688920393409233 -0.036517281861361
0.693757793226051 -0.036002625189292
0.698573945317390 -0.035485135227564
0.703368321537900 -0.034965176888979
0.708140396130200 -0.034443134815277
0.712889645782536 -0.033919395689064
0.717615549686163 -0.033394333080177
0.722317589592464 -0.032868307688947
0.726995249869773 -0.032341620446957
0.731648017559930 -0.031814554426096
0.736275382434527 -0.031287389212427
0.740876837050857 -0.030760401041385
0.745451876807570 -0.030233884026804
0.750000000000000 -0.029708127658655
0.754520707875185 -0.029183418563310
0.759013504686565 -0.028660020389306
0.763477897748338 -0.028138144208148
0.767913397489498 -0.027617978311506
0.772319517507513 -0.027099717713242
0.776695774621672 -0.026583567344773
0.781041688926065 -0.026069798892923
0.785356783842216 -0.025558678331750
0.789640586171339 -0.025050457155860
0.793892626146236 -0.024545363186634
0.798112437482808 -0.024043588184192
0.802299557431187 -0.023545312708468
0.806453526826488 -0.023050714893093
0.810573890139155 -0.022559946053318
0.814660195524918 -0.022073147294165
0.818711994874345 -0.021590455021450
0.822728843861975 -0.021111962286554
0.826710301995052 -0.020637724000630
0.830655932661826 -0.020167793370364
0.834565303179429 -0.019702218583119
0.838437984841330 -0.019241022788488
0.842273552964344 -0.018784231353117
0.846071586935203 -0.018331878950943
0.849831670256683 -0.017884033975393
0.853553390593274 -0.017440761929550
0.857236339816401 -0.017002135370574
0.860880114049181 -0.016568221935278
0.864484313710706 -0.016139088094905
0.868048543559867 -0.015714783138574
0.871572412738697 -0.015295314064950
0.875055534815230 -0.014880678891096
0.878497527825878 -0.014470887930298
0.881898014317321 -0.014065979867872
0.885256621387894 -0.013665994262001
0.888572980728485 -0.013270992109987
0.891846728662920 -0.012881047596326
0.895077506187845 -0.012496236709746
0.898264959012098 -0.012116619690284
0.901408737595557 -0.011742251784557
0.904508497187474 -0.011373174521761
0.907563897864277 -0.011009391130511
0.910574604566852 -0.010650908372918
0.913540287137281 -0.010297712912162
0.916460620355049 -0.009949788272313
0.919335283972712 -0.009607190976882
0.922163962751007 -0.009270035244182
0.924946346493432 -0.008938452601834
0.927682130080253 -0.008612622652023
0.930371013501972 -0.008292656663692
0.933012701892219 -0.007978457127879
0.935606905560095 -0.007669889441907
0.938153340021932 -0.007366873032900
0.940651726032496 -0.007069355426038
0.943101789615607 -0.006777390773571
0.945503262094184 -0.006491083167993
0.947855880119706 -0.006210576065884
0.950159385701097 -0.005936016489679
0.952413526233010 -0.005667454764191
0.954618054523534 -0.005404905964329
0.956772728821300 -0.005148335508199
0.958877312841991 -0.004897714267324
0.960931575794250 -0.004653030654071
0.962935292404997 -0.004414303278406
0.964888242944126 -0.004181588094376
0.966790213248601 -0.003954934381816
0.968640994745946 -0.003734390080546
0.970440384477113 -0.003520000412935
0.972188185118740 -0.003311804539419
0.973884205004793 -0.003109834770377
0.975528258147577 -0.002914123968648
0.977120164258138 -0.002724681768172
0.978659748766034 -0.002541487380800
0.980146842838471 -0.002364524927560
0.981581283398829 -0.002193790952159
0.982962913144534 -0.002029311628351
0.984291580564316 -0.001871108433425
0.985567139954818 -0.001719208867816
0.986789451436580 -0.001573631387245
0.987958380969374 -0.001434401502453
0.989073800366903 -0.001301534784066
0.990135587310861 -0.001175051173118
0.991143625364344 -0.001054964804811
0.992097803984621 -0.000941294069839
0.992998018535252 -0.000834049965392
0.993844170297569 -0.000733246561157
0.994636166481494 -0.000638896770865
0.995373920235722 -0.000551010568427
0.996057350657239 -0.000469597349473
0.996686382800198 -0.000394667093087
0.997260947684137 -0.000326228016927
0.997780982301540 -0.000264286123418
0.998246429624752 -0.000208847016157
0.998657238612229 -0.000159918121965
0.999013364214136 -0.000117501537787
0.999314767377287 -0.000081605976455
0.999561415049429 -0.000052230930412
0.999753280182866 -0.000029382827052
0.999890341737423 -0.000013059349200
0.999972584682756 -0.000003264824637
1.000000000000000 0.000000000000000
