1.000000000000000 0.000000000000000
0.999972584682756 0.000005228958143
0.999890341737423 0.000020928310426
0.999753280182866 0.000047145455405
0.999561415049429 0.000083961918075
0.999314767377287 0.000131485145237
0.999013364214136 0.000189846533751
0.998657238612229 0.000259205859962
0.998246429624752 0.000339744850224
0.997780982301540 0.000431663639989
0.997260947684137 0.000535173120506
0.996686382800198 0.000650497379170
0.996057350657239 0.000777861422368
0.995373920235722 0.000917489006455
0.994636166481494 0.001069589021757
0.993844170297569 0.001234367132595
0.992998018535252 0.001411996381120
0.992097803984621 0.001602616553054
0.991143625364344 0.001806330415228
0.990135587310861 0.002023192627890
0.989073800366903 0.002253282621797
0.987958380969374 0.002496830198454
0.986789451436580 0.002754085904604
0.985567139954818 0.003025323115488
0.984291580564316 0.003310834242421
0.982962913144534 0.003610912886138
0.981581283398829 0.003925876729385
0.980146842838472 0.004256061487241
0.978659748766034 0.004601840622208
0.977120164258138 0.004963434323964
0.975528258147577 0.005340758547673
0.973884205004793 0.005733355494502
0.972188185118741 0.006140654177341
0.970440384477113 0.006561943337068
0.968640994745946 0.006996339520422
0.966790213248601 0.007442822531191
0.964888242944126 0.007900171256659
0.962935292404997 0.008366841879551
0.960931575794250 0.008841447559215
0.958877312841991 0.009323051420477
0.956772728821300 0.009811297840378
0.954618054523534 0.010306243459379
0.952413526233010 0.010807852802387
0.950159385701097 0.011316087836019
0.947855880119706 0.011830971654992
0.945503262094184 0.012352605533533
0.943101789615607 0.012881191562460
0.940651726032496 0.013416850659015
0.938153340021932 0.013959465056016
0.935606905560095 0.014508692674054
0.933012701892219 0.015063788171712
0.930371013501972 0.015623941485535
0.927682130080253 0.016188373945685
0.924946346493432 0.016756249314426
0.922163962751008 0.017326646862425
0.919335283972712 0.017898588338966
0.916460620355050 0.018471124892521
0.913540287137281 0.019043320886923
0.910574604566852 0.019614937397153
0.907563897864277 0.020186414586358
0.904508497187474 0.020758259325158
0.901408737595557 0.021330979121810
0.898264959012098 0.021905161799676
0.895077506187845 0.022481543575631
0.891846728662920 0.023060995493790
0.888572980728485 0.023644358089350
0.885256621387895 0.024232246135661
0.881898014317321 0.024825260112485
0.878497527825878 0.025423551391879
0.875055534815230 0.026026781535568
0.871572412738697 0.026634600933911
0.868048543559867 0.027246742351969
0.864484313710706 0.027862989045726
0.860880114049181 0.028483109914414
0.857236339816402 0.029106846697464
0.853553390593274 0.029733923835341
0.849831670256683 0.030364094348778
0.846071586935203 0.030997272280983
0.842273552964344 0.031633438865626
0.838437984841330 0.032272572766513
0.834565303179429 0.032914668147177
0.830655932661826 0.033559732789566
0.826710301995053 0.034207782050033
0.822728843861975 0.034858806378425
0.818711994874345 0.035512804573113
0.814660195524919 0.036169767936207
0.810573890139155 0.036829517083918
0.806453526826488 0.037491601726005
0.802299557431188 0.038155529483531
0.798112437482808 0.038820789794351
0.793892626146237 0.039486839027920
0.789640586171339 0.040153106120205
0.785356783842216 0.040819014132629
0.781041688926065 0.041484045588373
0.776695774621672 0.042147817874678
0.772319517507513 0.042809946533301
0.767913397489498 0.043470061690457
0.763477897748339 0.044127952369453
0.759013504686565 0.044783545333721
0.754520707875186 0.045436779553184
0.750000000000000 0.046087585607466
0.745451876807570 0.046735871111884
0.740876837050858 0.047381525246519
0.736275382434527 0.048024446710872
0.731648017559931 0.048664521859115
0.726995249869773 0.049301597281361
0.722317589592464 0.049935493615203
0.717615549686164 0.050566035945844
0.712889645782536 0.051193050067651
0.708140396130201 0.051816372447683
0.703368321537900 0.052435855839583
0.698573945317390 0.053051348778909
0.693757793226052 0.053662700365033
0.688920393409234 0.054269699450979
0.684062276342339 0.054872053372085
0.679183974772650 0.055469465072596
0.674286023660908 0.056061639346193
0.669368960122646 0.056648283434697
0.664433323369292 0.057229095479931
0.659479654649035 0.057803789109571
0.654508497187474 0.058372063471429
0.649520396128043 0.058933620596262
0.644515898472236 0.059488020246547
0.639495553019615 0.060034728066699
0.634459910307633 0.060573208984925
0.629409522551260 0.061102923488282
0.624344943582428 0.061623276458899
0.619266728789291 0.062133508720034
0.614175435055328 0.062632822662489
0.609071620698271 0.063120409935692
0.603955845408880 0.063595475200117
0.598828670189563 0.064057506339197
0.593690657292862 0.064506370511515
0.588542370159792 0.064941972797763
0.583384373358051 0.065364218042627
0.578217232520115 0.065773037839188
0.573041514281206 0.066168573577139
0.567857786217152 0.066551115043368
0.562666616782152 0.066920963958854
0.557468575246433 0.067278431852077
0.552264231633827 0.067623808241698
0.547054156659257 0.067957206058669
0.541838921666158 0.068278664418573
0.536619098563816 0.068588231247544
0.531395259764657 0.068885953369255
0.526167978121472 0.069171882608193
0.520937826864600 0.069446040078839
0.515705379539064 0.069708444976975
0.510471209941678 0.069959120966702
0.505235892058123 0.070198096241431
0.500000000000000 0.070425384650994
0.494764107941877 0.070640938457826
0.489528790058322 0.070844701526350
0.484294620460936 0.071036619849403
0.479062173135400 0.071216645987937
0.473832021878528 0.071384723260281
0.468604740235343 0.071540754329089
0.463380901436184 0.071684642696727
0.458161078333842 0.071816294925134
0.452945843340743 0.071935625483450
0.447735768366173 0.072042674989614
0.442531424753567 0.072137755705846
0.437333383217848 0.072221219623108
0.432142213782848 0.072293420963924
0.426958485718794 0.072354715847672
0.421782767479885 0.072405485321913
0.416615626641949 0.072446151173157
0.411457629840209 0.072477138488952
0.406309342707138 0.072498872611590
0.401171329810437 0.072511768594057
0.396044154591120 0.072515951552228
0.390928379301729 0.072511220489217
0.385824564944672 0.072497363686259
0.380733271210710 0.072474176888183
0.375655056417573 0.072441462941070
0.370590477448740 0.072399020097314
0.365540089692367 0.072346646965921
0.360504446980385 0.072284150390707
0.355484101527764 0.072211346923131
0.350479603871957 0.072128107758688
0.345491502812526 0.072034547814270
0.340520345350965 0.071930859837558
0.335566676630708 0.071817240258570
0.330631039877354 0.071693886250482
0.325713976339092 0.071561001923574
0.320816025227350 0.071418798917588
0.315937723657661 0.071267492931108
0.311079606590766 0.071107298564690
0.306242206773949 0.070938417870887
0.301426054682610 0.070760889883261
0.296631678462100 0.070574672178827
0.291859603869799 0.070379728040228
0.287110354217464 0.070176031211039
0.282384450313836 0.069963553393327
0.277682410407536 0.069742262186714
0.273004750130227 0.069512132820845
0.268351982440069 0.069273148819601
0.263724617565473 0.069025323915391
0.259123162949143 0.068768762275972
0.254548123192430 0.068503601717341
0.250000000000000 0.068229986170917
0.245479292124815 0.067948067125668
0.240986495313435 0.067658054420293
0.236522102251661 0.067360186008622
0.232086602510502 0.067054704014807
0.227680482492487 0.066741839324071
0.223304225378328 0.066421671790220
0.218958311073935 0.066094180436778
0.214643216157784 0.065759356766669
0.210359413828661 0.065417193070505
0.206107373853763 0.065067557796933
0.201887562517192 0.064710251689389
0.197700442568813 0.064345095634772
0.193546473173512 0.063971939245436
0.189426109860845 0.063590686001079
0.185339804475081 0.063201272570258
0.181288005125655 0.062803655895299
0.177271156138025 0.062397808853184
0.173289698004947 0.061983722947011
0.169344067338174 0.061561401693648
0.165434696820571 0.061130873295041
0.161562015158670 0.060692171025528
0.157726447035656 0.060245337593125
0.153928413064797 0.059790439940878
0.150168329743317 0.059327580123776
0.146446609406726 0.058856949900995
0.142763660183598 0.058378771800935
0.139119885950819 0.057893285106748
0.135515686289294 0.057400812527877
0.131951456440133 0.056901719398502
0.128427587261303 0.056396377952306
0.124944465184770 0.055885224375241
0.121502472174122 0.055368755337794
0.118101985682679 0.054847464822193
0.114743378612105 0.054321624607647
0.111427019271515 0.053791111968333
0.108153271337080 0.053255810156520
0.104922493812155 0.052715394679145
0.101735040987902 0.052169115541780
0.098591262404443 0.051616255429641
0.095491502812526 0.051056234107896
0.092436102135723 0.050488616378420
0.089425395433148 0.049913063166884
0.086459712862719 0.049329387262158
0.083539379644950 0.048737568711616
0.080664716027288 0.048137716293607
0.077836037248993 0.047530680329871
0.075053653506568 0.046917683715465
0.072317869919747 0.046299852771983
0.069628986498028 0.045678062324869
0.066987298107781 0.045053143130079
0.064393094439905 0.044426277882223
0.061846659978068 0.043799028931931
0.059348273967504 0.043172353566501
0.056898210384393 0.042544566679826
0.054496737905816 0.041913384257386
0.052144119880294 0.041275500804020
0.049840614298903 0.040626642855384
0.047586473766990 0.039963142886831
0.045381945476466 0.039282251185180
0.043227271178700 0.038581667104754
0.041122687158010 0.037859105393012
0.039068424205750 0.037112484263015
0.037064707595003 0.036341127273561
0.035111757055874 0.035545680658392
0.033209786751399 0.034727803104896
0.031359005254054 0.033890662770647
0.029559615522887 0.033036533933427
0.027811814881260 0.032165474301932
0.026115794995207 0.031276861939687
0.024471741852423 0.030368745721075
0.022879835741862 0.029439335191440
0.021340251233966 0.028487432772944
0.019853157161529 0.027512972694407
0.018418716601171 0.026518188251070
0.017037086855466 0.025505570242555
0.015708419435685 0.024477663420482
0.014432860045182 0.023437526476378
0.013210548563420 0.022388708903225
0.012041619030626 0.021335155688373
0.010926199633097 0.020281615013033
0.009864412689139 0.019234499822549
0.008856374635656 0.018194118676187
0.007902196015379 0.017154639124189
0.007001981464748 0.016114425857091
0.006155829702431 0.015075913731519
0.005363833518506 0.014043490563574
0.004626079764278 0.013010924073410
0.003942649342761 0.011974217297842
0.003313617199802 0.010937444632032
0.002739052315863 0.009903190209115
0.002219017698460 0.008872734530811
0.001753570375248 0.007848216805546
0.001342761387771 0.006832274453351
0.000986635785864 0.005820969884106
0.000685232622713 0.004806641412365
0.000438584950571 0.003800024306209
0.000246719817134 0.002815645173166
0.000109658262577 0.001854468252401
0.000027415317244 0.000916106167578
0.000000000000000 0.000000000000000
0.000027415317244 -0.000894173729849
0.000109658262577 -0.001763905093808
0.000246719817134 -0.002606335418790
0.000438584950571 -0.003418412793193
0.000685232622713 -0.004199110573902
0.000986635785864 -0.004953988427470
0.001342761387771 -0.005689182757394
0.001753570375248 -0.006413721329536
0.002219017698460 -0.007127300851409
0.002739052315863 -0.007826200299399
0.003313617199802 -0.008508994260877
0.003942649342761 -0.009180171148981
0.004626079764278 -0.009839944572361
0.005363833518506 -0.010485947228280
0.006155829702431 -0.011117346676703
0.007001981464748 -0.011735181424092
0.007902196015379 -0.012342084572058
0.008856374635656 -0.012940034302474
0.009864412689139 -0.013529632313044
0.010926199633097 -0.014108806735125
0.012041619030626 -0.014676655733523
0.013210548563420 -0.015233692189714
0.014432860045182 -0.015780972561789
0.015708419435684 -0.016319804187222
0.017037086855466 -0.016851020015839
0.018418716601171 -0.017375527665253
0.019853157161528 -0.017894343614331
0.021340251233966 -0.018409073872314
0.022879835741862 -0.018921695957726
0.024471741852423 -0.019432112826063
0.026115794995207 -0.019939201085409
0.027811814881259 -0.020441993830267
0.029559615522887 -0.020939675740610
0.031359005254054 -0.021431680002256
0.033209786751399 -0.021917789693497
0.035111757055874 -0.022398463332762
0.037064707595003 -0.022874391827522
0.039068424205750 -0.023346342107619
0.041122687158009 -0.023814877595548
0.043227271178699 -0.024279843157064
0.045381945476466 -0.024741103037930
0.047586473766990 -0.025198724055222
0.049840614298903 -0.025652891154443
0.052144119880293 -0.026103866849445
0.054496737905816 -0.026552056526308
0.056898210384393 -0.026998125264630
0.059348273967504 -0.027442856326484
0.061846659978068 -0.027886463035622
0.064393094439905 -0.028328880356951
0.066987298107781 -0.028769887338735
0.069628986498028 -0.029209072834642
0.072317869919747 -0.029646064295787
0.075053653506568 -0.030080567567920
0.077836037248992 -0.030512320147026
0.080664716027288 -0.030941081793501
0.083539379644950 -0.031366633665800
0.086459712862719 -0.031788722854487
0.089425395433148 -0.032207031350428
0.092436102135723 -0.032621241195095
0.095491502812526 -0.033031028460197
0.098591262404443 -0.033436074813575
0.101735040987902 -0.033836064814798
0.104922493812155 -0.034230672507840
0.108153271337080 -0.034619579526853
0.111427019271514 -0.035002544223000
0.114743378612105 -0.035379453366575
0.118101985682679 -0.035750234206876
0.121502472174122 -0.036115040132843
0.124944465184770 -0.036474279627543
0.128427587261303 -0.036828417899801
0.131951456440133 -0.037177993659863
0.135515686289294 -0.037523608342760
0.139119885950819 -0.037865918596699
0.142763660183598 -0.038205497526678
0.146446609406726 -0.038542833690464
0.150168329743317 -0.038878440429678
0.153928413064796 -0.039212352098177
0.157726447035656 -0.039543858907978
0.161562015158669 -0.039872157177846
0.165434696820571 -0.040196419282769
0.169344067338174 -0.040515794533883
0.173289698004947 -0.040829404241773
0.177271156138025 -0.041136370288480
0.181288005125655 -0.041436124542197
0.185339804475081 -0.041728277838070
0.189426109860845 -0.042012443082455
0.193546473173511 -0.042288487456154
0.197700442568812 -0.042556860253191
0.201887562517192 -0.042818126209329
0.206107373853763 -0.043072883936875
0.210359413828660 -0.043321743783144
0.214643216157784 -0.043565325074729
0.218958311073935 -0.043804286191972
0.223304225378328 -0.044039216685720
0.227680482492486 -0.044269993100378
0.232086602510501 -0.044496172028034
0.236522102251661 -0.044717299537290
0.240986495313435 -0.044932872510443
0.245479292124814 -0.045142189842912
0.250000000000000 -0.045344476503138
0.254548123192429 -0.045538936989681
0.259123162949142 -0.045724811255281
0.263724617565473 -0.045901614372315
0.268351982440069 -0.046068944097273
0.273004750130227 -0.046226396227613
0.277682410407536 -0.046373594997299
0.282384450313836 -0.046510405324718
0.287110354217464 -0.046636813151439
0.291859603869799 -0.046752814381195
0.296631678462100 -0.046858408898971
0.301426054682609 -0.046953526156168
0.306242206773948 -0.047038029046622
0.311079606590766 -0.047111781444369
0.315937723657661 -0.047174651451011
0.320816025227350 -0.047226461162800
0.325713976339092 -0.047266907655409
0.330631039877354 -0.047295668638714
0.335566676630708 -0.047312422254207
0.340520345350965 -0.047316850620111
0.345491502812526 -0.047308677834070
0.350479603871956 -0.047287655164803
0.355484101527764 -0.047253536678748
0.360504446980385 -0.047206079019606
0.365540089692367 -0.047145077414359
0.370590477448739 -0.047070433860792
0.375655056417572 -0.046982074550030
0.380733271210709 -0.046879931204206
0.385824564944672 -0.046763941103534
0.390928379301728 -0.046634043175228
0.396044154591120 -0.046490175395932
0.401171329810437 -0.046332281363421
0.406309342707137 -0.046160311152382
0.411457629840208 -0.045974231150162
0.416615626641949 -0.045774121342940
0.421782767479884 -0.045560128615791
0.426958485718794 -0.045332408006174
0.432142213782848 -0.045091123501817
0.437333383217848 -0.044836404323248
0.442531424753567 -0.044568199049902
0.447735768366173 -0.044286404547443
0.452945843340743 -0.043990920359679
0.458161078333842 -0.043681652076698
0.463380901436184 -0.043358213146902
0.468604740235343 -0.043019370529323
0.473832021878528 -0.042663741972821
0.479062173135400 -0.042289941374117
0.484294620460935 -0.041896588237044
0.489528790058321 -0.041482690620794
0.494764107941877 -0.041047975281988
0.500000000000000 -0.040592250491004
0.505235892058122 -0.040115331469351
0.510471209941678 -0.039617075711539
0.515705379539064 -0.039098478703366
0.520937826864600 -0.038561929082950
0.526167978121472 -0.038009900999658
0.531395259764656 -0.037444880931780
0.536619098563816 -0.036869303571374
0.541838921666157 -0.036284861778031
0.547054156659257 -0.035692666047918
0.552264231633827 -0.035093819597643
0.557468575246433 -0.034489417669411
0.562666616782152 -0.033880386804457
0.567857786217152 -0.033266469190295
0.573041514281206 -0.032646879773429
0.578217232520115 -0.032020850411522
0.583384373358051 -0.031387620498801
0.588542370159791 -0.030746673157264
0.593690657292862 -0.030098265790710
0.598828670189563 -0.029442824656170
0.603955845408879 -0.028780764535596
0.609071620698271 -0.028112520493788
0.614175435055328 -0.027439078482954
0.619266728789290 -0.026762154693090
0.624344943582427 -0.026083487220796
0.629409522551260 -0.025404796234632
0.634459910307633 -0.024727739117958
0.639495553019614 -0.024053647997957
0.644515898472235 -0.023383700218523
0.649520396128043 -0.022719046648677
0.654508497187474 -0.022060815656981
0.659479654649035 -0.021410015565083
0.664433323369291 -0.020767445482474
0.669368960122646 -0.020133872269402
0.674286023660907 -0.019510039090256
0.679183974772650 -0.018896652762172
0.684062276342339 -0.018294281774233
0.688920393409233 -0.017703440087072
0.693757793226051 -0.017124616341245
0.698573945317390 -0.016558253327384
0.703368321537900 -0.016004277970943
0.708140396130200 -0.015462216254489
0.712889645782536 -0.014931591044905
0.717615549686163 -0.014411936396150
0.722317589592464 -0.013902841377790
0.726995249869773 -0.013403952609543
0.731648017559930 -0.012914926047167
0.736275382434527 -0.012435430985495
0.740876837050857 -0.011965363750012
0.745451876807570 -0.011504945961011
0.750000000000000 -0.011054422556205
0.754520707875185 -0.010614015882448
0.759013504686565 -0.010183982373083
0.763477897748338 -0.009764612094254
0.767913397489498 -0.009356180610889
0.772319517507513 -0.008958936647266
0.776695774621672 -0.008572952361865
0.781041688926065 -0.008198165920119
0.785356783842216 -0.007834507991397
0.789640586171339 -0.007481867811172
0.793892626146236 -0.007139955483926
0.798112437482808 -0.006808426929689
0.802299557431187 -0.006486941650099
0.806453526826488 -0.006175188215481
0.810573890139155 -0.005872874969071
0.814660195524918 -0.005579722534773
0.818711994874345 -0.005295483001469
0.822728843861975 -0.005020037507483
0.826710301995052 -0.004753308944444
0.830655932661826 -0.004495216272494
0.834565303179429 -0.004245695459063
0.838437984841330 -0.004004689568623
0.842273552964344 -0.003772141509019
0.846071586935203 -0.003547978058470
0.849831670256683 -0.003332125176470
0.853553390593274 -0.003124495429137
0.857236339816401 -0.002924973814050
0.860880114049181 -0.002733395219746
0.864484313710706 -0.002549592458590
0.868048543559867 -0.002373397328288
0.871572412738697 -0.002204636478322
0.875055534815230 -0.002043138009599
0.878497527825878 -0.001888719009464
0.881898014317321 -0.001741191059861
0.885256621387894 -0.001600373658123
0.888572980728485 -0.001466156156960
0.891846728662920 -0.001338451986938
0.895077506187845 -0.001217192381501
0.898264959012098 -0.001102353406529
0.901408737595557 -0.000993907487950
0.904508497187474 -0.000891800222958
0.907563897864277 -0.000795956849368
0.910574604566852 -0.000706299770115
0.913540287137281 -0.000622761697976
0.916460620355049 -0.000545250740958
0.919335283972712 -0.000473543638743
0.922163962751007 -0.000407360446163
0.924946346493432 -0.000346403198951
0.927682130080253 -0.000290360418640
0.930371013501972 -0.000238938566817
0.933012701892219 -0.000191866933155
0.935606905560095 -0.000148881670798
0.938153340021932 -0.000109711666541
0.940651726032496 -0.000074116384441
0.943101789615607 -0.000041932516003
0.945503262094184 -0.000013040666567
0.947855880119706 0.000012589163809
0.950159385701097 0.000034985721793
0.952413526233010 0.000054207316601
0.954618054523534 0.000070328613886
0.956772728821300 0.000083436790733
0.958877312841991 0.000093613125287
0.960931575794250 0.000100933511430
0.962935292404997 0.000105576407536
0.964888242944126 0.000107819191754
0.966790213248601 0.000108104558075
0.968640994745946 0.000106886356631
0.970440384477113 0.000104534232939
0.972188185118740 0.000101376478209
0.973884205004793 0.000097705299870
0.975528258147577 0.000093763820327
0.977120164258138 0.000089770453520
0.978659748766034 0.000085915364020
0.980146842838471 0.000082236554112
0.981581283398829 0.000078665711371
0.982962913144534 0.000075072929108
0.984291580564316 0.000071366917534
0.985567139954818 0.000067486050623
0.986789451436580 0.000063385869645
0.987958380969374 0.000059042317738
0.989073800366903 0.000054449055342
0.990135587310861 0.000049614271103
0.991143625364344 0.000044571401020
0.992097803984621 0.000039463271445
0.992998018535252 0.000034450737994
0.993844170297569 0.000029657550101
0.994636166481494 0.000025172864321
0.995373920235722 0.000021056596652
0.996057350657239 0.000017344093555
0.996686382800198 0.000014050453632
0.997260947684137 0.000011174461464
0.997780982301540 0.000008702243334
0.998246429624752 0.000006610973666
0.998657238612229 0.000004871726541
0.999013364214136 0.000003452284225
0.999314767377287 0.000002319788044
0.999561415049429 0.000001442649066
0.999753280182866 0.000000792640270
0.999890341737423 0.000000346186220
0.999972584682756 0.000000085619113
1.000000000000000 0.000000000000000
