1.000000000000000 0.000000000000000
0.999972584682756 0.000004324444013
0.999890341737423 0.000017296793681
0.999753280182866 0.000038899911710
0.999561415049429 0.000069114748581
0.999314767377287 0.000107909052588
0.999013364214136 0.000155243145754
0.998657238612229 0.000211072860554
0.998246429624752 0.000275341201520
0.997780982301540 0.000347981374005
0.997260947684137 0.000428922611967
0.996686382800198 0.000518087561214
0.996057350657239 0.000615389727828
0.995373920235722 0.000720731007500
0.994636166481494 0.000834015881926
0.993844170297569 0.000955132309057
0.992998018535252 0.001083968708644
0.992097803984621 0.001220408744229
0.991143625364344 0.001364323552043
0.990135587310861 0.001515585828534
0.989073800366903 0.001674062055093
0.987958380969374 0.001839618340155
0.986789451436580 0.002012107524347
0.985567139954818 0.002191385790852
0.984291580564316 0.002377310379189
0.982962913144534 0.002569732193114
0.981581283398829 0.002768501665147
0.980146842838472 0.002973466725451
0.978659748766034 0.003184478550588
0.977120164258138 0.003401386975654
0.975528258147577 0.003624041163760
0.973884205004793 0.003852297788695
0.972188185118741 0.004086006581195
0.970440384477113 0.004325031001855
0.968640994745946 0.004569231404641
0.966790213248601 0.004818473222929
0.964888242944126 0.005072630017727
0.962935292404997 0.005331576884070
0.960931575794250 0.005595198392137
0.958877312841991 0.005863384466764
0.956772728821300 0.006136033476206
0.954618054523534 0.006413055220250
0.952413526233010 0.006694366929637
0.950159385701097 0.006979889454164
0.947855880119706 0.007269564069495
0.945503262094184 0.007563339307558
0.943101789615607 0.007861176289235
0.940651726032496 0.008163044934637
0.938153340021932 0.008468935842317
0.935606905560095 0.008778847560040
0.933012701892219 0.009092800580541
0.930371013501972 0.009410820407384
0.927682130080253 0.009732957960944
0.924946346493432 0.010059279251163
0.922163962751008 0.010389864022376
0.919335283972712 0.010724814954520
0.916460620355050 0.011064251559455
0.913540287137281 0.011408310874163
0.910574604566852 0.011757150987247
0.907563897864277 0.012110956345591
0.904508497187474 0.012469928085697
0.901408737595557 0.012834283181273
0.898264959012098 0.013204258377116
0.895077506187845 0.013579967235819
0.891846728662920 0.013961380885226
0.888572980728485 0.014348467703546
0.885256621387895 0.014741190113575
0.881898014317321 0.015139519271790
0.878497527825878 0.015543418404435
0.875055534815230 0.015952848753107
0.871572412738697 0.016367770333713
0.868048543559867 0.016788144358144
0.864484313710706 0.017213928891446
0.860880114049181 0.017645076475020
0.857236339816402 0.018081542706317
0.853553390593274 0.018523277572038
0.849831670256683 0.018970234125127
0.846071586935203 0.019422359744394
0.842273552964344 0.019879600468866
0.838437984841330 0.020341901021170
0.834565303179429 0.020809204985526
0.830655932661826 0.021281452548362
0.826710301995053 0.021758582514426
0.822728843861975 0.022240533883291
0.818711994874345 0.022727241373252
0.814660195524919 0.023218633821848
0.810573890139155 0.023714644268622
0.806453526826488 0.024215207601863
0.802299557431188 0.024720253566443
0.798112437482808 0.025229709488495
0.793892626146237 0.025743440685883
0.789640586171339 0.026261278247272
0.785356783842216 0.026783051982379
0.781041688926065 0.027308578179814
0.776695774621672 0.027837668190846
0.772319517507513 0.028370125045824
0.767913397489498 0.028905741923965
0.763477897748339 0.029444311475629
0.759013504686565 0.029985621547198
0.754520707875186 0.030529450400885
0.750000000000000 0.031075571252286
0.745451876807570 0.031623757612983
0.740876837050858 0.032173774379776
0.736275382434527 0.032725379519625
0.731648017559931 0.033278330244954
0.726995249869773 0.033832372284312
0.722317589592464 0.034387241698023
0.717615549686164 0.034942669971122
0.712889645782536 0.035498387455615
0.708140396130201 0.036054134950524
0.703368321537900 0.036609662555364
0.698573945317390 0.037164717615408
0.693757793226052 0.037719045856093
0.688920393409234 0.038272442305193
0.684062276342339 0.038824769137122
0.679183974772650 0.039375893676570
0.674286023660908 0.039925687968330
0.669368960122646 0.040474013816176
0.664433323369292 0.041020730767376
0.659479654649035 0.041565693040220
0.654508497187474 0.042108757427311
0.649520396128043 0.042649783163406
0.644515898472236 0.043188620731987
0.639495553019615 0.043725128077676
0.634459910307633 0.044259159953055
0.629409522551260 0.044790571952368
0.624344943582428 0.045319225773067
0.619266728789291 0.045845001984854
0.614175435055328 0.046367783634295
0.609071620698271 0.046887453358978
0.603955845408880 0.047403896248298
0.598828670189563 0.047916918795928
0.593690657292862 0.048426234632947
0.588542370159792 0.048931560810796
0.583384373358051 0.049432605263947
0.578217232520115 0.049929078809718
0.573041514281206 0.050420653007130
0.567857786217152 0.050906980400081
0.562666616782152 0.051387719581935
0.557468575246433 0.051862520982724
0.552264231633827 0.052331047596639
0.547054156659257 0.052792968844338
0.541838921666158 0.053247963181518
0.536619098563816 0.053695711701175
0.531395259764657 0.054135895557054
0.526167978121472 0.054568192742437
0.520937826864600 0.054992272292629
0.515705379539064 0.055407805792642
0.510471209941678 0.055814462408802
0.505235892058123 0.056211919878310
0.500000000000000 0.056599901007615
0.494764107941877 0.056978200252440
0.489528790058322 0.057346631470352
0.484294620460936 0.057705006798789
0.479062173135400 0.058053148042522
0.473832021878528 0.058390892963187
0.468604740235343 0.058718108088885
0.463380901436184 0.059034662698662
0.458161078333842 0.059340431558706
0.452945843340743 0.059635297974474
0.447735768366173 0.059919143957022
0.442531424753567 0.060191855594326
0.437333383217848 0.060453325241205
0.432142213782848 0.060703451484083
0.426958485718794 0.060942134629629
0.421782767479885 0.061169273756948
0.416615626641949 0.061384769561376
0.411457629840209 0.061588525383764
0.406309342707138 0.061780453035134
0.401171329810437 0.061960484066332
0.396044154591120 0.062128648030421
0.390928379301729 0.062285015029088
0.385824564944672 0.062429660377080
0.380733271210710 0.062562662364477
0.375655056417573 0.062684113521260
0.370590477448740 0.062794140489556
0.365540089692367 0.062892877041763
0.360504446980385 0.062980462034522
0.355484101527764 0.063057035854816
0.350479603871957 0.063122731860646
0.345491502812526 0.063177671891255
0.340520345350965 0.063221980465042
0.335566676630708 0.063255785490231
0.330631039877354 0.063279224251940
0.325713976339092 0.063292481892002
0.320816025227350 0.063295765610065
0.315937723657661 0.063289284374379
0.311079606590766 0.063273247431064
0.306242206773949 0.063247764597706
0.301426054682610 0.063212771636344
0.296631678462100 0.063168194441492
0.291859603869799 0.063113968265971
0.287110354217464 0.063049988968860
0.282384450313836 0.062975881514810
0.277682410407536 0.062891190170890
0.273004750130227 0.062795480765279
0.268351982440069 0.062688344745194
0.263724617565473 0.062569439907962
0.259123162949143 0.062438480016997
0.254548123192430 0.062295199325931
0.250000000000000 0.062139353993872
0.245479292124815 0.061970710350448
0.240986495313435 0.061789043142033
0.236522102251661 0.061594148119134
0.232086602510502 0.061385843089250
0.227680482492487 0.061163970579626
0.223304225378328 0.060928398348802
0.218958311073935 0.060679017045773
0.214643216157784 0.060415739183632
0.210359413828661 0.060138495221672
0.206107373853763 0.059847232050636
0.201887562517192 0.059541920177577
0.197700442568813 0.059222564897536
0.193546473173512 0.058889386222599
0.189426109860845 0.058542746578531
0.185339804475081 0.058183020656951
0.181288005125655 0.057810586998293
0.177271156138025 0.057425825607842
0.173289698004947 0.057029123309150
0.169344067338174 0.056620874602210
0.165434696820571 0.056201488084436
0.161562015158670 0.055771389668472
0.157726447035656 0.055331019013008
0.153928413064797 0.054880784932312
0.150168329743317 0.054421019218459
0.146446609406726 0.053952032754929
0.142763660183598 0.053474139417549
0.139119885950819 0.052987524933939
0.135515686289294 0.052492313924713
0.131951456440133 0.051988649321772
0.128427587261303 0.051476726542472
0.124944465184770 0.050956791482641
0.121502472174122 0.050429096563902
0.118101985682679 0.049893891538739
0.114743378612105 0.049351405827892
0.111427019271515 0.048801887343748
0.108153271337080 0.048245708537500
0.104922493812155 0.047683364072599
0.101735040987902 0.047115328622240
0.098591262404443 0.046541453096829
0.095491502812526 0.045961159084917
0.092436102135723 0.045373866898591
0.089425395433148 0.044778604342245
0.086459712862719 0.044174330414918
0.083539379644950 0.043560177105822
0.080664716027288 0.042935518895229
0.077836037248993 0.042299880049305
0.075053653506568 0.041652866579534
0.072317869919747 0.040994185147466
0.069628986498028 0.040323645782314
0.066987298107781 0.039641194945989
0.064393094439905 0.038946869020215
0.061846659978068 0.038240821203933
0.059348273967504 0.037523303754661
0.056898210384393 0.036794653946331
0.054496737905816 0.036055271250827
0.052144119880294 0.035305683193286
0.049840614298903 0.034546625938831
0.047586473766990 0.033779050657017
0.045381945476466 0.033004768225078
0.043227271178700 0.032225906159750
0.041122687158010 0.031444409209581
0.039068424205750 0.030662071417680
0.037064707595003 0.029880593639646
0.035111757055874 0.029101604625201
0.033209786751399 0.028326692452380
0.031359005254054 0.027557413841425
0.029559615522887 0.026795058412244
0.027811814881260 0.026040767508908
0.026115794995207 0.025296397178868
0.024471741852423 0.024563432265050
0.022879835741862 0.023837582501146
0.021340251233966 0.023112356021605
0.019853157161529 0.022380957256464
0.018418716601171 0.021637776853598
0.017037086855466 0.020879277466373
0.015708419435685 0.020103341991745
0.014432860045182 0.019309129836787
0.013210548563420 0.018497112628289
0.012041619030626 0.017668893678199
0.010926199633097 0.016827471727160
0.009864412689139 0.015976117888848
0.008856374635656 0.015117560367595
0.007902196015379 0.014254095932966
0.007001981464748 0.013387615343947
0.006155829702431 0.012519745142294
0.005363833518506 0.011651898945389
0.004626079764278 0.010785278274151
0.003942649342761 0.009920964469690
0.003313617199802 0.009059937902478
0.002739052315863 0.008203003143802
0.002219017698460 0.007350981611221
0.001753570375248 0.006504520055126
0.001342761387771 0.005664284294389
0.000986635785864 0.004830851239415
0.000685232622713 0.004004731882917
0.000438584950571 0.003186470349722
0.000246719817134 0.002376435195800
0.000109658262577 0.001575146165973
0.000027415317244 0.000782885964160
0.000000000000000 0.000000000000000
0.000027415317244 -0.000782945622009
0.000109658262577 -0.001575131252329
0.000246719817134 -0.002376453218483
0.000438584950571 -0.003186500293819
0.000685232622713 -0.004004758809295
0.000986635785864 -0.004830860969435
0.001342761387771 -0.005664297548809
0.001753570375248 -0.006504514840657
0.002219017698460 -0.007350964751412
0.002739052315863 -0.008203023416086
0.003313617199802 -0.009059940368700
0.003942649342761 -0.009920969679388
0.004626079764278 -0.010785290064858
0.005363833518506 -0.011651892387673
0.006155829702431 -0.012519752534930
0.007001981464748 -0.013387619316888
0.007902196015379 -0.014254092190267
0.008856374635656 -0.015117566644505
0.009864412689139 -0.015976120302600
0.010926199633097 -0.016827473465741
0.012041619030626 -0.017668896614269
0.013210548563420 -0.018497117710308
0.014432860045182 -0.019309133434852
0.015708419435684 -0.020103349050913
0.017037086855466 -0.020879283901363
0.018418716601171 -0.021637776527163
0.019853157161528 -0.022380961912139
0.021340251233966 -0.023112355601114
0.022879835741862 -0.023837586169304
0.024471741852423 -0.024563433879129
0.026115794995207 -0.025296393285692
0.027811814881259 -0.026040773558185
0.029559615522887 -0.026795058304319
0.031359005254054 -0.027557418540886
0.033209786751399 -0.028326700565279
0.035111757055874 -0.029101605727217
0.037064707595003 -0.029880592800898
0.039068424205750 -0.030662073599744
0.041122687158009 -0.031444411731431
0.043227271178699 -0.032225908546983
0.045381945476466 -0.033004766485642
0.047586473766990 -0.033779053038753
0.049840614298903 -0.034546626439659
0.052144119880293 -0.035305683652074
0.054496737905816 -0.036055274982040
0.056898210384393 -0.036794651899286
0.059348273967504 -0.037523303543914
0.061846659978068 -0.038240823100210
0.064393094439905 -0.038946873879578
0.066987298107781 -0.039641197828523
0.069628986498028 -0.040323649350168
0.072317869919747 -0.040994185393451
0.075053653506568 -0.041652868333536
0.077836037248992 -0.042299883781987
0.080664716027288 -0.042935520085065
0.083539379644950 -0.043560176201609
0.086459712862719 -0.044174332093522
0.089425395433148 -0.044778606137230
0.092436102135723 -0.045373866876278
0.095491502812526 -0.045961160445654
0.098591262404443 -0.046541456966961
0.101735040987902 -0.047115328933943
0.104922493812155 -0.047683366959064
0.108153271337080 -0.048245710008540
0.111427019271514 -0.048801890705218
0.114743378612105 -0.049351409062988
0.118101985682679 -0.049893894568224
0.121502472174122 -0.050429097284575
0.124944465184770 -0.050956791803504
0.128427587261303 -0.051476730169007
0.131951456440133 -0.051988650077401
0.135515686289294 -0.052492315097630
0.139119885950819 -0.052987527553830
0.142763660183598 -0.053474141228764
0.146446609406726 -0.053952034562302
0.150168329743317 -0.054421019151441
0.153928413064796 -0.054880787458219
0.157726447035656 -0.055331020578099
0.161562015158669 -0.055771392437572
0.165434696820571 -0.056201488077907
0.169344067338174 -0.056620875680520
0.173289698004947 -0.057029125395586
0.177271156138025 -0.057425827227695
0.181288005125655 -0.057810588821470
0.185339804475081 -0.058183023249299
0.189426109860845 -0.058542748407234
0.193546473173511 -0.058889387634965
0.197700442568812 -0.059222567639757
0.201887562517192 -0.059541922196800
0.206107373853763 -0.059847233773628
0.210359413828660 -0.060138496719393
0.214643216157784 -0.060415741354696
0.218958311073935 -0.060679019237376
0.223304225378328 -0.060928399516700
0.227680482492486 -0.061163971497135
0.232086602510501 -0.061385844751654
0.236522102251661 -0.061594149877640
0.240986495313435 -0.061789044924522
0.245479292124814 -0.061970712252945
0.250000000000000 -0.062139355462636
0.254548123192429 -0.062295201059315
0.259123162949142 -0.062438481252486
0.263724617565473 -0.062569441768422
0.268351982440069 -0.062688346541570
0.273004750130227 -0.062795482173026
0.277682410407536 -0.062891191489136
0.282384450313836 -0.062975882825451
0.287110354217464 -0.063049990251662
0.291859603869799 -0.063113969707677
0.296631678462100 -0.063168195955298
0.301426054682609 -0.063212773052338
0.306242206773948 -0.063247766032220
0.311079606590766 -0.063273248908699
0.315937723657661 -0.063289285788938
0.320816025227350 -0.063295767007015
0.325713976339092 -0.063292483293638
0.330631039877354 -0.063279225652785
0.335566676630708 -0.063255786872424
0.340520345350965 -0.063221981829692
0.345491502812526 -0.063177673330730
0.350479603871956 -0.063122733109866
0.355484101527764 -0.063057036952275
0.360504446980385 -0.062980463145758
0.365540089692367 -0.062892878399520
0.370590477448739 -0.062794141970560
0.375655056417572 -0.062684115070806
0.380733271210709 -0.062562663378039
0.385824564944672 -0.062429661773840
0.390928379301728 -0.062285016444624
0.396044154591120 -0.062128649234582
0.401171329810437 -0.061960485437658
0.406309342707137 -0.061780454064594
0.411457629840208 -0.061588526544382
0.416615626641949 -0.061384770944288
0.421782767479884 -0.061169274971220
0.426958485718794 -0.060942135110249
0.432142213782848 -0.060703452129922
0.437333383217848 -0.060453327199357
0.442531424753567 -0.060191856837647
0.447735768366173 -0.059919144627343
0.452945843340743 -0.059635298594566
0.458161078333842 -0.059340432727948
0.463380901436184 -0.059034662704978
0.468604740235343 -0.058718109471709
0.473832021878528 -0.058390893771343
0.479062173135400 -0.058053149020105
0.484294620460935 -0.057705008648004
0.489528790058321 -0.057346632339667
0.494764107941877 -0.056978201311645
0.500000000000000 -0.056599901618686
0.505235892058122 -0.056211921376688
0.510471209941678 -0.055814462813996
0.515705379539064 -0.055407806039337
0.520937826864600 -0.054992274505570
0.526167978121472 -0.054568193204374
0.531395259764656 -0.054135896161861
0.536619098563816 -0.053695713344449
0.541838921666157 -0.053247964685560
0.547054156659257 -0.052792969832943
0.552264231633827 -0.052331048218383
0.557468575246433 -0.051862522391375
0.562666616782152 -0.051387719947286
0.567857786217152 -0.050906981897952
0.573041514281206 -0.050420654174514
0.578217232520115 -0.049929079779344
0.583384373358051 -0.049432606875793
0.588542370159791 -0.048931561674372
0.593690657292862 -0.048426236763378
0.598828670189563 -0.047916918669099
0.603955845408879 -0.047403897645053
0.609071620698271 -0.046887454380177
0.614175435055328 -0.046367784841351
0.619266728789290 -0.045845003882977
0.624344943582427 -0.045319227949989
0.629409522551260 -0.044790571857343
0.634459910307633 -0.044259161227759
0.639495553019614 -0.043725128691989
0.644515898472235 -0.043188621804898
0.649520396128043 -0.042649783792793
0.654508497187474 -0.042108758234620
0.659479654649035 -0.041565694781888
0.664433323369291 -0.041020730533320
0.669368960122646 -0.040474014186474
0.674286023660907 -0.039925688058204
0.679183974772650 -0.039375895324669
0.684062276342339 -0.038824768586254
0.688920393409233 -0.038272442758873
0.693757793226051 -0.037719047027837
0.698573945317390 -0.037164718129264
0.703368321537900 -0.036609664389616
0.708140396130200 -0.036054135320732
0.712889645782536 -0.035498389577046
0.717615549686163 -0.034942671081877
0.722317589592464 -0.034387241780028
0.726995249869773 -0.033832372674999
0.731648017559930 -0.033278332136960
0.736275382434527 -0.032725380783440
0.740876837050857 -0.032173774521194
0.745451876807570 -0.031623758924967
0.750000000000000 -0.031075571755718
0.754520707875185 -0.030529449000055
0.759013504686565 -0.029985621711078
0.763477897748338 -0.029444312815952
0.767913397489498 -0.028905741705724
0.772319517507513 -0.028370124080079
0.776695774621672 -0.027837670653232
0.781041688926065 -0.027308580635387
0.785356783842216 -0.026783051481878
0.789640586171339 -0.026261278005753
0.793892626146236 -0.025743439742734
0.798112437482808 -0.025229710066610
0.802299557431187 -0.024720254534178
0.806453526826488 -0.024215208434930
0.810573890139155 -0.023714644107895
0.814660195524918 -0.023218634180884
0.818711994874345 -0.022727240939317
0.822728843861975 -0.022240534532778
0.826710301995052 -0.021758582778315
0.830655932661826 -0.021281452755909
0.834565303179429 -0.020809205408671
0.838437984841330 -0.020341902250932
0.842273552964344 -0.019879601236935
0.846071586935203 -0.019422359650197
0.849831670256683 -0.018970234322047
0.853553390593274 -0.018523279429499
0.857236339816401 -0.018081542668879
0.860880114049181 -0.017645076360784
0.864484313710706 -0.017213929057061
0.868048543559867 -0.016788146108031
0.871572412738697 -0.016367772073670
0.875055534815230 -0.015952847370053
0.878497527825878 -0.015543418040095
0.881898014317321 -0.015139519668019
0.885256621387894 -0.014741190472059
0.888572980728485 -0.014348467117385
0.891846728662920 -0.013961382331022
0.895077506187845 -0.013579967294430
0.898264959012098 -0.013204259173541
0.901408737595557 -0.012834282807341
0.904508497187474 -0.012469927726852
0.907563897864277 -0.012110956702045
0.910574604566852 -0.011757152291539
0.913540287137281 -0.011408309153115
0.916460620355049 -0.011064251929782
0.919335283972712 -0.010724815598942
0.922163962751007 -0.010389865156310
0.924946346493432 -0.010059280304677
0.927682130080253 -0.009732958433881
0.930371013501972 -0.009410819416942
0.933012701892219 -0.009092799268843
0.935606905560095 -0.008778848649018
0.938153340021932 -0.008468935475971
0.940651726032496 -0.008163045207766
0.943101789615607 -0.007861175789911
0.945503262094184 -0.007563340293705
0.947855880119706 -0.007269564187026
0.950159385701097 -0.006979889416011
0.952413526233010 -0.006694365542362
0.954618054523534 -0.006413057321105
0.956772728821300 -0.006136033925283
0.958877312841991 -0.005863383472263
0.960931575794250 -0.005595197242334
0.962935292404997 -0.005331577347535
0.964888242944126 -0.005072630966412
0.966790213248601 -0.004818475180156
0.968640994745946 -0.004569232166709
0.970440384477113 -0.004325031990552
0.972188185118740 -0.004086007106505
0.973884205004793 -0.003852296101660
0.975528258147577 -0.003624041534668
0.977120164258138 -0.003401385520050
0.978659748766034 -0.003184478155669
0.980146842838471 -0.002973466345807
0.981581283398829 -0.002768500686246
0.982962913144534 -0.002569733295200
0.984291580564316 -0.002377310193146
0.985567139954818 -0.002191387771496
0.986789451436580 -0.002012107424127
0.987958380969374 -0.001839617946299
0.989073800366903 -0.001674063270560
0.990135587310861 -0.001515587067312
0.991143625364344 -0.001364323882371
0.992097803984621 -0.001220408649119
0.992998018535252 -0.001083969666988
0.993844170297569 -0.000955130475373
0.994636166481494 -0.000834015590219
0.995373920235722 -0.000720731565854
0.996057350657239 -0.000615388843700
0.996686382800198 -0.000518088094652
0.997260947684137 -0.000428923816445
0.997780982301540 -0.000347979912907
0.998246429624752 -0.000275338577020
0.998657238612229 -0.000211073144359
0.999013364214136 -0.000155244788987
0.999314767377287 -0.000107907530671
0.999561415049429 -0.000069114678754
0.999753280182866 -0.000038899143557
0.999890341737423 -0.000017295401990
0.999972584682756 -0.000004324806207
1.000000000000000 0.000000000000000
