1.000000000000000 0.000000000000000
0.999972584682756 0.000009462671304
0.999890341737423 0.000037841761624
0.999753280182866 0.000085128447817
0.999561415049429 0.000151296078103
0.999314767377287 0.000236318130766
0.999013364214136 0.000340156281481
0.998657238612229 0.000462760446154
0.998246429624752 0.000604074798472
0.997780982301540 0.000764037812214
0.997260947684137 0.000942576356425
0.996686382800198 0.001139605777145
0.996057350657239 0.001355041866230
0.995373920235722 0.001588783102872
0.994636166481494 0.001840728566112
0.993844170297569 0.002110760234405
0.992998018535252 0.002398760867844
0.992097803984621 0.002704602265639
0.991143625364344 0.003028151292650
0.990135587310861 0.003369258236567
0.989073800366903 0.003727774607196
0.987958380969374 0.004103547345019
0.986789451436580 0.004496407266507
0.985567139954818 0.004906186779195
0.984291580564316 0.005332702520862
0.982962913144534 0.005775778804116
0.981581283398829 0.006235224496326
0.980146842838472 0.006710833307316
0.978659748766034 0.007202424321770
0.977120164258138 0.007709772983293
0.975528258147577 0.008232668956311
0.973884205004793 0.008770904643714
0.972188185118741 0.009324252545353
0.970440384477113 0.009892488327759
0.968640994745946 0.010475379618169
0.966790213248601 0.011072691893863
0.964888242944126 0.011684183050766
0.962935292404997 0.012309614844096
0.960931575794250 0.012948741844973
0.958877312841991 0.013601317256592
0.956772728821300 0.014267076545976
0.954618054523534 0.014945781922863
0.952413526233010 0.015637167234393
0.950159385701097 0.016340971412764
0.947855880119706 0.017056938558410
0.945503262094184 0.017784812606360
0.943101789615607 0.018524315970335
0.940651726032496 0.019275187733190
0.938153340021932 0.020037167463442
0.935606905560095 0.020809990101689
0.933012701892219 0.021593375678767
0.930371013501972 0.022387071993335
0.927682130080253 0.023190807025848
0.924946346493432 0.024004310476151
0.922163962751008 0.024827319147583
0.919335283972712 0.025659571816462
0.916460620355050 0.026500799181808
0.913540287137281 0.027350739573632
0.910574604566852 0.028209133991137
0.907563897864277 0.029075726202063
0.904508497187474 0.029950247875256
0.901408737595557 0.030832454164702
0.898264959012098 0.031722093443469
0.895077506187845 0.032618907810978
0.891846728662920 0.033522658043497
0.888572980728485 0.034433089141736
0.885256621387895 0.035349974841900
0.881898014317321 0.036273068587777
0.878497527825878 0.037202133388875
0.875055534815230 0.038136951287246
0.871572412738697 0.039077284973809
0.868048543559867 0.040022916554471
0.864484313710706 0.040973628331754
0.860880114049181 0.041929212630136
0.857236339816402 0.042889453224702
0.853553390593274 0.043854148741052
0.849831670256683 0.044823102954880
0.846071586935203 0.045796120235609
0.842273552964344 0.046773010683902
0.838437984841330 0.047753587238679
0.834565303179429 0.048737684623781
0.830655932661826 0.049725125771541
0.826710301995053 0.050715745404803
0.822728843861975 0.051709375933930
0.818711994874345 0.052705845496167
0.814660195524919 0.053704997936111
0.810573890139155 0.054706724433169
0.806453526826488 0.055710922869931
0.802299557431188 0.056717504162572
0.798112437482808 0.057726236329420
0.793892626146237 0.058736711583401
0.789640586171339 0.059748502469794
0.785356783842216 0.060761164214223
0.781041688926065 0.061774175021879
0.776695774621672 0.062786954196316
0.772319517507513 0.063798924177254
0.767913397489498 0.064809500427633
0.763477897748339 0.065818106415784
0.759013504686565 0.066824160559243
0.754520707875186 0.067827077870629
0.750000000000000 0.068826251976577
0.745451876807570 0.069821077724001
0.740876837050858 0.070810931213607
0.736275382434527 0.071795190128166
0.731648017559931 0.072773222428724
0.726995249869773 0.073744380770884
0.722317589592464 0.074708011964618
0.717615549686164 0.075663457930220
0.712889645782536 0.076610066217510
0.708140396130201 0.077547205328386
0.703368321537900 0.078474243333378
0.698573945317390 0.079390542248651
0.693757793226052 0.080295565136375
0.688920393409234 0.081189172768148
0.684062276342339 0.082071343806044
0.679183974772650 0.082942067221751
0.674286023660908 0.083801338361176
0.669368960122646 0.084649156537412
0.664433323369292 0.085485520799738
0.659479654649035 0.086310445643428
0.654508497187474 0.087123939960114
0.649520396128043 0.087926031863180
0.644515898472236 0.088716738328989
0.639495553019615 0.089496077049230
0.634459910307633 0.090264085574669
0.629409522551260 0.091020798689879
0.624344943582428 0.091766328347610
0.619266728789291 0.092500838496916
0.614175435055328 0.093224504550916
0.609071620698271 0.093937518732604
0.603955845408880 0.094640010431985
0.598828670189563 0.095331701661724
0.593690657292862 0.096012142858036
0.588542370159792 0.096680883867946
0.583384373358051 0.097337481931007
0.578217232520115 0.097981428527962
0.573041514281206 0.098612004266161
0.567857786217152 0.099228442606916
0.562666616782152 0.099829974552958
0.557468575246433 0.100415842008452
0.552264231633827 0.100985311830589
0.547054156659257 0.101537727673430
0.541838921666158 0.102072442661622
0.536619098563816 0.102588820393852
0.531395259764657 0.103086226212910
0.526167978121472 0.103563992111221
0.520937826864600 0.104021375391630
0.515705379539064 0.104457638547804
0.510471209941678 0.104872051526495
0.505235892058123 0.105263896313602
0.500000000000000 0.105632743313483
0.494764107941877 0.105978599215871
0.489528790058322 0.106301508851696
0.484294620460936 0.106601527697318
0.479062173135400 0.106878723207064
0.473832021878528 0.107133270224726
0.468604740235343 0.107365496207318
0.463380901436184 0.107575746885232
0.458161078333842 0.107764371192331
0.452945843340743 0.107931725491401
0.447735768366173 0.108078135457377
0.442531424753567 0.108203890049899
0.437333383217848 0.108309280286193
0.432142213782848 0.108394603610867
0.426958485718794 0.108460163853328
0.421782767479885 0.108506308626909
0.416615626641949 0.108533431530910
0.411457629840209 0.108541932495589
0.406309342707138 0.108532215360391
0.401171329810437 0.108504667621805
0.396044154591120 0.108459332585786
0.390928379301729 0.108395962505684
0.385824564944672 0.108314312255785
0.380733271210710 0.108214147328995
0.375655056417573 0.108095239425616
0.370590477448740 0.107957299914055
0.365540089692367 0.107800013306693
0.360504446980385 0.107623075649099
0.355484101527764 0.107426200602574
0.350479603871957 0.107209123731966
0.345491502812526 0.106971631789553
0.340520345350965 0.106713537652832
0.335566676630708 0.106434670987805
0.330631039877354 0.106134872861020
0.325713976339092 0.105813975880415
0.320816025227350 0.105471771146947
0.315937723657661 0.105108065300403
0.311079606590766 0.104722675811240
0.306242206773949 0.104315465994434
0.301426054682610 0.103886560045220
0.296631678462100 0.103436266774366
0.291859603869799 0.102964901908562
0.287110354217464 0.102472790569999
0.282384450313836 0.101960353279394
0.277682410407536 0.101428214247103
0.273004750130227 0.100877028717685
0.268351982440069 0.100307457306301
0.263724617565473 0.099720143391694
0.259123162949143 0.099115687031350
0.254548123192430 0.098494657376277
0.250000000000000 0.097857635318604
0.245479292124815 0.097205190044267
0.240986495313435 0.096537893625765
0.236522102251661 0.095856319735623
0.232086602510502 0.095161032198997
0.227680482492487 0.094452597914897
0.223304225378328 0.093731617194512
0.218958311073935 0.092998711686449
0.214643216157784 0.092254503952583
0.210359413828661 0.091499604505507
0.206107373853763 0.090734482104099
0.201887562517192 0.089959464063854
0.197700442568813 0.089174885094595
0.193546473173512 0.088381026485583
0.189426109860845 0.087577567841866
0.185339804475081 0.086763832890362
0.181288005125655 0.085939198280000
0.177271156138025 0.085103118207691
0.173289698004947 0.084255198736500
0.169344067338174 0.083395118887862
0.165434696820571 0.082522603457218
0.161562015158670 0.081637409255132
0.157726447035656 0.080739332585652
0.153928413064797 0.079828205433007
0.150168329743317 0.078903916693191
0.146446609406726 0.077966422224600
0.142763660183598 0.077015712604341
0.139119885950819 0.076051837042629
0.135515686289294 0.075074889315898
0.131951456440133 0.074085013003277
0.128427587261303 0.073082386758349
0.124944465184770 0.072067255436787
0.121502472174122 0.071039899216288
0.118101985682679 0.070000647069933
0.114743378612105 0.068949857313781
0.111427019271515 0.067887958141441
0.108153271337080 0.066815389414366
0.104922493812155 0.065732656234266
0.101735040987902 0.064640297298133
0.098591262404443 0.063538905276650
0.095491502812526 0.062429426822144
0.092436102135723 0.061313093626730
0.089425395433148 0.060191151038196
0.086459712862719 0.059064718080195
0.083539379644950 0.057934862430037
0.080664716027288 0.056802624686893
0.077836037248993 0.055668976339767
0.075053653506568 0.054534850142578
0.072317869919747 0.053401138639664
0.069628986498028 0.052268678637873
0.066987298107781 0.051138310342794
0.064393094439905 0.050010849334386
0.061846659978068 0.048887087863871
0.059348273967504 0.047767712746601
0.056898210384393 0.046653298154579
0.054496737905816 0.045544720044312
0.052144119880294 0.044443181597112
0.049840614298903 0.043348867431827
0.047586473766990 0.042259993485158
0.045381945476466 0.041173979910422
0.043227271178700 0.040086639743704
0.041122687158010 0.038994472004094
0.039068424205750 0.037895645636641
0.037064707595003 0.036789169197783
0.035111757055874 0.035674946964796
0.033209786751399 0.034553643689937
0.031359005254054 0.033426741108166
0.029559615522887 0.032296204551944
0.027811814881260 0.031164450974355
0.026115794995207 0.030034293365491
0.024471741852423 0.028908722982655
0.022879835741862 0.027789524570113
0.021340251233966 0.026677676569655
0.019853157161529 0.025573842153457
0.018418716601171 0.024478553561968
0.017037086855466 0.023392286719789
0.015708419435685 0.022315521911627
0.014432860045182 0.021248607444033
0.013210548563420 0.020191925084538
0.012041619030626 0.019145778224581
0.010926199633097 0.018110506123796
0.009864412689139 0.017086311901009
0.008856374635656 0.016073535951745
0.007902196015379 0.015072337698915
0.007001981464748 0.014082975774705
0.006155829702431 0.013105657567101
0.005363833518506 0.012140560212598
0.004626079764278 0.011187885333896
0.003942649342761 0.010247787754298
0.003313617199802 0.009320410971463
0.002739052315863 0.008405967336693
0.002219017698460 0.007504571747943
0.001753570375248 0.006616367377879
0.001342761387771 0.005741475246043
0.000986635785864 0.004880036972348
0.000685232622713 0.004032172346537
0.000438584950571 0.003197939663960
0.000246719817134 0.002377548142551
0.000109658262577 0.001571011981464
0.000027415317244 0.000778525512743
0.000000000000000 0.000000000000000
0.000027415317244 -0.000764295722715
0.000109658262577 -0.001514343844876
0.000246719817134 -0.002249952721216
0.000438584950571 -0.002972023566362
0.000685232622713 -0.003685693328619
0.000986635785864 -0.004395135968737
0.001342761387771 -0.005101928995544
0.001753570375248 -0.005806722313561
0.002219017698460 -0.006509807953945
0.002739052315863 -0.007211257893578
0.003313617199802 -0.007911011637693
0.003942649342761 -0.008608958385543
0.004626079764278 -0.009304894383641
0.005363833518506 -0.009998638908592
0.006155829702431 -0.010689882319816
0.007001981464748 -0.011378389889883
0.007902196015379 -0.012063801945750
0.008856374635656 -0.012745755652785
0.009864412689139 -0.013423889969788
0.010926199633097 -0.014097694322011
0.012041619030626 -0.014766759388699
0.013210548563420 -0.015430453626557
0.014432860045182 -0.016088249970178
0.015708419435684 -0.016739368451191
0.017037086855466 -0.017383102430872
0.018418716601171 -0.018018473907253
0.019853157161528 -0.018644508189438
0.021340251233966 -0.019259905911962
0.022879835741862 -0.019863295013766
0.024471741852423 -0.020452785213480
0.026115794995207 -0.021026272144454
0.027811814881259 -0.021581012785003
0.029559615522887 -0.022114112228843
0.031359005254054 -0.022623103196069
0.033209786751399 -0.023105792767024
0.035111757055874 -0.023560723659153
0.037064707595003 -0.023986939010380
0.039068424205750 -0.024384553960985
0.041122687158009 -0.024754395981428
0.043227271178699 -0.025098418669341
0.045381945476466 -0.025419578018442
0.047586473766990 -0.025722715202101
0.049840614298903 -0.026013269301090
0.052144119880293 -0.026295194589591
0.054496737905816 -0.026571792852785
0.056898210384393 -0.026843164802245
0.059348273967504 -0.027108296967787
0.061846659978068 -0.027366741464810
0.064393094439905 -0.027618407728568
0.066987298107781 -0.027863106903922
0.069628986498028 -0.028100521572374
0.072317869919747 -0.028330363455816
0.075053653506568 -0.028552382198332
0.077836037248992 -0.028766362584768
0.080664716027288 -0.028972071337149
0.083539379644950 -0.029169285279990
0.086459712862719 -0.029357789834593
0.089425395433148 -0.029537367763587
0.092436102135723 -0.029707819622988
0.095491502812526 -0.029868949922495
0.098591262404443 -0.030020570235985
0.101735040987902 -0.030162492174368
0.104922493812155 -0.030294419991454
0.108153271337080 -0.030416026574803
0.111427019271514 -0.030526995747638
0.114743378612105 -0.030627012785398
0.118101985682679 -0.030715773288436
0.121502472174122 -0.030792993236561
0.124944465184770 -0.030858413877392
0.128427587261303 -0.030911792638056
0.131951456440133 -0.030952906620917
0.135515686289294 -0.030981556518946
0.139119885950819 -0.030997560930642
0.142763660183598 -0.031000760912209
0.146446609406726 -0.030991025304121
0.150168329743317 -0.030968243098868
0.153928413064796 -0.030932327068744
0.157726447035656 -0.030883220133004
0.161562015158669 -0.030820888687834
0.165434696820571 -0.030745322186937
0.169344067338174 -0.030656541293583
0.173289698004947 -0.030554592974546
0.177271156138025 -0.030439549209150
0.181288005125655 -0.030311512561658
0.185339804475081 -0.030170621361489
0.189426109860845 -0.030017036589613
0.193546473173511 -0.029850946689156
0.197700442568812 -0.029672558453831
0.201887562517192 -0.029482105288833
0.206107373853763 -0.029279845888012
0.210359413828660 -0.029066038960373
0.214643216157784 -0.028840942404064
0.218958311073935 -0.028604832831092
0.223304225378328 -0.028358013139500
0.227680482492486 -0.028100805631622
0.232086602510501 -0.027833559555739
0.236522102251661 -0.027556645263783
0.240986495313435 -0.027270458334952
0.245479292124814 -0.026975413707320
0.250000000000000 -0.026671952060158
0.254548123192429 -0.026360535483281
0.259123162949142 -0.026041646101101
0.263724617565473 -0.025715773580892
0.268351982440069 -0.025383417120926
0.273004750130227 -0.025045101637119
0.277682410407536 -0.024701375214709
0.282384450313836 -0.024352851450575
0.287110354217464 -0.024000198384296
0.291859603869799 -0.023644101882338
0.296631678462100 -0.023285267697980
0.301426054682609 -0.022924170981610
0.306242206773948 -0.022561019664426
0.311079606590766 -0.022196010687596
0.315937723657661 -0.021829345323864
0.320816025227350 -0.021461185489831
0.325713976339092 -0.021091568098904
0.330631039877354 -0.020720505783309
0.335566676630708 -0.020348013288500
0.340520345350965 -0.019974102674113
0.345491502812526 -0.019598816146570
0.350479603871956 -0.019222210184946
0.355484101527764 -0.018844347546594
0.360504446980385 -0.018465287227967
0.365540089692367 -0.018085087686683
0.370590477448739 -0.017703802127130
0.375655056417572 -0.017321481229658
0.380733271210709 -0.016938175812152
0.385824564944672 -0.016553938112022
0.390928379301728 -0.016168816589417
0.396044154591120 -0.015782859910457
0.401171329810437 -0.015396112324026
0.406309342707137 -0.015008621622285
0.411457629840208 -0.014620434430253
0.416615626641949 -0.014231575095092
0.421782767479884 -0.013842068204729
0.426958485718794 -0.013451930857867
0.432142213782848 -0.013061183366429
0.437333383217848 -0.012669847469751
0.442531424753567 -0.012277954389087
0.447735768366173 -0.011885535818380
0.452945843340743 -0.011492625481665
0.458161078333842 -0.011099255344461
0.463380901436184 -0.010705447194807
0.468604740235343 -0.010311203173186
0.473832021878528 -0.009916519192939
0.479062173135400 -0.009521390748948
0.484294620460935 -0.009125815206981
0.489528790058321 -0.008729846353940
0.494764107941877 -0.008333615638093
0.500000000000000 -0.007937262046719
0.505235892058122 -0.007540927802212
0.510471209941678 -0.007144758403194
0.515705379539064 -0.006749077686859
0.520937826864600 -0.006354376364655
0.526167978121472 -0.005961151464938
0.531395259764656 -0.005569896836007
0.536619098563816 -0.005181103381218
0.541838921666157 -0.004795214980929
0.547054156659257 -0.004412655476987
0.552264231633827 -0.004033842623102
0.557468575246433 -0.003659190116675
0.562666616782152 -0.003289111952624
0.567857786217152 -0.002924049879148
0.573041514281206 -0.002564451024991
0.578217232520115 -0.002210756428621
0.583384373358051 -0.001863399692317
0.588542370159791 -0.001522775011605
0.593690657292862 -0.001189180134354
0.598828670189563 -0.000862890499558
0.603955845408879 -0.000544176163219
0.609071620698271 -0.000233294490239
0.614175435055328 0.000069668568402
0.619266728789290 0.000364822622024
0.624344943582427 0.000652288301465
0.629409522551260 0.000932188519418
0.634459910307633 0.001204641861878
0.639495553019614 0.001469733458700
0.644515898472235 0.001727535735037
0.649520396128043 0.001978124227672
0.654508497187474 0.002221574306778
0.659479654649035 0.002457968402839
0.664433323369291 0.002687390211540
0.669368960122646 0.002909928269731
0.674286023660907 0.003125671518004
0.679183974772650 0.003334713591973
0.684062276342339 0.003537169713781
0.688920393409233 0.003733160371032
0.693757793226051 0.003922809475182
0.698573945317390 0.004106231924428
0.703368321537900 0.004283395686574
0.708140396130200 0.004454147620009
0.712889645782536 0.004618339628726
0.717615549686163 0.004775829935164
0.722317589592464 0.004926460612140
0.726995249869773 0.005070044390030
0.731648017559930 0.005206401437623
0.736275382434527 0.005335363530276
0.740876837050857 0.005456778636604
0.745451876807570 0.005570515652383
0.750000000000000 0.005676455471914
0.754520707875185 0.005774488203761
0.759013504686565 0.005864515159771
0.763477897748338 0.005946445489332
0.767913397489498 0.006020199278241
0.772319517507513 0.006085707277564
0.776695774621672 0.006142908629870
0.781041688926065 0.006191750917144
0.785356783842216 0.006232192140772
0.789640586171339 0.006264204254695
0.793892626146236 0.006287785271941
0.798112437482808 0.006302950182818
0.802299557431187 0.006309724579319
0.806453526826488 0.006308247487433
0.810573890139155 0.006298862840759
0.814660195524918 0.006281932120313
0.818711994874345 0.006257808335966
0.822728843861975 0.006226825854663
0.826710301995052 0.006189307429452
0.830655932661826 0.006145570657700
0.834565303179429 0.006095928905758
0.838437984841330 0.006040692653641
0.842273552964344 0.005980165728547
0.846071586935203 0.005914645155762
0.849831670256683 0.005844421274628
0.853553390593274 0.005769776457777
0.857236339816401 0.005690988847243
0.860880114049181 0.005608328516168
0.864484313710706 0.005522059865045
0.868048543559867 0.005432440896848
0.871572412738697 0.005339722415813
0.875055534815230 0.005244149872959
0.878497527825878 0.005145960503422
0.881898014317321 0.005045386844045
0.885256621387894 0.004942653437292
0.888572980728485 0.004837979539657
0.891846728662920 0.004731577119249
0.895077506187845 0.004623653229775
0.898264959012098 0.004514406240904
0.901408737595557 0.004404030014718
0.904508497187474 0.004292711924969
0.907563897864277 0.004180633104891
0.910574604566852 0.004067968720009
0.913540287137281 0.003954886988928
0.916460620355049 0.003841551585661
0.919335283972712 0.003728119455596
0.922163962751007 0.003614742784439
0.924946346493432 0.003501565831233
0.927682130080253 0.003388730005211
0.930371013501972 0.003276370345476
0.933012701892219 0.003164614618706
0.935606905560095 0.003053588151829
0.938153340021932 0.002943409259224
0.940651726032496 0.002834191948294
0.943101789615607 0.002726045095077
0.945503262094184 0.002619073652306
0.947855880119706 0.002513374994892
0.950159385701097 0.002409046274333
0.952413526233010 0.002306175630345
0.954618054523534 0.002204850013014
0.956772728821300 0.002105151363695
0.958877312841991 0.002007157574577
0.960931575794250 0.001910940586163
0.962935292404997 0.001816572162009
0.964888242944126 0.001724118225998
0.966790213248601 0.001633640379819
0.968640994745946 0.001545197246214
0.970440384477113 0.001458845622171
0.972188185118740 0.001374638027259
0.973884205004793 0.001292623111389
0.975528258147577 0.001212848048537
0.977120164258138 0.001135355273328
0.978659748766034 0.001060186481260
0.980146842838471 0.000987380078854
0.981581283398829 0.000916970778764
0.982962913144534 0.000848992436577
0.984291580564316 0.000783476235071
0.985567139954818 0.000720451539512
0.986789451436580 0.000659943583168
0.987958380969374 0.000601978583094
0.989073800366903 0.000546579312049
0.990135587310861 0.000493766163771
0.991143625364344 0.000443559904118
0.992097803984621 0.000395977865618
0.992998018535252 0.000351037077155
0.993844170297569 0.000308752871621
0.994636166481494 0.000269137497295
0.995373920235722 0.000232204661826
0.996057350657239 0.000197966427274
0.996686382800198 0.000166431584903
0.997260947684137 0.000137610452277
0.997780982301540 0.000111510736602
0.998246429624752 0.000088139372368
0.998657238612229 0.000067503492238
0.999013364214136 0.000049608469942
0.999314767377287 0.000034457795454
0.999561415049429 0.000022056894086
0.999753280182866 0.000012409369359
0.999890341737423 0.000005515765743
0.999972584682756 0.000001378989583
1.000000000000000 0.000000000000000
