1.000000000000000 0.000000000000000
0.999972584682756 0.000001375612080
0.999890341737423 0.000005523821130
0.999753280182866 0.000012511335183
0.999561415049429 0.000022448735438
0.999314767377287 0.000035488598064
0.999013364214136 0.000051824111571
0.998657238612229 0.000071691449861
0.998246429624752 0.000095360690265
0.997780982301540 0.000123140587036
0.997260947684137 0.000155369442640
0.996686382800198 0.000192418643033
0.996057350657239 0.000234681085816
0.995373920235722 0.000282578235020
0.994636166481494 0.000336542215019
0.993844170297569 0.000397023990431
0.992998018535252 0.000464483743518
0.992097803984621 0.000539379522661
0.991143625364344 0.000622173517000
0.990135587310861 0.000713317513587
0.989073800366903 0.000813247863004
0.987958380969374 0.000922383914617
0.986789451436580 0.001041114756445
0.985567139954818 0.001169794296127
0.984291580564316 0.001308735356080
0.982962913144534 0.001458236400581
0.981581283398829 0.001618639924867
0.980146842838472 0.001790322713837
0.978659748766034 0.001973627915572
0.977120164258138 0.002168865771876
0.975528258147577 0.002376317852742
0.973884205004793 0.002596217191257
0.972188185118741 0.002828764532967
0.970440384477113 0.003074095093866
0.968640994745946 0.003332309116460
0.966790213248601 0.003603430116327
0.964888242944126 0.003887400931738
0.962935292404997 0.004184287699875
0.960931575794250 0.004494282790824
0.958877312841991 0.004817630913549
0.956772728821300 0.005154584638881
0.954618054523534 0.005505370180231
0.952413526233010 0.005870189544214
0.950159385701097 0.006249231659356
0.947855880119706 0.006642673757612
0.945503262094184 0.007050669505768
0.943101789615607 0.007473341990066
0.940651726032496 0.007910782409011
0.938153340021932 0.008363137474209
0.935606905560095 0.008830580843657
0.933012701892219 0.009313348145842
0.930371013501972 0.009811715323843
0.927682130080253 0.010325940763653
0.924946346493432 0.010856270087697
0.922163962751008 0.011402943720262
0.919335283972712 0.011966200524277
0.916460620355050 0.012546283768242
0.913540287137281 0.013143416309491
0.910574604566852 0.013757830875964
0.907563897864277 0.014389719965165
0.904508497187474 0.015039277619699
0.901408737595557 0.015706645813611
0.898264959012098 0.016391945221558
0.895077506187845 0.017095285149764
0.891846728662920 0.017816762813822
0.888572980728485 0.018556453967822
0.885256621387895 0.019314422354318
0.881898014317321 0.020090719786498
0.878497527825878 0.020885370969560
0.875055534815230 0.021698392699322
0.871572412738697 0.022529778037764
0.868048543559867 0.023379536479611
0.864484313710706 0.024247683528393
0.860880114049181 0.025134223962888
0.857236339816402 0.026039147087907
0.853553390593274 0.026962407776293
0.849831670256683 0.027903959679755
0.846071586935203 0.028863747432786
0.842273552964344 0.029841723202765
0.838437984841330 0.030837817138626
0.834565303179429 0.031851847241700
0.830655932661826 0.032883520991872
0.826710301995053 0.033932510071636
0.822728843861975 0.034998355988920
0.818711994874345 0.036080430538367
0.814660195524919 0.037178061263119
0.810573890139155 0.038290562070540
0.806453526826488 0.039417385126541
0.802299557431188 0.040557976739368
0.798112437482808 0.041711698923789
0.793892626146237 0.042877314653520
0.789640586171339 0.044053221408334
0.785356783842216 0.045237725131866
0.781041688926065 0.046428807551208
0.776695774621672 0.047623753819647
0.772319517507513 0.048819685256308
0.767913397489498 0.050013603905569
0.763477897748339 0.051202454681527
0.759013504686565 0.052383115176865
0.754520707875186 0.053552380550599
0.750000000000000 0.054707095838697
0.745451876807570 0.055845018823096
0.740876837050858 0.056964337162627
0.736275382434527 0.058063219787044
0.731648017559931 0.059139785700264
0.726995249869773 0.060191945561763
0.722317589592464 0.061217520708231
0.717615549686164 0.062214307167616
0.712889645782536 0.063180259637322
0.708140396130201 0.064114798863465
0.703368321537900 0.065018050528472
0.698573945317390 0.065890177987691
0.693757793226052 0.066731400503313
0.688920393409234 0.067542854473873
0.684062276342339 0.068326499481810
0.679183974772650 0.069084372378613
0.674286023660908 0.069818553512812
0.669368960122646 0.070530844300839
0.664433323369292 0.071222321836313
0.659479654649035 0.071893993440165
0.654508497187474 0.072546886537225
0.649520396128043 0.073182021104653
0.644515898472236 0.073800038436968
0.639495553019615 0.074401358922054
0.634459910307633 0.074986407023003
0.629409522551260 0.075555633667572
0.624344943582428 0.076109465914339
0.619266728789291 0.076648241750926
0.614175435055328 0.077172293214903
0.609071620698271 0.077681966562051
0.603955845408880 0.078177617547072
0.598828670189563 0.078659435638059
0.593690657292862 0.079127396942079
0.588542370159792 0.079581465959917
0.583384373358051 0.080021614747818
0.578217232520115 0.080447824914635
0.573041514281206 0.080860159311472
0.567857786217152 0.081258734481694
0.562666616782152 0.081643679477719
0.557468575246433 0.082015131100732
0.552264231633827 0.082373237157370
0.547054156659257 0.082718193717844
0.541838921666158 0.083050223996771
0.536619098563816 0.083369560928297
0.531395259764657 0.083676443164935
0.526167978121472 0.083971096708717
0.520937826864600 0.084253649684527
0.515705379539064 0.084524189350982
0.510471209941678 0.084782808654116
0.505235892058123 0.085029606825006
0.500000000000000 0.085264671155605
0.494764107941877 0.085488009223328
0.489528790058322 0.085699602075858
0.484294620460936 0.085899438532449
0.479062173135400 0.086087510071893
0.473832021878528 0.086263817518869
0.468604740235343 0.086428380757738
0.463380901436184 0.086581227704542
0.458161078333842 0.086722393004344
0.452945843340743 0.086851915137937
0.447735768366173 0.086969836175837
0.442531424753567 0.087076203191817
0.437333383217848 0.087171067312627
0.432142213782848 0.087254483601095
0.426958485718794 0.087326512665204
0.421782767479885 0.087387209589011
0.416615626641949 0.087436601143102
0.411457629840209 0.087474712522572
0.406309342707138 0.087501573660732
0.401171329810437 0.087517219357398
0.396044154591120 0.087521685390783
0.390928379301729 0.087515002792729
0.385824564944672 0.087497206092765
0.380733271210710 0.087468335015005
0.375655056417573 0.087428434069370
0.370590477448740 0.087377534560846
0.365540089692367 0.087315644452057
0.360504446980385 0.087242774893441
0.355484101527764 0.087158942831318
0.350479603871957 0.087064171087780
0.345491502812526 0.086958482396980
0.340520345350965 0.086841901476289
0.335566676630708 0.086714459511412
0.330631039877354 0.086576193208430
0.325713976339092 0.086427137530701
0.320816025227350 0.086267282921879
0.315937723657661 0.086096608061963
0.311079606590766 0.085915101722899
0.306242206773949 0.085722758272901
0.301426054682610 0.085519563380783
0.296631678462100 0.085305481044396
0.291859603869799 0.085080481379486
0.287110354217464 0.084844541271155
0.282384450313836 0.084597650953037
0.277682410407536 0.084339811194568
0.273004750130227 0.084071029744817
0.268351982440069 0.083791328179681
0.263724617565473 0.083500735720562
0.259123162949143 0.083199289188431
0.254548123192430 0.082887030034980
0.250000000000000 0.082564010656047
0.245479292124815 0.082230294794329
0.240986495313435 0.081885945480568
0.236522102251661 0.081531024057782
0.232086602510502 0.081165593823218
0.227680482492487 0.080789734343202
0.223304225378328 0.080403490784355
0.218958311073935 0.080006771120688
0.214643216157784 0.079599462016964
0.210359413828661 0.079181474517628
0.206107373853763 0.078752744877183
0.201887562517192 0.078313267435732
0.197700442568813 0.077863059162704
0.193546473173512 0.077402160706583
0.189426109860845 0.076930576754677
0.185339804475081 0.076448212961089
0.181288005125655 0.075954970108569
0.177271156138025 0.075450777920299
0.173289698004947 0.074935565898282
0.169344067338174 0.074409241469004
0.165434696820571 0.073871744781063
0.161562015158670 0.073323040348854
0.157726447035656 0.072763130850169
0.153928413064797 0.072192054828387
0.150168329743317 0.071609880140882
0.146446609406726 0.071016619860340
0.142763660183598 0.070412163190102
0.139119885950819 0.069796414146836
0.135515686289294 0.069169321669727
0.131951456440133 0.068530891431073
0.128427587261303 0.067881163504001
0.124944465184770 0.067220225838577
0.121502472174122 0.066548154380219
0.118101985682679 0.065865040839649
0.114743378612105 0.065171009321227
0.111427019271515 0.064465979125571
0.108153271337080 0.063749564970605
0.104922493812155 0.063021433870545
0.101735040987902 0.062281348021467
0.098591262404443 0.061529145993623
0.095491502812526 0.060764752150131
0.092436102135723 0.059988156126133
0.089425395433148 0.059199424180254
0.086459712862719 0.058398687120967
0.083539379644950 0.057585936166472
0.080664716027288 0.056761030559805
0.077836037248993 0.055923915420594
0.075053653506568 0.055074557730297
0.072317869919747 0.054212996171421
0.069628986498028 0.053339368945372
0.066987298107781 0.052453943587663
0.064393094439905 0.051557077392747
0.061846659978068 0.050649063373862
0.059348273967504 0.049730140270514
0.056898210384393 0.048800521134405
0.054496737905816 0.047860064058604
0.052144119880294 0.046908617747352
0.049840614298903 0.045946199233952
0.047586473766990 0.044972977359129
0.045381945476466 0.043989263090398
0.043227271178700 0.042995541733500
0.041122687158010 0.041992338156349
0.039068424205750 0.040980078702994
0.037064707595003 0.039959142565230
0.035111757055874 0.038929392032731
0.033209786751399 0.037890491051652
0.031359005254054 0.036842342116751
0.029559615522887 0.035785144300251
0.027811814881260 0.034719199280141
0.026115794995207 0.033644964464331
0.024471741852423 0.032563146158251
0.022879835741862 0.031474702407088
0.021340251233966 0.030380325512320
0.019853157161529 0.029280406251266
0.018418716601171 0.028175336863982
0.017037086855466 0.027065485740717
0.015708419435685 0.025951586353410
0.014432860045182 0.024834535212871
0.013210548563420 0.023715433206944
0.012041619030626 0.022595750667013
0.010926199633097 0.021477389338287
0.009864412689139 0.020361786410096
0.008856374635656 0.019249579810235
0.007902196015379 0.018139466268737
0.007001981464748 0.017030204522988
0.006155829702431 0.015921207297328
0.005363833518506 0.014812229681312
0.004626079764278 0.013703458284151
0.003942649342761 0.012595651864856
0.003313617199802 0.011490139418751
0.002739052315863 0.010389356757608
0.002219017698460 0.009296107896952
0.001753570375248 0.008212519383718
0.001342761387771 0.007139660670661
0.000986635785864 0.006078443357888
0.000685232622713 0.005029847734080
0.000438584950571 0.003994552551440
0.000246719817134 0.002973330156762
0.000109658262577 0.001966768782976
0.000027415317244 0.000975499196369
0.000000000000000 0.000000000000000
0.000027415317244 -0.000975657955918
0.000109658262577 -0.001966809806572
0.000246719817134 -0.002973399116784
0.000438584950571 -0.003994579520139
0.000685232622713 -0.005029813969355
0.000986635785864 -0.006078427011374
0.001342761387771 -0.007139632523110
0.001753570375248 -0.008212521364274
0.002219017698460 -0.009296109752184
0.002739052315863 -0.010389343940049
0.003313617199802 -0.011490136331970
0.003942649342761 -0.012595643582993
0.004626079764278 -0.013703467220625
0.005363833518506 -0.014812225769210
0.006155829702431 -0.015921212371906
0.007001981464748 -0.017030209677800
0.007902196015379 -0.018139472501473
0.008856374635656 -0.019249571909567
0.009864412689139 -0.020361785646088
0.010926199633097 -0.021477388756621
0.012041619030626 -0.022595760390422
0.013210548563420 -0.023715446000148
0.014432860045182 -0.024834532764214
0.015708419435684 -0.025951581837920
0.017037086855466 -0.027065489696781
0.018418716601171 -0.028175331056672
0.019853157161528 -0.029280409022751
0.021340251233966 -0.030380325862052
0.022879835741862 -0.031474702981606
0.024471741852423 -0.032563151905855
0.026115794995207 -0.033644964733548
0.027811814881259 -0.034719205182676
0.029559615522887 -0.035785146798701
0.031359005254054 -0.036842351127458
0.033209786751399 -0.037890484746927
0.035111757055874 -0.038929390086821
0.037064707595003 -0.039959140740011
0.039068424205750 -0.040980082547100
0.041122687158009 -0.041992341880954
0.043227271178699 -0.042995541863490
0.045381945476466 -0.043989270107607
0.047586473766990 -0.044972978728831
0.049840614298903 -0.045946195904554
0.052144119880293 -0.046908619818537
0.054496737905816 -0.047860065187748
0.056898210384393 -0.048800522770592
0.059348273967504 -0.049730142196789
0.061846659978068 -0.050649063961822
0.064393094439905 -0.051557076917596
0.066987298107781 -0.052453949644527
0.069628986498028 -0.053339372757386
0.072317869919747 -0.054212999305557
0.075053653506568 -0.055074560057251
0.077836037248992 -0.055923913836611
0.080664716027288 -0.056761036218152
0.083539379644950 -0.057585935101324
0.086459712862719 -0.058398688515412
0.089425395433148 -0.059199428363610
0.092436102135723 -0.059988155660764
0.095491502812526 -0.060764756017569
0.098591262404443 -0.061529147773356
0.101735040987902 -0.062281349391250
0.104922493812155 -0.063021439485476
0.108153271337080 -0.063749567460528
0.111427019271514 -0.064465978644900
0.114743378612105 -0.065171012933395
0.118101985682679 -0.065865042901351
0.121502472174122 -0.066548157199782
0.124944465184770 -0.067220225949062
0.128427587261303 -0.067881164918416
0.131951456440133 -0.068530893747984
0.135515686289294 -0.069169326277117
0.139119885950819 -0.069796416734434
0.142763660183598 -0.070412163220832
0.146446609406726 -0.071016619866046
0.150168329743317 -0.071609881819117
0.153928413064796 -0.072192059134641
0.157726447035656 -0.072763132505082
0.161562015158669 -0.073323040782793
0.165434696820571 -0.073871746413007
0.169344067338174 -0.074409245005127
0.173289698004947 -0.074935568530338
0.177271156138025 -0.075450781238755
0.181288005125655 -0.075954972859107
0.185339804475081 -0.076448215026656
0.189426109860845 -0.076930579267214
0.193546473173511 -0.077402162414604
0.197700442568812 -0.077863062789081
0.201887562517192 -0.078313269423446
0.206107373853763 -0.078752748009168
0.210359413828660 -0.079181476148478
0.214643216157784 -0.079599463949476
0.218958311073935 -0.080006772931212
0.223304225378328 -0.080403492350787
0.227680482492486 -0.080789736779132
0.232086602510501 -0.081165596945576
0.236522102251661 -0.081531027155719
0.240986495313435 -0.081885948128041
0.245479292124814 -0.082230296432002
0.250000000000000 -0.082564012710092
0.254548123192429 -0.082887031498090
0.259123162949142 -0.083199290554182
0.263724617565473 -0.083500737995096
0.268351982440069 -0.083791330869936
0.273004750130227 -0.084071032417020
0.277682410407536 -0.084339812784190
0.282384450313836 -0.084597653164404
0.287110354217464 -0.084844542766541
0.291859603869799 -0.085080483131875
0.296631678462100 -0.085305482893900
0.301426054682609 -0.085519565232305
0.306242206773948 -0.085722759738340
0.311079606590766 -0.085915103270861
0.315937723657661 -0.086096610368236
0.320816025227350 -0.086267284508642
0.325713976339092 -0.086427139335114
0.330631039877354 -0.086576194822586
0.335566676630708 -0.086714461306216
0.340520345350965 -0.086841903268218
0.345491502812526 -0.086958484206667
0.350479603871956 -0.087064172644951
0.355484101527764 -0.087158944520179
0.360504446980385 -0.087242776659614
0.365540089692367 -0.087315646207582
0.370590477448739 -0.087377536101251
0.375655056417572 -0.087428435643071
0.380733271210709 -0.087468336593573
0.385824564944672 -0.087497207688900
0.390928379301728 -0.087515004383865
0.396044154591120 -0.087521686961216
0.401171329810437 -0.087517220938505
0.406309342707137 -0.087501575224626
0.411457629840208 -0.087474714121590
0.416615626641949 -0.087436602690577
0.421782767479884 -0.087387211086252
0.426958485718794 -0.087326514145856
0.432142213782848 -0.087254485145720
0.437333383217848 -0.087171068657936
0.442531424753567 -0.087076204549957
0.447735768366173 -0.086969837423654
0.452945843340743 -0.086851916366993
0.458161078333842 -0.086722394712898
0.463380901436184 -0.086581229399055
0.468604740235343 -0.086428382088085
0.473832021878528 -0.086263818994016
0.479062173135400 -0.086087511431621
0.484294620460935 -0.085899439766820
0.489528790058321 -0.085699603694607
0.494764107941877 -0.085488010022198
0.500000000000000 -0.085264672813152
0.505235892058122 -0.085029608324329
0.510471209941678 -0.084782809750723
0.515705379539064 -0.084524190198805
0.520937826864600 -0.084253651307214
0.526167978121472 -0.083971098139598
0.531395259764656 -0.083676443907340
0.536619098563816 -0.083369561884561
0.541838921666157 -0.083050224967135
0.547054156659257 -0.082718195042565
0.552264231633827 -0.082373238641717
0.557468575246433 -0.082015132897924
0.562666616782152 -0.081643680125521
0.567857786217152 -0.081258735562093
0.573041514281206 -0.080860159518288
0.578217232520115 -0.080447826696132
0.583384373358051 -0.080021615760546
0.588542370159791 -0.079581466911417
0.593690657292862 -0.079127397777407
0.598828670189563 -0.078659436690806
0.603955845408879 -0.078177618055388
0.609071620698271 -0.077681969073501
0.614175435055328 -0.077172294769291
0.619266728789290 -0.076648242437377
0.624344943582427 -0.076109466995738
0.629409522551260 -0.075555635484602
0.634459910307633 -0.074986408765031
0.639495553019614 -0.074401360187848
0.644515898472235 -0.073800040898421
0.649520396128043 -0.073182023271446
0.654508497187474 -0.072546887778211
0.659479654649035 -0.071893994590485
0.664433323369291 -0.071222322414326
0.669368960122646 -0.070530844685022
0.674286023660907 -0.069818553420114
0.679183974772650 -0.069084374090152
0.684062276342339 -0.068326499668844
0.688920393409233 -0.067542854817708
0.693757793226051 -0.066731402054366
0.698573945317390 -0.065890178775282
0.703368321537900 -0.065018053028617
0.708140396130200 -0.064114797404394
0.712889645782536 -0.063180261568383
0.717615549686163 -0.062214306068378
0.722317589592464 -0.061217524293705
0.726995249869773 -0.060191948036421
0.731648017559930 -0.059139787995006
0.736275382434527 -0.058063221756349
0.740876837050857 -0.056964339625661
0.745451876807570 -0.055845018153267
0.750000000000000 -0.054707098045362
0.754520707875185 -0.053552381306756
0.759013504686565 -0.052383115685438
0.763477897748338 -0.051202454420525
0.767913397489498 -0.050013602033410
0.772319517507513 -0.048819684411874
0.776695774621672 -0.047623756717657
0.781041688926065 -0.046428808799310
0.785356783842216 -0.045237725458536
0.789640586171339 -0.044053222273425
0.793892626146236 -0.042877316061888
0.798112437482808 -0.041711699250042
0.802299557431187 -0.040557976444797
0.806453526826488 -0.039417386788357
0.810573890139155 -0.038290560878244
0.814660195524918 -0.037178060285014
0.818711994874345 -0.036080431145058
0.822728843861975 -0.034998355711949
0.826710301995052 -0.033932509781952
0.830655932661826 -0.032883521532879
0.834565303179429 -0.031851849729363
0.838437984841330 -0.030837818901103
0.842273552964344 -0.029841726547885
0.846071586935203 -0.028863748842891
0.849831670256683 -0.027903959893862
0.853553390593274 -0.026962408322129
0.857236339816401 -0.026039143651294
0.860880114049181 -0.025134222664247
0.864484313710706 -0.024247682194153
0.868048543559867 -0.023379537873456
0.871572412738697 -0.022529778292624
0.875055534815230 -0.021698390407564
0.878497527825878 -0.020885370612712
0.881898014317321 -0.020090721631181
0.885256621387894 -0.019314424194777
0.888572980728485 -0.018556454354612
0.891846728662920 -0.017816762235079
0.895077506187845 -0.017095287502317
0.898264959012098 -0.016391945527758
0.901408737595557 -0.015706645337960
0.904508497187474 -0.015039276563837
0.907563897864277 -0.014389721130454
0.910574604566852 -0.013757831338522
0.913540287137281 -0.013143415803011
0.916460620355049 -0.012546282863080
0.919335283972712 -0.011966202803805
0.922163962751007 -0.011402944482852
0.924946346493432 -0.010856270437570
0.927682130080253 -0.010325941633477
0.930371013501972 -0.009811716545843
0.933012701892219 -0.009313349354493
0.935606905560095 -0.008830580790965
0.938153340021932 -0.008363135509253
0.940651726032496 -0.007910783116167
0.943101789615607 -0.007473342086069
0.945503262094184 -0.007050670418680
0.947855880119706 -0.006642672484477
0.950159385701097 -0.006249231097213
0.952413526233010 -0.005870190072101
0.954618054523534 -0.005505370082749
0.956772728821300 -0.005154585446930
0.958877312841991 -0.004817629321978
0.960931575794250 -0.004494281913199
0.962935292404997 -0.004184289575865
0.964888242944126 -0.003887403270708
0.966790213248601 -0.003603431728686
0.968640994745946 -0.003332309644931
0.970440384477113 -0.003074095519324
0.972188185118740 -0.002828764703584
0.973884205004793 -0.002596219591632
0.975528258147577 -0.002376316961904
0.977120164258138 -0.002168865767595
0.978659748766034 -0.001973626426973
0.980146842838471 -0.001790322306691
0.981581283398829 -0.001618639131994
0.982962913144534 -0.001458237399840
0.984291580564316 -0.001308734192383
0.985567139954818 -0.001169795418036
0.986789451436580 -0.001041115129510
0.987958380969374 -0.000922382680506
0.989073800366903 -0.000813248373012
0.990135587310861 -0.000713317104069
0.991143625364344 -0.000622173886706
0.992097803984621 -0.000539379513139
0.992998018535252 -0.000464482980831
0.993844170297569 -0.000397024958749
0.994636166481494 -0.000336542303962
0.995373920235722 -0.000282578345183
0.996057350657239 -0.000234681851105
0.996686382800198 -0.000192417990142
0.997260947684137 -0.000155369322999
0.997780982301540 -0.000123139845069
0.998246429624752 -0.000095360823244
0.998657238612229 -0.000071691042910
0.999013364214136 -0.000051824878552
0.999314767377287 -0.000035488590311
0.999561415049429 -0.000022448251681
0.999753280182866 -0.000012511399530
0.999890341737423 -0.000005523707129
0.999972584682756 -0.000001375351911
1.000000000000000 0.000000000000000
