1.000000000000000 0.000000000000000
0.999972584682756 0.000001313152635
0.999890341737423 0.000005271442695
0.999753280182866 0.000011938254575
0.999561415049429 0.000021412979005
0.999314767377287 0.000033838140316
0.999013364214136 0.000049392757514
0.998657238612229 0.000068291501669
0.998246429624752 0.000090784596677
0.997780982301540 0.000117153513715
0.997260947684137 0.000147711391366
0.996686382800198 0.000182793548812
0.996057350657239 0.000222760353660
0.995373920235722 0.000267993916772
0.994636166481494 0.000318885489274
0.993844170297569 0.000375843212767
0.992998018535252 0.000439274693816
0.992097803984621 0.000509593705374
0.991143625364344 0.000587203741808
0.990135587310861 0.000672502376737
0.989073800366903 0.000765867795474
0.987958380969374 0.000867653105998
0.986789451436580 0.000978189995655
0.985567139954818 0.001097759866979
0.984291580564316 0.001226604948620
0.982962913144534 0.001364997220702
0.981581283398829 0.001513238729885
0.980146842838472 0.001671655270568
0.978659748766034 0.001840535585723
0.977120164258138 0.002020140254431
0.975528258147577 0.002210698303498
0.973884205004793 0.002412399462429
0.972188185118741 0.002625393210479
0.970440384477113 0.002849784644501
0.968640994745946 0.003085624152297
0.966790213248601 0.003332912515932
0.964888242944126 0.003591605808959
0.962935292404997 0.003861818681025
0.960931575794250 0.004143770260006
0.958877312841991 0.004437665044378
0.956772728821300 0.004743700233080
0.954618054523534 0.005062058519218
0.952413526233010 0.005392905056453
0.950159385701097 0.005736385844830
0.947855880119706 0.006092638131570
0.945503262094184 0.006461773937745
0.943101789615607 0.006843878086286
0.940651726032496 0.007239012466063
0.938153340021932 0.007647316448581
0.935606905560095 0.008068964431641
0.933012701892219 0.008504152741332
0.930371013501972 0.008953071554355
0.927682130080253 0.009415913068485
0.924946346493432 0.009892844799567
0.922163962751008 0.010384045802064
0.919335283972712 0.010889671366136
0.916460620355050 0.011409883216912
0.913540287137281 0.011944821504992
0.910574604566852 0.012494618192425
0.907563897864277 0.013059436688071
0.904508497187474 0.013639430970822
0.901408737595557 0.014234765253939
0.898264959012098 0.014845599545358
0.895077506187845 0.015472097288311
0.891846728662920 0.016114397690923
0.888572980728485 0.016772641009907
0.885256621387895 0.017446964687821
0.881898014317321 0.018137508064468
0.878497527825878 0.018844388381724
0.875055534815230 0.019567686872866
0.871572412738697 0.020307464840597
0.868048543559867 0.021063743863171
0.864484313710706 0.021836465763473
0.860880114049181 0.022625562818269
0.857236339816402 0.023430943289014
0.853553390593274 0.024252523080761
0.849831670256683 0.025090180578188
0.846071586935203 0.025943775127938
0.842273552964344 0.026813131609319
0.838437984841330 0.027698065738102
0.834565303179429 0.028598412336131
0.830655932661826 0.029514028596017
0.826710301995053 0.030444767196174
0.822728843861975 0.031390469335851
0.818711994874345 0.032350963629143
0.814660195524919 0.033326078264778
0.810573890139155 0.034315620043563
0.806453526826488 0.035319420776735
0.802299557431188 0.036337305793281
0.798112437482808 0.037369063950999
0.793892626146237 0.038414297434292
0.789640586171339 0.039472484069802
0.785356783842216 0.040543061063711
0.781041688926065 0.041625388210975
0.776695774621672 0.042718668625661
0.772319517507513 0.043822040567861
0.767913397489498 0.044934607066867
0.763477897748339 0.046055502604877
0.759013504686565 0.047183878922209
0.754520707875186 0.048318862410667
0.750000000000000 0.049459427606922
0.745451876807570 0.050603536207517
0.740876837050858 0.051748567859902
0.736275382434527 0.052891821631698
0.731648017559931 0.054030483608054
0.726995249869773 0.055161403231512
0.722317589592464 0.056281251159584
0.717615549686164 0.057386644701906
0.712889645782536 0.058474253827630
0.708140396130201 0.059541628020259
0.703368321537900 0.060586696143957
0.698573945317390 0.061607377844767
0.693757793226052 0.062601583147836
0.688920393409234 0.063567493048646
0.684062276342339 0.064503487744529
0.679183974772650 0.065407937790911
0.674286023660908 0.066279221432033
0.669368960122646 0.067116241559270
0.664433323369292 0.067918838537477
0.659479654649035 0.068686954367988
0.654508497187474 0.069420541147658
0.649520396128043 0.070119776875697
0.644515898472236 0.070786313174472
0.639495553019615 0.071422428284600
0.634459910307633 0.072030443145820
0.629409522551260 0.072612709048092
0.624344943582428 0.073171200035316
0.619266728789291 0.073707125689779
0.614175435055328 0.074221624180859
0.609071620698271 0.074715858488799
0.603955845408880 0.075190991274052
0.598828670189563 0.075647816719843
0.593690657292862 0.076086808928621
0.588542370159792 0.076508451548198
0.583384373358051 0.076913236531977
0.578217232520115 0.077301655122316
0.573041514281206 0.077674116769468
0.567857786217152 0.078030996322861
0.562666616782152 0.078372679926131
0.557468575246433 0.078699559017054
0.552264231633827 0.079011994423538
0.547054156659257 0.079310159435016
0.541838921666158 0.079594173492751
0.536619098563816 0.079864165297722
0.531395259764657 0.080120270369911
0.526167978121472 0.080362628954693
0.520937826864600 0.080591386889622
0.515705379539064 0.080806696118566
0.510471209941678 0.081008714014553
0.505235892058123 0.081197603854019
0.500000000000000 0.081373521810170
0.494764107941877 0.081536598973159
0.489528790058322 0.081686966562016
0.484294620460936 0.081824759701882
0.479062173135400 0.081950119443781
0.473832021878528 0.082063175751342
0.468604740235343 0.082164028225483
0.463380901436184 0.082252776555033
0.458161078333842 0.082329524912081
0.452945843340743 0.082394382196626
0.447735768366173 0.082447451665991
0.442531424753567 0.082488822396445
0.437333383217848 0.082518585961701
0.432142213782848 0.082536838389993
0.426958485718794 0.082543679833558
0.421782767479885 0.082539212048644
0.416615626641949 0.082523536969791
0.411457629840209 0.082496760130408
0.406309342707138 0.082458991561841
0.401171329810437 0.082410345168352
0.396044154591120 0.082350946477246
0.390928379301729 0.082280932279830
0.385824564944672 0.082200443224510
0.380733271210710 0.082109623801012
0.375655056417573 0.082008614175516
0.370590477448740 0.081897472196558
0.365540089692367 0.081776203978811
0.360504446980385 0.081644820001040
0.355484101527764 0.081503336045244
0.350479603871957 0.081351768281064
0.345491502812526 0.081190101394197
0.340520345350965 0.081018314798241
0.335566676630708 0.080836395931416
0.330631039877354 0.080644339936423
0.325713976339092 0.080442163877410
0.320816025227350 0.080229928213342
0.315937723657661 0.080007701043183
0.311079606590766 0.079775558802177
0.306242206773949 0.079533582476103
0.301426054682610 0.079281880095541
0.296631678462100 0.079020576416126
0.291859603869799 0.078749803140227
0.287110354217464 0.078469693165006
0.282384450313836 0.078180362676146
0.277682410407536 0.077881883938020
0.273004750130227 0.077574326501799
0.268351982440069 0.077257770231936
0.263724617565473 0.076932293233150
0.259123162949143 0.076597943275238
0.254548123192430 0.076254755067256
0.250000000000000 0.075902777201090
0.245479292124815 0.075542069378960
0.240986495313435 0.075172685961218
0.236522102251661 0.074794692856582
0.232086602510502 0.074408162796154
0.227680482492487 0.074013173801028
0.223304225378328 0.073609741095125
0.218958311073935 0.073197828786990
0.214643216157784 0.072777415430113
0.210359413828661 0.072348496043176
0.206107373853763 0.071911100445860
0.201887562517192 0.071465289345131
0.197700442568813 0.071011135864661
0.193546473173512 0.070548719607188
0.189426109860845 0.070078037533956
0.185339804475081 0.069599058403021
0.181288005125655 0.069111770610267
0.177271156138025 0.068616173224173
0.173289698004947 0.068112243310402
0.169344067338174 0.067599974261060
0.165434696820571 0.067079376149663
0.161562015158670 0.066550493623131
0.157726447035656 0.066013398346569
0.153928413064797 0.065468180637406
0.150168329743317 0.064914919204098
0.146446609406726 0.064353526731297
0.142763660183598 0.063783894694319
0.139119885950819 0.063205942639602
0.135515686289294 0.062619627568397
0.131951456440133 0.062024940337916
0.128427587261303 0.061421898560783
0.124944465184770 0.060810557256445
0.121502472174122 0.060191009439145
0.118101985682679 0.059563369774610
0.114743378612105 0.058927639289020
0.111427019271515 0.058283506860395
0.108153271337080 0.057630668085924
0.104922493812155 0.056968877354906
0.101735040987902 0.056297937870069
0.098591262404443 0.055617712194609
0.095491502812526 0.054928152865148
0.092436102135723 0.054229308903093
0.089425395433148 0.053521299189229
0.086459712862719 0.052804105466370
0.083539379644950 0.052077509866402
0.080664716027288 0.051341352850995
0.077836037248993 0.050595445649576
0.075053653506568 0.049839600503305
0.072317869919747 0.049073722341791
0.069628986498028 0.048297837875461
0.066987298107781 0.047512078758138
0.064393094439905 0.046716633965992
0.061846659978068 0.045911804348006
0.059348273967504 0.045097815706450
0.056898210384393 0.044274403419336
0.054496737905816 0.043441224049568
0.052144119880294 0.042598082668561
0.049840614298903 0.041744909070346
0.047586473766990 0.040881757522783
0.045381945476466 0.040008788535118
0.043227271178700 0.039126291258225
0.041122687158010 0.038234795593145
0.039068424205750 0.037334861511918
0.037064707595003 0.036426421793436
0.035111757055874 0.035509103837747
0.033209786751399 0.034582641181342
0.031359005254054 0.033646845808317
0.029559615522887 0.032701747003018
0.027811814881260 0.031747618416058
0.026115794995207 0.030784929584616
0.024471741852423 0.029814348372959
0.022879835741862 0.028836660878680
0.021340251233966 0.027852679373768
0.019853157161529 0.026862673670483
0.018418716601171 0.025866592957016
0.017037086855466 0.024864670273715
0.015708419435685 0.023857446891911
0.014432860045182 0.022845690846776
0.013210548563420 0.021830388855912
0.012041619030626 0.020812755929347
0.010926199633097 0.019794554892321
0.009864412689139 0.018777686108717
0.008856374635656 0.017762031599940
0.007902196015379 0.016746653158170
0.007001981464748 0.015730214926122
0.006155829702431 0.014712021177105
0.005363833518506 0.013691870773016
0.004626079764278 0.012670011230409
0.003942649342761 0.011647295916364
0.003313617199802 0.010625300755765
0.002739052315863 0.009606581535005
0.002219017698460 0.008594488027242
0.001753570375248 0.007591196348174
0.001342761387771 0.006597963651323
0.000986635785864 0.005615729358260
0.000685232622713 0.004645505026820
0.000438584950571 0.003688110341349
0.000246719817134 0.002744270074697
0.000109658262577 0.001814498533519
0.000027415317244 0.000899544789617
0.000000000000000 0.000000000000000
0.000027415317244 -0.000899497226587
0.000109658262577 -0.001814607591531
0.000246719817134 -0.002744230294261
0.000438584950571 -0.003688116548249
0.000685232622713 -0.004645549368372
0.000986635785864 -0.005615738135716
0.001342761387771 -0.006597944616554
0.001753570375248 -0.007591217057682
0.002219017698460 -0.008594510629344
0.002739052315863 -0.009606554500117
0.003313617199802 -0.010625311863939
0.003942649342761 -0.011647282611712
0.004626079764278 -0.012670005485857
0.005363833518506 -0.013691859609447
0.006155829702431 -0.014712012288419
0.007001981464748 -0.015730216625094
0.007902196015379 -0.016746640290801
0.008856374635656 -0.017762036918516
0.009864412689139 -0.018777683038975
0.010926199633097 -0.019794554978644
0.012041619030626 -0.020812767669077
0.013210548563420 -0.021830399927038
0.014432860045182 -0.022845697199826
0.015708419435684 -0.023857450635076
0.017037086855466 -0.024864678380035
0.018418716601171 -0.025866596016018
0.019853157161528 -0.026862676339069
0.021340251233966 -0.027852683518108
0.022879835741862 -0.028836658731106
0.024471741852423 -0.029814348112841
0.026115794995207 -0.030784935255972
0.027811814881259 -0.031747626473758
0.029559615522887 -0.032701754792652
0.031359005254054 -0.033646844933049
0.033209786751399 -0.034582642919127
0.035111757055874 -0.035509106758701
0.037064707595003 -0.036426416257403
0.039068424205750 -0.037334865671949
0.041122687158009 -0.038234795895102
0.043227271178699 -0.039126294643195
0.045381945476466 -0.040008787150262
0.047586473766990 -0.040881762076729
0.049840614298903 -0.041744911347523
0.052144119880293 -0.042598085277612
0.054496737905816 -0.043441223725222
0.056898210384393 -0.044274403104095
0.059348273967504 -0.045097818340768
0.061846659978068 -0.045911808344924
0.064393094439905 -0.046716638778848
0.066987298107781 -0.047512080021003
0.069628986498028 -0.048297839062875
0.072317869919747 -0.049073722964868
0.075053653506568 -0.049839603091535
0.077836037248992 -0.050595450946699
0.080664716027288 -0.051341358190045
0.083539379644950 -0.052077512758104
0.086459712862719 -0.052804107817426
0.089425395433148 -0.053521302340656
0.092436102135723 -0.054229310399645
0.095491502812526 -0.054928150942044
0.098591262404443 -0.055617715393912
0.101735040987902 -0.056297940411881
0.104922493812155 -0.056968878794523
0.108153271337080 -0.057630669823334
0.111427019271514 -0.058283507559251
0.114743378612105 -0.058927641061218
0.118101985682679 -0.059563370903912
0.121502472174122 -0.060191011194308
0.124944465184770 -0.060810560613969
0.128427587261303 -0.061421899598758
0.131951456440133 -0.062024941902744
0.135515686289294 -0.062619629171034
0.139119885950819 -0.063205942856266
0.142763660183598 -0.063783896514005
0.146446609406726 -0.064353528421735
0.150168329743317 -0.064914919476078
0.153928413064796 -0.065468181520560
0.157726447035656 -0.066013399217666
0.161562015158669 -0.066550495339635
0.165434696820571 -0.067079379404313
0.169344067338174 -0.067599976588395
0.173289698004947 -0.068112245220993
0.177271156138025 -0.068616174993226
0.181288005125655 -0.069111772705827
0.185339804475081 -0.069599060005789
0.189426109860845 -0.070078037410057
0.193546473173511 -0.070548719796500
0.197700442568812 -0.071011138848046
0.201887562517192 -0.071465290160832
0.206107373853763 -0.071911101637817
0.210359413828660 -0.072348498390739
0.214643216157784 -0.072777417426701
0.218958311073935 -0.073197830216939
0.223304225378328 -0.073609742395262
0.227680482492486 -0.074013175921304
0.232086602510501 -0.074408164108031
0.236522102251661 -0.074794693559541
0.240986495313435 -0.075172687953608
0.245479292124814 -0.075542070197746
0.250000000000000 -0.075902778978752
0.254548123192429 -0.076254756529421
0.259123162949142 -0.076597944855762
0.263724617565473 -0.076932296123891
0.268351982440069 -0.077257771700433
0.273004750130227 -0.077574327540725
0.277682410407536 -0.077881884555261
0.282384450313836 -0.078180364578253
0.287110354217464 -0.078469695399459
0.291859603869799 -0.078749804871114
0.296631678462100 -0.079020578338436
0.301426054682609 -0.079281881490092
0.306242206773948 -0.079533583787197
0.311079606590766 -0.079775559927099
0.315937723657661 -0.080007702630211
0.320816025227350 -0.080229929228859
0.325713976339092 -0.080442165639683
0.330631039877354 -0.080644341325964
0.335566676630708 -0.080836397913793
0.340520345350965 -0.081018315954537
0.345491502812526 -0.081190102788026
0.350479603871956 -0.081351769666626
0.355484101527764 -0.081503337869459
0.360504446980385 -0.081644821491926
0.365540089692367 -0.081776205399217
0.370590477448739 -0.081897473672771
0.375655056417572 -0.082008615585883
0.380733271210709 -0.082109625098930
0.385824564944672 -0.082200444648297
0.390928379301728 -0.082280933614775
0.396044154591120 -0.082350947915006
0.401171329810437 -0.082410346623706
0.406309342707137 -0.082458992901604
0.411457629840208 -0.082496761479396
0.416615626641949 -0.082523538233583
0.421782767479884 -0.082539213333364
0.426958485718794 -0.082543681119252
0.432142213782848 -0.082536839673686
0.437333383217848 -0.082518587223085
0.442531424753567 -0.082488823643041
0.447735768366173 -0.082447452988610
0.452945843340743 -0.082394383371144
0.458161078333842 -0.082329526091301
0.463380901436184 -0.082252777627524
0.468604740235343 -0.082164029295664
0.473832021878528 -0.082063176775343
0.479062173135400 -0.081950120616369
0.484294620460935 -0.081824760913275
0.489528790058321 -0.081686967425647
0.494764107941877 -0.081536600331621
0.500000000000000 -0.081373522847383
0.505235892058122 -0.081197604987126
0.510471209941678 -0.081008715271892
0.515705379539064 -0.080806697242362
0.520937826864600 -0.080591388241138
0.526167978121472 -0.080362629993498
0.531395259764656 -0.080120271243250
0.536619098563816 -0.079864166612006
0.541838921666157 -0.079594174486873
0.547054156659257 -0.079310159970056
0.552264231633827 -0.079011995546851
0.557468575246433 -0.078699559769312
0.562666616782152 -0.078372680336196
0.567857786217152 -0.078030997334499
0.573041514281206 -0.077674117590505
0.578217232520115 -0.077301655865354
0.583384373358051 -0.076913236809575
0.588542370159791 -0.076508453051692
0.593690657292862 -0.076086810384184
0.598828670189563 -0.075647817937155
0.603955845408879 -0.075190992900356
0.609071620698271 -0.074715859284937
0.614175435055328 -0.074221625400074
0.619266728789290 -0.073707126941080
0.624344943582427 -0.073171202087166
0.629409522551260 -0.072612710019152
0.634459910307633 -0.072030445350111
0.639495553019614 -0.071422430826131
0.644515898472235 -0.070786314108116
0.649520396128043 -0.070119776295490
0.654508497187474 -0.069420540560784
0.659479654649035 -0.068686955940585
0.664433323369291 -0.067918839463840
0.669368960122646 -0.067116240874268
0.674286023660907 -0.066279221457660
0.679183974772650 -0.065407939298624
0.684062276342339 -0.064503487124396
0.688920393409233 -0.063567493314744
0.693757793226051 -0.062601582422753
0.698573945317390 -0.061607379225503
0.703368321537900 -0.060586699726039
0.708140396130200 -0.059541628468664
0.712889645782536 -0.058474252849317
0.717615549686163 -0.057386644184655
0.722317589592464 -0.056281252295934
0.726995249869773 -0.055161403629118
0.731648017559930 -0.054030484105599
0.736275382434527 -0.052891823458809
0.740876837050857 -0.051748570919890
0.745451876807570 -0.050603537727815
0.750000000000000 -0.049459428064947
0.754520707875185 -0.048318859776057
0.759013504686565 -0.047183881035417
0.763477897748338 -0.046055504023673
0.767913397489498 -0.044934607692751
0.772319517507513 -0.043822039273563
0.776695774621672 -0.042718668757228
0.781041688926065 -0.041625389484946
0.785356783842216 -0.040543058420226
0.789640586171339 -0.039472482328957
0.793892626146236 -0.038414301280949
0.798112437482808 -0.037369065122278
0.802299557431187 -0.036337308546498
0.806453526826488 -0.035319422694373
0.810573890139155 -0.034315622365261
0.814660195524918 -0.033326079806931
0.818711994874345 -0.032350963794799
0.822728843861975 -0.031390467567334
0.826710301995052 -0.030444767482119
0.830655932661826 -0.029514030370053
0.834565303179429 -0.028598413167334
0.838437984841330 -0.027698065260079
0.842273552964344 -0.026813132064904
0.846071586935203 -0.025943776472668
0.849831670256683 -0.025090181164651
0.853553390593274 -0.024252521364205
0.857236339816401 -0.023430943114878
0.860880114049181 -0.022625563307696
0.864484313710706 -0.021836465362351
0.868048543559867 -0.021063742755865
0.871572412738697 -0.020307466215040
0.875055534815230 -0.019567686520893
0.878497527825878 -0.018844391535294
0.881898014317321 -0.018137509206624
0.885256621387894 -0.017446967066205
0.888572980728485 -0.016772642538100
0.891846728662920 -0.016114397838600
0.895077506187845 -0.015472096194568
0.898264959012098 -0.014845602114726
0.901408737595557 -0.014234765842626
0.904508497187474 -0.013639430503758
0.907563897864277 -0.013059437454599
0.910574604566852 -0.012494619432739
0.913540287137281 -0.011944819503670
0.916460620355049 -0.011409884996318
0.919335283972712 -0.010889674393265
0.922163962751007 -0.010384043640428
0.924946346493432 -0.009892846588968
0.927682130080253 -0.009415911379872
0.930371013501972 -0.008953073575570
0.933012701892219 -0.008504152642446
0.935606905560095 -0.008068964206770
0.938153340021932 -0.007647316451441
0.940651726032496 -0.007239010198715
0.943101789615607 -0.006843876072707
0.945503262094184 -0.006461773245680
0.947855880119706 -0.006092639184793
0.950159385701097 -0.005736387355934
0.952413526233010 -0.005392904967772
0.954618054523534 -0.005062060008495
0.956772728821300 -0.004743701456417
0.958877312841991 -0.004437664990043
0.960931575794250 -0.004143770079699
0.962935292404997 -0.003861820195584
0.964888242944126 -0.003591605925220
0.966790213248601 -0.003332912711734
0.968640994745946 -0.003085623726781
0.970440384477113 -0.002849785384425
0.972188185118740 -0.002625394138295
0.973884205004793 -0.002412399139437
0.975528258147577 -0.002210698203575
0.977120164258138 -0.002020141686712
0.978659748766034 -0.001840536525869
0.980146842838471 -0.001671655904853
0.981581283398829 -0.001513239436494
0.982962913144534 -0.001364997078339
0.984291580564316 -0.001226604707876
0.985567139954818 -0.001097758363520
0.986789451436580 -0.000978189184245
0.987958380969374 -0.000867653895162
0.989073800366903 -0.000765866544158
0.990135587310861 -0.000672501619703
0.991143625364344 -0.000587203747925
0.992097803984621 -0.000509593011514
0.992998018535252 -0.000439274731238
0.993844170297569 -0.000375843123497
0.994636166481494 -0.000318886582444
0.995373920235722 -0.000267994191255
0.996057350657239 -0.000222760964698
0.996686382800198 -0.000182793173453
0.997260947684137 -0.000147710697652
0.997780982301540 -0.000117153603258
0.998246429624752 -0.000090784838838
0.998657238612229 -0.000068291039271
0.999013364214136 -0.000049392858312
0.999314767377287 -0.000033838498333
0.999561415049429 -0.000021413608921
0.999753280182866 -0.000011937646228
0.999890341737423 -0.000005271534978
0.999972584682756 -0.000001312734591
1.000000000000000 0.000000000000000
