1.000000000000000 0.000000000000000
0.999972584682756 0.000001195696301
0.999890341737423 0.000004798684011
0.999753280182866 0.000010858085296
0.999561415049429 0.000019457437442
0.999314767377287 0.000030710767480
0.999013364214136 0.000044761454461
0.998657238612229 0.000061786004634
0.998246429624752 0.000081985681083
0.997780982301540 0.000105588830061
0.997260947684137 0.000132848870177
0.996686382800198 0.000164040043712
0.996057350657239 0.000199453528063
0.995373920235722 0.000239398420907
0.994636166481494 0.000284195527491
0.993844170297569 0.000334176011193
0.992998018535252 0.000389673011424
0.992097803984621 0.000451024536381
0.991143625364344 0.000518562069300
0.990135587310861 0.000592610757429
0.989073800366903 0.000673483605525
0.987958380969374 0.000761475170452
0.986789451436580 0.000856858128390
0.985567139954818 0.000959875044996
0.984291580564316 0.001070754683727
0.982962913144534 0.001189737927080
0.981581283398829 0.001317044158975
0.980146842838472 0.001452859806628
0.978659748766034 0.001597339778729
0.977120164258138 0.001750588398213
0.975528258147577 0.001912672934222
0.973884205004793 0.002083599723032
0.972188185118741 0.002263332226584
0.970440384477113 0.002451764081225
0.968640994745946 0.002648692722413
0.966790213248601 0.002854005834760
0.964888242944126 0.003067740680163
0.962935292404997 0.003290003499237
0.960931575794250 0.003520917991883
0.958877312841991 0.003760578177961
0.956772728821300 0.004009061859374
0.954618054523534 0.004266443055065
0.952413526233010 0.004532782629513
0.950159385701097 0.004808125677892
0.947855880119706 0.005092492511839
0.945503262094184 0.005385889501847
0.943101789615607 0.005688371867063
0.940651726032496 0.006000006590235
0.938153340021932 0.006320907849447
0.935606905560095 0.006651187206608
0.933012701892219 0.006990949330978
0.930371013501972 0.007340295801987
0.927682130080253 0.007699320750743
0.924946346493432 0.008068115824063
0.922163962751008 0.008446774319701
0.919335283972712 0.008835372317853
0.916460620355050 0.009233997249473
0.913540287137281 0.009642728337467
0.910574604566852 0.010061650567856
0.907563897864277 0.010490854511268
0.904508497187474 0.010930423394524
0.901408737595557 0.011380440059159
0.898264959012098 0.011840975124725
0.895077506187845 0.012312102642092
0.891846728662920 0.012793890078045
0.888572980728485 0.013286405095454
0.885256621387895 0.013789696409140
0.881898014317321 0.014303801191372
0.878497527825878 0.014828723991239
0.875055534815230 0.015364394628213
0.871572412738697 0.015910722921331
0.868048543559867 0.016467613841611
0.864484313710706 0.017034956304307
0.860880114049181 0.017612631270608
0.857236339816402 0.018200493119646
0.853553390593274 0.018798377165859
0.849831670256683 0.019406106905067
0.846071586935203 0.020023520622625
0.842273552964344 0.020650457135639
0.838437984841330 0.021286745354877
0.834565303179429 0.021932230924109
0.830655932661826 0.022586756634182
0.826710301995053 0.023250164772587
0.822728843861975 0.023922282751926
0.818711994874345 0.024602938498145
0.814660195524919 0.025291944274018
0.810573890139155 0.025989081616678
0.806453526826488 0.026694070775538
0.802299557431188 0.027406615356867
0.798112437482808 0.028126376409413
0.793892626146237 0.028852881267552
0.789640586171339 0.029585552553465
0.785356783842216 0.030323798934175
0.781041688926065 0.031067042349376
0.776695774621672 0.031814753762847
0.772319517507513 0.032566395200827
0.767913397489498 0.033321398283080
0.763477897748339 0.034078937848234
0.759013504686565 0.034837964100728
0.754520707875186 0.035597382311387
0.750000000000000 0.036356038986889
0.745451876807570 0.037112516683650
0.740876837050858 0.037865240011303
0.736275382434527 0.038612594984446
0.731648017559931 0.039352940279330
0.726995249869773 0.040084701539547
0.722317589592464 0.040806322672483
0.717615549686164 0.041516209382446
0.712889645782536 0.042212818911246
0.708140396130201 0.042895206457782
0.703368321537900 0.043562737026142
0.698573945317390 0.044214779062094
0.693757793226052 0.044850692247407
0.688920393409234 0.045469744661842
0.684062276342339 0.046071120723810
0.679183974772650 0.046653993856817
0.674286023660908 0.047217541407389
0.669368960122646 0.047761367406329
0.664433323369292 0.048285975872421
0.659479654649035 0.048791999682836
0.654508497187474 0.049280096380957
0.649520396128043 0.049750967741998
0.644515898472236 0.050205512789698
0.639495553019615 0.050644735425182
0.634459910307633 0.051069665766236
0.629409522551260 0.051481358832456
0.624344943582428 0.051880654876997
0.619266728789291 0.052267912986280
0.614175435055328 0.052643444879924
0.609071620698271 0.053007569285779
0.603955845408880 0.053360613074308
0.598828670189563 0.053702822364256
0.593690657292862 0.054034375045666
0.588542370159792 0.054355456295321
0.583384373358051 0.054666259558997
0.578217232520115 0.054966978054354
0.573041514281206 0.055257770767793
0.567857786217152 0.055538786249867
0.562666616782152 0.055810180535578
0.557468575246433 0.056072114108344
0.552264231633827 0.056324746484941
0.547054156659257 0.056568216835742
0.541838921666158 0.056802664182122
0.536619098563816 0.057028232723666
0.531395259764657 0.057245070828748
0.526167978121472 0.057453313400597
0.520937826864600 0.057653065309868
0.515705379539064 0.057844427935300
0.510471209941678 0.058027508002132
0.505235892058123 0.058202413941508
0.500000000000000 0.058369256222402
0.494764107941877 0.058528140861489
0.489528790058322 0.058679176838376
0.484294620460936 0.058822475704085
0.479062173135400 0.058958152689955
0.473832021878528 0.059086282224345
0.468604740235343 0.059206891285171
0.463380901436184 0.059320006534566
0.458161078333842 0.059425657524686
0.452945843340743 0.059523876572385
0.447735768366173 0.059614680089808
0.442531424753567 0.059698070469532
0.437333383217848 0.059774053668022
0.432142213782848 0.059842638183635
0.426958485718794 0.059903836512639
0.421782767479885 0.059957672720053
0.416615626641949 0.060004178823994
0.411457629840209 0.060043390493963
0.406309342707138 0.060075346123115
0.401171329810437 0.060100087833586
0.396044154591120 0.060117666334645
0.390928379301729 0.060128137044396
0.385824564944672 0.060131558366270
0.380733271210710 0.060127991368589
0.375655056417573 0.060117489813565
0.370590477448740 0.060100078724476
0.365540089692367 0.060075780435712
0.360504446980385 0.060044620531460
0.355484101527764 0.060006628173089
0.350479603871957 0.059961830135183
0.345491502812526 0.059910249603038
0.340520345350965 0.059851912390392
0.335566676630708 0.059786848931112
0.330631039877354 0.059715089985806
0.325713976339092 0.059636650384596
0.320816025227350 0.059551539534278
0.315937723657661 0.059459771161614
0.311079606590766 0.059361363285884
0.306242206773949 0.059256329824349
0.301426054682610 0.059144672767111
0.296631678462100 0.059026397420993
0.291859603869799 0.058901514793989
0.287110354217464 0.058770038838224
0.282384450313836 0.058631981680231
0.277682410407536 0.058487357401705
0.273004750130227 0.058336186877006
0.268351982440069 0.058178493949820
0.263724617565473 0.058014279293044
0.259123162949143 0.057843526956641
0.254548123192430 0.057666225955034
0.250000000000000 0.057482375017969
0.245479292124815 0.057291985079861
0.240986495313435 0.057095085282981
0.236522102251661 0.056891709143614
0.232086602510502 0.056681901705873
0.227680482492487 0.056465674967660
0.223304225378328 0.056242999057536
0.218958311073935 0.056013847978550
0.214643216157784 0.055778207593812
0.210359413828661 0.055536078407663
0.206107373853763 0.055287480792118
0.201887562517192 0.055032440475684
0.197700442568813 0.054770996455408
0.193546473173512 0.054503152103060
0.189426109860845 0.054228891220152
0.185339804475081 0.053948206527245
0.181288005125655 0.053661083924921
0.177271156138025 0.053367391266151
0.173289698004947 0.053066974435357
0.169344067338174 0.052759701816261
0.165434696820571 0.052445493916735
0.161562015158670 0.052124323545451
0.157726447035656 0.051796189095349
0.153928413064797 0.051461083215619
0.150168329743317 0.051118916679010
0.146446609406726 0.050769582647298
0.142763660183598 0.050412999546190
0.139119885950819 0.050049023633296
0.135515686289294 0.049677463567201
0.131951456440133 0.049298169772452
0.128427587261303 0.048911062233462
0.124944465184770 0.048516147559716
0.121502472174122 0.048113454922710
0.118101985682679 0.047702967792181
0.114743378612105 0.047284548618900
0.111427019271515 0.046858093828530
0.108153271337080 0.046423404289497
0.104922493812155 0.045980108306467
0.101735040987902 0.045527877639008
0.098591262404443 0.045066482492295
0.095491502812526 0.044595781248968
0.092436102135723 0.044115704026184
0.089425395433148 0.043626236123499
0.086459712862719 0.043127434434325
0.083539379644950 0.042619321573113
0.080664716027288 0.042101562390143
0.077836037248993 0.041573768579734
0.075053653506568 0.041035640445640
0.072317869919747 0.040486943240784
0.069628986498028 0.039927544300958
0.066987298107781 0.039357424217118
0.064393094439905 0.038776657189789
0.061846659978068 0.038185379637334
0.059348273967504 0.037583748366848
0.056898210384393 0.036971889108480
0.054496737905816 0.036349347282249
0.052144119880294 0.035715621114579
0.049840614298903 0.035070397785583
0.047586473766990 0.034413557811313
0.045381945476466 0.033745104126965
0.043227271178700 0.033065147289262
0.041122687158010 0.032373977162676
0.039068424205750 0.031672126206147
0.037064707595003 0.030960005670579
0.035111757055874 0.030237212519080
0.033209786751399 0.029503306627552
0.031359005254054 0.028757906028890
0.029559615522887 0.028000801138243
0.027811814881260 0.027232065061937
0.026115794995207 0.026452017526382
0.024471741852423 0.025661184241121
0.022879835741862 0.024860280466102
0.021340251233966 0.024050223720609
0.019853157161529 0.023231673447633
0.018418716601171 0.022404578343891
0.017037086855466 0.021569036103534
0.015708419435685 0.020725448390351
0.014432860045182 0.019874483091993
0.013210548563420 0.019017137982936
0.012041619030626 0.018154536157788
0.010926199633097 0.017288304474687
0.009864412689139 0.016420676604770
0.008856374635656 0.015552329674478
0.007902196015379 0.014682507327387
0.007001981464748 0.013809518504955
0.006155829702431 0.012932072368650
0.005363833518506 0.012049712310033
0.004626079764278 0.011162446493111
0.003942649342761 0.010270926914499
0.003313617199802 0.009376595291271
0.002739052315863 0.008481868650765
0.002219017698460 0.007590318909317
0.001753570375248 0.006704957760027
0.001342761387771 0.005827476566648
0.000986635785864 0.004959225017578
0.000685232622713 0.004101404584478
0.000438584950571 0.003254990612188
0.000246719817134 0.002420867071673
0.000109658262577 0.001599868279163
0.000027415317244 0.000792756435641
0.000000000000000 0.000000000000000
0.000027415317244 -0.000792783472392
0.000109658262577 -0.001599990596619
0.000246719817134 -0.002420912175489
0.000438584950571 -0.003255004213537
0.000685232622713 -0.004101377282475
0.000986635785864 -0.004959246274794
0.001342761387771 -0.005827486918831
0.001753570375248 -0.006704954998062
0.002219017698460 -0.007590307525510
0.002739052315863 -0.008481861805151
0.003313617199802 -0.009376590369830
0.003942649342761 -0.010270921463448
0.004626079764278 -0.011162443900191
0.005363833518506 -0.012049707412640
0.006155829702431 -0.012932081597738
0.007001981464748 -0.013809507623640
0.007902196015379 -0.014682502097663
0.008856374635656 -0.015552330525944
0.009864412689139 -0.016420674424603
0.010926199633097 -0.017288309481140
0.012041619030626 -0.018154536460495
0.013210548563420 -0.019017139409880
0.014432860045182 -0.019874489821214
0.015708419435684 -0.020725441837170
0.017037086855466 -0.021569039848269
0.018418716601171 -0.022404584919931
0.019853157161528 -0.023231682055857
0.021340251233966 -0.024050227390285
0.022879835741862 -0.024860282122169
0.024471741852423 -0.025661186875558
0.026115794995207 -0.026452024697046
0.027811814881259 -0.027232071500595
0.029559615522887 -0.028000800154722
0.031359005254054 -0.028757909060358
0.033209786751399 -0.029503315921739
0.035111757055874 -0.030237215690882
0.037064707595003 -0.030960010601805
0.039068424205750 -0.031672129578979
0.041122687158009 -0.032373981726128
0.043227271178699 -0.033065150483492
0.045381945476466 -0.033745105416562
0.047586473766990 -0.034413559021830
0.049840614298903 -0.035070402054375
0.052144119880293 -0.035715624100653
0.054496737905816 -0.036349350819089
0.056898210384393 -0.036971887347376
0.059348273967504 -0.037583750321004
0.061846659978068 -0.038185380268285
0.064393094439905 -0.038776661285135
0.066987298107781 -0.039357426728386
0.069628986498028 -0.039927549464343
0.072317869919747 -0.040486946505663
0.075053653506568 -0.041035642755051
0.077836037248992 -0.041573768711922
0.080664716027288 -0.042101565006880
0.083539379644950 -0.042619324965467
0.086459712862719 -0.043127436820564
0.089425395433148 -0.043626240219170
0.092436102135723 -0.044115705891688
0.095491502812526 -0.044595781998728
0.098591262404443 -0.045066482491212
0.101735040987902 -0.045527880315672
0.104922493812155 -0.045980111891843
0.108153271337080 -0.046423406517614
0.111427019271514 -0.046858094982650
0.114743378612105 -0.047284550527647
0.118101985682679 -0.047702968863048
0.121502472174122 -0.048113456506941
0.124944465184770 -0.048516148912078
0.128427587261303 -0.048911064908724
0.131951456440133 -0.049298171130250
0.135515686289294 -0.049677465717033
0.139119885950819 -0.050049025054390
0.142763660183598 -0.050413002205959
0.146446609406726 -0.050769583887444
0.150168329743317 -0.051118918243615
0.153928413064796 -0.051461085625543
0.157726447035656 -0.051796189552374
0.161562015158669 -0.052124324953076
0.165434696820571 -0.052445494705391
0.169344067338174 -0.052759704264887
0.173289698004947 -0.053066975353945
0.177271156138025 -0.053367393274418
0.181288005125655 -0.053661085657505
0.185339804475081 -0.053948207909719
0.189426109860845 -0.054228891949305
0.193546473173511 -0.054503154530803
0.197700442568812 -0.054770998607131
0.201887562517192 -0.055032442323638
0.206107373853763 -0.055287481888092
0.210359413828660 -0.055536080523397
0.214643216157784 -0.055778208965576
0.218958311073935 -0.056013849678809
0.223304225378328 -0.056243000447855
0.227680482492486 -0.056465676126603
0.232086602510501 -0.056681903407854
0.236522102251661 -0.056891711382543
0.240986495313435 -0.057095086372798
0.245479292124814 -0.057291987161527
0.250000000000000 -0.057482376747169
0.254548123192429 -0.057666227598847
0.259123162949142 -0.057843529041638
0.263724617565473 -0.058014281080228
0.268351982440069 -0.058178495765099
0.273004750130227 -0.058336188663124
0.277682410407536 -0.058487358941520
0.282384450313836 -0.058631983245044
0.287110354217464 -0.058770040141502
0.291859603869799 -0.058901516212534
0.296631678462100 -0.059026399042921
0.301426054682609 -0.059144674532116
0.306242206773948 -0.059256331288695
0.311079606590766 -0.059361364597682
0.315937723657661 -0.059459772683790
0.320816025227350 -0.059551540909463
0.325713976339092 -0.059636651737227
0.330631039877354 -0.059715091614072
0.335566676630708 -0.059786850332999
0.340520345350965 -0.059851914023554
0.345491502812526 -0.059910250928547
0.350479603871956 -0.059961831646318
0.355484101527764 -0.060006629663977
0.360504446980385 -0.060044621939459
0.365540089692367 -0.060075781799286
0.370590477448739 -0.060100080155038
0.375655056417572 -0.060117491206918
0.380733271210709 -0.060127992762853
0.385824564944672 -0.060131559727640
0.390928379301728 -0.060128138405544
0.396044154591120 -0.060117667637394
0.401171329810437 -0.060100089144423
0.406309342707137 -0.060075347403791
0.411457629840208 -0.060043391842698
0.416615626641949 -0.060004180125416
0.421782767479884 -0.059957673955469
0.426958485718794 -0.059903837853269
0.432142213782848 -0.059842639528062
0.437333383217848 -0.059774054908023
0.442531424753567 -0.059698071676860
0.447735768366173 -0.059614681139694
0.452945843340743 -0.059523877661711
0.458161078333842 -0.059425658976647
0.463380901436184 -0.059320007812667
0.468604740235343 -0.059206892294959
0.473832021878528 -0.059086283306459
0.479062173135400 -0.058958154027631
0.484294620460935 -0.058822477013139
0.489528790058321 -0.058679177923067
0.494764107941877 -0.058528142212906
0.500000000000000 -0.058369257498086
0.505235892058122 -0.058202415473687
0.510471209941678 -0.058027509077190
0.515705379539064 -0.057844429076694
0.520937826864600 -0.057653066368398
0.526167978121472 -0.057453314435330
0.531395259764656 -0.057245071682005
0.536619098563816 -0.057028233606951
0.541838921666157 -0.056802665615175
0.547054156659257 -0.056568217729531
0.552264231633827 -0.056324747020697
0.557468575246433 -0.056072114903943
0.562666616782152 -0.055810180973840
0.567857786217152 -0.055538787687387
0.573041514281206 -0.055257772076752
0.578217232520115 -0.054966979212623
0.583384373358051 -0.054666261165433
0.588542370159791 -0.054355458024619
0.593690657292862 -0.054034375568241
0.598828670189563 -0.053702823309728
0.603955845408879 -0.053360613917154
0.609071620698271 -0.053007570782621
0.614175435055328 -0.052643445323634
0.619266728789290 -0.052267914206285
0.624344943582427 -0.051880655017802
0.629409522551260 -0.051481358762307
0.634459910307633 -0.051069667111620
0.639495553019614 -0.050644735372022
0.644515898472235 -0.050205512900016
0.649520396128043 -0.049750969205339
0.654508497187474 -0.049280096416613
0.659479654649035 -0.048791999511249
0.664433323369291 -0.048285975680242
0.669368960122646 -0.047761369500996
0.674286023660907 -0.047217542934193
0.679183974772650 -0.046653994289663
0.684062276342339 -0.046071119845838
0.688920393409233 -0.045469746171851
0.693757793226051 -0.044850692915197
0.698573945317390 -0.044214778708658
0.703368321537900 -0.043562737340267
0.708140396130200 -0.042895207256242
0.712889645782536 -0.042212819372521
0.717615549686163 -0.041516211990650
0.722317589592464 -0.040806324002189
0.726995249869773 -0.040084702639678
0.731648017559930 -0.039352941192897
0.736275382434527 -0.038612595638019
0.740876837050857 -0.037865239616166
0.745451876807570 -0.037112515832580
0.750000000000000 -0.036356037313983
0.754520707875185 -0.035597382947489
0.759013504686565 -0.034837964483408
0.763477897748338 -0.034078938697424
0.767913397489498 -0.033321396799449
0.772319517507513 -0.032566394407126
0.776695774621672 -0.031814752332405
0.781041688926065 -0.031067043222554
0.785356783842216 -0.030323799893126
0.789640586171339 -0.029585553149946
0.793892626146236 -0.028852879405573
0.798112437482808 -0.028126377331944
0.802299557431187 -0.027406614056508
0.806453526826488 -0.026694070319787
0.810573890139155 -0.025989081888535
0.814660195524918 -0.025291943893397
0.818711994874345 -0.024602939523331
0.822728843861975 -0.023922282558005
0.826710301995052 -0.023250164159472
0.830655932661826 -0.022586759357654
0.834565303179429 -0.021932230449851
0.838437984841330 -0.021286747515227
0.842273552964344 -0.020650457748269
0.846071586935203 -0.020023521660024
0.849831670256683 -0.019406107965146
0.853553390593274 -0.018798376808410
0.857236339816401 -0.018200493224540
0.860880114049181 -0.017612630306273
0.864484313710706 -0.017034957121709
0.868048543559867 -0.016467612703988
0.871572412738697 -0.015910723549685
0.875055534815230 -0.015364393108681
0.878497527825878 -0.014828723567290
0.881898014317321 -0.014303801663052
0.885256621387894 -0.013789696661979
0.888572980728485 -0.013286406968750
0.891846728662920 -0.012793892642831
0.895077506187845 -0.012312102961503
0.898264959012098 -0.011840976112810
0.901408737595557 -0.011380440590711
0.904508497187474 -0.010930423867854
0.907563897864277 -0.010490855646831
0.910574604566852 -0.010061651016164
0.913540287137281 -0.009642726843560
0.916460620355049 -0.009233995761952
0.919335283972712 -0.008835372205639
0.922163962751007 -0.008446775704309
0.924946346493432 -0.008068116642602
0.927682130080253 -0.007699320668367
0.930371013501972 -0.007340294949004
0.933012701892219 -0.006990948677074
0.935606905560095 -0.006651187298315
0.938153340021932 -0.006320905883255
0.940651726032496 -0.006000007991439
0.943101789615607 -0.005688372499851
0.945503262094184 -0.005385890094003
0.947855880119706 -0.005092493914328
0.950159385701097 -0.004808125973101
0.952413526233010 -0.004532782265313
0.954618054523534 -0.004266443473727
0.956772728821300 -0.004009061658082
0.958877312841991 -0.003760577684509
0.960931575794250 -0.003520917970900
0.962935292404997 -0.003290004552756
0.964888242944126 -0.003067739986000
0.966790213248601 -0.002854005272860
0.968640994745946 -0.002648693071130
0.970440384477113 -0.002451764287480
0.972188185118740 -0.002263332209446
0.973884205004793 -0.002083599714603
0.975528258147577 -0.001912671382975
0.977120164258138 -0.001750587784535
0.978659748766034 -0.001597338867557
0.980146842838471 -0.001452860838577
0.981581283398829 -0.001317043019446
0.982962913144534 -0.001189736556241
0.984291580564316 -0.001070754159785
0.985567139954818 -0.000959874573932
0.986789451436580 -0.000856857870352
0.987958380969374 -0.000761475758957
0.989073800366903 -0.000673483816468
0.990135587310861 -0.000592610229990
0.991143625364344 -0.000518561541448
0.992097803984621 -0.000451024067389
0.992998018535252 -0.000389673383585
0.993844170297569 -0.000334175945841
0.994636166481494 -0.000284195520519
0.995373920235722 -0.000239398226629
0.996057350657239 -0.000199452636154
0.996686382800198 -0.000164039470176
0.997260947684137 -0.000132848722929
0.997780982301540 -0.000105588859178
0.998246429624752 -0.000081985352105
0.998657238612229 -0.000061785649987
0.999013364214136 -0.000044761394628
0.999314767377287 -0.000030710603058
0.999561415049429 -0.000019457942245
0.999753280182866 -0.000010857959754
0.999890341737423 -0.000004798152991
0.999972584682756 -0.000001195365613
1.000000000000000 0.000000000000000
