1.000000000000000 0.000000000000000
0.999972584682756 0.000002774490334
0.999890341737423 0.000011187430593
0.999753280182866 0.000025504293930
0.999561415049429 0.000046139038586
0.999314767377287 0.000073632118186
0.999013364214136 0.000108589919027
0.998657238612229 0.000151633948912
0.998246429624752 0.000203322507719
0.997780982301540 0.000264054720204
0.997260947684137 0.000333975507869
0.996686382800198 0.000412854041498
0.996057350657239 0.000500215919863
0.995373920235722 0.000596160961822
0.994636166481494 0.000701022553957
0.993844170297569 0.000815185099510
0.992998018535252 0.000939103004539
0.992097803984621 0.001073301423032
0.991143625364344 0.001218121488151
0.990135587310861 0.001373753946858
0.989073800366903 0.001540280625448
0.987958380969374 0.001717722266747
0.986789451436580 0.001905987946349
0.985567139954818 0.002105007963443
0.984291580564316 0.002314826830070
0.982962913144534 0.002535494272737
0.981581283398829 0.002767014867022
0.980146842838472 0.003009346561957
0.978659748766034 0.003262424999672
0.977120164258138 0.003526267290955
0.975528258147577 0.003800947263465
0.973884205004793 0.004086501142918
0.972188185118741 0.004382955827234
0.970440384477113 0.004690316576734
0.968640994745946 0.005008468310258
0.966790213248601 0.005337239828110
0.964888242944126 0.005676385335496
0.962935292404997 0.006025574450593
0.960931575794250 0.006384476627869
0.958877312841991 0.006752949274154
0.956772728821300 0.007130964913015
0.954618054523534 0.007518638227132
0.952413526233010 0.007916120649701
0.950159385701097 0.008323532633355
0.947855880119706 0.008740765783511
0.945503262094184 0.009167546017765
0.943101789615607 0.009603436146605
0.940651726032496 0.010047899074700
0.938153340021932 0.010500406476043
0.935606905560095 0.010960518417485
0.933012701892219 0.011428360420608
0.930371013501972 0.011904223887780
0.927682130080253 0.012388490738748
0.924946346493432 0.012881562328301
0.922163962751008 0.013383632064676
0.919335283972712 0.013894774831064
0.916460620355050 0.014414942048582
0.913540287137281 0.014943957183327
0.910574604566852 0.015481670969746
0.907563897864277 0.016027986362198
0.904508497187474 0.016582819863090
0.901408737595557 0.017146148480462
0.898264959012098 0.017717968832721
0.895077506187845 0.018298238737384
0.891846728662920 0.018886880727640
0.888572980728485 0.019483789921356
0.885256621387895 0.020088779124398
0.881898014317321 0.020701615041647
0.878497527825878 0.021322050614196
0.875055534815230 0.021949827370513
0.871572412738697 0.022584673916931
0.868048543559867 0.023226305401405
0.864484313710706 0.023874448858863
0.860880114049181 0.024528797411332
0.857236339816402 0.025188861343681
0.853553390593274 0.025854033300144
0.849831670256683 0.026523660377773
0.846071586935203 0.027196987802371
0.842273552964344 0.027873189054735
0.838437984841330 0.028551457550687
0.834565303179429 0.029231721261555
0.830655932661826 0.029914380846477
0.826710301995053 0.030599873979713
0.822728843861975 0.031288444638155
0.818711994874345 0.031980142595580
0.814660195524919 0.032675002761409
0.810573890139155 0.033372968683625
0.806453526826488 0.034073731303248
0.802299557431188 0.034776919412381
0.798112437482808 0.035482172144100
0.793892626146237 0.036189110932672
0.789640586171339 0.036897368861994
0.785356783842216 0.037606562217180
0.781041688926065 0.038316326030680
0.776695774621672 0.039026368179830
0.772319517507513 0.039736400430606
0.767913397489498 0.040446131668403
0.763477897748339 0.041155263172338
0.759013504686565 0.041863500355594
0.754520707875186 0.042570543314773
0.750000000000000 0.043276093478744
0.745451876807570 0.043979855750921
0.740876837050858 0.044681543881953
0.736275382434527 0.045380870432491
0.731648017559931 0.046077581934884
0.726995249869773 0.046771819434556
0.722317589592464 0.047463977942667
0.717615549686164 0.048154477611393
0.712889645782536 0.048843714749107
0.708140396130201 0.049531417424892
0.703368321537900 0.050216776332024
0.698573945317390 0.050898944181018
0.693757793226052 0.051577070730591
0.688920393409234 0.052250635620588
0.684062276342339 0.052919610052522
0.679183974772650 0.053584003005116
0.674286023660908 0.054243840010498
0.669368960122646 0.054899095850385
0.664433323369292 0.055549573866199
0.659479654649035 0.056195033390086
0.654508497187474 0.056835244242989
0.649520396128043 0.057469969253891
0.644515898472236 0.058099084712432
0.639495553019615 0.058722548104205
0.634459910307633 0.059340322007080
0.629409522551260 0.059952380320627
0.624344943582428 0.060558639592380
0.619266728789291 0.061158813251937
0.614175435055328 0.061752556631035
0.609071620698271 0.062339527533114
0.603955845408880 0.062919387021650
0.598828670189563 0.063491830554288
0.593690657292862 0.064056616028520
0.588542370159792 0.064613506347367
0.583384373358051 0.065162270785706
0.578217232520115 0.065702666483086
0.573041514281206 0.066234352302691
0.567857786217152 0.066756900186569
0.562666616782152 0.067269882927172
0.557468575246433 0.067772878123034
0.552264231633827 0.068265521685406
0.547054156659257 0.068747912009359
0.541838921666158 0.069220359474995
0.536619098563816 0.069683180623155
0.531395259764657 0.070136699693480
0.526167978121472 0.070581163446069
0.520937826864600 0.071016435198868
0.515705379539064 0.071442267569622
0.510471209941678 0.071858409690697
0.505235892058123 0.072264620700604
0.500000000000000 0.072660622965509
0.494764107941877 0.073046010106182
0.489528790058322 0.073420348850624
0.484294620460936 0.073783211999504
0.479062173135400 0.074134178867586
0.473832021878528 0.074472920469823
0.468604740235343 0.074799348053718
0.463380901436184 0.075113420168177
0.458161078333842 0.075415098169211
0.452945843340743 0.075704351830090
0.447735768366173 0.075981220005750
0.442531424753567 0.076245894182572
0.437333383217848 0.076498585682984
0.432142213782848 0.076739509911239
0.426958485718794 0.076968881814175
0.421782767479885 0.077186735014351
0.416615626641949 0.077392819128082
0.411457629840209 0.077586864098493
0.406309342707138 0.077768610352217
0.401171329810437 0.077937806611816
0.396044154591120 0.078094239933652
0.390928379301729 0.078237737266624
0.385824564944672 0.078368135111813
0.380733271210710 0.078485278863650
0.375655056417573 0.078589029154747
0.370590477448740 0.078679331662646
0.365540089692367 0.078756188140414
0.360504446980385 0.078819606607691
0.355484101527764 0.078869603139943
0.350479603871957 0.078906190734210
0.345491502812526 0.078929345705339
0.340520345350965 0.078939039826322
0.335566676630708 0.078935253011256
0.330631039877354 0.078917973350268
0.325713976339092 0.078887179185714
0.320816025227350 0.078842827734179
0.315937723657661 0.078784882851156
0.311079606590766 0.078713318033930
0.306242206773949 0.078628079979701
0.301426054682610 0.078528804256858
0.296631678462100 0.078414983186923
0.291859603869799 0.078286131753171
0.287110354217464 0.078141791209438
0.282384450313836 0.077981801268776
0.277682410407536 0.077806469365162
0.273004750130227 0.077616148355031
0.268351982440069 0.077411195418601
0.263724617565473 0.077191920909714
0.259123162949143 0.076958432788469
0.254548123192430 0.076710794520980
0.250000000000000 0.076449081420088
0.245479292124815 0.076173375681305
0.240986495313435 0.075883727504923
0.236522102251661 0.075580182706484
0.232086602510502 0.075262797062187
0.227680482492487 0.074931621664012
0.223304225378328 0.074586508942252
0.218958311073935 0.074227189846057
0.214643216157784 0.073853424128541
0.210359413828661 0.073464994969317
0.206107373853763 0.073061666442099
0.201887562517192 0.072643210458118
0.197700442568813 0.072209422698697
0.193546473173512 0.071760186273886
0.189426109860845 0.071295735148501
0.185339804475081 0.070816426735616
0.181288005125655 0.070322637693831
0.177271156138025 0.069814801723439
0.173289698004947 0.069293514216957
0.169344067338174 0.068759390120274
0.165434696820571 0.068213015865583
0.161562015158670 0.067654618563987
0.157726447035656 0.067084144649033
0.153928413064797 0.066501562398526
0.150168329743317 0.065906748732866
0.146446609406726 0.065299264188042
0.142763660183598 0.064678673596496
0.139119885950819 0.064044587213371
0.135515686289294 0.063396656682924
0.131951456440133 0.062734576472747
0.128427587261303 0.062058140364087
0.124944465184770 0.061367872798247
0.121502472174122 0.060664882867631
0.118101985682679 0.059950280504848
0.114743378612105 0.059224742623407
0.111427019271515 0.058488496082246
0.108153271337080 0.057741765400089
0.104922493812155 0.056984681267492
0.101735040987902 0.056217259378484
0.098591262404443 0.055439561955355
0.095491502812526 0.054651583546768
0.092436102135723 0.053853280372512
0.089425395433148 0.053044652223469
0.086459712862719 0.052225508610201
0.083539379644950 0.051395643499288
0.080664716027288 0.050554850950741
0.077836037248993 0.049702802014257
0.075053653506568 0.048839248861878
0.072317869919747 0.047964476704441
0.069628986498028 0.047079305293631
0.066987298107781 0.046184598645626
0.064393094439905 0.045281200486499
0.061846659978068 0.044369986468588
0.059348273967504 0.043451514260198
0.056898210384393 0.042526125813337
0.054496737905816 0.041594192018382
0.052144119880294 0.040656116889223
0.049840614298903 0.039712303832284
0.047586473766990 0.038762912127342
0.045381945476466 0.037808108883923
0.043227271178700 0.036848066757046
0.041122687158010 0.035883016643787
0.039068424205750 0.034912666435626
0.037064707595003 0.033936407339768
0.035111757055874 0.032953934602110
0.033209786751399 0.031965198175081
0.031359005254054 0.030970716227456
0.029559615522887 0.029971443493147
0.027811814881260 0.028968500892884
0.026115794995207 0.027963126581255
0.024471741852423 0.026956363086512
0.022879835741862 0.025949195875445
0.021340251233966 0.024942746637984
0.019853157161529 0.023938185766307
0.018418716601171 0.022936432906470
0.017037086855466 0.021937760027455
0.015708419435685 0.020941663230613
0.014432860045182 0.019948277719274
0.013210548563420 0.018957942456161
0.012041619030626 0.017970400416274
0.010926199633097 0.016985105084657
0.009864412689139 0.016001616911494
0.008856374635656 0.015020029339103
0.007902196015379 0.014041129754199
0.007001981464748 0.013066361364946
0.006155829702431 0.012097698430058
0.005363833518506 0.011137952604897
0.004626079764278 0.010189521726187
0.003942649342761 0.009252568439523
0.003313617199802 0.008326391847876
0.002739052315863 0.007410805992639
0.002219017698460 0.006507035088689
0.001753570375248 0.005619515424610
0.001342761387771 0.004757251471049
0.000986635785864 0.003932387219120
0.000685232622713 0.003161214883037
0.000438584950571 0.002453668038526
0.000246719817134 0.001794689539216
0.000109658262577 0.001171116930939
0.000027415317244 0.000574792187629
0.000000000000000 0.000000000000000
0.000027415317244 -0.000561868839788
0.000109658262577 -0.001110200245004
0.000246719817134 -0.001634774899423
0.000438584950571 -0.002126576749374
0.000685232622713 -0.002577160880561
0.000986635785864 -0.002985966839095
0.001342761387771 -0.003365846660931
0.001753570375248 -0.003725789449240
0.002219017698460 -0.004073687862790
0.002739052315863 -0.004418381303347
0.003313617199802 -0.004768283961230
0.003942649342761 -0.005128865801461
0.004626079764278 -0.005495450199821
0.005363833518506 -0.005863633009981
0.006155829702431 -0.006230673066284
0.007001981464748 -0.006594234323411
0.007902196015379 -0.006952751931540
0.008856374635656 -0.007305355275184
0.009864412689139 -0.007651605262122
0.010926199633097 -0.007991852364101
0.012041619030626 -0.008327054882886
0.013210548563420 -0.008658249468669
0.014432860045182 -0.008985144551934
0.015708419435684 -0.009306402770989
0.017037086855466 -0.009621203445598
0.018418716601171 -0.009929031190065
0.019853157161528 -0.010229590632700
0.021340251233966 -0.010522627145669
0.022879835741862 -0.010808031654940
0.024471741852423 -0.011085941476107
0.026115794995207 -0.011356870113657
0.027811814881259 -0.011621540361764
0.029559615522887 -0.011879742179354
0.031359005254054 -0.012130881037247
0.033209786751399 -0.012374293105272
0.035111757055874 -0.012609388830590
0.037064707595003 -0.012835702547740
0.039068424205750 -0.013053053201673
0.041122687158009 -0.013261570409303
0.043227271178699 -0.013461600776542
0.045381945476466 -0.013653679196109
0.047586473766990 -0.013838259089871
0.049840614298903 -0.014015731859331
0.052144119880293 -0.014185974032031
0.054496737905816 -0.014348679733273
0.056898210384393 -0.014503707812854
0.059348273967504 -0.014651007993831
0.061846659978068 -0.014790499431506
0.064393094439905 -0.014922114637912
0.066987298107781 -0.015045852844658
0.069628986498028 -0.015161775321104
0.072317869919747 -0.015269950584689
0.075053653506568 -0.015370438629114
0.077836037248992 -0.015463313075195
0.080664716027288 -0.015548620156215
0.083539379644950 -0.015626435024762
0.086459712862719 -0.015696855281688
0.089425395433148 -0.015760009870471
0.092436102135723 -0.015815996434126
0.095491502812526 -0.015864864136776
0.098591262404443 -0.015906689183799
0.101735040987902 -0.015941563114088
0.104922493812155 -0.015969605455785
0.108153271337080 -0.015990893514516
0.111427019271514 -0.016005426352030
0.114743378612105 -0.016013220055207
0.118101985682679 -0.016014338103463
0.121502472174122 -0.016008883256054
0.124944465184770 -0.015997000531670
0.128427587261303 -0.015978939648488
0.131951456440133 -0.015955008361922
0.135515686289294 -0.015925482101062
0.139119885950819 -0.015890436355038
0.142763660183598 -0.015849914507901
0.146446609406726 -0.015803914470325
0.150168329743317 -0.015752253440839
0.153928413064796 -0.015694709156136
0.157726447035656 -0.015631144236600
0.161562015158669 -0.015561794934400
0.165434696820571 -0.015487019956237
0.169344067338174 -0.015407196088383
0.173289698004947 -0.015322635842925
0.177271156138025 -0.015233630233149
0.181288005125655 -0.015140484579469
0.185339804475081 -0.015043320380187
0.189426109860845 -0.014942033349630
0.193546473173511 -0.014836503959656
0.197700442568812 -0.014726666675208
0.201887562517192 -0.014612669783730
0.206107373853763 -0.014494725903922
0.210359413828660 -0.014373061147065
0.214643216157784 -0.014247872519133
0.218958311073935 -0.014119314980363
0.223304225378328 -0.013987550820388
0.227680482492486 -0.013852738070678
0.232086602510501 -0.013714921648794
0.236522102251661 -0.013574081648509
0.240986495313435 -0.013430200742101
0.245479292124814 -0.013283283418077
0.250000000000000 -0.013133463396865
0.254548123192429 -0.012980923288305
0.259123162949142 -0.012825853082375
0.263724617565473 -0.012668445585868
0.268351982440069 -0.012508875249489
0.273004750130227 -0.012347314039524
0.277682410407536 -0.012183941365165
0.282384450313836 -0.012018931126299
0.287110354217464 -0.011852393875177
0.291859603869799 -0.011684416914723
0.296631678462100 -0.011515092034061
0.301426054682609 -0.011344509492845
0.306242206773948 -0.011172732028304
0.311079606590766 -0.010999800979240
0.315937723657661 -0.010825760880695
0.320816025227350 -0.010650656199771
0.325713976339092 -0.010474583161567
0.330631039877354 -0.010297709611183
0.335566676630708 -0.010120213185937
0.340520345350965 -0.009942275761433
0.345491502812526 -0.009764073252666
0.350479603871956 -0.009585747005710
0.355484101527764 -0.009407428838779
0.360504446980385 -0.009229251135408
0.365540089692367 -0.009051345603379
0.370590477448739 -0.008873692358654
0.375655056417572 -0.008696085518972
0.380733271210709 -0.008518300987470
0.385824564944672 -0.008340112482231
0.390928379301728 -0.008161353428485
0.396044154591120 -0.007982304889763
0.401171329810437 -0.007803446193369
0.406309342707137 -0.007625264711979
0.411457629840208 -0.007448250777367
0.416615626641949 -0.007272708661136
0.421782767479884 -0.007098427469794
0.426958485718794 -0.006925103284760
0.432142213782848 -0.006752430555589
0.437333383217848 -0.006580105442865
0.442531424753567 -0.006408038891230
0.447735768366173 -0.006236430215535
0.452945843340743 -0.006065499314745
0.458161078333842 -0.005895466284523
0.463380901436184 -0.005726550041109
0.468604740235343 -0.005558921640277
0.473832021878528 -0.005392715833457
0.479062173135400 -0.005228067646617
0.484294620460935 -0.005065110103167
0.489528790058321 -0.004903938518179
0.494764107941877 -0.004744357993046
0.500000000000000 -0.004586043781708
0.505235892058122 -0.004428671045520
0.510471209941678 -0.004271912654951
0.515705379539064 -0.004115588890464
0.520937826864600 -0.003960132632195
0.526167978121472 -0.003806137924170
0.531395259764656 -0.003654194872223
0.536619098563816 -0.003504892184441
0.541838921666157 -0.003358514898799
0.547054156659257 -0.003214633204725
0.552264231633827 -0.003072714096198
0.557468575246433 -0.002932227784105
0.562666616782152 -0.002792657247840
0.567857786217152 -0.002653907221731
0.573041514281206 -0.002516432193718
0.578217232520115 -0.002380720367708
0.583384373358051 -0.002247254128929
0.588542370159791 -0.002116471334394
0.593690657292862 -0.001988350322223
0.598828670189563 -0.001862568697838
0.603955845408879 -0.001738802858033
0.609071620698271 -0.001616731793872
0.614175435055328 -0.001496123011038
0.619266728789290 -0.001377096852496
0.624344943582427 -0.001259861662855
0.629409522551260 -0.001144623396767
0.634459910307633 -0.001031579613481
0.639495553019614 -0.000920813092910
0.644515898472235 -0.000812255083681
0.649520396128043 -0.000705826697935
0.654508497187474 -0.000601449619806
0.659479654649035 -0.000499068305394
0.664433323369291 -0.000398757937031
0.669368960122646 -0.000300637025967
0.674286023660907 -0.000204821005498
0.679183974772650 -0.000111419843427
0.684062276342339 -0.000020512163043
0.688920393409233 0.000067857833721
0.693757793226051 0.000153648779196
0.698573945317390 0.000236823930625
0.703368321537900 0.000317448836710
0.708140396130200 0.000395837672482
0.712889645782536 0.000472332380457
0.717615549686163 0.000547266915750
0.722317589592464 0.000620862895586
0.726995249869773 0.000692912455313
0.731648017559930 0.000763104773476
0.736275382434527 0.000831140011708
0.740876837050857 0.000896784650016
0.745451876807570 0.000960086093757
0.750000000000000 0.001021176177078
0.754520707875185 0.001080183514304
0.759013504686565 0.001137229496640
0.763477897748338 0.001192415436513
0.767913397489498 0.001245836673271
0.772319517507513 0.001297585521146
0.776695774621672 0.001347723869154
0.781041688926065 0.001396247743430
0.785356783842216 0.001443145613411
0.789640586171339 0.001488403278034
0.793892626146236 0.001531919117618
0.798112437482808 0.001573510912914
0.802299557431187 0.001613002541592
0.806453526826488 0.001650255418526
0.810573890139155 0.001685259035701
0.814660195524918 0.001718039430511
0.818711994874345 0.001748628949230
0.822728843861975 0.001777159733603
0.826710301995052 0.001803847699339
0.830655932661826 0.001828901988937
0.834565303179429 0.001852414854020
0.838437984841330 0.001874263227460
0.842273552964344 0.001894308136706
0.846071586935203 0.001912423376408
0.849831670256683 0.001928499603928
0.853553390593274 0.001942438858512
0.857236339816401 0.001954160216338
0.860880114049181 0.001963620773717
0.864484313710706 0.001970791794085
0.868048543559867 0.001975667888963
0.871572412738697 0.001978304469935
0.875055534815230 0.001978770000117
0.878497527825878 0.001977181146674
0.881898014317321 0.001973749896329
0.885256621387894 0.001968688787260
0.888572980728485 0.001962163910150
0.891846728662920 0.001954297367750
0.895077506187845 0.001945201199732
0.898264959012098 0.001934961897281
0.901408737595557 0.001923655032432
0.904508497187474 0.001911337218687
0.907563897864277 0.001898037478311
0.910574604566852 0.001883771013359
0.913540287137281 0.001868479305321
0.916460620355049 0.001852086665962
0.919335283972712 0.001834545296815
0.922163962751007 0.001815833170793
0.924946346493432 0.001795986441127
0.927682130080253 0.001775144339171
0.930371013501972 0.001753456119850
0.933012701892219 0.001731079757553
0.935606905560095 0.001708146539424
0.938153340021932 0.001684667364198
0.940651726032496 0.001660607421014
0.943101789615607 0.001635865608347
0.945503262094184 0.001610330343554
0.947855880119706 0.001583934882959
0.950159385701097 0.001556621672712
0.952413526233010 0.001528253146509
0.954618054523534 0.001498685146345
0.956772728821300 0.001467797129924
0.958877312841991 0.001435498060990
0.960931575794250 0.001401725560104
0.962935292404997 0.001366498725015
0.964888242944126 0.001329922503752
0.966790213248601 0.001292112937638
0.968640994745946 0.001253196226073
0.970440384477113 0.001213318633566
0.972188185118740 0.001172564442711
0.973884205004793 0.001130925748090
0.975528258147577 0.001088378511527
0.977120164258138 0.001044916234540
0.978659748766034 0.001000576166021
0.980146842838471 0.000955433732219
0.981581283398829 0.000909615223069
0.982962913144534 0.000863312864324
0.984291580564316 0.000816720518159
0.985567139954818 0.000770041398518
0.986789451436580 0.000723492279598
0.987958380969374 0.000677167931294
0.989073800366903 0.000631040526983
0.990135587310861 0.000585034077254
0.991143625364344 0.000539184296987
0.992097803984621 0.000493588426805
0.992998018535252 0.000448421017568
0.993844170297569 0.000403954581950
0.994636166481494 0.000360541966029
0.995373920235722 0.000318525855712
0.996057350657239 0.000278230458313
0.996686382800198 0.000239960464725
0.997260947684137 0.000203897386731
0.997780982301540 0.000169921656836
0.998246429624752 0.000138055880830
0.998657238612229 0.000108522638881
0.999013364214136 0.000081673052089
0.999314767377287 0.000057931442880
0.999561415049429 0.000037744113301
0.999753280182866 0.000021534330490
0.999890341737423 0.000009670225342
0.999972584682756 0.000002432490376
1.000000000000000 0.000000000000000
