1.000000000000000 0.000000000000000
0.999972584682756 0.000003897911898
0.999890341737423 0.000015598030813
0.999753280182866 0.000035116944256
0.999561415049429 0.000062486569409
0.999314767377287 0.000097751609863
0.999013364214136 0.000140961825135
0.998657238612229 0.000192187482231
0.998246429624752 0.000251509090575
0.997780982301540 0.000319014767706
0.997260947684137 0.000394808026203
0.996686382800198 0.000479007858418
0.996057350657239 0.000571740868977
0.995373920235722 0.000673149183184
0.994636166481494 0.000783382481881
0.993844170297569 0.000902608715253
0.992998018535252 0.001031003392391
0.992097803984621 0.001168757694027
0.991143625364344 0.001316075871019
0.990135587310861 0.001473169598073
0.989073800366903 0.001640269261638
0.987958380969374 0.001817615803852
0.986789451436580 0.002005457231947
0.985567139954818 0.002204002782958
0.984291580564316 0.002413397724726
0.982962913144534 0.002633769790218
0.981581283398829 0.002865215120187
0.980146842838472 0.003107806529019
0.978659748766034 0.003361587571128
0.977120164258138 0.003626555605030
0.975528258147577 0.003902684289850
0.973884205004793 0.004189893738516
0.972188185118741 0.004488058003702
0.970440384477113 0.004797043153942
0.968640994745946 0.005116860180225
0.966790213248601 0.005447551913802
0.964888242944126 0.005789175026748
0.962935292404997 0.006141765218229
0.960931575794250 0.006505351809118
0.958877312841991 0.006879956908996
0.956772728821300 0.007265586865773
0.954618054523534 0.007662240988340
0.952413526233010 0.008069904117553
0.950159385701097 0.008488553254180
0.947855880119706 0.008918148296694
0.945503262094184 0.009358642621102
0.943101789615607 0.009809978202969
0.940651726032496 0.010272080613427
0.938153340021932 0.010744860615304
0.935606905560095 0.011228207841272
0.933012701892219 0.011722002509033
0.930371013501972 0.012226108132159
0.927682130080253 0.012740359394736
0.924946346493432 0.013264566818139
0.922163962751008 0.013798597287431
0.919335283972712 0.014342319875914
0.916460620355050 0.014895610013295
0.913540287137281 0.015458358356246
0.910574604566852 0.016030427809305
0.907563897864277 0.016611681374826
0.904508497187474 0.017201958821148
0.901408737595557 0.017801099377375
0.898264959012098 0.018408929769598
0.895077506187845 0.019025260846651
0.891846728662920 0.019649890344726
0.888572980728485 0.020282604089211
0.885256621387895 0.020923168065043
0.881898014317321 0.021571334984121
0.878497527825878 0.022226840682245
0.875055534815230 0.022889422767819
0.871572412738697 0.023558796568482
0.868048543559867 0.024234657034368
0.864484313710706 0.024916679017865
0.860880114049181 0.025604527587776
0.857236339816402 0.026297930532910
0.853553390593274 0.026996652615660
0.849831670256683 0.027700448558009
0.846071586935203 0.028409088040849
0.842273552964344 0.029122338211415
0.838437984841330 0.029839972549618
0.834565303179429 0.030561756248902
0.830655932661826 0.031287445536112
0.826710301995053 0.032016804916407
0.822728843861975 0.032749549043493
0.818711994874345 0.033485361136193
0.814660195524919 0.034223922888499
0.810573890139155 0.034964889347261
0.806453526826488 0.035707885370376
0.802299557431188 0.036452524447132
0.798112437482808 0.037198408222844
0.793892626146237 0.037945135955546
0.789640586171339 0.038692277778456
0.785356783842216 0.039439414812091
0.781041688926065 0.040186137236165
0.776695774621672 0.040932113698507
0.772319517507513 0.041677023207927
0.767913397489498 0.042420533391461
0.763477897748339 0.043162327579386
0.759013504686565 0.043902096588223
0.754520707875186 0.044639533365436
0.750000000000000 0.045374323668344
0.745451876807570 0.046106157593055
0.740876837050858 0.046834715295362
0.736275382434527 0.047559687499691
0.731648017559931 0.048280756688465
0.726995249869773 0.048997617042092
0.722317589592464 0.049709970088396
0.717615549686164 0.050417523162764
0.712889645782536 0.051119975593798
0.708140396130201 0.051817029204371
0.703368321537900 0.052508380998393
0.698573945317390 0.053193728554303
0.693757793226052 0.053872769091672
0.688920393409234 0.054545275231728
0.684062276342339 0.055211102561091
0.679183974772650 0.055870123286942
0.674286023660908 0.056522216880764
0.669368960122646 0.057167265016837
0.664433323369292 0.057805164846772
0.659479654649035 0.058435820487174
0.654508497187474 0.059059141129644
0.649520396128043 0.059675038724086
0.644515898472236 0.060283384960436
0.639495553019615 0.060884022840862
0.634459910307633 0.061476800059482
0.629409522551260 0.062061563780256
0.624344943582428 0.062638165677151
0.619266728789291 0.063206440376609
0.614175435055328 0.063766228448829
0.609071620698271 0.064317370052676
0.603955845408880 0.064859709462914
0.598828670189563 0.065393120410540
0.593690657292862 0.065917512324148
0.588542370159792 0.066432802452680
0.583384373358051 0.066938917926023
0.578217232520115 0.067435783543859
0.573041514281206 0.067923352146818
0.567857786217152 0.068401593362925
0.562666616782152 0.068870484519730
0.557468575246433 0.069330005196547
0.552264231633827 0.069780129999192
0.547054156659257 0.070220729732920
0.541838921666158 0.070651625881816
0.536619098563816 0.071072644019045
0.531395259764657 0.071483614253071
0.526167978121472 0.071884362542459
0.520937826864600 0.072274693629517
0.515705379539064 0.072654404290432
0.510471209941678 0.073023296304065
0.505235892058123 0.073381177574715
0.500000000000000 0.073727875316853
0.494764107941877 0.074063299786230
0.489528790058322 0.074387385855410
0.484294620460936 0.074700071787218
0.479062173135400 0.075001304691678
0.473832021878528 0.075291033913277
0.468604740235343 0.075569224851475
0.463380901436184 0.075835850413735
0.458161078333842 0.076090884880661
0.452945843340743 0.076334311294110
0.447735768366173 0.076566092924777
0.442531424753567 0.076786142698798
0.437333383217848 0.076994368367836
0.432142213782848 0.077190683584225
0.426958485718794 0.077375007928646
0.421782767479885 0.077547265948365
0.416615626641949 0.077707387976049
0.411457629840209 0.077855309043729
0.406309342707138 0.077990971533757
0.401171329810437 0.078114322777120
0.396044154591120 0.078225322225866
0.390928379301729 0.078323943252197
0.385824564944672 0.078410164612954
0.380733271210710 0.078483971735379
0.375655056417573 0.078545356627464
0.370590477448740 0.078594313303518
0.365540089692367 0.078630839657164
0.360504446980385 0.078654939589637
0.355484101527764 0.078666623816970
0.350479603871957 0.078665901409569
0.345491502812526 0.078652734170065
0.340520345350965 0.078627069592536
0.335566676630708 0.078588863733052
0.330631039877354 0.078538080828439
0.325713976339092 0.078474695290444
0.320816025227350 0.078398692617476
0.315937723657661 0.078310068453731
0.311079606590766 0.078208825510164
0.306242206773949 0.078094975942111
0.301426054682610 0.077968531604957
0.296631678462100 0.077829507733559
0.291859603869799 0.077677928387534
0.287110354217464 0.077513826585587
0.282384450313836 0.077337247312255
0.277682410407536 0.077148250214592
0.273004750130227 0.076946903840566
0.268351982440069 0.076733286224440
0.263724617565473 0.076507469134254
0.259123162949143 0.076269432390369
0.254548123192430 0.076019122491451
0.250000000000000 0.075756503397248
0.245479292124815 0.075481551579885
0.240986495313435 0.075194261404616
0.236522102251661 0.074894642448029
0.232086602510502 0.074582716181638
0.227680482492487 0.074258520872558
0.223304225378328 0.073922068558310
0.218958311073935 0.073573352340441
0.214643216157784 0.073212379589798
0.210359413828661 0.072839175519057
0.206107373853763 0.072453770400326
0.201887562517192 0.072056207964436
0.197700442568813 0.071646542942943
0.193546473173512 0.071224849116476
0.189426109860845 0.070791188509951
0.185339804475081 0.070345623969563
0.181288005125655 0.069888236280449
0.177271156138025 0.069419103038435
0.173289698004947 0.068938204004499
0.169344067338174 0.068445517859229
0.165434696820571 0.067941043993924
0.161562015158670 0.067424840161375
0.157726447035656 0.066897024187610
0.153928413064797 0.066357735781433
0.150168329743317 0.065807115049739
0.146446609406726 0.065245133435870
0.142763660183598 0.064671742529953
0.139119885950819 0.064086920917786
0.135515686289294 0.063490620662242
0.131951456440133 0.062882783109893
0.128427587261303 0.062263382859927
0.124944465184770 0.061632457790553
0.121502472174122 0.060990106110148
0.118101985682679 0.060336478829818
0.114743378612105 0.059671684456848
0.111427019271515 0.058995708991756
0.108153271337080 0.058308553512593
0.104922493812155 0.057610261165160
0.101735040987902 0.056900880223102
0.098591262404443 0.056180499437326
0.095491502812526 0.055449287536271
0.092436102135723 0.054707512260094
0.089425395433148 0.053955475187547
0.086459712862719 0.053193353678500
0.083539379644950 0.052421124995330
0.080664716027288 0.051638819233275
0.077836037248993 0.050846410426623
0.075053653506568 0.050043902852113
0.072317869919747 0.049231377645866
0.069628986498028 0.048409049063694
0.066987298107781 0.047577218367441
0.064393094439905 0.046736172728752
0.061846659978068 0.045886163350182
0.059348273967504 0.045027427260674
0.056898210384393 0.044159826706051
0.054496737905816 0.043283256401944
0.052144119880294 0.042397752087342
0.049840614298903 0.041503506567329
0.047586473766990 0.040600825782394
0.045381945476466 0.039690164978987
0.043227271178700 0.038772014006819
0.041122687158010 0.037846749574118
0.039068424205750 0.036914731638845
0.037064707595003 0.035975978543304
0.035111757055874 0.035030486376697
0.033209786751399 0.034078535052067
0.031359005254054 0.033120531985568
0.029559615522887 0.032157042963428
0.027811814881260 0.031188767083702
0.026115794995207 0.030216574524786
0.024471741852423 0.029241266609533
0.022879835741862 0.028262232705230
0.021340251233966 0.027278489363924
0.019853157161529 0.026289369401900
0.018418716601171 0.025294529510541
0.017037086855466 0.024293985846205
0.015708419435685 0.023288106894172
0.014432860045182 0.022277572253385
0.013210548563420 0.021263431485918
0.012041619030626 0.020246773642310
0.010926199633097 0.019227879118030
0.009864412689139 0.018206954015481
0.008856374635656 0.017184340183675
0.007902196015379 0.016160591988655
0.007001981464748 0.015136448586898
0.006155829702431 0.014112826938293
0.005363833518506 0.013091207830195
0.004626079764278 0.012072908355550
0.003942649342761 0.011057866057586
0.003313617199802 0.010044655700850
0.002739052315863 0.009032685643399
0.002219017698460 0.008022664058416
0.001753570375248 0.007017018088890
0.001342761387771 0.006020543505074
0.000986635785864 0.005041562318223
0.000685232622713 0.004093918397624
0.000438584950571 0.003190609692636
0.000246719817134 0.002331013692392
0.000109658262577 0.001513437512768
0.000027415317244 0.000736735414260
0.000000000000000 0.000000000000000
0.000027415317244 -0.000697196969152
0.000109658262577 -0.001355296232682
0.000246719817134 -0.001974560778211
0.000438584950571 -0.002555086054532
0.000685232622713 -0.003101040333737
0.000986635785864 -0.003624737884088
0.001342761387771 -0.004132803516167
0.001753570375248 -0.004628390096605
0.002219017698460 -0.005113107069220
0.002739052315863 -0.005588050251473
0.003313617199802 -0.006053835809355
0.003942649342761 -0.006511098172282
0.004626079764278 -0.006960350966096
0.005363833518506 -0.007402272471460
0.006155829702431 -0.007837073611000
0.007001981464748 -0.008261658122858
0.007902196015379 -0.008672399528795
0.008856374635656 -0.009066428744803
0.009864412689139 -0.009441907699740
0.010926199633097 -0.009798071875973
0.012041619030626 -0.010135467677422
0.013210548563420 -0.010455835764298
0.014432860045182 -0.010762423869767
0.015708419435684 -0.011060804759594
0.017037086855466 -0.011356936670133
0.018418716601171 -0.011655279949789
0.019853157161528 -0.011956494997133
0.021340251233966 -0.012258595469790
0.022879835741862 -0.012560427950713
0.024471741852423 -0.012860921681982
0.026115794995207 -0.013158686644339
0.027811814881259 -0.013452307531506
0.029559615522887 -0.013740346152606
0.031359005254054 -0.014021160455756
0.033209786751399 -0.014293068597473
0.035111757055874 -0.014554847032557
0.037064707595003 -0.014805644967011
0.039068424205750 -0.015045301897711
0.041122687158009 -0.015273852240673
0.043227271178699 -0.015491394253616
0.045381945476466 -0.015698193591918
0.047586473766990 -0.015894711363705
0.049840614298903 -0.016081651477882
0.052144119880293 -0.016259993743595
0.054496737905816 -0.016430752536889
0.056898210384393 -0.016594831056094
0.059348273967504 -0.016752777943528
0.061846659978068 -0.016904241157477
0.064393094439905 -0.017048826186571
0.066987298107781 -0.017186311851010
0.069628986498028 -0.017316531693835
0.072317869919747 -0.017439311350008
0.075053653506568 -0.017554491593312
0.077836037248992 -0.017661960785558
0.080664716027288 -0.017761648602752
0.083539379644950 -0.017853511859386
0.086459712862719 -0.017937515537350
0.089425395433148 -0.018013657404183
0.092436102135723 -0.018081969971073
0.095491502812526 -0.018142521181006
0.098591262404443 -0.018195416860562
0.101735040987902 -0.018240795141603
0.104922493812155 -0.018278839677156
0.108153271337080 -0.018309809300692
0.111427019271514 -0.018334028239931
0.114743378612105 -0.018351794008724
0.118101985682679 -0.018363161488344
0.121502472174122 -0.018368141523724
0.124944465184770 -0.018366730231475
0.128427587261303 -0.018358871455842
0.131951456440133 -0.018344513524133
0.135515686289294 -0.018323627959561
0.139119885950819 -0.018296215826250
0.142763660183598 -0.018262294292283
0.146446609406726 -0.018221892884634
0.150168329743317 -0.018175050780431
0.153928413064796 -0.018121823186501
0.157726447035656 -0.018062277852645
0.161562015158669 -0.017996495791556
0.165434696820571 -0.017924572515264
0.169344067338174 -0.017846621268036
0.173289698004947 -0.017762781074621
0.177271156138025 -0.017673207558037
0.181288005125655 -0.017578072021253
0.185339804475081 -0.017477534310183
0.189426109860845 -0.017371751098472
0.193546473173511 -0.017260893779520
0.197700442568812 -0.017145086741692
0.201887562517192 -0.017024335762615
0.206107373853763 -0.016898634899523
0.210359413828660 -0.016767985228767
0.214643216157784 -0.016632401174023
0.218958311073935 -0.016491910681251
0.223304225378328 -0.016346547978015
0.227680482492486 -0.016196353622272
0.232086602510501 -0.016041389578215
0.236522102251661 -0.015881726953678
0.240986495313435 -0.015717443160517
0.245479292124814 -0.015548631123174
0.250000000000000 -0.015375414797082
0.254548123192429 -0.015197928192278
0.259123162949142 -0.015016315671276
0.263724617565473 -0.014830729977583
0.268351982440069 -0.014641334928445
0.273004750130227 -0.014448304089930
0.277682410407536 -0.014251817736433
0.282384450313836 -0.014052040111740
0.287110354217464 -0.013849049207532
0.291859603869799 -0.013642909590024
0.296631678462100 -0.013433687255029
0.301426054682609 -0.013221449681606
0.306242206773948 -0.013006244958432
0.311079606590766 -0.012788115661180
0.315937723657661 -0.012567107132497
0.320816025227350 -0.012343266591583
0.325713976339092 -0.012116659818950
0.330631039877354 -0.011887372071504
0.335566676630708 -0.011655492789804
0.340520345350965 -0.011421111447612
0.345491502812526 -0.011184330815138
0.350479603871956 -0.010945281416113
0.355484101527764 -0.010704102838947
0.360504446980385 -0.010460937747106
0.365540089692367 -0.010215928716784
0.370590477448739 -0.009969219423751
0.375655056417572 -0.009720944696415
0.380733271210709 -0.009471245961362
0.385824564944672 -0.009220264222731
0.390928379301728 -0.008968135866529
0.396044154591120 -0.008714970146632
0.401171329810437 -0.008460863788290
0.406309342707137 -0.008205917062969
0.411457629840208 -0.007950230928641
0.416615626641949 -0.007693910464441
0.421782767479884 -0.007437062071417
0.426958485718794 -0.007179795699286
0.432142213782848 -0.006922222593868
0.437333383217848 -0.006664452687672
0.442531424753567 -0.006406577895657
0.447735768366173 -0.006148674739888
0.452945843340743 -0.005890816397367
0.458161078333842 -0.005633078385705
0.463380901436184 -0.005375534595603
0.468604740235343 -0.005118252659432
0.473832021878528 -0.004861298123791
0.479062173135400 -0.004604736151290
0.484294620460935 -0.004348630025244
0.489528790058321 -0.004093051604519
0.494764107941877 -0.003838107665763
0.500000000000000 -0.003583914837682
0.505235892058122 -0.003330592239967
0.510471209941678 -0.003078256235468
0.515705379539064 -0.002827028888798
0.520937826864600 -0.002577050405469
0.526167978121472 -0.002328462119281
0.531395259764656 -0.002081404413290
0.536619098563816 -0.001836018425890
0.541838921666157 -0.001592426342334
0.547054156659257 -0.001350724026332
0.552264231633827 -0.001111001256921
0.557468575246433 -0.000873347262463
0.562666616782152 -0.000637849868884
0.567857786217152 -0.000404575685580
0.573041514281206 -0.000173574292064
0.578217232520115 0.000055110744508
0.583384373358051 0.000281432926502
0.588542370159791 0.000505348979886
0.593690657292862 0.000726797760696
0.598828670189563 0.000945713488406
0.603955845408879 0.001162032222047
0.609071620698271 0.001375689958382
0.614175435055328 0.001586616122955
0.619266728789290 0.001794715105731
0.624344943582427 0.001999886740779
0.629409522551260 0.002202034100951
0.634459910307633 0.002401063162012
0.639495553019614 0.002596883429667
0.644515898472235 0.002789414286037
0.649520396128043 0.002978576368573
0.654508497187474 0.003164292421418
0.659479654649035 0.003346486923453
0.664433323369291 0.003525083034617
0.669368960122646 0.003700003863964
0.674286023660907 0.003871176488806
0.679183974772650 0.004038530719752
0.684062276342339 0.004202003339170
0.688920393409233 0.004361537044909
0.693757793226051 0.004517077840095
0.698573945317390 0.004668574914100
0.703368321537900 0.004815972582934
0.708140396130200 0.004959203315371
0.712889645782536 0.005098200484868
0.717615549686163 0.005232902125212
0.722317589592464 0.005363246382571
0.726995249869773 0.005489157595500
0.731648017559930 0.005610562642289
0.736275382434527 0.005727392532223
0.740876837050857 0.005839585100373
0.745451876807570 0.005947085716346
0.750000000000000 0.006049843894176
0.754520707875185 0.006147816974616
0.759013504686565 0.006240969478398
0.763477897748338 0.006329284129960
0.767913397489498 0.006412751367629
0.772319517507513 0.006491366131640
0.776695774621672 0.006565127802084
0.781041688926065 0.006634041266167
0.785356783842216 0.006698115201067
0.789640586171339 0.006757363661918
0.793892626146236 0.006811811571282
0.798112437482808 0.006861493232839
0.802299557431187 0.006906447274273
0.806453526826488 0.006946689682373
0.810573890139155 0.006982138756358
0.814660195524918 0.007012696163709
0.818711994874345 0.007038274715362
0.822728843861975 0.007058786104566
0.826710301995052 0.007074144280547
0.830655932661826 0.007084275116736
0.834565303179429 0.007089119343818
0.838437984841330 0.007088634809039
0.842273552964344 0.007082791270695
0.846071586935203 0.007071566539580
0.849831670256683 0.007054939582980
0.853553390593274 0.007032899468919
0.857236339816401 0.007005444467059
0.860880114049181 0.006972576542897
0.864484313710706 0.006934307465023
0.868048543559867 0.006890661684067
0.871572412738697 0.006841677158538
0.875055534815230 0.006787403372415
0.878497527825878 0.006727900315014
0.881898014317321 0.006663236889969
0.885256621387894 0.006593492625369
0.888572980728485 0.006518762286515
0.891846728662920 0.006439154125501
0.895077506187845 0.006354786043352
0.898264959012098 0.006265787676385
0.901408737595557 0.006172297044206
0.904508497187474 0.006074459886005
0.907563897864277 0.005972428687680
0.910574604566852 0.005866364110155
0.913540287137281 0.005756431575640
0.916460620355049 0.005642802967222
0.919335283972712 0.005525660079429
0.922163962751007 0.005405195002829
0.924946346493432 0.005281617686927
0.927682130080253 0.005155171093115
0.930371013501972 0.005026100955795
0.933012701892219 0.004894646347215
0.935606905560095 0.004761050304147
0.938153340021932 0.004625551224129
0.940651726032496 0.004488391312385
0.943101789615607 0.004349808369689
0.945503262094184 0.004210042427891
0.947855880119706 0.004069325641246
0.950159385701097 0.003927896762933
0.952413526233010 0.003786036172679
0.954618054523534 0.003644037073569
0.956772728821300 0.003502186638017
0.958877312841991 0.003360763343661
0.960931575794250 0.003220032288868
0.962935292404997 0.003080249530233
0.964888242944126 0.002941657383822
0.966790213248601 0.002804491105237
0.968640994745946 0.002668970095360
0.970440384477113 0.002535323119988
0.972188185118740 0.002403730696147
0.973884205004793 0.002274309469580
0.975528258147577 0.002147127921511
0.977120164258138 0.002022254887298
0.978659748766034 0.001899779773978
0.980146842838471 0.001779806724167
0.981581283398829 0.001662449065408
0.982962913144534 0.001547829542220
0.984291580564316 0.001436080992306
0.985567139954818 0.001327340014991
0.986789451436580 0.001221749307244
0.987958380969374 0.001119466585077
0.989073800366903 0.001020686661340
0.990135587310861 0.000925621101883
0.991143625364344 0.000834463049146
0.992097803984621 0.000747389298339
0.992998018535252 0.000664561445326
0.993844170297569 0.000586122982470
0.994636166481494 0.000512208095526
0.995373920235722 0.000442935946534
0.996057350657239 0.000378410897673
0.996686382800198 0.000318729723337
0.997260947684137 0.000263979170559
0.997780982301540 0.000214231189595
0.998246429624752 0.000169555376374
0.998657238612229 0.000130006743980
0.999013364214136 0.000095635299202
0.999314767377287 0.000066483429323
0.999561415049429 0.000042586087345
0.999753280182866 0.000023971478726
0.999890341737423 0.000010658804208
0.999972584682756 0.000002665372143
1.000000000000000 0.000000000000000
