1.000000000000000 0.000000000000000
0.999972584682756 0.000002445617822
0.999890341737423 0.000009791305772
0.999753280182866 0.000022063533356
0.999561415049429 0.000039304678301
0.999314767377287 0.000061574447266
0.999013364214136 0.000088949619541
0.998657238612229 0.000121523723458
0.998246429624752 0.000159404974903
0.997780982301540 0.000202719113421
0.997260947684137 0.000251603835589
0.996686382800198 0.000306211458427
0.996057350657239 0.000366711720664
0.995373920235722 0.000433284185501
0.994636166481494 0.000506119006076
0.993844170297569 0.000585421369493
0.992998018535252 0.000671401591520
0.992097803984621 0.000764284948139
0.991143625364344 0.000864297657631
0.990135587310861 0.000971680828242
0.989073800366903 0.001086673789224
0.987958380969374 0.001209522011500
0.986789451436580 0.001340478947601
0.985567139954818 0.001479766766831
0.984291580564316 0.001627563491482
0.982962913144534 0.001784018700499
0.981581283398829 0.001949255191775
0.980146842838472 0.002123366107229
0.978659748766034 0.002306414317615
0.977120164258138 0.002498418327610
0.975528258147577 0.002699363031129
0.973884205004793 0.002909189106198
0.972188185118741 0.003127762967539
0.970440384477113 0.003354943644009
0.968640994745946 0.003590703652638
0.966790213248601 0.003835098452232
0.964888242944126 0.004088216602190
0.962935292404997 0.004350131685413
0.960931575794250 0.004620903357621
0.958877312841991 0.004900589436723
0.956772728821300 0.005189234050464
0.954618054523534 0.005486875929759
0.952413526233010 0.005793543951170
0.950159385701097 0.006109253923343
0.947855880119706 0.006433991698162
0.945503262094184 0.006767707645444
0.943101789615607 0.007110319952459
0.940651726032496 0.007461717592093
0.938153340021932 0.007821771091195
0.935606905560095 0.008190335696540
0.933012701892219 0.008567236867174
0.930371013501972 0.008952276306915
0.927682130080253 0.009345211852261
0.924946346493432 0.009745783091015
0.922163962751008 0.010153769954520
0.919335283972712 0.010568976137964
0.916460620355050 0.010991257661247
0.913540287137281 0.011420499536544
0.910574604566852 0.011856584264008
0.907563897864277 0.012299363364808
0.904508497187474 0.012748673137222
0.901408737595557 0.013204349259180
0.898264959012098 0.013666218792112
0.895077506187845 0.014134092278929
0.891846728662920 0.014607779373811
0.888572980728485 0.015087077567529
0.885256621387895 0.015571784859533
0.881898014317321 0.016061693575738
0.878497527825878 0.016556589572215
0.875055534815230 0.017056246829178
0.871572412738697 0.017560429762487
0.868048543559867 0.018068884007260
0.864484313710706 0.018581344901274
0.860880114049181 0.019097540719206
0.857236339816402 0.019617212088841
0.853553390593274 0.020140105908148
0.849831670256683 0.020665962487728
0.846071586935203 0.021194536733292
0.842273552964344 0.021725590531094
0.838437984841330 0.022258879114960
0.834565303179429 0.022794138474817
0.830655932661826 0.023331090370911
0.826710301995053 0.023869456574982
0.822728843861975 0.024408971585636
0.818711994874345 0.024949384883809
0.814660195524919 0.025490445428719
0.810573890139155 0.026031922233014
0.806453526826488 0.026573642584909
0.802299557431188 0.027115432871686
0.798112437482808 0.027657122986662
0.793892626146237 0.028198525896188
0.789640586171339 0.028739454021955
0.785356783842216 0.029279712964323
0.781041688926065 0.029819120606160
0.776695774621672 0.030357518049047
0.772319517507513 0.030894742946516
0.767913397489498 0.031430637389723
0.763477897748339 0.031965056776830
0.759013504686565 0.032497866044418
0.754520707875186 0.033028937139464
0.750000000000000 0.033558139867414
0.745451876807570 0.034085343850597
0.740876837050858 0.034610419781007
0.736275382434527 0.035133240777317
0.731648017559931 0.035653684854282
0.726995249869773 0.036171631610173
0.722317589592464 0.036686964766528
0.717615549686164 0.037199574707926
0.712889645782536 0.037709348919079
0.708140396130201 0.038216184557393
0.703368321537900 0.038719979495365
0.698573945317390 0.039220640247999
0.693757793226052 0.039718069953196
0.688920393409234 0.040212163177631
0.684062276342339 0.040702801897953
0.679183974772650 0.041189869852792
0.674286023660908 0.041673256646174
0.669368960122646 0.042152844228559
0.664433323369292 0.042628507493500
0.659479654649035 0.043100123446939
0.654508497187474 0.043567567693031
0.649520396128043 0.044030720219608
0.644515898472236 0.044489468290222
0.639495553019615 0.044943702617721
0.634459910307633 0.045393317960102
0.629409522551260 0.045838211446333
0.624344943582428 0.046278285750199
0.619266728789291 0.046713458773494
0.614175435055328 0.047143649644203
0.609071620698271 0.047568784823828
0.603955845408880 0.047988787994365
0.598828670189563 0.048403570246831
0.593690657292862 0.048813025787053
0.588542370159792 0.049217053494539
0.583384373358051 0.049615553756547
0.578217232520115 0.050008417915598
0.573041514281206 0.050395485221620
0.567857786217152 0.050776570429610
0.562666616782152 0.051151489500685
0.557468575246433 0.051520062303990
0.552264231633827 0.051882119180021
0.547054156659257 0.052237524476208
0.541838921666158 0.052586152933028
0.536619098563816 0.052927881429793
0.531395259764657 0.053262591373200
0.526167978121472 0.053590194807545
0.520937826864600 0.053910676523471
0.515705379539064 0.054224034739925
0.510471209941678 0.054530266435006
0.505235892058123 0.054829374666089
0.500000000000000 0.055121341208005
0.494764107941877 0.055406118021758
0.489528790058322 0.055683654151079
0.484294620460936 0.055953904559501
0.479062173135400 0.056216823296610
0.473832021878528 0.056472314592426
0.468604740235343 0.056720225034177
0.463380901436184 0.056960404137728
0.458161078333842 0.057192702147325
0.452945843340743 0.057416977390123
0.447735768366173 0.057633110176098
0.442531424753567 0.057840999722638
0.437333383217848 0.058040551082273
0.432142213782848 0.058231672074555
0.426958485718794 0.058414279945004
0.421782767479885 0.058588321343388
0.416615626641949 0.058753764136777
0.411457629840209 0.058910577912929
0.406309342707138 0.059058738880953
0.401171329810437 0.059198221921902
0.396044154591120 0.059328989275770
0.390928379301729 0.059451001936296
0.385824564944672 0.059564225177242
0.380733271210710 0.059668628451548
0.375655056417573 0.059764176035486
0.370590477448740 0.059850807472400
0.365540089692367 0.059928465465644
0.360504446980385 0.059997096602282
0.355484101527764 0.060056654522807
0.350479603871957 0.060107094681371
0.345491502812526 0.060148375370425
0.340520345350965 0.060180460748528
0.335566676630708 0.060203321161052
0.330631039877354 0.060216928257975
0.325713976339092 0.060221232659363
0.320816025227350 0.060216182361342
0.315937723657661 0.060201732564509
0.311079606590766 0.060177845650754
0.306242206773949 0.060144488986647
0.301426054682610 0.060101633463381
0.296631678462100 0.060049258138951
0.291859603869799 0.059987348555415
0.287110354217464 0.059915878823039
0.282384450313836 0.059834742594514
0.277682410407536 0.059743822555979
0.273004750130227 0.059643011139894
0.268351982440069 0.059532214878567
0.263724617565473 0.059411357238589
0.259123162949143 0.059280376940474
0.254548123192430 0.059139224023259
0.250000000000000 0.058987860662409
0.245479292124815 0.058826269456625
0.240986495313435 0.058654451660566
0.236522102251661 0.058472419573006
0.232086602510502 0.058280198874823
0.227680482492487 0.058077842613403
0.223304225378328 0.057865435398542
0.218958311073935 0.057643072705225
0.214643216157784 0.057410854681513
0.210359413828661 0.057168809460049
0.206107373853763 0.056916912366972
0.201887562517192 0.056655148812564
0.197700442568813 0.056383507405307
0.193546473173512 0.056101860467092
0.189426109860845 0.055810037975240
0.185339804475081 0.055507894579327
0.181288005125655 0.055195322472507
0.177271156138025 0.054872265620849
0.173289698004947 0.054538700449285
0.169344067338174 0.054194622070203
0.165434696820571 0.053840013845480
0.161562015158670 0.053474855113468
0.157726447035656 0.053099144404427
0.153928413064797 0.052712910310451
0.150168329743317 0.052316187506219
0.146446609406726 0.051909045339612
0.142763660183598 0.051491568921016
0.139119885950819 0.051063884396797
0.135515686289294 0.050626139292280
0.131951456440133 0.050178489824644
0.128427587261303 0.049720886805040
0.124944465184770 0.049253160360854
0.121502472174122 0.048775186873026
0.118101985682679 0.048286869511486
0.114743378612105 0.047788153266776
0.111427019271515 0.047279026382014
0.108153271337080 0.046759536859745
0.104922493812155 0.046229791300658
0.101735040987902 0.045689918093441
0.098591262404443 0.045139948765546
0.095491502812526 0.044579881638087
0.092436102135723 0.044009764386425
0.089425395433148 0.043429642589210
0.086459712862719 0.042839613922755
0.083539379644950 0.042239848473010
0.080664716027288 0.041630617072009
0.077836037248993 0.041012231199080
0.075053653506568 0.040384886367184
0.072317869919747 0.039748728783901
0.069628986498028 0.039103769379079
0.066987298107781 0.038449623362393
0.064393094439905 0.037785952525005
0.061846659978068 0.037112605320776
0.059348273967504 0.036429577060395
0.056898210384393 0.035736951864942
0.054496737905816 0.035034934494602
0.052144119880294 0.034323770831339
0.049840614298903 0.033603705556587
0.047586473766990 0.032874983915274
0.045381945476466 0.032137709652822
0.043227271178700 0.031392006909248
0.041122687158010 0.030638206958423
0.039068424205750 0.029876755872985
0.037064707595003 0.029108191338304
0.035111757055874 0.028333140804300
0.033209786751399 0.027552442072450
0.031359005254054 0.026766942412075
0.029559615522887 0.025976527806350
0.027811814881260 0.025180738616286
0.026115794995207 0.024379245007349
0.024471741852423 0.023571921645393
0.022879835741862 0.022758940168967
0.021340251233966 0.021940730381183
0.019853157161529 0.021117925791132
0.018418716601171 0.020291449265340
0.017037086855466 0.019462452045358
0.015708419435685 0.018631764184853
0.014432860045182 0.017800169155829
0.013210548563420 0.016968585591447
0.012041619030626 0.016138167509609
0.010926199633097 0.015310398406458
0.009864412689139 0.014487053259929
0.008856374635656 0.013670174698332
0.007902196015379 0.012862172122802
0.007001981464748 0.012065649285785
0.006155829702431 0.011280675490211
0.005363833518506 0.010502302279417
0.004626079764278 0.009726273685323
0.003942649342761 0.008949619988875
0.003313617199802 0.008170413440120
0.002739052315863 0.007387838515655
0.002219017698460 0.006602311300796
0.001753570375248 0.005815815984277
0.001342761387771 0.005032364231283
0.000986635785864 0.004258377466865
0.000685232622713 0.003498574285279
0.000438584950571 0.002756020506980
0.000246719817134 0.002033082124583
0.000109658262577 0.001331690188226
0.000027415317244 0.000653645410627
0.000000000000000 0.000000000000000
0.000027415317244 -0.000627729384116
0.000109658262577 -0.001228904156598
0.000246719817134 -0.001803820928419
0.000438584950571 -0.002364914706765
0.000685232622713 -0.002920909925971
0.000986635785864 -0.003474866628433
0.001342761387771 -0.004028483814199
0.001753570375248 -0.004582863819338
0.002219017698460 -0.005139185152490
0.002739052315863 -0.005698717661204
0.003313617199802 -0.006262828333086
0.003942649342761 -0.006833624835611
0.004626079764278 -0.007414079312799
0.005363833518506 -0.008003082807521
0.006155829702431 -0.008596917527519
0.007001981464748 -0.009191199100815
0.007902196015379 -0.009782541996209
0.008856374635656 -0.010368422832288
0.009864412689139 -0.010947136067872
0.010926199633097 -0.011517875565890
0.012041619030626 -0.012080869479209
0.013210548563420 -0.012637532773774
0.014432860045182 -0.013189336263701
0.015708419435684 -0.013737036481509
0.017037086855466 -0.014279247474066
0.018418716601171 -0.014814657779063
0.019853157161528 -0.015342431497070
0.021340251233966 -0.015861823812042
0.022879835741862 -0.016372259533290
0.024471741852423 -0.016873345474519
0.026115794995207 -0.017364967836323
0.027811814881259 -0.017847271424926
0.029559615522887 -0.018320046144952
0.031359005254054 -0.018782840576672
0.033209786751399 -0.019235068299176
0.035111757055874 -0.019676194223043
0.037064707595003 -0.020105961819030
0.039068424205750 -0.020524328639945
0.041122687158009 -0.020931393672097
0.043227271178699 -0.021327519591599
0.045381945476466 -0.021713458243837
0.047586473766990 -0.022089915003689
0.049840614298903 -0.022457065298667
0.052144119880293 -0.022814942494015
0.054496737905816 -0.023163230147268
0.056898210384393 -0.023501629701050
0.059348273967504 -0.023830031359032
0.061846659978068 -0.024148442569176
0.064393094439905 -0.024456944633556
0.066987298107781 -0.024755711212055
0.069628986498028 -0.025044971426189
0.072317869919747 -0.025325016683369
0.075053653506568 -0.025596018050261
0.077836037248992 -0.025857865279590
0.080664716027288 -0.026110478370159
0.083539379644950 -0.026353869280724
0.086459712862719 -0.026588118010063
0.089425395433148 -0.026813378528266
0.092436102135723 -0.027029876247734
0.095491502812526 -0.027237890538443
0.098591262404443 -0.027437694466653
0.101735040987902 -0.027629596110790
0.104922493812155 -0.027813770137948
0.108153271337080 -0.027990113151376
0.111427019271514 -0.028158525487861
0.114743378612105 -0.028318961144562
0.118101985682679 -0.028471426060307
0.121502472174122 -0.028615958223241
0.124944465184770 -0.028752629585818
0.128427587261303 -0.028881545737524
0.131951456440133 -0.029002828482932
0.135515686289294 -0.029116537925087
0.139119885950819 -0.029222728882576
0.142763660183598 -0.029321472843113
0.146446609406726 -0.029412817068420
0.150168329743317 -0.029496812594149
0.153928413064796 -0.029573535786165
0.157726447035656 -0.029643116938175
0.161562015158669 -0.029705727141769
0.165434696820571 -0.029761558973306
0.169344067338174 -0.029810742132121
0.173289698004947 -0.029853336665394
0.177271156138025 -0.029889415099512
0.181288005125655 -0.029919030322005
0.185339804475081 -0.029942156691808
0.189426109860845 -0.029958762144638
0.193546473173511 -0.029968824707164
0.197700442568812 -0.029972348073632
0.201887562517192 -0.029969356897700
0.206107373853763 -0.029959886418830
0.210359413828660 -0.029943983705789
0.214643216157784 -0.029921711263284
0.218958311073935 -0.029893143377784
0.223304225378328 -0.029858365217326
0.227680482492486 -0.029817478254548
0.232086602510501 -0.029770603162068
0.236522102251661 -0.029717873363014
0.240986495313435 -0.029659432685904
0.245479292124814 -0.029595425681205
0.250000000000000 -0.029525995378023
0.254548123192429 -0.029451295087861
0.259123162949142 -0.029371483640155
0.263724617565473 -0.029286647952412
0.268351982440069 -0.029196789550798
0.273004750130227 -0.029101910787866
0.277682410407536 -0.029002017610522
0.282384450313836 -0.028897124423215
0.287110354217464 -0.028787257566292
0.291859603869799 -0.028672448120577
0.296631678462100 -0.028552730878262
0.301426054682609 -0.028428146665497
0.306242206773948 -0.028298743875319
0.311079606590766 -0.028164576685581
0.315937723657661 -0.028025702434121
0.320816025227350 -0.027882184764051
0.325713976339092 -0.027734094626987
0.330631039877354 -0.027581510293136
0.335566676630708 -0.027424513586109
0.340520345350965 -0.027263192016854
0.345491502812526 -0.027097629939769
0.350479603871956 -0.026927909641788
0.355484101527764 -0.026754117678175
0.360504446980385 -0.026576342216587
0.365540089692367 -0.026394674927165
0.370590477448739 -0.026209208047670
0.375655056417572 -0.026020035532640
0.380733271210709 -0.025827254389516
0.385824564944672 -0.025630963862705
0.390928379301728 -0.025431260031210
0.396044154591120 -0.025228226057265
0.401171329810437 -0.025021945566283
0.406309342707137 -0.024812504271445
0.411457629840208 -0.024599987683773
0.416615626641949 -0.024384439906806
0.421782767479884 -0.024165859752067
0.426958485718794 -0.023944243840878
0.432142213782848 -0.023719590996294
0.437333383217848 -0.023491902150690
0.442531424753567 -0.023261192593341
0.447735768366173 -0.023027484089770
0.452945843340743 -0.022790803199180
0.458161078333842 -0.022551173707671
0.463380901436184 -0.022308633098045
0.468604740235343 -0.022063267906937
0.473832021878528 -0.021815183448501
0.479062173135400 -0.021564482499446
0.484294620460935 -0.021311273522475
0.489528790058321 -0.021055662792246
0.494764107941877 -0.020797755357965
0.500000000000000 -0.020537656633817
0.505235892058122 -0.020275473627861
0.510471209941678 -0.020011314278361
0.515705379539064 -0.019745304281289
0.520937826864600 -0.019477602339661
0.526167978121472 -0.019208369538801
0.531395259764656 -0.018937768738524
0.536619098563816 -0.018665963767019
0.541838921666157 -0.018393120442903
0.547054156659257 -0.018119406153128
0.552264231633827 -0.017844991079632
0.557468575246433 -0.017570042835054
0.562666616782152 -0.017294727331995
0.567857786217152 -0.017019165515742
0.573041514281206 -0.016743455986301
0.578217232520115 -0.016467694451822
0.583384373358051 -0.016191973604036
0.588542370159791 -0.015916389476455
0.593690657292862 -0.015641033021649
0.598828670189563 -0.015365994138636
0.603955845408879 -0.015091362916421
0.609071620698271 -0.014817229474739
0.614175435055328 -0.014543668960972
0.619266728789290 -0.014270734521639
0.624344943582427 -0.013998475618217
0.629409522551260 -0.013726941050443
0.634459910307633 -0.013456177850460
0.639495553019614 -0.013186216499006
0.644515898472235 -0.012917078289329
0.649520396128043 -0.012648780083283
0.654508497187474 -0.012381341646844
0.659479654649035 -0.012114790708046
0.664433323369291 -0.011849186984325
0.669368960122646 -0.011584590417746
0.674286023660907 -0.011321063413752
0.679183974772650 -0.011058669794289
0.684062276342339 -0.010797510520779
0.688920393409233 -0.010537704622864
0.693757793226051 -0.010279372148219
0.698573945317390 -0.010022630479214
0.703368321537900 -0.009767585791169
0.708140396130200 -0.009514338180671
0.712889645782536 -0.009262984011316
0.717615549686163 -0.009013617365436
0.722317589592464 -0.008766328460720
0.726995249869773 -0.008521206675106
0.731648017559930 -0.008278338249574
0.736275382434527 -0.008037806253814
0.740876837050857 -0.007799689750937
0.745451876807570 -0.007564059155579
0.750000000000000 -0.007330983561864
0.754520707875185 -0.007100526859386
0.759013504686565 -0.006872758756488
0.763477897748338 -0.006647761105644
0.767913397489498 -0.006425616748505
0.772319517507513 -0.006206403807842
0.776695774621672 -0.005990219262769
0.781041688926065 -0.005777186033532
0.785356783842216 -0.005567424946963
0.789640586171339 -0.005361050848952
0.793892626146236 -0.005158170660782
0.798112437482808 -0.004958886981824
0.802299557431187 -0.004763295336510
0.806453526826488 -0.004571475001362
0.810573890139155 -0.004383469615149
0.814660195524918 -0.004199315427569
0.818711994874345 -0.004019038793120
0.822728843861975 -0.003842617903085
0.826710301995052 -0.003670005562558
0.830655932661826 -0.003501150909950
0.834565303179429 -0.003336010652890
0.838437984841330 -0.003174543916674
0.842273552964344 -0.003016711969212
0.846071586935203 -0.002862477022522
0.849831670256683 -0.002711807073531
0.853553390593274 -0.002564669604341
0.857236339816401 -0.002421067270414
0.860880114049181 -0.002281094276699
0.864484313710706 -0.002144848418213
0.868048543559867 -0.002012413429690
0.871572412738697 -0.001883856617431
0.875055534815230 -0.001759234444384
0.878497527825878 -0.001638599207278
0.881898014317321 -0.001521997878399
0.885256621387894 -0.001409468226537
0.888572980728485 -0.001301023664072
0.891846728662920 -0.001196658411599
0.895077506187845 -0.001096349971813
0.898264959012098 -0.001000031787551
0.901408737595557 -0.000907623253677
0.904508497187474 -0.000819049168416
0.907563897864277 -0.000734235776272
0.910574604566852 -0.000653108062027
0.913540287137281 -0.000575588978080
0.916460620355049 -0.000501599009212
0.919335283972712 -0.000431054955884
0.922163962751007 -0.000363871741604
0.924946346493432 -0.000299998576613
0.927682130080253 -0.000239436026581
0.930371013501972 -0.000182181462403
0.933012701892219 -0.000128225818712
0.935606905560095 -0.000077550876521
0.938153340021932 -0.000030127855845
0.940651726032496 0.000014081367735
0.943101789615607 0.000055122278209
0.945503262094184 0.000093048711200
0.947855880119706 0.000127925538106
0.950159385701097 0.000159820528889
0.952413526233010 0.000188781481242
0.954618054523534 0.000214856911246
0.956772728821300 0.000238095960461
0.958877312841991 0.000258558423245
0.960931575794250 0.000276316623420
0.962935292404997 0.000291451714380
0.964888242944126 0.000304053725335
0.966790213248601 0.000314218176900
0.968640994745946 0.000322049681006
0.970440384477113 0.000327667113430
0.972188185118740 0.000331168636972
0.973884205004793 0.000332623131062
0.975528258147577 0.000332078078499
0.977120164258138 0.000329589328081
0.978659748766034 0.000325238411796
0.980146842838471 0.000319121868034
0.981581283398829 0.000311350008914
0.982962913144534 0.000302046672285
0.984291580564316 0.000291345485877
0.985567139954818 0.000279391023494
0.986789451436580 0.000266335511668
0.987958380969374 0.000252328227831
0.989073800366903 0.000237504669007
0.990135587310861 0.000221994137826
0.991143625364344 0.000205941104405
0.992097803984621 0.000189499185417
0.992998018535252 0.000172828871408
0.993844170297569 0.000156095934466
0.994636166481494 0.000139467757881
0.995373920235722 0.000123111215714
0.996057350657239 0.000107192536183
0.996686382800198 0.000091872255257
0.997260947684137 0.000077305820882
0.997780982301540 0.000063640975782
0.998246429624752 0.000051016303504
0.998657238612229 0.000039558425229
0.999013364214136 0.000029384056378
0.999314767377287 0.000020595465247
0.999561415049429 0.000013281533505
0.999753280182866 0.000007514741903
0.999890341737423 0.000003353838326
0.999972584682756 0.000000840542168
1.000000000000000 0.000000000000000
