1.000000000000000 0.000000000000000
0.999972584682756 0.000009147676658
0.999890341737423 0.000036659484236
0.999753280182866 0.000082733936273
0.999561415049429 0.000147716735446
0.999314767377287 0.000232055875451
0.999013364214136 0.000336304959844
0.998657238612229 0.000461104995243
0.998246429624752 0.000607161970184
0.997780982301540 0.000775207575231
0.997260947684137 0.000965954474189
0.996686382800198 0.001180071480774
0.996057350657239 0.001418149166333
0.995373920235722 0.001680601924802
0.994636166481494 0.001967637901092
0.993844170297569 0.002279210286853
0.992998018535252 0.002614869282512
0.992097803984621 0.002973913039571
0.991143625364344 0.003355982230454
0.990135587310861 0.003761051871235
0.989073800366903 0.004189115660264
0.987958380969374 0.004640025146676
0.986789451436580 0.005113582322879
0.985567139954818 0.005609488561639
0.984291580564316 0.006127349113089
0.982962913144534 0.006666669050165
0.981581283398829 0.007226912784863
0.980146842838472 0.007807442153126
0.978659748766034 0.008407505571458
0.977120164258138 0.009026220908085
0.975528258147577 0.009662572957595
0.973884205004793 0.010315387671240
0.972188185118741 0.010983386936940
0.970440384477113 0.011665522861482
0.968640994745946 0.012360815895721
0.966790213248601 0.013068226820108
0.964888242944126 0.013786665945083
0.962935292404997 0.014514965379443
0.960931575794250 0.015251810601622
0.958877312841991 0.015995977145937
0.956772728821300 0.016746587156565
0.954618054523534 0.017502995967032
0.952413526233010 0.018264757353245
0.950159385701097 0.019031438530969
0.947855880119706 0.019802602793579
0.945503262094184 0.020577847296438
0.943101789615607 0.021356834185124
0.940651726032496 0.022139486120158
0.938153340021932 0.022925865016499
0.935606905560095 0.023716136554898
0.933012701892219 0.024510573767238
0.930371013501972 0.025309591852893
0.927682130080253 0.026113700512116
0.924946346493432 0.026923295104369
0.922163962751008 0.027738674352959
0.919335283972712 0.028559952289131
0.916460620355050 0.029386967296720
0.913540287137281 0.030219620828843
0.910574604566852 0.031057914814668
0.907563897864277 0.031901907040226
0.904508497187474 0.032751576272343
0.901408737595557 0.033606870438660
0.898264959012098 0.034467688931658
0.895077506187845 0.035333787637850
0.891846728662920 0.036204926001152
0.888572980728485 0.037080899054527
0.885256621387895 0.037961531190637
0.881898014317321 0.038846642723972
0.878497527825878 0.039736055121549
0.875055534815230 0.040629582539554
0.871572412738697 0.041527057964480
0.868048543559867 0.042428319007462
0.864484313710706 0.043333213591692
0.860880114049181 0.044241593208571
0.857236339816402 0.045153316362625
0.853553390593274 0.046068235547863
0.849831670256683 0.046986157245300
0.846071586935203 0.047906827552824
0.842273552964344 0.048829993178858
0.838437984841330 0.049755396997538
0.834565303179429 0.050682814753092
0.830655932661826 0.051612005490408
0.826710301995053 0.052542739305126
0.822728843861975 0.053474771639275
0.818711994874345 0.054407851026324
0.814660195524919 0.055341743124973
0.810573890139155 0.056276208437322
0.806453526826488 0.057211031017429
0.802299557431188 0.058145985961127
0.798112437482808 0.059080812543967
0.793892626146237 0.060015178784038
0.789640586171339 0.060948756005176
0.785356783842216 0.061881213192789
0.781041688926065 0.062812191193248
0.776695774621672 0.063741330128385
0.772319517507513 0.064668265325647
0.767913397489498 0.065592639341057
0.763477897748339 0.066514105316710
0.759013504686565 0.067432316228616
0.754520707875186 0.068346932889584
0.750000000000000 0.069257605006958
0.745451876807570 0.070163960083259
0.740876837050858 0.071065626373035
0.736275382434527 0.071962228115022
0.731648017559931 0.072853243357009
0.726995249869773 0.073737805360126
0.722317589592464 0.074614970719473
0.717615549686164 0.075483789405003
0.712889645782536 0.076343373501763
0.708140396130201 0.077193111173787
0.703368321537900 0.078032435353713
0.698573945317390 0.078860796826579
0.693757793226052 0.079677661380091
0.688920393409234 0.080482775571778
0.684062276342339 0.081276020557974
0.679183974772650 0.082057281032625
0.674286023660908 0.082826464824060
0.669368960122646 0.083583483353149
0.664433323369292 0.084328285577475
0.659479654649035 0.085060827659249
0.654508497187474 0.085781071849074
0.649520396128043 0.086488981710839
0.644515898472236 0.087184443069652
0.639495553019615 0.087867318919619
0.634459910307633 0.088537481310600
0.629409522551260 0.089194808071066
0.624344943582428 0.089839069299512
0.619266728789291 0.090469811659355
0.614175435055328 0.091086560730105
0.609071620698271 0.091688835705266
0.603955845408880 0.092276179604689
0.598828670189563 0.092848417064152
0.593690657292862 0.093405656398850
0.588542370159792 0.093948036451362
0.583384373358051 0.094475692976756
0.578217232520115 0.094988768461388
0.573041514281206 0.095487300485476
0.567857786217152 0.095971272747294
0.562666616782152 0.096440665651773
0.557468575246433 0.096895477053465
0.552264231633827 0.097335683137837
0.547054156659257 0.097761129541332
0.541838921666158 0.098171604962296
0.536619098563816 0.098566900271592
0.531395259764657 0.098946815663555
0.526167978121472 0.099311156576475
0.520937826864600 0.099659744072144
0.515705379539064 0.099992403935839
0.510471209941678 0.100308972122763
0.505235892058123 0.100609289347615
0.500000000000000 0.100893234051980
0.494764107941877 0.101160864127273
0.489528790058322 0.101412302082458
0.484294620460936 0.101647676144898
0.479062173135400 0.101867120224440
0.473832021878528 0.102070766312712
0.468604740235343 0.102258700951332
0.463380901436184 0.102431001936913
0.458161078333842 0.102587751689236
0.452945843340743 0.102729040034897
0.447735768366173 0.102854908483981
0.442531424753567 0.102965136017883
0.437333383217848 0.103059423796430
0.432142213782848 0.103137482334394
0.426958485718794 0.103199031399361
0.421782767479885 0.103243851115444
0.416615626641949 0.103271967345758
0.411457629840209 0.103283480584250
0.406309342707138 0.103278497847953
0.401171329810437 0.103257132174148
0.396044154591120 0.103219495057150
0.390928379301729 0.103165674287772
0.385824564944672 0.103095757837006
0.380733271210710 0.103009839473956
0.375655056417573 0.102908020153327
0.370590477448740 0.102790395914688
0.365540089692367 0.102657039870741
0.360504446980385 0.102508028212316
0.355484101527764 0.102343443304857
0.350479603871957 0.102163375329579
0.345491502812526 0.101967869986202
0.340520345350965 0.101756906909290
0.335566676630708 0.101530465761984
0.330631039877354 0.101288540511774
0.325713976339092 0.101031136054187
0.320816025227350 0.100758311411491
0.315937723657661 0.100470167448148
0.311079606590766 0.100166814836376
0.306242206773949 0.099848369405057
0.301426054682610 0.099514960523284
0.296631678462100 0.099166713384829
0.291859603869799 0.098803770029287
0.287110354217464 0.098426271689598
0.282384450313836 0.098034371897268
0.277682410407536 0.097628155217036
0.273004750130227 0.097207638211958
0.268351982440069 0.096772847743555
0.263724617565473 0.096323824854284
0.259123162949143 0.095860616608277
0.254548123192430 0.095383276736818
0.250000000000000 0.094891868438022
0.245479292124815 0.094386466138766
0.240986495313435 0.093867158368984
0.236522102251661 0.093334025288701
0.232086602510502 0.092787150409036
0.227680482492487 0.092226631502947
0.223304225378328 0.091652585073033
0.218958311073935 0.091065169056346
0.214643216157784 0.090464574110080
0.210359413828661 0.089851005797390
0.206107373853763 0.089224676756586
0.201887562517192 0.088585762150609
0.197700442568813 0.087934420561453
0.193546473173512 0.087270825688417
0.189426109860845 0.086595147114634
0.185339804475081 0.085907419765350
0.181288005125655 0.085207608713280
0.177271156138025 0.084495711584910
0.173289698004947 0.083771751213689
0.169344067338174 0.083035801531878
0.165434696820571 0.082287961703841
0.161562015158670 0.081528358279958
0.157726447035656 0.080757142396770
0.153928413064797 0.079974502395855
0.150168329743317 0.079180649243868
0.146446609406726 0.078375806408833
0.142763660183598 0.077560137081970
0.139119885950819 0.076733811903835
0.135515686289294 0.075897014239384
0.131951456440133 0.075049934276003
0.128427587261303 0.074192748655515
0.124944465184770 0.073325666096919
0.121502472174122 0.072448882533281
0.118101985682679 0.071562529409005
0.114743378612105 0.070666740388931
0.111427019271515 0.069761661902392
0.108153271337080 0.068847291712928
0.104922493812155 0.067923626195392
0.101735040987902 0.066990727502060
0.098591262404443 0.066048737266118
0.095491502812526 0.065097865318868
0.092436102135723 0.064138359543529
0.089425395433148 0.063170491285353
0.086459712862719 0.062194559870084
0.083539379644950 0.061210939724107
0.080664716027288 0.060220124138681
0.077836037248993 0.059222652192881
0.075053653506568 0.058218779768501
0.072317869919747 0.057208301326702
0.069628986498028 0.056191058260503
0.066987298107781 0.055166862192501
0.064393094439905 0.054135551681814
0.061846659978068 0.053097049146708
0.059348273967504 0.052051401432063
0.056898210384393 0.050998703949883
0.054496737905816 0.049938923518846
0.052144119880294 0.048871946272750
0.049840614298903 0.047797785718954
0.047586473766990 0.046716583046292
0.045381945476466 0.045628612224360
0.043227271178700 0.044534283035949
0.041122687158010 0.043434135479163
0.039068424205750 0.042328821005024
0.037064707595003 0.041219138101700
0.035111757055874 0.040106012943958
0.033209786751399 0.038990558608875
0.031359005254054 0.037873767911059
0.029559615522887 0.036756337230943
0.027811814881260 0.035638379055201
0.026115794995207 0.034518646317933
0.024471741852423 0.033396100293913
0.022879835741862 0.032270185219613
0.021340251233966 0.031140622079191
0.019853157161529 0.030007384073456
0.018418716601171 0.028870677434719
0.017037086855466 0.027730986920923
0.015708419435685 0.026588980298569
0.014432860045182 0.025445502928153
0.013210548563420 0.024301698751588
0.012041619030626 0.023158866602590
0.010926199633097 0.022018517153621
0.009864412689139 0.020881631049132
0.008856374635656 0.019748505559533
0.007902196015379 0.018619912938972
0.007001981464748 0.017497167511901
0.006155829702431 0.016381997932490
0.005363833518506 0.015277149117009
0.004626079764278 0.014184363081328
0.003942649342761 0.013101312664428
0.003313617199802 0.012024688695087
0.002739052315863 0.010950695422638
0.002219017698460 0.009875053307532
0.001753570375248 0.008791978882390
0.001342761387771 0.007692858299193
0.000986635785864 0.006573870679773
0.000685232622713 0.005436894078226
0.000438584950571 0.004286617214442
0.000246719817134 0.003132867974995
0.000109658262577 0.002002329549652
0.000027415317244 0.000955540392062
0.000000000000000 0.000000000000000
0.000027415317244 -0.000880954857381
0.000109658262577 -0.001698142302026
0.000246719817134 -0.002457844988967
0.000438584950571 -0.003165121473528
0.000685232622713 -0.003822617959037
0.000986635785864 -0.004439303637476
0.001342761387771 -0.005027424685632
0.001753570375248 -0.005593977859276
0.002219017698460 -0.006140148274760
0.002739052315863 -0.006664991229308
0.003313617199802 -0.007165714522429
0.003942649342761 -0.007637972724097
0.004626079764278 -0.008077606105594
0.005363833518506 -0.008481747393820
0.006155829702431 -0.008851011939509
0.007001981464748 -0.009187407738311
0.007902196015379 -0.009494435071719
0.008856374635656 -0.009777106679176
0.009864412689139 -0.010042761710877
0.010926199633097 -0.010302013024935
0.012041619030626 -0.010563386750830
0.013210548563420 -0.010827111364744
0.014432860045182 -0.011091413987481
0.015708419435684 -0.011353355602820
0.017037086855466 -0.011610104179938
0.018418716601171 -0.011858613422696
0.019853157161528 -0.012095271839275
0.021340251233966 -0.012316708876030
0.022879835741862 -0.012520255646036
0.024471741852423 -0.012704979373179
0.026115794995207 -0.012871197828402
0.027811814881259 -0.013019268332207
0.029559615522887 -0.013149849318762
0.031359005254054 -0.013264093109215
0.033209786751399 -0.013363560497737
0.035111757055874 -0.013450130983484
0.037064707595003 -0.013524900894626
0.039068424205750 -0.013587634533624
0.041122687158009 -0.013638159027637
0.043227271178699 -0.013676478983994
0.045381945476466 -0.013702728927782
0.047586473766990 -0.013717179337987
0.049840614298903 -0.013720226336638
0.052144119880293 -0.013712384816536
0.054496737905816 -0.013693968971433
0.056898210384393 -0.013665050213946
0.059348273967504 -0.013625775668610
0.061846659978068 -0.013576389660952
0.064393094439905 -0.013517247038869
0.066987298107781 -0.013448837372522
0.069628986498028 -0.013371699323503
0.072317869919747 -0.013286237174619
0.075053653506568 -0.013192853566868
0.077836037248992 -0.013091762205595
0.080664716027288 -0.012983082441662
0.083539379644950 -0.012867012950797
0.086459712862719 -0.012743857795374
0.089425395433148 -0.012613965170785
0.092436102135723 -0.012477681623052
0.095491502812526 -0.012335377631910
0.098591262404443 -0.012187319845768
0.101735040987902 -0.012033609233853
0.104922493812155 -0.011874361060898
0.108153271337080 -0.011709738997559
0.111427019271514 -0.011539942515711
0.114743378612105 -0.011365185287809
0.118101985682679 -0.011185674540172
0.121502472174122 -0.011001629795914
0.124944465184770 -0.010813220191499
0.128427587261303 -0.010620512857312
0.131951456440133 -0.010423570095487
0.135515686289294 -0.010222476467556
0.139119885950819 -0.010017334636848
0.142763660183598 -0.009808260878362
0.146446609406726 -0.009595375301467
0.150168329743317 -0.009378800494996
0.153928413064796 -0.009158672522743
0.157726447035656 -0.008935130947415
0.161562015158669 -0.008708325089552
0.165434696820571 -0.008478412480999
0.169344067338174 -0.008245562550609
0.173289698004947 -0.008009951462929
0.177271156138025 -0.007771768444414
0.181288005125655 -0.007531201060409
0.185339804475081 -0.007288358761389
0.189426109860845 -0.007043310699113
0.193546473173511 -0.006796126971459
0.197700442568812 -0.006546879364659
0.201887562517192 -0.006295643006456
0.206107373853763 -0.006042494085648
0.210359413828660 -0.005787513235411
0.214643216157784 -0.005530793337938
0.218958311073935 -0.005272438699064
0.223304225378328 -0.005012553454910
0.227680482492486 -0.004751253322339
0.232086602510501 -0.004488665546618
0.236522102251661 -0.004224925359593
0.240986495313435 -0.003960174887723
0.245479292124814 -0.003694540060588
0.250000000000000 -0.003428108159178
0.254548123192429 -0.003160962082883
0.259123162949142 -0.002893184659435
0.263724617565473 -0.002624849451562
0.268351982440069 -0.002356007588633
0.273004750130227 -0.002086707603861
0.277682410407536 -0.001816994539063
0.282384450313836 -0.001546919735519
0.287110354217464 -0.001276544806398
0.291859603869799 -0.001005931341967
0.296631678462100 -0.000735144175474
0.301426054682609 -0.000464245757654
0.306242206773948 -0.000193306471859
0.311079606590766 0.000077605938835
0.315937723657661 0.000348420470887
0.320816025227350 0.000619066747594
0.325713976339092 0.000889489924284
0.330631039877354 0.001159645212788
0.335566676630708 0.001429489768107
0.340520345350965 0.001698980300904
0.345491502812526 0.001968075187513
0.350479603871956 0.002236736476478
0.355484101527764 0.002504928390680
0.360504446980385 0.002772613858817
0.365540089692367 0.003039762098316
0.370590477448739 0.003306398773665
0.375655056417572 0.003572599142910
0.380733271210709 0.003838440206945
0.385824564944672 0.004104003198572
0.390928379301728 0.004369368714142
0.396044154591120 0.004634623508423
0.401171329810437 0.004899851644336
0.406309342707137 0.005165142459492
0.411457629840208 0.005430585800605
0.416615626641949 0.005696298578718
0.421782767479884 0.005962441033507
0.426958485718794 0.006229182285857
0.432142213782848 0.006496691902541
0.437333383217848 0.006765136362186
0.442531424753567 0.007034578102487
0.447735768366173 0.007304975943561
0.452945843340743 0.007576287324790
0.458161078333842 0.007848467012125
0.463380901436184 0.008121458839587
0.468604740235343 0.008395105576379
0.473832021878528 0.008669188856448
0.479062173135400 0.008943491687892
0.484294620460935 0.009217794209976
0.489528790058321 0.009491885717399
0.494764107941877 0.009765577029146
0.500000000000000 0.010038693333912
0.505235892058122 0.010311058568561
0.510471209941678 0.010582495645183
0.515705379539064 0.010852817618710
0.520937826864600 0.011121798382096
0.526167978121472 0.011389206794304
0.531395259764656 0.011654810113905
0.536619098563816 0.011918378583343
0.541838921666157 0.012179595812839
0.547054156659257 0.012437975252062
0.552264231633827 0.012693016667641
0.557468575246433 0.012944224236131
0.562666616782152 0.013191111036593
0.567857786217152 0.013433267031502
0.573041514281206 0.013670369986885
0.578217232520115 0.013902107148923
0.583384373358051 0.014128170256026
0.588542370159791 0.014348261864460
0.593690657292862 0.014562148679523
0.598828670189563 0.014769632798591
0.603955845408879 0.014970524177451
0.609071620698271 0.015164636436826
0.614175435055328 0.015351821249043
0.619266728789290 0.015532056613845
0.624344943582427 0.015705350130289
0.629409522551260 0.015871712257965
0.634459910307633 0.016031157450425
0.639495553019614 0.016183740686103
0.644515898472235 0.016329566281866
0.649520396128043 0.016468741848254
0.654508497187474 0.016601376669943
0.659479654649035 0.016727560495274
0.664433323369291 0.016847278414325
0.669368960122646 0.016960481772184
0.674286023660907 0.017067127535935
0.679183974772650 0.017167176754917
0.684062276342339 0.017260592209161
0.688920393409233 0.017347337219191
0.693757793226051 0.017427380962997
0.698573945317390 0.017500697184513
0.703368321537900 0.017567261401918
0.708140396130200 0.017627047444917
0.712889645782536 0.017680033333964
0.717615549686163 0.017726202491622
0.722317589592464 0.017765543719118
0.726995249869773 0.017798051934607
0.731648017559930 0.017823727494634
0.736275382434527 0.017842576224264
0.740876837050857 0.017854606738991
0.745451876807570 0.017859818254595
0.750000000000000 0.017858211018434
0.754520707875185 0.017849791586970
0.759013504686565 0.017834573386009
0.763477897748338 0.017812578592788
0.767913397489498 0.017783836416343
0.772319517507513 0.017748381950391
0.776695774621672 0.017706248578392
0.781041688926065 0.017657453599650
0.785356783842216 0.017602017911515
0.789640586171339 0.017539969326307
0.793892626146236 0.017471341277560
0.798112437482808 0.017396171871637
0.802299557431187 0.017314505669801
0.806453526826488 0.017226394729949
0.810573890139155 0.017131891330116
0.814660195524918 0.017031052845951
0.818711994874345 0.016923944485679
0.822728843861975 0.016810629935083
0.826710301995052 0.016691170929937
0.830655932661826 0.016565635822194
0.834565303179429 0.016434104540635
0.838437984841330 0.016296672090673
0.842273552964344 0.016153442488909
0.846071586935203 0.016004517522214
0.849831670256683 0.015849968361940
0.853553390593274 0.015689861749213
0.857236339816401 0.015524274961255
0.860880114049181 0.015353288329440
0.864484313710706 0.015176987642991
0.868048543559867 0.014995472912759
0.871572412738697 0.014808856512079
0.875055534815230 0.014617261721540
0.878497527825878 0.014420814982208
0.881898014317321 0.014219615818678
0.885256621387894 0.014013773078048
0.888572980728485 0.013803403281778
0.891846728662920 0.013588632822145
0.895077506187845 0.013369597031502
0.898264959012098 0.013146456014119
0.901408737595557 0.012919378615587
0.904508497187474 0.012688530844289
0.907563897864277 0.012454049302516
0.910574604566852 0.012216072438139
0.913540287137281 0.011974733010007
0.916460620355049 0.011730170822479
0.919335283972712 0.011482540472814
0.922163962751007 0.011232016111140
0.924946346493432 0.010978784406094
0.927682130080253 0.010723055180277
0.930371013501972 0.010465036481778
0.933012701892219 0.010204841496749
0.935606905560095 0.009942558955362
0.938153340021932 0.009678303616119
0.940651726032496 0.009412204217336
0.943101789615607 0.009144421288706
0.945503262094184 0.008875128436560
0.947855880119706 0.008604550457186
0.950159385701097 0.008332932061782
0.952413526233010 0.008060429933172
0.954618054523534 0.007787147265171
0.956772728821300 0.007513166485410
0.958877312841991 0.007238591710470
0.960931575794250 0.006963577280715
0.962935292404997 0.006688331693306
0.964888242944126 0.006413091012486
0.966790213248601 0.006138129477535
0.968640994745946 0.005863756285853
0.970440384477113 0.005590292724453
0.972188185118740 0.005318073662050
0.973884205004793 0.005047460857418
0.975528258147577 0.004778843250702
0.977120164258138 0.004512627041070
0.978659748766034 0.004249252341903
0.980146842838471 0.003989159613179
0.981581283398829 0.003732819771607
0.982962913144534 0.003480734635356
0.984291580564316 0.003233629707920
0.985567139954818 0.002992380028884
0.986789451436580 0.002757762188845
0.987958380969374 0.002530474479531
0.989073800366903 0.002311135393019
0.990135587310861 0.002100290588481
0.991143625364344 0.001898406979280
0.992097803984621 0.001705926655611
0.992998018535252 0.001523068427615
0.993844170297569 0.001349678597669
0.994636166481494 0.001185641375982
0.995373920235722 0.001030968112183
0.996057350657239 0.000885794550414
0.996686382800198 0.000750352645897
0.997260947684137 0.000624936121406
0.997780982301540 0.000509896428607
0.998246429624752 0.000405607898832
0.998657238612229 0.000312449368523
0.999013364214136 0.000230806791133
0.999314767377287 0.000161034529434
0.999561415049429 0.000103467828628
0.999753280182866 0.000058379524412
0.999890341737423 0.000026004216704
0.999972584682756 0.000006509127912
1.000000000000000 0.000000000000000
