1.000000000000000 0.000000000000000
0.999972584682756 0.000005577428645
0.999890341737423 0.000022309232997
0.999753280182866 0.000050179476794
0.999561415049429 0.000089164067474
0.999314767377287 0.000139223595758
0.999013364214136 0.000200321532988
0.998657238612229 0.000272406257688
0.998246429624752 0.000355407658614
0.997780982301540 0.000449258969348
0.997260947684137 0.000553882540189
0.996686382800198 0.000669186535033
0.996057350657239 0.000795075979080
0.995373920235722 0.000931445895895
0.994636166481494 0.001078185218276
0.993844170297569 0.001235177130755
0.992998018535252 0.001402288882528
0.992097803984621 0.001579396903473
0.991143625364344 0.001766355543001
0.990135587310861 0.001963029138022
0.989073800366903 0.002169261043843
0.987958380969374 0.002384908943772
0.986789451436580 0.002609810682644
0.985567139954818 0.002843809077105
0.984291580564316 0.003086742117320
0.982962913144534 0.003338446996788
0.981581283398829 0.003598760698398
0.980146842838472 0.003867510575683
0.978659748766034 0.004144541822026
0.977120164258138 0.004429684617142
0.975528258147577 0.004722774944521
0.973884205004793 0.005023655165380
0.972188185118741 0.005332164866797
0.970440384477113 0.005648154641590
0.968640994745946 0.005971467363458
0.966790213248601 0.006301964779538
0.964888242944126 0.006639502495879
0.962935292404997 0.006983953143812
0.960931575794250 0.007335191163400
0.958877312841991 0.007693099970184
0.956772728821300 0.008057572693341
0.954618054523534 0.008428512925848
0.952413526233010 0.008805829368289
0.950159385701097 0.009189454993881
0.947855880119706 0.009579317231683
0.945503262094184 0.009975372299401
0.943101789615607 0.010377584623312
0.940651726032496 0.010785927718135
0.938153340021932 0.011200399969189
0.935606905560095 0.011621007380488
0.933012701892219 0.012047779232394
0.930371013501972 0.012480759927571
0.927682130080253 0.012920012904305
0.924946346493432 0.013365618221318
0.922163962751008 0.013817681456728
0.919335283972712 0.014276317281004
0.916460620355050 0.014741681477566
0.913540287137281 0.015213933653983
0.910574604566852 0.015693266647159
0.907563897864277 0.016179885222721
0.904508497187474 0.016674014296823
0.901408737595557 0.017175947464638
0.898264959012098 0.017686018847693
0.895077506187845 0.018204481574877
0.891846728662920 0.018731490217571
0.888572980728485 0.019267167738265
0.885256621387895 0.019811371830331
0.881898014317321 0.020363865730494
0.878497527825878 0.020924403750169
0.875055534815230 0.021492779232889
0.871572412738697 0.022068764994399
0.868048543559867 0.022652117464298
0.864484313710706 0.023242563448013
0.860880114049181 0.023839814180222
0.857236339816402 0.024443570858731
0.853553390593274 0.025053512086060
0.849831670256683 0.025669306977459
0.846071586935203 0.026290606278758
0.842273552964344 0.026917042234902
0.838437984841330 0.027548228217547
0.834565303179429 0.028183764388148
0.830655932661826 0.028823226323219
0.826710301995053 0.029466173634385
0.822728843861975 0.030112153533963
0.818711994874345 0.030760719194536
0.814660195524919 0.031411406890721
0.810573890139155 0.032063708705309
0.806453526826488 0.032717057334595
0.802299557431188 0.033370838460845
0.798112437482808 0.034024446917746
0.793892626146237 0.034677522074317
0.789640586171339 0.035329884794151
0.785356783842216 0.035981359532465
0.781041688926065 0.036631830696086
0.776695774621672 0.037281378217958
0.772319517507513 0.037930137615146
0.767913397489498 0.038578255382809
0.763477897748339 0.039225870659871
0.759013504686565 0.039873093997064
0.754520707875186 0.040520044564344
0.750000000000000 0.041166858440133
0.745451876807570 0.041813683114044
0.740876837050858 0.042460690533939
0.736275382434527 0.043108062046907
0.731648017559931 0.043755990503502
0.726995249869773 0.044404679844780
0.722317589592464 0.045054344950731
0.717615549686164 0.045705214192432
0.712889645782536 0.046357519132146
0.708140396130201 0.047011501704651
0.703368321537900 0.047667407766356
0.698573945317390 0.048325490206603
0.693757793226052 0.048986010752918
0.688920393409234 0.049649073493204
0.684062276342339 0.050314406802294
0.679183974772650 0.050981682180016
0.674286023660908 0.051650565468300
0.669368960122646 0.052320720640722
0.664433323369292 0.052991810863040
0.659479654649035 0.053663497134724
0.654508497187474 0.054335433554708
0.649520396128043 0.055007274890835
0.644515898472236 0.055678670021959
0.639495553019615 0.056349260010166
0.634459910307633 0.057018687408408
0.629409522551260 0.057686593995451
0.624344943582428 0.058352607533045
0.619266728789291 0.059016349688799
0.614175435055328 0.059677435316901
0.609071620698271 0.060335472362371
0.603955845408880 0.060990069346890
0.598828670189563 0.061640858144894
0.593690657292862 0.062287530506945
0.588542370159792 0.062929786534841
0.583384373358051 0.063567322162309
0.578217232520115 0.064199841922681
0.573041514281206 0.064827066030536
0.567857786217152 0.065448748884392
0.562666616782152 0.066064646920519
0.557468575246433 0.066674515389690
0.552264231633827 0.067278112581522
0.547054156659257 0.067875199481701
0.541838921666158 0.068465530873413
0.536619098563816 0.069048872795098
0.531395259764657 0.069624983616828
0.526167978121472 0.070193634334049
0.520937826864600 0.070754569159867
0.515705379539064 0.071307533528523
0.510471209941678 0.071852276921726
0.505235892058123 0.072388548176082
0.500000000000000 0.072916124601207
0.494764107941877 0.073434910999895
0.489528790058322 0.073944856412178
0.484294620460936 0.074445912881457
0.479062173135400 0.074938039725519
0.473832021878528 0.075421210958771
0.468604740235343 0.075895475701171
0.463380901436184 0.076360901330229
0.458161078333842 0.076817558880045
0.452945843340743 0.077265525271890
0.447735768366173 0.077704862645171
0.442531424753567 0.078135603149733
0.437333383217848 0.078557772794449
0.432142213782848 0.078971402155339
0.426958485718794 0.079376523117526
0.421782767479885 0.079773211214181
0.416615626641949 0.080161627718089
0.411457629840209 0.080541951359029
0.406309342707138 0.080914357261579
0.401171329810437 0.081279019220172
0.396044154591120 0.081635763582290
0.390928379301729 0.081983903766014
0.385824564944672 0.082322726284468
0.380733271210710 0.082651530840683
0.375655056417573 0.082969625225029
0.370590477448740 0.083276179282338
0.365540089692367 0.083570247799563
0.360504446980385 0.083850903334030
0.355484101527764 0.084117244936577
0.350479603871957 0.084368400858708
0.345491502812526 0.084603585861879
0.340520345350965 0.084822060570120
0.335566676630708 0.085023113923880
0.330631039877354 0.085206057625756
0.325713976339092 0.085370208099250
0.320816025227350 0.085514853808904
0.315937723657661 0.085639306195208
0.311079606590766 0.085742902623317
0.306242206773949 0.085825024494916
0.301426054682610 0.085885248962104
0.296631678462100 0.085923303873191
0.291859603869799 0.085938941133974
0.287110354217464 0.085931934911376
0.282384450313836 0.085902180047592
0.277682410407536 0.085849840118147
0.273004750130227 0.085775128449707
0.268351982440069 0.085678268884687
0.263724617565473 0.085559488971243
0.259123162949143 0.085418974473329
0.254548123192430 0.085256901086790
0.250000000000000 0.085073459094731
0.245479292124815 0.084868848028954
0.240986495313435 0.084643292386229
0.236522102251661 0.084397030927536
0.232086602510502 0.084130316803028
0.227680482492487 0.083843416360801
0.223304225378328 0.083536607462435
0.218958311073935 0.083210181004409
0.214643216157784 0.082864442866460
0.210359413828661 0.082499706288715
0.206107373853763 0.082116276369861
0.201887562517192 0.081714446964980
0.197700442568813 0.081294524090807
0.193546473173512 0.080856807721205
0.189426109860845 0.080401359334819
0.185339804475081 0.079928102365248
0.181288005125655 0.079436978971894
0.177271156138025 0.078927964827161
0.173289698004947 0.078401044658298
0.169344067338174 0.077856229416965
0.165434696820571 0.077293562804252
0.161562015158670 0.076713210978665
0.157726447035656 0.076115513281491
0.153928413064797 0.075500837219987
0.150168329743317 0.074869436652312
0.146446609406726 0.074220743626042
0.142763660183598 0.073553946768456
0.139119885950819 0.072868281288550
0.135515686289294 0.072162627595333
0.131951456440133 0.071435510731299
0.128427587261303 0.070685573485226
0.124944465184770 0.069911617548652
0.121502472174122 0.069112676312087
0.118101985682679 0.068287886102310
0.114743378612105 0.067436479524301
0.111427019271515 0.066557813738478
0.108153271337080 0.065651324734979
0.104922493812155 0.064716453339234
0.101735040987902 0.063752570959086
0.098591262404443 0.062759118316088
0.095491502812526 0.061737159807007
0.092436102135723 0.060690125375357
0.089425395433148 0.059621567051005
0.086459712862719 0.058535036858084
0.083539379644950 0.057434050090152
0.080664716027288 0.056322097029734
0.077836037248993 0.055203005920730
0.075053653506568 0.054080477094344
0.072317869919747 0.052955851725851
0.069628986498028 0.051827854624340
0.066987298107781 0.050694814248240
0.064393094439905 0.049553579441892
0.061846659978068 0.048400938878372
0.059348273967504 0.047234534057489
0.056898210384393 0.046052555489273
0.054496737905816 0.044853339162312
0.052144119880294 0.043635263386165
0.049840614298903 0.042397456583030
0.047586473766990 0.041140444052117
0.045381945476466 0.039865778045221
0.043227271178700 0.038577421341579
0.041122687158010 0.037279412059612
0.039068424205750 0.035974901069668
0.037064707595003 0.034666818987236
0.035111757055874 0.033357921515897
0.033209786751399 0.032050782843542
0.031359005254054 0.030747732735578
0.029559615522887 0.029450977642007
0.027811814881260 0.028162533986259
0.026115794995207 0.026884261712498
0.024471741852423 0.025617974400473
0.022879835741862 0.024365604117672
0.021340251233966 0.023130346272749
0.019853157161529 0.021916300339989
0.018418716601171 0.020727991188424
0.017037086855466 0.019569915744120
0.015708419435685 0.018446009590949
0.014432860045182 0.017359584809085
0.013210548563420 0.016313869139206
0.012041619030626 0.015310089505560
0.010926199633097 0.014346823839467
0.009864412689139 0.013418903323875
0.008856374635656 0.012521344078223
0.007902196015379 0.011651276314973
0.007001981464748 0.010806514104142
0.006155829702431 0.009985408669814
0.005363833518506 0.009186575295681
0.004626079764278 0.008409038867124
0.003942649342761 0.007651996472228
0.003313617199802 0.006914703537409
0.002739052315863 0.006196694432766
0.002219017698460 0.005497458607642
0.001753570375248 0.004816593350015
0.001342761387771 0.004153791826422
0.000986635785864 0.003508770767252
0.000685232622713 0.002881256337918
0.000438584950571 0.002271063500043
0.000246719817134 0.001678011748749
0.000109658262577 0.001101902280442
0.000027415317244 0.000542613456295
0.000000000000000 0.000000000000000
0.000027415317244 -0.000526036858488
0.000109658262577 -0.001035622044360
0.000246719817134 -0.001528810158935
0.000438584950571 -0.002007889497311
0.000685232622713 -0.002479118536049
0.000986635785864 -0.002945366480980
0.001342761387771 -0.003407721426033
0.001753570375248 -0.003866623922588
0.002219017698460 -0.004322257975048
0.002739052315863 -0.004774687645274
0.003313617199802 -0.005223856893588
0.003942649342761 -0.005669576232515
0.004626079764278 -0.006111811700477
0.005363833518506 -0.006550269851149
0.006155829702431 -0.006984747157175
0.007001981464748 -0.007414965418759
0.007902196015379 -0.007840571347096
0.008856374635656 -0.008261242571115
0.009864412689139 -0.008676408480050
0.010926199633097 -0.009085576040993
0.012041619030626 -0.009488185854906
0.013210548563420 -0.009883176646582
0.014432860045182 -0.010268089973309
0.015708419435684 -0.010639528539832
0.017037086855466 -0.010993364304635
0.018418716601171 -0.011326262886550
0.019853157161528 -0.011635682748087
0.021340251233966 -0.011920189933023
0.022879835741862 -0.012179897683599
0.024471741852423 -0.012416567482763
0.026115794995207 -0.012633346432476
0.027811814881259 -0.012832860811084
0.029559615522887 -0.013015360574278
0.031359005254054 -0.013181142787955
0.033209786751399 -0.013330856868048
0.035111757055874 -0.013465254939717
0.037064707595003 -0.013585280399512
0.039068424205750 -0.013692085715219
0.041122687158009 -0.013787070435644
0.043227271178699 -0.013871779221819
0.045381945476466 -0.013948119902786
0.047586473766990 -0.014018532064984
0.049840614298903 -0.014085538600843
0.052144119880293 -0.014150975359524
0.054496737905816 -0.014216199723770
0.056898210384393 -0.014280900189652
0.059348273967504 -0.014344426240311
0.061846659978068 -0.014406424175008
0.064393094439905 -0.014466597256233
0.066987298107781 -0.014524529390943
0.069628986498028 -0.014579739429829
0.072317869919747 -0.014631797335682
0.075053653506568 -0.014680296030090
0.077836037248992 -0.014724471845810
0.080664716027288 -0.014763039382010
0.083539379644950 -0.014794565962996
0.086459712862719 -0.014817476276163
0.089425395433148 -0.014830058563979
0.092436102135723 -0.014830313800510
0.095491502812526 -0.014815981425502
0.098591262404443 -0.014784960043933
0.101735040987902 -0.014735925883601
0.104922493812155 -0.014667710235722
0.108153271337080 -0.014580157854132
0.111427019271514 -0.014474167476397
0.114743378612105 -0.014350767671684
0.118101985682679 -0.014210878713218
0.121502472174122 -0.014055436782514
0.124944465184770 -0.013885499582663
0.128427587261303 -0.013702264552012
0.131951456440133 -0.013507051009758
0.135515686289294 -0.013301372202991
0.139119885950819 -0.013087030378316
0.142763660183598 -0.012865987937331
0.146446609406726 -0.012640026391293
0.150168329743317 -0.012410316773858
0.153928413064796 -0.012178004935892
0.157726447035656 -0.011943770490420
0.161562015158669 -0.011706741159986
0.165434696820571 -0.011465699330224
0.169344067338174 -0.011219416698616
0.173289698004947 -0.010966915001189
0.177271156138025 -0.010707272812420
0.181288005125655 -0.010439513665609
0.185339804475081 -0.010162403362460
0.189426109860845 -0.009874468198751
0.193546473173511 -0.009574166240306
0.197700442568812 -0.009260248558416
0.201887562517192 -0.008932448729735
0.206107373853763 -0.008590678511556
0.210359413828660 -0.008234885428865
0.214643216157784 -0.007865575864826
0.218958311073935 -0.007483768347118
0.223304225378328 -0.007090558569768
0.227680482492486 -0.006687072070968
0.232086602510501 -0.006274340012215
0.236522102251661 -0.005853381671411
0.240986495313435 -0.005425266302324
0.245479292124814 -0.004991117752171
0.250000000000000 -0.004552152328505
0.254548123192429 -0.004109647909235
0.259123162949142 -0.003664921312129
0.263724617565473 -0.003219336523598
0.268351982440069 -0.002774272396965
0.273004750130227 -0.002331156220402
0.277682410407536 -0.001891448669403
0.282384450313836 -0.001456663191076
0.287110354217464 -0.001028387856378
0.291859603869799 -0.000608257424995
0.296631678462100 -0.000197944709848
0.301426054682609 0.000200974687313
0.306242206773948 0.000587747306519
0.311079606590766 0.000961971508051
0.315937723657661 0.001323242811563
0.320816025227350 0.001671158705981
0.325713976339092 0.002005341107801
0.330631039877354 0.002325429639362
0.335566676630708 0.002631071846144
0.340520345350965 0.002921913184656
0.345491502812526 0.003197612465467
0.350479603871956 0.003457851120266
0.355484101527764 0.003702320193542
0.360504446980385 0.003930712769811
0.365540089692367 0.004142721991902
0.370590477448739 0.004337949076544
0.375655056417572 0.004515922207910
0.380733271210709 0.004676166885651
0.385824564944672 0.004818211405680
0.390928379301728 0.004941713719747
0.396044154591120 0.005046909747884
0.401171329810437 0.005134207572748
0.406309342707137 0.005204029407469
0.411457629840208 0.005256813120812
0.416615626641949 0.005293290061589
0.421782767479884 0.005314719131674
0.426958485718794 0.005322434109047
0.432142213782848 0.005317788279423
0.437333383217848 0.005302147523971
0.442531424753567 0.005276779852963
0.447735768366173 0.005242860728243
0.452945843340743 0.005201574022154
0.458161078333842 0.005154114351330
0.463380901436184 0.005101703384323
0.468604740235343 0.005045721428909
0.473832021878528 0.004987638231427
0.479062173135400 0.004928931229328
0.484294620460935 0.004871082585274
0.489528790058321 0.004815454052738
0.494764107941877 0.004762766347775
0.500000000000000 0.004713533454668
0.505235892058122 0.004668268053716
0.510471209941678 0.004627481295341
0.515705379539064 0.004591481031498
0.520937826864600 0.004559960675847
0.526167978121472 0.004532496054713
0.531395259764656 0.004508662198639
0.536619098563816 0.004488034810558
0.541838921666157 0.004470255842409
0.547054156659257 0.004455087155606
0.552264231633827 0.004442303028257
0.557468575246433 0.004431678203408
0.562666616782152 0.004422986735931
0.567857786217152 0.004415977110543
0.573041514281206 0.004410372008968
0.578217232520115 0.004405894614989
0.583384373358051 0.004402270180822
0.588542370159791 0.004399228109928
0.593690657292862 0.004396516478598
0.598828670189563 0.004393894352575
0.603955845408879 0.004391123687250
0.609071620698271 0.004387969518755
0.614175435055328 0.004384201670421
0.619266728789290 0.004379598338415
0.624344943582427 0.004373942342937
0.629409522551260 0.004367020414364
0.634459910307633 0.004358623437552
0.639495553019614 0.004348546841483
0.644515898472235 0.004336590892180
0.649520396128043 0.004322560594909
0.654508497187474 0.004306265798185
0.659479654649035 0.004287520527264
0.664433323369291 0.004266139133106
0.669368960122646 0.004241940230727
0.674286023660907 0.004214748342548
0.679183974772650 0.004184394640172
0.684062276342339 0.004150730876896
0.688920393409233 0.004113627776796
0.693757793226051 0.004072962554432
0.698573945317390 0.004028618869399
0.703368321537900 0.003980632675631
0.708140396130200 0.003929333316367
0.712889645782536 0.003875079730672
0.717615549686163 0.003818222842779
0.722317589592464 0.003759100886281
0.726995249869773 0.003698028236282
0.731648017559930 0.003635307889776
0.736275382434527 0.003571235965611
0.740876837050857 0.003506101085900
0.745451876807570 0.003440191032511
0.750000000000000 0.003373786704762
0.754520707875185 0.003307159588966
0.759013504686565 0.003240570876045
0.763477897748338 0.003174262167410
0.767913397489498 0.003108465084599
0.772319517507513 0.003043402482664
0.776695774621672 0.002979303211268
0.781041688926065 0.002916415661586
0.785356783842216 0.002854980697527
0.789640586171339 0.002795221598418
0.793892626146236 0.002737239246086
0.798112437482808 0.002681035047102
0.802299557431187 0.002626605420454
0.806453526826488 0.002573900374017
0.810573890139155 0.002522698769195
0.814660195524918 0.002472747252477
0.818711994874345 0.002423805325835
0.822728843861975 0.002375672658166
0.826710301995052 0.002328180658091
0.830655932661826 0.002281170141076
0.834565303179429 0.002234485332121
0.838437984841330 0.002187971080751
0.842273552964344 0.002141480238464
0.846071586935203 0.002094875857961
0.849831670256683 0.002048032418723
0.853553390593274 0.002000834367114
0.857236339816401 0.001953174201740
0.860880114049181 0.001904953261871
0.864484313710706 0.001856081313170
0.868048543559867 0.001806476530545
0.871572412738697 0.001756063071828
0.875055534815230 0.001704773653887
0.878497527825878 0.001652552830982
0.881898014317321 0.001599360604388
0.885256621387894 0.001545164186492
0.888572980728485 0.001489914434381
0.891846728662920 0.001433550980421
0.895077506187845 0.001376055564708
0.898264959012098 0.001317597266529
0.901408737595557 0.001258398435744
0.904508497187474 0.001198717975501
0.907563897864277 0.001138868126016
0.910574604566852 0.001079140391311
0.913540287137281 0.001019785849264
0.916460620355049 0.000961028874736
0.919335283972712 0.000903080814244
0.922163962751007 0.000846137955836
0.924946346493432 0.000790378105140
0.927682130080253 0.000735960225640
0.930371013501972 0.000683026894582
0.933012701892219 0.000631705004543
0.935606905560095 0.000582105162367
0.938153340021932 0.000534323575949
0.940651726032496 0.000488441319231
0.943101789615607 0.000444526059782
0.945503262094184 0.000402631712438
0.947855880119706 0.000362799542204
0.950159385701097 0.000325059120067
0.952413526233010 0.000289427463373
0.954618054523534 0.000255911553580
0.956772728821300 0.000224507715732
0.958877312841991 0.000195202245243
0.960931575794250 0.000167972850915
0.962935292404997 0.000142788074841
0.964888242944126 0.000119608792147
0.966790213248601 0.000098388547543
0.968640994745946 0.000079074356957
0.970440384477113 0.000061606392730
0.972188185118740 0.000045920023344
0.973884205004793 0.000031945222880
0.975528258147577 0.000019607374270
0.977120164258138 0.000008828463281
0.978659748766034 -0.000000473504378
0.980146842838471 -0.000008382623206
0.981581283398829 -0.000014985782449
0.982962913144534 -0.000020371229794
0.984291580564316 -0.000024628699489
0.985567139954818 -0.000027848397084
0.986789451436580 -0.000030121016648
0.987958380969374 -0.000031536897492
0.989073800366903 -0.000032185743165
0.990135587310861 -0.000032156119260
0.991143625364344 -0.000031535084482
0.992097803984621 -0.000030407739377
0.992998018535252 -0.000028856878052
0.993844170297569 -0.000026962541098
0.994636166481494 -0.000024801893782
0.995373920235722 -0.000022448450836
0.996057350657239 -0.000019972243205
0.996686382800198 -0.000017439361359
0.997260947684137 -0.000014911420537
0.997780982301540 -0.000012445672328
0.998246429624752 -0.000010094561550
0.998657238612229 -0.000007905691927
0.999013364214136 -0.000005921378924
0.999314767377287 -0.000004178778576
0.999561415049429 -0.000002709395394
0.999753280182866 -0.000001539449886
0.999890341737423 -0.000000689069681
0.999972584682756 -0.000000172995435
1.000000000000000 0.000000000000000
