1.000000000000000 0.000000000000000
0.999972584682756 0.000008992763780
0.999890341737423 0.000035967163449
0.999753280182866 0.000080929076657
0.999561415049429 0.000143882406546
0.999314767377287 0.000224840740140
0.999013364214136 0.000323803834592
0.998657238612229 0.000440798537450
0.998246429624752 0.000575825911327
0.997780982301540 0.000728907988039
0.997260947684137 0.000900064155468
0.996686382800198 0.001089310957969
0.996057350657239 0.001296667755520
0.995373920235722 0.001522156498508
0.994636166481494 0.001765807377322
0.993844170297569 0.002027623188331
0.992998018535252 0.002307643869147
0.992097803984621 0.002605887253262
0.991143625364344 0.002922366383304
0.990135587310861 0.003257112832526
0.989073800366903 0.003610134927815
0.987958380969374 0.003981458802927
0.986789451436580 0.004371086495325
0.985567139954818 0.004779043007886
0.984291580564316 0.005205328354614
0.982962913144534 0.005649952770842
0.981581283398829 0.006112912435995
0.980146842838472 0.006594200890028
0.978659748766034 0.007093808549130
0.977120164258138 0.007611722207496
0.975528258147577 0.008147918525572
0.973884205004793 0.008702369482779
0.972188185118741 0.009275029817467
0.970440384477113 0.009865860498797
0.968640994745946 0.010474804138690
0.966790213248601 0.011101796431811
0.964888242944126 0.011746765591133
0.962935292404997 0.012409625734797
0.960931575794250 0.013090270234633
0.958877312841991 0.013788601343798
0.956772728821300 0.014504493349142
0.954618054523534 0.015237804045690
0.952413526233010 0.015988392304292
0.950159385701097 0.016756087214564
0.947855880119706 0.017540711707557
0.945503262094184 0.018342069858479
0.943101789615607 0.019159940243970
0.940651726032496 0.019994099601583
0.938153340021932 0.020844304078870
0.935606905560095 0.021710276588847
0.933012701892219 0.022591730450699
0.930371013501972 0.023488368860671
0.927682130080253 0.024399860219378
0.924946346493432 0.025325849767296
0.922163962751008 0.026265982947558
0.919335283972712 0.027219856810037
0.916460620355050 0.028187062243705
0.913540287137281 0.029167165728815
0.910574604566852 0.030159713681290
0.907563897864277 0.031164211798899
0.904508497187474 0.032180151521818
0.901408737595557 0.033207018374382
0.898264959012098 0.034244260122929
0.895077506187845 0.035291306528941
0.891846728662920 0.036347503662927
0.888572980728485 0.037412179471298
0.885256621387895 0.038484836125962
0.881898014317321 0.039565098075118
0.878497527825878 0.040652634438956
0.875055534815230 0.041747229435839
0.871572412738697 0.042848737000717
0.868048543559867 0.043957005378958
0.864484313710706 0.045071854585767
0.860880114049181 0.046193121038722
0.857236339816402 0.047320648919318
0.853553390593274 0.048454299463155
0.849831670256683 0.049593933867763
0.846071586935203 0.050739444710078
0.842273552964344 0.051890716663491
0.838437984841330 0.053047644764968
0.834565303179429 0.054210146492902
0.830655932661826 0.055378136281286
0.826710301995053 0.056551550704250
0.822728843861975 0.057730336184943
0.818711994874345 0.058914433993363
0.814660195524919 0.060103810531428
0.810573890139155 0.061298422875071
0.806453526826488 0.062498277418265
0.802299557431188 0.063703396001534
0.798112437482808 0.064913813349435
0.793892626146237 0.066129550453698
0.789640586171339 0.067350556470013
0.785356783842216 0.068576756294043
0.781041688926065 0.069808081046217
0.776695774621672 0.071044286515727
0.772319517507513 0.072284885106592
0.767913397489498 0.073529400943533
0.763477897748339 0.074777316958662
0.759013504686565 0.076028165355908
0.754520707875186 0.077281480922092
0.750000000000000 0.078536803069260
0.745451876807570 0.079793644279227
0.740876837050858 0.081051516750934
0.736275382434527 0.082309912613794
0.731648017559931 0.083568323669865
0.726995249869773 0.084826232152971
0.722317589592464 0.086083118991729
0.717615549686164 0.087338462543616
0.712889645782536 0.088591737204327
0.708140396130201 0.089842418060263
0.703368321537900 0.091089956053550
0.698573945317390 0.092333803293864
0.693757793226052 0.093573408673526
0.688920393409234 0.094808214037198
0.684062276342339 0.096037695810382
0.679183974772650 0.097261388757809
0.674286023660908 0.098478843372910
0.669368960122646 0.099689597051061
0.664433323369292 0.100893202184915
0.659479654649035 0.102089207677077
0.654508497187474 0.103277170124887
0.649520396128043 0.104456652038474
0.644515898472236 0.105627204879064
0.639495553019615 0.106788395837449
0.634459910307633 0.107939812070255
0.629409522551260 0.109081027739709
0.624344943582428 0.110211636740907
0.619266728789291 0.111331217312843
0.614175435055328 0.112439325457734
0.609071620698271 0.113535473450286
0.603955845408880 0.114619179806521
0.598828670189563 0.115689958962236
0.593690657292862 0.116747375759609
0.588542370159792 0.117791249836513
0.583384373358051 0.118821524934477
0.578217232520115 0.119838159722733
0.573041514281206 0.120841119358969
0.567857786217152 0.121830411000921
0.562666616782152 0.122806251005650
0.557468575246433 0.123768941828545
0.552264231633827 0.124718784380855
0.547054156659257 0.125656098240849
0.541838921666158 0.126581179470766
0.536619098563816 0.127494258739553
0.531395259764657 0.128395538888185
0.526167978121472 0.129285227044734
0.520937826864600 0.130163537320568
0.515705379539064 0.131030720713168
0.510471209941678 0.131887186569967
0.505235892058123 0.132733416312186
0.500000000000000 0.133569888037280
0.494764107941877 0.134397089527066
0.489528790058322 0.135215362559673
0.484294620460936 0.136023964839670
0.479062173135400 0.136821658631205
0.473832021878528 0.137607216574676
0.468604740235343 0.138379423276398
0.463380901436184 0.139137045879338
0.458161078333842 0.139878602679670
0.452945843340743 0.140602451826656
0.447735768366173 0.141306971452190
0.442531424753567 0.141990566420970
0.437333383217848 0.142651668484412
0.432142213782848 0.143288790227783
0.426958485718794 0.143900508855461
0.421782767479885 0.144485433702680
0.416615626641949 0.145042207572719
0.411457629840209 0.145569503041453
0.406309342707138 0.146066027667884
0.401171329810437 0.146530529550043
0.396044154591120 0.146961786987846
0.390928379301729 0.147358613310031
0.385824564944672 0.147719863703470
0.380733271210710 0.148045107015683
0.375655056417573 0.148335016260326
0.370590477448740 0.148590356718901
0.365540089692367 0.148811894626037
0.360504446980385 0.149000392389829
0.355484101527764 0.149156602119715
0.350479603871957 0.149281257953839
0.345491502812526 0.149375092037580
0.340520345350965 0.149438834069998
0.335566676630708 0.149473213790439
0.330631039877354 0.149478962685991
0.325713976339092 0.149456820367403
0.320816025227350 0.149407525189760
0.315937723657661 0.149331813942128
0.311079606590766 0.149230420098702
0.306242206773949 0.149104071111558
0.301426054682610 0.148953484272008
0.296631678462100 0.148779374147922
0.291859603869799 0.148582453843293
0.287110354217464 0.148363409251954
0.282384450313836 0.148122142438540
0.277682410407536 0.147857627429456
0.273004750130227 0.147568820352264
0.268351982440069 0.147254726471925
0.263724617565473 0.146914397921868
0.259123162949143 0.146546916582774
0.254548123192430 0.146151399334430
0.250000000000000 0.145727006079389
0.245479292124815 0.145272948835816
0.240986495313435 0.144788481917000
0.236522102251661 0.144272902795755
0.232086602510502 0.143725555871231
0.227680482492487 0.143145825963485
0.223304225378328 0.142533144123997
0.218958311073935 0.141886939703080
0.214643216157784 0.141206639150877
0.210359413828661 0.140491711334977
0.206107373853763 0.139741661708290
0.201887562517192 0.138956113477409
0.197700442568813 0.138134953025167
0.193546473173512 0.137278160372689
0.189426109860845 0.136385737344771
0.185339804475081 0.135457884593301
0.181288005125655 0.134496213877185
0.177271156138025 0.133502990772779
0.173289698004947 0.132480469929364
0.169344067338174 0.131430841913241
0.165434696820571 0.130356157502260
0.161562015158670 0.129258376484335
0.157726447035656 0.128139402607085
0.153928413064797 0.127001117386144
0.150168329743317 0.125845367758061
0.146446609406726 0.124673945436296
0.142763660183598 0.123488600723893
0.139119885950819 0.122290761680132
0.135515686289294 0.121079401541080
0.131951456440133 0.119852462700795
0.128427587261303 0.118608011356322
0.124944465184770 0.117344239042029
0.121502472174122 0.116059465953570
0.118101985682679 0.114752127124466
0.114743378612105 0.113420761410219
0.111427019271515 0.112063981447326
0.108153271337080 0.110680489874509
0.104922493812155 0.109269068347116
0.101735040987902 0.107828571144147
0.098591262404443 0.106357918701973
0.095491502812526 0.104856100145738
0.092436102135723 0.103322223719848
0.089425395433148 0.101756098065166
0.086459712862719 0.100158049690574
0.083539379644950 0.098528408938469
0.080664716027288 0.096867473299440
0.077836037248993 0.095175489103649
0.075053653506568 0.093452709149480
0.072317869919747 0.091699620986349
0.069628986498028 0.089916970640906
0.066987298107781 0.088105621277427
0.064393094439905 0.086268056134638
0.061846659978068 0.084408190174446
0.059348273967504 0.082529880112890
0.056898210384393 0.080636781072272
0.054496737905816 0.078732436446904
0.052144119880294 0.076820471484905
0.049840614298903 0.074904784999349
0.047586473766990 0.072989186815657
0.045381945476466 0.071076521191223
0.043227271178700 0.069169172528201
0.041122687158010 0.067268681965426
0.039068424205750 0.065375407170841
0.037064707595003 0.063489719815086
0.035111757055874 0.061612402309336
0.033209786751399 0.059744319748733
0.031359005254054 0.057886491423731
0.029559615522887 0.056039918605591
0.027811814881260 0.054205666734434
0.026115794995207 0.052384855039045
0.024471741852423 0.050579112235454
0.022879835741862 0.048790387505242
0.021340251233966 0.047018885689070
0.019853157161529 0.045263019062563
0.018418716601171 0.043520115716685
0.017037086855466 0.041786816547357
0.015708419435685 0.040060529086009
0.014432860045182 0.038339311409120
0.013210548563420 0.036621608534238
0.012041619030626 0.034906141624319
0.010926199633097 0.033192140269919
0.009864412689139 0.031479466406361
0.008856374635656 0.029768700695230
0.007902196015379 0.028060609163219
0.007001981464748 0.026356009767946
0.006155829702431 0.024655573177503
0.005363833518506 0.022959907777046
0.004626079764278 0.021269678914577
0.003942649342761 0.019585363639974
0.003313617199802 0.017907519910346
0.002739052315863 0.016236610796282
0.002219017698460 0.014573189147838
0.001753570375248 0.012917552296205
0.001342761387771 0.011270216455752
0.000986635785864 0.009631421018703
0.000685232622713 0.008001771755941
0.000438584950571 0.006381392501428
0.000246719817134 0.004770829792625
0.000109658262577 0.003170047704690
0.000027415317244 0.001579765807723
0.000000000000000 0.000000000000000
0.000027415317244 -0.001568793410374
0.000109658262577 -0.003126646757140
0.000246719817134 -0.004672951509731
0.000438584950571 -0.006209337540457
0.000685232622713 -0.007739727196649
0.000986635785864 -0.009264580196922
0.001342761387771 -0.010781773562311
0.001753570375248 -0.012288601918523
0.002219017698460 -0.013781912933715
0.002739052315863 -0.015258312696009
0.003313617199802 -0.016714292222181
0.003942649342761 -0.018146176819992
0.004626079764278 -0.019550380325441
0.005363833518506 -0.020923065638654
0.006155829702431 -0.022260501045413
0.007001981464748 -0.023558841873609
0.007902196015379 -0.024814167788377
0.008856374635656 -0.026022608649784
0.009864412689139 -0.027180107937399
0.010926199633097 -0.028282714602457
0.012041619030626 -0.029326496603052
0.013210548563420 -0.030307171225652
0.014432860045182 -0.031220499881179
0.015708419435684 -0.032068497164580
0.017037086855466 -0.032856882811563
0.018418716601171 -0.033590660676647
0.019853157161528 -0.034274776167182
0.021340251233966 -0.034913790239959
0.022879835741862 -0.035512048268257
0.024471741852423 -0.036074050217684
0.026115794995207 -0.036603711373969
0.027811814881259 -0.037105110778045
0.029559615522887 -0.037579859137402
0.031359005254054 -0.038026553823322
0.033209786751399 -0.038443938431747
0.035111757055874 -0.038831528653014
0.037064707595003 -0.039189191803488
0.039068424205750 -0.039517031522835
0.041122687158009 -0.039815416113433
0.043227271178699 -0.040085074801969
0.045381945476466 -0.040327185212116
0.047586473766990 -0.040543331155603
0.049840614298903 -0.040735364042468
0.052144119880293 -0.040905474308093
0.054496737905816 -0.041055698911201
0.056898210384393 -0.041186632279546
0.059348273967504 -0.041298733145650
0.061846659978068 -0.041392717960220
0.064393094439905 -0.041469571967288
0.066987298107781 -0.041530533852721
0.069628986498028 -0.041577223094779
0.072317869919747 -0.041611582352514
0.075053653506568 -0.041635534591229
0.077836037248992 -0.041650444568787
0.080664716027288 -0.041657717119903
0.083539379644950 -0.041658279844985
0.086459712862719 -0.041652226286777
0.089425395433148 -0.041639625159854
0.092436102135723 -0.041620831707931
0.095491502812526 -0.041596503538057
0.098591262404443 -0.041567353794032
0.101735040987902 -0.041533641913007
0.104922493812155 -0.041495242735384
0.108153271337080 -0.041452000088137
0.111427019271514 -0.041403396824828
0.114743378612105 -0.041348597153457
0.118101985682679 -0.041286709375329
0.121502472174122 -0.041216869486732
0.124944465184770 -0.041138247498595
0.128427587261303 -0.041049975834936
0.131951456440133 -0.040951108708300
0.135515686289294 -0.040840591308122
0.139119885950819 -0.040717312622513
0.142763660183598 -0.040580153664253
0.146446609406726 -0.040428110664315
0.150168329743317 -0.040260182504404
0.153928413064796 -0.040075412467393
0.157726447035656 -0.039874006254368
0.161562015158669 -0.039657113139980
0.165434696820571 -0.039426004308273
0.169344067338174 -0.039181995341421
0.173289698004947 -0.038926338363054
0.177271156138025 -0.038660344944441
0.181288005125655 -0.038385420894951
0.185339804475081 -0.038103210229109
0.189426109860845 -0.037815619411048
0.193546473173511 -0.037524661333446
0.197700442568812 -0.037232327040608
0.201887562517192 -0.036939601442158
0.206107373853763 -0.036646943546644
0.210359413828660 -0.036354822014577
0.214643216157784 -0.036063640335487
0.218958311073935 -0.035773336831250
0.223304225378328 -0.035483686605004
0.227680482492486 -0.035194447681144
0.232086602510501 -0.034905386276913
0.236522102251661 -0.034616372216350
0.240986495313435 -0.034327302874858
0.245479292124814 -0.034038065955556
0.250000000000000 -0.033748540594092
0.254548123192429 -0.033458572705996
0.259123162949142 -0.033167990441114
0.263724617565473 -0.032876611140663
0.268351982440069 -0.032584244686725
0.273004750130227 -0.032290687272148
0.277682410407536 -0.031995725123805
0.282384450313836 -0.031699132652175
0.287110354217464 -0.031400678990474
0.291859603869799 -0.031100157561402
0.296631678462100 -0.030797412045195
0.301426054682609 -0.030492287051901
0.306242206773948 -0.030184623784429
0.311079606590766 -0.029874271306588
0.315937723657661 -0.029561163455466
0.320816025227350 -0.029245262784069
0.325713976339092 -0.028926536061392
0.330631039877354 -0.028604948130315
0.335566676630708 -0.028280453138349
0.340520345350965 -0.027952998782999
0.345491502812526 -0.027622529685436
0.350479603871956 -0.027288988413925
0.355484101527764 -0.026952318120404
0.360504446980385 -0.026612444050682
0.365540089692367 -0.026269285893834
0.370590477448739 -0.025922759749475
0.375655056417572 -0.025572784786884
0.380733271210709 -0.025219291806767
0.385824564944672 -0.024862290179953
0.390928379301728 -0.024501812179399
0.396044154591120 -0.024137889469385
0.401171329810437 -0.023770557704636
0.406309342707137 -0.023400045195236
0.411457629840208 -0.023027041062178
0.416615626641949 -0.022652306429780
0.421782767479884 -0.022276613105784
0.426958485718794 -0.021900739510797
0.432142213782848 -0.021525436169432
0.437333383217848 -0.021151398669294
0.442531424753567 -0.020779330702903
0.447735768366173 -0.020409931942088
0.452945843340743 -0.020043912742104
0.458161078333842 -0.019682038789119
0.463380901436184 -0.019325140661943
0.468604740235343 -0.018974049336510
0.473832021878528 -0.018629601089949
0.479062173135400 -0.018292613789583
0.484294620460935 -0.017963689051218
0.489528790058321 -0.017643247958403
0.494764107941877 -0.017331703739760
0.500000000000000 -0.017029464730787
0.505235892058122 -0.016736874337498
0.510471209941678 -0.016453576320187
0.515705379539064 -0.016178768233212
0.520937826864600 -0.015911643629043
0.526167978121472 -0.015651391236048
0.531395259764656 -0.015397217759865
0.536619098563816 -0.015148454708412
0.541838921666157 -0.014904489632890
0.547054156659257 -0.014664712933611
0.552264231633827 -0.014428517401993
0.557468575246433 -0.014195279595168
0.562666616782152 -0.013964297961246
0.567857786217152 -0.013734845957944
0.573041514281206 -0.013506205497540
0.578217232520115 -0.013277663112464
0.583384373358051 -0.013048594978151
0.588542370159791 -0.012818609544069
0.593690657292862 -0.012587364175758
0.598828670189563 -0.012354517410970
0.603955845408879 -0.012119740389469
0.609071620698271 -0.011882961144476
0.614175435055328 -0.011644458340853
0.619266728789290 -0.011404534832943
0.624344943582427 -0.011163491244802
0.629409522551260 -0.010921615794971
0.634459910307633 -0.010679129751279
0.639495553019614 -0.010436210281785
0.644515898472235 -0.010193035041392
0.649520396128043 -0.009949778259000
0.654508497187474 -0.009706617902265
0.659479654649035 -0.009463751407039
0.664433323369291 -0.009221372035600
0.669368960122646 -0.008979673664726
0.674286023660907 -0.008738845293002
0.679183974772650 -0.008499066274867
0.684062276342339 -0.008260514185355
0.688920393409233 -0.008023360870433
0.693757793226051 -0.007787774690413
0.698573945317390 -0.007554005741117
0.703368321537900 -0.007322431377502
0.708140396130200 -0.007093430037185
0.712889645782536 -0.006867371058350
0.717615549686163 -0.006644609137126
0.722317589592464 -0.006425485346141
0.726995249869773 -0.006210328734998
0.731648017559930 -0.005999455265630
0.736275382434527 -0.005793170357934
0.740876837050857 -0.005591772306649
0.745451876807570 -0.005395547717008
0.750000000000000 -0.005204769459596
0.754520707875185 -0.005019694738391
0.759013504686565 -0.004840550571542
0.763477897748338 -0.004667550497544
0.767913397489498 -0.004500892136071
0.772319517507513 -0.004340784550110
0.776695774621672 -0.004187478675638
0.781041688926065 -0.004041217175403
0.785356783842216 -0.003902222219572
0.789640586171339 -0.003770508625238
0.793892626146236 -0.003645855863152
0.798112437482808 -0.003528032514263
0.802299557431187 -0.003416775766386
0.806453526826488 -0.003311600185333
0.810573890139155 -0.003211947375284
0.814660195524918 -0.003117279795077
0.818711994874345 -0.003027111411025
0.822728843861975 -0.002941020618544
0.826710301995052 -0.002858604234611
0.830655932661826 -0.002779472566253
0.834565303179429 -0.002703238128289
0.838437984841330 -0.002629527741342
0.842273552964344 -0.002557987499797
0.846071586935203 -0.002488284135072
0.849831670256683 -0.002420103901557
0.853553390593274 -0.002353149614668
0.857236339816401 -0.002287140187284
0.860880114049181 -0.002221810395864
0.864484313710706 -0.002156911698524
0.868048543559867 -0.002092216231634
0.871572412738697 -0.002027512126163
0.875055534815230 -0.001962603191147
0.878497527825878 -0.001897298715621
0.881898014317321 -0.001831421548650
0.885256621387894 -0.001764824589190
0.888572980728485 -0.001697411167120
0.891846728662920 -0.001629110195053
0.895077506187845 -0.001560058287634
0.898264959012098 -0.001490591742741
0.901408737595557 -0.001421031006451
0.904508497187474 -0.001351650650918
0.907563897864277 -0.001282699377774
0.910574604566852 -0.001214410846713
0.913540287137281 -0.001147007073255
0.916460620355049 -0.001080690798027
0.919335283972712 -0.001015645227930
0.922163962751007 -0.000952037552536
0.924946346493432 -0.000890017191163
0.927682130080253 -0.000829719293205
0.930371013501972 -0.000771262507437
0.933012701892219 -0.000714750583151
0.935606905560095 -0.000660273464519
0.938153340021932 -0.000607905946951
0.940651726032496 -0.000557710471436
0.943101789615607 -0.000509735915068
0.945503262094184 -0.000464019578394
0.947855880119706 -0.000420586294061
0.950159385701097 -0.000379450525668
0.952413526233010 -0.000340615246910
0.954618054523534 -0.000304073966112
0.956772728821300 -0.000269810298550
0.958877312841991 -0.000237799702192
0.960931575794250 -0.000208008851140
0.962935292404997 -0.000180396104586
0.964888242944126 -0.000154913713747
0.966790213248601 -0.000131506721078
0.968640994745946 -0.000110113834796
0.970440384477113 -0.000090668860352
0.972188185118740 -0.000073100222061
0.973884205004793 -0.000057332211605
0.975528258147577 -0.000043284992028
0.977120164258138 -0.000030875518001
0.978659748766034 -0.000020017848771
0.980146842838471 -0.000010623818840
0.981581283398829 -0.000002603400106
0.982962913144534 0.000004134805484
0.984291580564316 0.000009682902756
0.985567139954818 0.000014133568171
0.986789451436580 0.000017579284246
0.987958380969374 0.000020111974975
0.989073800366903 0.000021822751672
0.990135587310861 0.000022801266301
0.991143625364344 0.000023135465074
0.992097803984621 0.000022911141820
0.992998018535252 0.000022211613777
0.993844170297569 0.000021117333495
0.994636166481494 0.000019705574695
0.995373920235722 0.000018050146298
0.996057350657239 0.000016221106663
0.996686382800198 0.000014284336304
0.997260947684137 0.000012301542591
0.997780982301540 0.000010329783624
0.998246429624752 0.000008421347031
0.998657238612229 0.000006623642010
0.999013364214136 0.000004978859491
0.999314767377287 0.000003523776172
0.999561415049429 0.000002289984294
0.999753280182866 0.000001303424933
0.999890341737423 0.000000584140461
0.999972584682756 0.000000146759180
1.000000000000000 0.000000000000000
